/*--------------------------------*- C++ -*----------------------------------*\
| =========                 |                                                 |
| \\      /  F ield         | OpenFOAM: The Open Source CFD Toolbox           |
|  \\    /   O peration     | Version:  2112                                  |
|   \\  /    A nd           | Website:  www.openfoam.com                      |
|    \\/     M anipulation  |                                                 |
\*---------------------------------------------------------------------------*/
FoamFile
{
    version     2.0;
    format      ascii;
    arch        "LSB;label=32;scalar=64";
    class       surfaceScalarField;
    location    "0.33";
    object      phi;
}
// * * * * * * * * * * * * * * * * * * * * * * * * * * * * * * * * * * * * * //

dimensions      [0 3 -1 0 0 0 0];

oriented        oriented;

internalField   nonuniform List<scalar> 
3653
(
9.92209e-07
7.7914e-09
9.7946e-07
1.27486e-08
9.63588e-07
1.58716e-08
9.48536e-07
1.50528e-08
9.3161e-07
1.69252e-08
9.15392e-07
1.62186e-08
8.97342e-07
1.80498e-08
8.79841e-07
1.7501e-08
8.60891e-07
1.89496e-08
8.43327e-07
1.75646e-08
8.23711e-07
1.96153e-08
8.05538e-07
1.81734e-08
7.84713e-07
2.08254e-08
7.66091e-07
1.86214e-08
7.44915e-07
2.11762e-08
7.24081e-07
2.08339e-08
7.01745e-07
2.23365e-08
6.78466e-07
2.32792e-08
6.55425e-07
2.30409e-08
6.28435e-07
2.699e-08
6.04203e-07
2.42321e-08
5.70351e-07
3.38519e-08
5.42132e-07
2.82182e-08
5.04045e-07
3.80875e-08
4.6705e-07
3.69948e-08
4.28154e-07
3.88964e-08
3.81641e-07
4.65123e-08
3.28502e-07
5.31398e-08
2.71679e-07
5.68222e-08
7.94806e-08
1.92199e-07
1.00277e-06
5.02009e-09
1.0067e-06
8.81985e-09
1.00849e-06
1.40777e-08
1.01072e-06
1.2823e-08
1.01084e-06
1.68122e-08
1.01193e-06
1.51234e-08
1.01139e-06
1.85963e-08
1.01123e-06
1.76537e-08
1.00944e-06
2.07439e-08
1.00833e-06
1.86716e-08
1.00449e-06
2.34522e-08
1.00393e-06
1.87352e-08
9.97188e-07
2.75705e-08
9.95787e-07
2.0022e-08
9.87923e-07
2.904e-08
9.83763e-07
2.4994e-08
9.7636e-07
2.97394e-08
9.68809e-07
3.08306e-08
9.57494e-07
3.43553e-08
9.50298e-07
3.41866e-08
9.31612e-07
4.29178e-08
9.25437e-07
4.00271e-08
9.02622e-07
5.10334e-08
8.88574e-07
5.21349e-08
8.61909e-07
6.36606e-08
8.39463e-07
6.13419e-08
7.96002e-07
8.99734e-08
7.72886e-07
7.62559e-08
7.05039e-07
1.24669e-07
1.2519e-07
6.5933e-07
1.00163e-06
3.39108e-09
1.00505e-06
5.3981e-09
1.00738e-06
1.17526e-08
1.0104e-06
9.79776e-09
1.01138e-06
1.58312e-08
1.01424e-06
1.22655e-08
1.01488e-06
1.79565e-08
1.0175e-06
1.50301e-08
1.01818e-06
2.00679e-08
1.01958e-06
1.72742e-08
1.02002e-06
2.30069e-08
1.02057e-06
1.81823e-08
1.02086e-06
2.72875e-08
1.02047e-06
2.04052e-08
1.02016e-06
2.93507e-08
1.01817e-06
2.69838e-08
1.01765e-06
3.02593e-08
1.01423e-06
3.42521e-08
1.0118e-06
3.67849e-08
1.00951e-06
3.64827e-08
1.0003e-06
5.212e-08
1.00051e-06
3.9821e-08
9.8617e-07
6.53746e-08
9.82122e-07
5.61827e-08
9.69093e-07
7.66896e-08
9.55783e-07
7.4652e-08
9.37751e-07
1.08005e-07
9.19779e-07
9.42287e-08
8.97136e-07
1.47312e-07
1.55454e-07
8.66872e-07
1.00087e-06
2.52112e-09
1.00251e-06
3.76075e-09
1.00464e-06
9.61574e-09
1.00651e-06
7.9306e-09
1.00831e-06
1.40332e-08
1.01003e-06
1.05452e-08
1.01141e-06
1.65811e-08
1.01339e-06
1.30411e-08
1.01448e-06
1.89813e-08
1.01626e-06
1.54904e-08
1.01695e-06
2.23212e-08
1.01825e-06
1.68813e-08
1.01894e-06
2.6602e-08
1.01964e-06
1.97013e-08
1.01929e-06
2.97059e-08
1.02036e-06
2.59068e-08
1.01784e-06
3.2781e-08
1.0201e-06
3.19917e-08
1.01566e-06
4.12265e-08
1.01664e-06
3.55044e-08
1.01253e-06
5.6226e-08
1.00955e-06
4.28023e-08
1.0063e-06
6.86295e-08
1.00136e-06
6.11208e-08
9.95144e-07
8.29029e-08
9.88453e-07
8.13437e-08
9.82435e-07
1.14022e-07
9.66727e-07
1.09936e-07
9.63618e-07
1.50421e-07
1.6705e-07
9.52022e-07
1.00053e-06
1.99384e-09
1.00141e-06
2.8767e-09
1.00335e-06
7.67547e-09
1.00458e-06
6.70564e-09
1.00685e-06
1.17617e-08
1.00772e-06
9.67325e-09
1.01007e-06
1.42297e-08
1.01071e-06
1.23977e-08
1.01314e-06
1.65601e-08
1.01363e-06
1.49966e-08
1.01568e-06
2.02744e-08
1.01615e-06
1.64047e-08
1.01753e-06
2.52253e-08
1.01833e-06
1.8903e-08
1.01853e-06
2.95058e-08
1.01956e-06
2.488e-08
1.01866e-06
3.36722e-08
1.01955e-06
3.11091e-08
1.01788e-06
4.28934e-08
1.01819e-06
3.51934e-08
1.0161e-06
5.832e-08
1.01465e-06
4.42456e-08
1.01245e-06
7.08285e-08
1.00932e-06
6.42539e-08
1.0065e-06
8.57194e-08
1.00235e-06
8.54989e-08
9.99421e-07
1.16951e-07
9.95187e-07
1.1417e-07
9.92022e-07
1.53586e-07
1.65738e-07
9.93334e-07
1.00051e-06
1.48502e-09
1.001e-06
2.38486e-09
1.00261e-06
6.0692e-09
1.00356e-06
5.75331e-09
1.00558e-06
9.73596e-09
1.0066e-06
8.65972e-09
1.00856e-06
1.22694e-08
1.00966e-06
1.12974e-08
1.01154e-06
1.46778e-08
1.01256e-06
1.39819e-08
1.01451e-06
1.83183e-08
1.01502e-06
1.5899e-08
1.01707e-06
2.31718e-08
1.01735e-06
1.86246e-08
1.01866e-06
2.81943e-08
1.01944e-06
2.41028e-08
1.01956e-06
3.35464e-08
1.02016e-06
3.05185e-08
1.0206e-06
4.24534e-08
1.01925e-06
3.65368e-08
1.02089e-06
5.66771e-08
1.01807e-06
4.70695e-08
1.01882e-06
7.00768e-08
1.01686e-06
6.6216e-08
1.01649e-06
8.60854e-08
1.01402e-06
8.79736e-08
1.01607e-06
1.14896e-07
1.01289e-06
1.17353e-07
1.01685e-06
1.49627e-07
1.63192e-07
1.0194e-06
1.00043e-06
1.05243e-09
1.00068e-06
2.13456e-09
1.00215e-06
4.60598e-09
1.00277e-06
5.13377e-09
1.0049e-06
7.59975e-09
1.00558e-06
7.98502e-09
1.00793e-06
9.91614e-09
1.00867e-06
1.05531e-08
1.01094e-06
1.24143e-08
1.01192e-06
1.29985e-08
1.0139e-06
1.63377e-08
1.01495e-06
1.4855e-08
1.01673e-06
2.13894e-08
1.01773e-06
1.76219e-08
1.01921e-06
2.67195e-08
1.02018e-06
2.31314e-08
1.02123e-06
3.24978e-08
1.02197e-06
2.97769e-08
1.02304e-06
4.13787e-08
1.02287e-06
3.67112e-08
1.02483e-06
5.47183e-08
1.0236e-06
4.82979e-08
1.02545e-06
6.8226e-08
1.02503e-06
6.66321e-08
1.02594e-06
8.51774e-08
1.02649e-06
8.74222e-08
1.02935e-06
1.12038e-07
1.03074e-06
1.15958e-07
1.03647e-06
1.43903e-07
1.56461e-07
1.0432e-06
1.00035e-06
6.98845e-10
1.00062e-06
1.86988e-09
1.00183e-06
3.39764e-09
1.00257e-06
4.39066e-09
1.00436e-06
5.81132e-09
1.00536e-06
6.98145e-09
1.00737e-06
7.91276e-09
1.00853e-06
9.38773e-09
1.01061e-06
1.03375e-08
1.01182e-06
1.17872e-08
1.01407e-06
1.40906e-08
1.015e-06
1.39204e-08
1.01747e-06
1.89217e-08
1.01826e-06
1.68286e-08
1.02055e-06
2.44321e-08
1.02151e-06
2.21719e-08
1.0235e-06
3.0508e-08
1.02421e-06
2.90686e-08
1.02672e-06
3.88634e-08
1.02651e-06
3.69223e-08
1.02989e-06
5.13415e-08
1.02957e-06
4.86148e-08
1.03272e-06
6.50724e-08
1.03339e-06
6.59678e-08
1.03662e-06
8.19415e-08
1.03802e-06
8.60286e-08
1.04357e-06
1.06486e-07
1.04681e-06
1.1272e-07
1.05468e-06
1.36026e-07
1.48337e-07
1.06281e-06
1.00032e-06
3.82453e-10
1.00058e-06
1.60544e-09
1.0017e-06
2.28019e-09
1.00244e-06
3.65274e-09
1.00417e-06
4.08067e-09
1.00524e-06
5.9042e-09
1.00722e-06
5.93689e-09
1.0086e-06
8.00549e-09
1.01058e-06
8.35717e-09
1.01224e-06
1.01264e-08
1.01426e-06
1.20704e-08
1.01585e-06
1.23309e-08
1.01818e-06
1.65925e-08
1.01951e-06
1.55032e-08
1.02214e-06
2.17982e-08
1.02338e-06
2.09371e-08
1.02601e-06
2.78773e-08
1.02724e-06
2.78362e-08
1.03014e-06
3.59599e-08
1.03114e-06
3.59226e-08
1.03482e-06
4.76681e-08
1.03586e-06
4.75691e-08
1.03977e-06
6.11627e-08
1.04196e-06
6.37763e-08
1.04621e-06
7.76929e-08
1.04953e-06
8.27076e-08
1.05616e-06
9.98549e-08
1.06162e-06
1.07259e-07
1.07089e-06
1.2676e-07
1.38244e-07
1.08098e-06
1.00026e-06
1.21354e-10
1.00062e-06
1.2477e-09
1.00162e-06
1.28361e-09
1.00252e-06
2.752e-09
1.0041e-06
2.49897e-09
1.00541e-06
4.5887e-09
1.0073e-06
4.04533e-09
1.00891e-06
6.3991e-09
1.01098e-06
6.28752e-09
1.01275e-06
8.35493e-09
1.01509e-06
9.73687e-09
1.01675e-06
1.06668e-08
1.01947e-06
1.38768e-08
1.02104e-06
1.3924e-08
1.02403e-06
1.88129e-08
1.02568e-06
1.92903e-08
1.02882e-06
2.47386e-08
1.0305e-06
2.61497e-08
1.03409e-06
3.23766e-08
1.0358e-06
3.42094e-08
1.04007e-06
4.33989e-08
1.04225e-06
4.53853e-08
1.04699e-06
5.64214e-08
1.05023e-06
6.05408e-08
1.05579e-06
7.21264e-08
1.06033e-06
7.81712e-08
1.06809e-06
9.21011e-08
1.07503e-06
1.00314e-07
1.08545e-06
1.16339e-07
1.27307e-07
1.09639e-06
1.00023e-06
-1.11509e-10
1.00068e-06
8.04965e-10
1.00164e-06
3.18947e-10
1.00269e-06
1.70566e-09
1.00423e-06
9.59479e-10
1.00577e-06
3.04686e-09
1.00761e-06
2.20128e-09
1.00952e-06
4.49556e-09
1.01155e-06
4.25561e-09
1.01369e-06
6.21598e-09
1.01602e-06
7.39881e-09
1.01811e-06
8.58063e-09
1.02092e-06
1.10693e-08
1.02294e-06
1.1907e-08
1.02616e-06
1.55867e-08
1.02833e-06
1.71217e-08
1.03174e-06
2.13303e-08
1.03421e-06
2.36785e-08
1.03795e-06
2.86359e-08
1.04074e-06
3.1418e-08
1.04529e-06
3.88543e-08
1.0486e-06
4.2071e-08
1.05391e-06
5.11101e-08
1.05834e-06
5.6113e-08
1.06465e-06
6.58198e-08
1.07049e-06
7.23283e-08
1.07884e-06
8.37518e-08
1.08716e-06
9.19905e-08
1.09821e-06
1.05294e-07
1.15307e-07
1.11021e-06
1.00021e-06
-3.20953e-10
1.00077e-06
2.4467e-10
1.00174e-06
-6.47044e-10
1.00296e-06
4.8611e-10
1.00452e-06
-6.03595e-10
1.00625e-06
1.31639e-09
1.00818e-06
2.68986e-10
1.01023e-06
2.44205e-09
1.01245e-06
2.03944e-09
1.01473e-06
3.93646e-09
1.01732e-06
4.80603e-09
1.01964e-06
6.26675e-09
1.02266e-06
8.04297e-09
1.02509e-06
9.4791e-09
1.0285e-06
1.21797e-08
1.03119e-06
1.4425e-08
1.0349e-06
1.76244e-08
1.03797e-06
2.06141e-08
1.04208e-06
2.4518e-08
1.04564e-06
2.78619e-08
1.05058e-06
3.3913e-08
1.05484e-06
3.78099e-08
1.06074e-06
4.52163e-08
1.06609e-06
5.07628e-08
1.07309e-06
5.88167e-08
1.07991e-06
6.55097e-08
1.08881e-06
7.48479e-08
1.098e-06
8.28008e-08
1.10957e-06
9.37262e-08
1.02922e-07
1.12195e-06
1.00022e-06
-5.43959e-10
1.0009e-06
-4.36274e-10
1.00197e-06
-1.70839e-09
1.00339e-06
-9.40664e-10
1.00505e-06
-2.2635e-09
1.00702e-06
-6.4957e-10
1.009e-06
-1.71617e-09
1.01129e-06
1.54734e-10
1.01358e-06
-2.53671e-10
1.01614e-06
1.38299e-09
1.01886e-06
2.08662e-09
1.0215e-06
3.62371e-09
1.02467e-06
4.86895e-09
1.02751e-06
6.63892e-09
1.03107e-06
8.62458e-09
1.03431e-06
1.11816e-08
1.03821e-06
1.37259e-08
1.04195e-06
1.68721e-08
1.04631e-06
2.0165e-08
1.05058e-06
2.35848e-08
1.05589e-06
2.86068e-08
1.06095e-06
3.27495e-08
1.06729e-06
3.888e-08
1.07352e-06
4.45243e-08
1.08099e-06
5.13467e-08
1.08868e-06
5.78253e-08
1.09791e-06
6.56168e-08
1.10779e-06
7.29155e-08
1.11955e-06
8.19715e-08
9.00429e-08
1.13243e-06
1.00023e-06
-7.76106e-10
1.00106e-06
-1.26506e-09
1.00224e-06
-2.88864e-09
1.00391e-06
-2.60718e-09
1.0057e-06
-4.05148e-09
1.00788e-06
-2.83474e-09
1.00999e-06
-3.83011e-09
1.01248e-06
-2.33256e-09
1.01499e-06
-2.7622e-09
1.01773e-06
-1.3607e-09
1.02067e-06
-8.50897e-10
1.02362e-06
6.79606e-10
1.02697e-06
1.51362e-09
1.03019e-06
3.41628e-09
1.03393e-06
4.88879e-09
1.03762e-06
7.48649e-09
1.04182e-06
9.53469e-09
1.04604e-06
1.26527e-08
1.05074e-06
1.54607e-08
1.05557e-06
1.87528e-08
1.06128e-06
2.28964e-08
1.067e-06
2.70356e-08
1.07376e-06
3.21154e-08
1.08065e-06
3.76358e-08
1.08855e-06
4.34492e-08
1.09686e-06
4.95115e-08
1.1064e-06
5.60822e-08
1.11668e-06
6.26327e-08
1.12858e-06
7.00739e-08
7.72789e-08
1.14134e-06
1.00035e-06
-1.1264e-09
1.00143e-06
-2.34347e-09
1.0029e-06
-4.36286e-09
1.00485e-06
-4.5573e-09
1.00688e-06
-6.07764e-09
1.00925e-06
-5.2012e-09
1.01155e-06
-6.13455e-09
1.0142e-06
-4.97827e-09
1.0169e-06
-5.46311e-09
1.01985e-06
-4.31421e-09
1.02294e-06
-3.94206e-09
1.02615e-06
-2.53381e-09
1.02966e-06
-1.99139e-09
1.03319e-06
-1.14697e-10
1.03708e-06
1.00105e-09
1.0412e-06
3.36352e-09
1.04564e-06
5.09603e-09
1.05032e-06
7.97761e-09
1.05532e-06
1.04528e-08
1.06062e-06
1.34549e-08
1.06666e-06
1.68596e-08
1.07291e-06
2.07838e-08
1.08e-06
2.50232e-08
1.08752e-06
3.01195e-08
1.09581e-06
3.51576e-08
1.10467e-06
4.06537e-08
1.11442e-06
4.63279e-08
1.1249e-06
5.21511e-08
1.13667e-06
5.83072e-08
6.43223e-08
1.14963e-06
1.00042e-06
-1.54632e-09
1.00187e-06
-3.79411e-09
1.00375e-06
-6.23737e-09
1.00608e-06
-6.89169e-09
1.00834e-06
-8.33922e-09
1.01092e-06
-7.78314e-09
1.0134e-06
-8.61094e-09
1.01627e-06
-7.84432e-09
1.01919e-06
-8.38669e-09
1.02237e-06
-7.49989e-09
1.02564e-06
-7.21187e-09
1.02913e-06
-6.01956e-09
1.03283e-06
-5.68812e-09
1.03672e-06
-4.00953e-09
1.04083e-06
-3.10997e-09
1.04526e-06
-1.06574e-09
1.04999e-06
3.73e-10
1.05499e-06
2.97182e-09
1.06036e-06
5.08244e-09
1.06612e-06
7.69761e-09
1.0725e-06
1.04826e-08
1.07916e-06
1.41228e-08
1.08652e-06
1.76564e-08
1.09444e-06
2.21981e-08
1.10306e-06
2.65377e-08
1.1123e-06
3.14186e-08
1.12227e-06
3.63589e-08
1.13291e-06
4.15125e-08
1.14456e-06
4.66586e-08
5.19672e-08
1.15691e-06
1.00085e-06
-2.39452e-09
1.0029e-06
-5.84877e-09
1.00526e-06
-8.59386e-09
1.00792e-06
-9.55617e-09
1.0104e-06
-1.08143e-08
1.01314e-06
-1.05272e-08
1.01587e-06
-1.13329e-08
1.01899e-06
-1.09647e-08
1.02216e-06
-1.15606e-08
1.02552e-06
-1.08579e-08
1.02893e-06
-1.06222e-08
1.03268e-06
-9.77256e-09
1.03659e-06
-9.5982e-09
1.04068e-06
-8.09722e-09
1.04492e-06
-7.35024e-09
1.04957e-06
-5.71788e-09
1.0545e-06
-4.55361e-09
1.05987e-06
-2.39904e-09
1.06553e-06
-5.82409e-10
1.0716e-06
1.63375e-09
1.0781e-06
3.97586e-09
1.08503e-06
7.19183e-09
1.09268e-06
1.00117e-08
1.10112e-06
1.37621e-08
1.11024e-06
1.74117e-08
1.11996e-06
2.17014e-08
1.13014e-06
2.61786e-08
1.14076e-06
3.0894e-08
1.1521e-06
3.53159e-08
3.96994e-08
1.16437e-06
1.00182e-06
-4.21313e-09
1.00526e-06
-9.29471e-09
1.00847e-06
-1.18025e-08
1.01152e-06
-1.26015e-08
1.01418e-06
-1.34786e-08
1.01722e-06
-1.35623e-08
1.02019e-06
-1.43042e-08
1.02354e-06
-1.4317e-08
1.02675e-06
-1.47738e-08
1.03007e-06
-1.41771e-08
1.03329e-06
-1.38387e-08
1.03696e-06
-1.34414e-08
1.04069e-06
-1.33287e-08
1.04467e-06
-1.20733e-08
1.04869e-06
-1.13782e-08
1.05312e-06
-1.01403e-08
1.05779e-06
-9.22367e-09
1.06302e-06
-7.63614e-09
1.06871e-06
-6.27056e-09
1.07477e-06
-4.42802e-09
1.08111e-06
-2.35843e-09
1.08797e-06
3.25942e-10
1.0955e-06
2.48299e-09
1.10393e-06
5.3315e-09
1.11321e-06
8.12948e-09
1.12319e-06
1.17223e-08
1.13376e-06
1.56162e-08
1.14473e-06
1.9917e-08
1.15626e-06
2.37843e-08
2.77666e-08
1.1682e-06
1.00303e-06
-7.23921e-09
1.00685e-06
-1.31224e-08
1.00971e-06
-1.46616e-08
1.01191e-06
-1.47978e-08
1.01363e-06
-1.52014e-08
1.01547e-06
-1.54039e-08
1.01696e-06
-1.57879e-08
1.01843e-06
-1.57892e-08
1.01937e-06
-1.57118e-08
1.02026e-06
-1.50673e-08
1.02111e-06
-1.46948e-08
1.02222e-06
-1.4548e-08
1.02301e-06
-1.41192e-08
1.02395e-06
-1.30148e-08
1.02501e-06
-1.24331e-08
1.0267e-06
-1.18296e-08
1.02867e-06
-1.12013e-08
1.03104e-06
-1.00033e-08
1.03361e-06
-8.84174e-09
1.0366e-06
-7.41307e-09
1.04026e-06
-6.02129e-09
1.04518e-06
-4.58957e-09
1.05121e-06
-3.54967e-09
1.05844e-06
-1.89517e-09
1.06647e-06
9.7019e-11
1.07542e-06
2.76932e-09
1.08539e-06
5.64407e-09
1.09663e-06
8.67843e-09
1.10923e-06
1.11851e-08
1.35271e-08
1.12347e-06
9.92761e-07
9.79638e-07
9.64977e-07
9.50179e-07
9.34978e-07
9.19574e-07
9.03786e-07
8.87997e-07
8.72285e-07
8.57217e-07
8.42523e-07
8.27975e-07
8.13855e-07
8.00841e-07
7.88407e-07
7.76578e-07
7.65376e-07
7.55373e-07
7.46531e-07
7.39118e-07
7.33097e-07
7.28508e-07
7.24958e-07
7.23063e-07
7.2316e-07
7.25929e-07
7.31573e-07
7.40252e-07
7.51437e-07
7.64964e-07
2.94769e-07
-1.0257e-07
4.00792e-07
-1.06023e-07
4.83581e-07
-8.27889e-08
5.42378e-07
-5.87965e-08
6.03656e-07
-6.12788e-08
6.3957e-07
-3.59139e-08
6.79435e-07
-3.98652e-08
7.19072e-07
-3.96363e-08
7.63963e-07
-4.48908e-08
-1.32068e-07
8.96031e-07
7.30899e-07
-1.74139e-07
7.74844e-07
-1.49968e-07
8.04408e-07
-1.12353e-07
8.32179e-07
-8.65675e-08
8.67256e-07
-9.63556e-08
8.98852e-07
-6.75097e-08
9.33423e-07
-7.44368e-08
9.66344e-07
-7.25572e-08
9.99798e-07
-7.83445e-08
-1.71904e-07
1.03963e-06
8.77944e-07
-1.85211e-07
8.90406e-07
-1.6243e-07
8.96005e-07
-1.17953e-07
9.19728e-07
-1.1029e-07
9.28161e-07
-1.04789e-07
9.53708e-07
-9.30562e-08
9.56791e-07
-7.75198e-08
1.02071e-06
-1.36478e-07
1.03247e-06
-9.00993e-08
-1.85297e-07
1.04586e-06
9.41996e-07
-1.75185e-07
9.42557e-07
-1.6299e-07
9.53538e-07
-1.28935e-07
9.64102e-07
-1.20854e-07
9.7169e-07
-1.12376e-07
9.81406e-07
-1.02773e-07
9.92315e-07
-8.84283e-08
1.02048e-06
-1.64647e-07
1.05632e-06
-1.25938e-07
-1.7723e-07
1.04826e-06
9.86385e-07
-1.68236e-07
9.82635e-07
-1.59241e-07
9.78757e-07
-1.25057e-07
9.87952e-07
-1.30048e-07
9.88517e-07
-1.12942e-07
1.00788e-06
-1.22137e-07
1.02247e-06
-1.03019e-07
1.02889e-06
-1.71063e-07
1.04104e-06
-1.3809e-07
-1.83528e-07
1.04734e-06
1.01079e-06
-1.59627e-07
1.00622e-06
-1.54673e-07
1.01003e-06
-1.28866e-07
1.01205e-06
-1.32066e-07
1.01559e-06
-1.16489e-07
1.02298e-06
-1.29526e-07
1.03511e-06
-1.15148e-07
1.0311e-06
-1.67048e-07
1.04767e-06
-1.54662e-07
-1.92838e-07
1.05698e-06
1.03545e-06
-1.51877e-07
1.03075e-06
-1.49974e-07
1.02806e-06
-1.26173e-07
1.02944e-06
-1.3345e-07
1.03142e-06
-1.1847e-07
1.03568e-06
-1.33786e-07
1.04428e-06
-1.23742e-07
1.04152e-06
-1.64286e-07
1.04807e-06
-1.61212e-07
-1.95749e-07
1.05098e-06
1.0558e-06
-1.44867e-07
1.04888e-06
-1.43055e-07
1.04756e-06
-1.24857e-07
1.04532e-06
-1.31203e-07
1.04633e-06
-1.19484e-07
1.04594e-06
-1.33392e-07
1.0504e-06
-1.2821e-07
1.04521e-06
-1.59088e-07
1.04717e-06
-1.63178e-07
-1.94978e-07
1.0464e-06
1.07303e-06
-1.36911e-07
1.06609e-06
-1.36115e-07
1.06215e-06
-1.2092e-07
1.05808e-06
-1.27131e-07
1.05655e-06
-1.17956e-07
1.05378e-06
-1.30619e-07
1.05454e-06
-1.28977e-07
1.04891e-06
-1.53451e-07
1.0453e-06
-1.59575e-07
-1.90038e-07
1.04036e-06
1.08821e-06
-1.28735e-07
1.07971e-06
-1.27611e-07
1.07474e-06
-1.15954e-07
1.06868e-06
-1.21068e-07
1.06551e-06
-1.14784e-07
1.06025e-06
-1.25363e-07
1.05667e-06
-1.25391e-07
1.04951e-06
-1.46292e-07
1.04434e-06
-1.54406e-07
-1.80792e-07
1.03509e-06
1.10089e-06
-1.19413e-07
1.09177e-06
-1.18499e-07
1.08505e-06
-1.09234e-07
1.07742e-06
-1.1344e-07
1.07174e-06
-1.09101e-07
1.06482e-06
-1.18445e-07
1.05922e-06
-1.19787e-07
1.05013e-06
-1.37201e-07
1.04079e-06
-1.45065e-07
-1.69109e-07
1.0291e-06
1.11188e-06
-1.09344e-07
1.10159e-06
-1.08206e-07
1.09346e-06
-1.01099e-07
1.08454e-06
-1.04528e-07
1.07712e-06
-1.01679e-07
1.06818e-06
-1.09506e-07
1.05987e-06
-1.11475e-07
1.04932e-06
-1.26645e-07
1.03873e-06
-1.34478e-07
-1.55049e-07
1.02467e-06
1.12122e-06
-9.81352e-08
1.11013e-06
-9.7114e-08
1.10051e-06
-9.14793e-08
1.09016e-06
-9.4182e-08
1.08084e-06
-9.23595e-08
1.0706e-06
-9.92585e-08
1.06064e-06
-1.01515e-07
1.04825e-06
-1.14258e-07
1.03538e-06
-1.21606e-07
-1.3949e-07
1.01982e-06
1.12929e-06
-8.60853e-08
1.11716e-06
-8.49891e-08
1.10626e-06
-8.05786e-08
1.0948e-06
-8.2722e-08
1.08403e-06
-8.15873e-08
1.07217e-06
-8.73968e-08
1.0605e-06
-8.98499e-08
1.04695e-06
-1.00708e-07
1.03281e-06
-1.07462e-07
-1.22532e-07
1.01585e-06
1.13643e-06
-7.28896e-08
1.12333e-06
-7.1884e-08
1.11113e-06
-6.83798e-08
1.09841e-06
-7.00056e-08
1.08621e-06
-6.93885e-08
1.07317e-06
-7.43561e-08
1.06019e-06
-7.68678e-08
1.04537e-06
-8.58931e-08
1.02989e-06
-9.19823e-08
-1.0461e-07
1.01197e-06
1.14291e-06
-5.88897e-08
1.12878e-06
-5.77551e-08
1.11544e-06
-5.50357e-08
1.10163e-06
-5.61925e-08
1.08827e-06
-5.60285e-08
1.07401e-06
-6.01037e-08
1.05981e-06
-6.26614e-08
1.044e-06
-7.00893e-08
1.02753e-06
-7.55118e-08
-8.5794e-08
1.00872e-06
1.14889e-06
-4.34119e-08
1.13339e-06
-4.22509e-08
1.11868e-06
-4.03323e-08
1.10359e-06
-4.10999e-08
1.08904e-06
-4.14813e-08
1.07369e-06
-4.47547e-08
1.05842e-06
-4.73888e-08
1.04163e-06
-5.32986e-08
1.02423e-06
-5.81156e-08
-6.61694e-08
1.00461e-06
1.15134e-06
-2.65549e-08
1.13437e-06
-2.52776e-08
1.11824e-06
-2.42018e-08
1.10183e-06
-2.46909e-08
1.08599e-06
-2.56477e-08
1.06933e-06
-2.80889e-08
1.05268e-06
-3.07446e-08
1.03448e-06
-3.50932e-08
1.0156e-06
-3.92364e-08
-4.49183e-08
9.94349e-07
1.10558e-06
-8.66547e-09
1.0885e-06
-8.19462e-09
1.07228e-06
-7.98855e-09
1.05604e-06
-8.44982e-09
1.03986e-06
-9.46467e-09
1.02273e-06
-1.096e-08
1.00488e-06
-1.28972e-08
9.85118e-07
-1.53273e-08
9.63899e-07
-1.80167e-08
-2.09062e-08
9.39886e-07
7.56298e-07
7.48104e-07
7.40115e-07
7.31665e-07
7.22201e-07
7.11241e-07
6.98343e-07
6.83016e-07
6.64999e-07
6.44093e-07
7.35788e-08
-7.35788e-08
5.976e-08
1.38188e-08
9.99499e-09
4.9765e-08
-1.6413e-07
1.74125e-07
-4.51251e-07
2.87122e-07
-7.04483e-07
2.53232e-07
-8.67277e-07
1.62794e-07
-9.45064e-07
7.77866e-08
-9.59996e-07
1.49318e-08
-9.19661e-07
-4.03345e-08
-8.43201e-07
-7.64596e-08
-7.34647e-07
-1.08555e-07
-6.02902e-07
-1.31745e-07
-4.42378e-07
-1.60524e-07
-2.7234e-07
-1.70038e-07
-1.0927e-07
-1.63069e-07
3.65984e-08
-1.45869e-07
1.58489e-07
-1.21891e-07
2.55783e-07
-9.72939e-08
3.30815e-07
-7.50315e-08
3.86483e-07
-5.56688e-08
4.25172e-07
-3.86886e-08
4.48807e-07
-2.36347e-08
4.59321e-07
-1.05142e-08
4.58919e-07
4.01662e-10
4.50547e-07
8.372e-09
4.36881e-07
1.36663e-08
4.20746e-07
1.61349e-08
4.042e-07
1.65461e-08
3.88761e-07
1.54393e-08
3.75157e-07
1.36032e-08
3.63763e-07
1.1394e-08
3.54401e-07
9.36273e-09
3.46988e-07
7.41283e-09
3.41037e-07
5.95077e-09
3.36475e-07
4.56212e-09
3.32758e-07
3.7171e-09
3.29999e-07
2.75845e-09
3.27616e-07
2.38339e-09
1.72205e-09
7.23982e-08
-1.45977e-07
6.4173e-08
2.2044e-08
-1.12992e-07
2.2693e-07
-3.90331e-07
4.51463e-07
-6.24297e-07
5.21087e-07
-7.92824e-07
4.21759e-07
-8.90828e-07
2.60797e-07
-9.32386e-07
1.19345e-07
-9.16956e-07
-4.975e-10
-8.61481e-07
-9.581e-08
-7.72815e-07
-1.65126e-07
-6.57063e-07
-2.24306e-07
-5.21346e-07
-2.67462e-07
-3.61754e-07
-3.20116e-07
-1.90227e-07
-3.41565e-07
-2.15162e-08
-3.3178e-07
1.2864e-07
-2.96025e-07
2.53493e-07
-2.46743e-07
3.55603e-07
-1.99405e-07
4.38396e-07
-1.57824e-07
5.04838e-07
-1.22111e-07
5.57714e-07
-9.15645e-08
5.99187e-07
-6.51076e-08
6.30154e-07
-4.14811e-08
6.51121e-07
-2.05656e-08
6.63252e-07
-3.75894e-09
6.68851e-07
8.06722e-09
6.70576e-07
1.44099e-08
6.70211e-07
1.69108e-08
6.69027e-07
1.66229e-08
6.67496e-07
1.51342e-08
6.65972e-07
1.29183e-08
6.6432e-07
1.10149e-08
6.62721e-07
9.01222e-09
6.60926e-07
7.74493e-09
6.59212e-07
6.27674e-09
6.57332e-07
5.59739e-09
6.55656e-07
4.43371e-09
6.53905e-07
4.13477e-09
3.17105e-09
-5.00898e-08
-9.58872e-08
-1.87063e-07
1.59017e-07
-3.22861e-07
3.62728e-07
-4.41136e-07
5.69739e-07
-5.44934e-07
6.24885e-07
-6.30498e-07
5.07324e-07
-6.94719e-07
3.25018e-07
-7.13615e-07
1.38241e-07
-6.9232e-07
-2.1792e-08
-6.33847e-07
-1.54284e-07
-5.50037e-07
-2.48935e-07
-4.49081e-07
-3.25263e-07
-3.32099e-07
-3.84443e-07
-1.9859e-07
-4.53626e-07
-4.84664e-08
-4.91689e-07
1.02253e-07
-4.82499e-07
2.35432e-07
-4.29205e-07
3.41069e-07
-3.5238e-07
4.23613e-07
-2.81949e-07
4.90793e-07
-2.25004e-07
5.45068e-07
-1.76386e-07
5.88196e-07
-1.34692e-07
6.24308e-07
-1.01219e-07
6.56188e-07
-7.33608e-08
6.83074e-07
-4.74518e-08
7.0293e-07
-2.3615e-08
7.15472e-07
-4.47463e-09
7.22267e-07
7.61475e-09
7.25875e-07
1.3303e-08
7.28382e-07
1.41156e-08
7.30768e-07
1.27481e-08
7.33401e-07
1.02855e-08
7.36051e-07
8.36495e-09
7.38582e-07
6.48096e-09
7.40646e-07
5.68108e-09
7.42257e-07
4.66551e-09
7.43275e-07
4.57942e-09
7.4385e-07
3.85952e-09
7.44065e-07
3.91898e-09
3.24255e-09
-3.14793e-08
-6.44079e-08
-1.03116e-07
2.30654e-07
-1.80816e-07
4.40429e-07
-2.87556e-07
6.76478e-07
-3.47962e-07
6.85291e-07
-4.00465e-07
5.59827e-07
-4.4055e-07
3.65103e-07
-4.51165e-07
1.48856e-07
-4.25594e-07
-4.73636e-08
-3.63373e-07
-2.16505e-07
-2.76104e-07
-3.36204e-07
-1.84784e-07
-4.16583e-07
-8.907e-08
-4.80157e-07
1.47366e-08
-5.57432e-07
1.27162e-07
-6.04114e-07
2.43527e-07
-5.98864e-07
3.52944e-07
-5.38622e-07
4.39721e-07
-4.39156e-07
4.9939e-07
-3.41619e-07
5.46223e-07
-2.71836e-07
5.87773e-07
-2.17936e-07
6.19741e-07
-1.6666e-07
6.41626e-07
-1.23104e-07
6.6039e-07
-9.21249e-08
6.81487e-07
-6.85488e-08
7.03998e-07
-4.61258e-08
7.23728e-07
-2.4205e-08
7.37669e-07
-6.32639e-09
7.45531e-07
5.44119e-09
7.49097e-07
1.0549e-08
7.50551e-07
1.12946e-08
7.51483e-07
9.35353e-09
7.52629e-07
7.2186e-09
7.54142e-07
4.96781e-09
7.5581e-07
4.01298e-09
7.57411e-07
3.06542e-09
7.58766e-07
3.22391e-09
7.59778e-07
2.84808e-09
7.60521e-07
3.17564e-09
2.78458e-09
-2.4492e-08
-3.99159e-08
-1.32681e-07
3.38843e-07
-1.24853e-07
4.32601e-07
-1.0401e-07
6.55635e-07
-8.22788e-08
6.6356e-07
-9.37952e-08
5.71343e-07
-1.1197e-07
3.83278e-07
-1.10217e-07
1.47102e-07
-8.18997e-08
-7.56805e-08
-2.38972e-08
-2.74507e-07
5.30122e-08
-4.13113e-07
1.33486e-07
-4.97057e-07
2.08862e-07
-5.55533e-07
2.76545e-07
-6.25116e-07
3.45669e-07
-6.73237e-07
4.10038e-07
-6.63233e-07
4.69373e-07
-5.97957e-07
5.27656e-07
-4.9744e-07
5.67215e-07
-3.81178e-07
5.88186e-07
-2.92807e-07
6.10718e-07
-2.40468e-07
6.37755e-07
-1.93697e-07
6.56716e-07
-1.42065e-07
6.63871e-07
-9.92803e-08
6.68126e-07
-7.28036e-08
6.78173e-07
-5.6173e-08
6.9517e-07
-4.12018e-08
7.14791e-07
-2.59474e-08
7.3227e-07
-1.20382e-08
7.44912e-07
-2.09269e-09
7.52572e-07
3.63494e-09
7.56539e-07
5.3862e-09
7.58429e-07
5.32877e-09
7.59499e-07
3.89735e-09
7.60332e-07
3.1806e-09
7.61179e-07
2.21813e-09
7.61936e-07
2.46743e-09
7.62593e-07
2.19078e-09
7.63104e-07
2.66459e-09
2.4326e-09
-1.38095e-08
-2.61064e-08
-7.93538e-09
3.32969e-07
7.82255e-08
3.4644e-07
1.11226e-07
6.22634e-07
1.60826e-07
6.1396e-07
1.96781e-07
5.35389e-07
2.23431e-07
3.56628e-07
2.45828e-07
1.24705e-07
2.76576e-07
-1.06428e-07
3.17501e-07
-3.15433e-07
3.68502e-07
-4.64114e-07
4.21929e-07
-5.50483e-07
4.76043e-07
-6.09646e-07
5.17791e-07
-6.66865e-07
5.53804e-07
-7.0925e-07
5.80964e-07
-6.90393e-07
5.88027e-07
-6.0502e-07
5.98414e-07
-5.07827e-07
6.21266e-07
-4.0403e-07
6.31757e-07
-3.03298e-07
6.31073e-07
-2.39784e-07
6.39909e-07
-2.02533e-07
6.58405e-07
-1.60561e-07
6.70677e-07
-1.11552e-07
6.70744e-07
-7.28705e-08
6.66747e-07
-5.21762e-08
6.68788e-07
-4.32431e-08
6.80201e-07
-3.73598e-08
6.98084e-07
-2.99217e-08
7.17448e-07
-2.1456e-08
7.34262e-07
-1.31798e-08
7.46719e-07
-7.07084e-09
7.54728e-07
-2.67965e-09
7.59293e-07
-6.68038e-10
7.61613e-07
8.61043e-10
7.62706e-07
1.12493e-09
7.63179e-07
1.99487e-09
7.63433e-07
1.93614e-09
7.63566e-07
2.5313e-09
2.2348e-09
-1.94684e-07
1.68577e-07
3.75832e-09
1.34527e-07
1.47168e-07
2.03031e-07
3.34807e-07
4.34995e-07
4.59245e-07
4.89522e-07
5.39016e-07
4.55617e-07
5.84483e-07
3.11161e-07
6.08022e-07
1.01166e-07
6.20581e-07
-1.18987e-07
6.21363e-07
-3.16215e-07
6.23943e-07
-4.66694e-07
6.32455e-07
-5.58995e-07
6.54372e-07
-6.31563e-07
6.84142e-07
-6.96635e-07
6.92311e-07
-7.17419e-07
6.86542e-07
-6.84625e-07
6.70207e-07
-5.88684e-07
6.42829e-07
-4.80449e-07
6.36391e-07
-3.97592e-07
6.50329e-07
-3.17236e-07
6.55515e-07
-2.4497e-07
6.51297e-07
-1.98316e-07
6.54897e-07
-1.64161e-07
6.67469e-07
-1.24124e-07
6.77175e-07
-8.25761e-08
6.77956e-07
-5.2958e-08
6.74374e-07
-3.96609e-08
6.73955e-07
-3.69409e-08
6.80618e-07
-3.65839e-08
6.93674e-07
-3.45127e-08
7.10061e-07
-2.95663e-08
7.26442e-07
-2.3452e-08
7.40339e-07
-1.65766e-08
7.50666e-07
-1.09949e-08
7.57339e-07
-5.81176e-09
7.61201e-07
-2.73742e-09
7.6304e-07
1.56136e-10
7.63812e-07
1.16385e-09
7.63911e-07
2.43186e-09
2.28765e-09
6.66325e-07
3.98283e-07
4.78133e-07
3.22719e-07
3.76839e-07
3.04325e-07
4.63131e-07
3.48703e-07
6.05135e-07
3.47518e-07
7.3342e-07
3.27332e-07
8.20698e-07
2.23883e-07
8.69206e-07
5.26578e-08
8.82792e-07
-1.32573e-07
8.69971e-07
-3.03394e-07
8.561e-07
-4.52823e-07
8.58859e-07
-5.61755e-07
8.68392e-07
-6.41096e-07
8.78988e-07
-7.07231e-07
8.68648e-07
-7.07079e-07
8.20402e-07
-6.36378e-07
7.67956e-07
-5.36239e-07
7.23328e-07
-4.35822e-07
6.88659e-07
-3.62923e-07
6.81419e-07
-3.09997e-07
6.92918e-07
-2.56468e-07
7.00584e-07
-2.05982e-07
7.02034e-07
-1.6561e-07
7.07512e-07
-1.29603e-07
7.19728e-07
-9.4792e-08
7.32843e-07
-6.6073e-08
7.41372e-07
-4.81894e-08
7.44401e-07
-3.997e-08
7.44628e-07
-3.68114e-08
7.456e-07
-3.54844e-08
7.49753e-07
-3.37191e-08
7.57556e-07
-3.1255e-08
7.67699e-07
-2.67199e-08
7.78181e-07
-2.14768e-08
7.87178e-07
-1.48092e-08
7.93827e-07
-9.38576e-09
7.97934e-07
-3.95097e-09
8.00182e-07
-1.08419e-09
8.01135e-07
1.47898e-09
1.97607e-09
1.03696e-06
4.00961e-07
9.69742e-07
3.89932e-07
8.90281e-07
3.83786e-07
8.71403e-07
3.67581e-07
9.05112e-07
3.13809e-07
9.66352e-07
2.66092e-07
1.02038e-06
1.69853e-07
1.05562e-06
1.74178e-08
1.07447e-06
-1.51418e-07
1.07225e-06
-3.01172e-07
1.05794e-06
-4.38512e-07
1.05165e-06
-5.55467e-07
1.04195e-06
-6.31397e-07
1.00132e-06
-6.66604e-07
9.46853e-07
-6.5261e-07
8.83926e-07
-5.73451e-07
8.1958e-07
-4.71892e-07
7.76537e-07
-3.92779e-07
7.51836e-07
-3.38222e-07
7.33956e-07
-2.92117e-07
7.24007e-07
-2.46519e-07
7.22948e-07
-2.04923e-07
7.26904e-07
-1.69566e-07
7.32812e-07
-1.3551e-07
7.40416e-07
-1.02396e-07
7.50665e-07
-7.63216e-08
7.63826e-07
-6.1351e-08
7.7779e-07
-5.39338e-08
7.88666e-07
-4.76876e-08
7.93548e-07
-4.03667e-08
7.92725e-07
-3.28954e-08
7.89186e-07
-2.77159e-08
7.86285e-07
-2.38193e-08
7.85914e-07
-2.11057e-08
7.87938e-07
-1.68333e-08
7.91356e-07
-1.28034e-08
7.94782e-07
-7.37689e-09
7.97516e-07
-3.81836e-09
7.99241e-07
-2.4602e-10
1.35312e-09
1.08186e-06
3.64956e-07
1.11069e-06
3.61104e-07
1.13328e-06
3.61198e-07
1.15837e-06
3.42493e-07
1.19571e-06
2.76471e-07
1.23885e-06
2.22947e-07
1.26839e-06
1.40316e-07
1.28384e-06
1.96342e-09
1.29095e-06
-1.58527e-07
1.28242e-06
-2.92642e-07
1.24328e-06
-3.99371e-07
1.18607e-06
-4.9826e-07
1.12616e-06
-5.71486e-07
1.04139e-06
-5.8183e-07
9.35226e-07
-5.46449e-07
8.55376e-07
-4.93601e-07
8.15573e-07
-4.32089e-07
7.95717e-07
-3.72923e-07
7.88985e-07
-3.3149e-07
7.89756e-07
-2.92888e-07
7.8485e-07
-2.41612e-07
7.7135e-07
-1.91423e-07
7.61704e-07
-1.59921e-07
7.65018e-07
-1.38824e-07
7.75601e-07
-1.12979e-07
7.82484e-07
-8.32052e-08
7.82809e-07
-6.16755e-08
7.82377e-07
-5.35017e-08
7.87009e-07
-5.23202e-08
7.96677e-07
-5.00347e-08
8.06896e-07
-4.3114e-08
8.13164e-07
-3.39836e-08
8.13845e-07
-2.45003e-08
8.10367e-07
-1.76277e-08
8.05444e-07
-1.19108e-08
8.01255e-07
-8.61479e-09
7.98744e-07
-4.86583e-09
7.97678e-07
-2.75226e-09
7.97737e-07
-3.04679e-10
9.05681e-10
1.08629e-06
3.2692e-07
1.13993e-06
3.07464e-07
1.18458e-06
3.16553e-07
1.22862e-06
2.98453e-07
1.27028e-06
2.34808e-07
1.31644e-06
1.76785e-07
1.35562e-06
1.01139e-07
1.36782e-06
-1.02336e-08
1.35742e-06
-1.4813e-07
1.33421e-06
-2.69429e-07
1.2812e-06
-3.46365e-07
1.19609e-06
-4.13153e-07
1.10091e-06
-4.76298e-07
1.01704e-06
-4.97969e-07
9.43216e-07
-4.72621e-07
8.83027e-07
-4.33411e-07
8.53308e-07
-4.02371e-07
8.42042e-07
-3.61657e-07
8.24173e-07
-3.1362e-07
8.05393e-07
-2.74109e-07
7.98317e-07
-2.34536e-07
7.93866e-07
-1.86972e-07
7.83363e-07
-1.49418e-07
7.76465e-07
-1.31926e-07
7.83281e-07
-1.19795e-07
7.96505e-07
-9.64294e-08
8.00535e-07
-6.57056e-08
7.89985e-07
-4.29517e-08
7.7341e-07
-3.57452e-08
7.62748e-07
-3.93727e-08
7.63554e-07
-4.39197e-08
7.73723e-07
-4.41528e-08
7.8747e-07
-3.82474e-08
7.99392e-07
-2.95499e-08
8.06507e-07
-1.9026e-08
8.08803e-07
-1.09101e-08
8.07605e-07
-3.6683e-09
8.05168e-07
-3.14558e-10
8.02142e-07
2.72132e-09
2.74046e-09
1.09528e-06
2.78974e-07
1.14492e-06
2.57829e-07
1.18772e-06
2.73754e-07
1.22641e-06
2.59759e-07
1.25581e-06
2.05404e-07
1.2936e-06
1.39002e-07
1.33537e-06
5.93632e-08
1.35561e-06
-3.04712e-08
1.3352e-06
-1.27718e-07
1.29316e-06
-2.27389e-07
1.24747e-06
-3.00673e-07
1.18396e-06
-3.49648e-07
1.10337e-06
-3.95702e-07
1.0324e-06
-4.26999e-07
9.83777e-07
-4.24001e-07
9.41632e-07
-3.91266e-07
8.96948e-07
-3.57687e-07
8.64473e-07
-3.29182e-07
8.39909e-07
-2.89056e-07
8.09844e-07
-2.44044e-07
7.85875e-07
-2.10568e-07
7.81739e-07
-1.82836e-07
7.86658e-07
-1.54336e-07
7.85126e-07
-1.30394e-07
7.79041e-07
-1.13711e-07
7.78508e-07
-9.58961e-08
7.84227e-07
-7.14248e-08
7.87903e-07
-4.66276e-08
7.83541e-07
-3.13828e-08
7.72699e-07
-2.85312e-08
7.61517e-07
-3.27375e-08
7.55587e-07
-3.82225e-08
7.5703e-07
-3.96901e-08
7.6453e-07
-3.70503e-08
7.74777e-07
-2.92733e-08
7.84706e-07
-2.08388e-08
7.92087e-07
-1.10493e-08
7.96693e-07
-4.92042e-09
7.98926e-07
4.87777e-10
2.28925e-09
1.09386e-06
2.42098e-07
1.12606e-06
2.25625e-07
1.16181e-06
2.38008e-07
1.19946e-06
2.22102e-07
1.2321e-06
1.72769e-07
1.26316e-06
1.07944e-07
1.29272e-06
2.97967e-08
1.30762e-06
-4.53685e-08
1.2883e-06
-1.08401e-07
1.24643e-06
-1.85516e-07
1.20651e-06
-2.60748e-07
1.16133e-06
-3.04475e-07
1.10222e-06
-3.36591e-07
1.03834e-06
-3.63121e-07
9.83204e-07
-3.68862e-07
9.44205e-07
-3.52267e-07
9.07993e-07
-3.21474e-07
8.68543e-07
-2.89732e-07
8.41335e-07
-2.61848e-07
8.2893e-07
-2.31639e-07
8.18112e-07
-1.9975e-07
8.07895e-07
-1.72618e-07
8.05114e-07
-1.51556e-07
8.0577e-07
-1.3105e-07
8.001e-07
-1.0804e-07
7.88047e-07
-8.38436e-08
7.78937e-07
-6.23144e-08
7.79927e-07
-4.76176e-08
7.89861e-07
-4.13168e-08
8.01961e-07
-4.06314e-08
8.09398e-07
-4.01747e-08
8.09098e-07
-3.79223e-08
8.02663e-07
-3.32548e-08
7.9407e-07
-2.84573e-08
7.87196e-07
-2.23993e-08
7.83555e-07
-1.71984e-08
7.83259e-07
-1.07529e-08
7.84563e-07
-6.22421e-09
7.86821e-07
-1.7705e-09
4.54776e-10
1.07876e-06
2.14316e-07
1.1076e-06
1.96787e-07
1.14334e-06
2.02263e-07
1.18127e-06
1.84172e-07
1.21244e-06
1.41604e-07
1.23569e-06
8.46926e-08
1.25143e-06
1.40485e-08
1.2551e-06
-4.9032e-08
1.24433e-06
-9.76326e-08
1.2133e-06
-1.54487e-07
1.17375e-06
-2.21192e-07
1.13939e-06
-2.70119e-07
1.09818e-06
-2.95381e-07
1.04546e-06
-3.10399e-07
9.92268e-07
-3.15673e-07
9.50179e-07
-3.10178e-07
9.235e-07
-2.94796e-07
9.00549e-07
-2.66781e-07
8.74511e-07
-2.35811e-07
8.56701e-07
-2.13829e-07
8.51449e-07
-1.94497e-07
8.45551e-07
-1.66721e-07
8.3086e-07
-1.36864e-07
8.15363e-07
-1.15553e-07
8.08405e-07
-1.01082e-07
8.08873e-07
-8.4312e-08
8.099e-07
-6.33412e-08
8.07647e-07
-4.5365e-08
8.03796e-07
-3.74658e-08
8.02502e-07
-3.93372e-08
8.06122e-07
-4.37948e-08
8.13331e-07
-4.5131e-08
8.20448e-07
-4.03723e-08
8.24125e-07
-3.2134e-08
8.23078e-07
-2.13519e-08
8.18357e-07
-1.24776e-08
8.12023e-07
-4.4195e-09
8.06415e-07
-6.15667e-10
8.01761e-07
2.88316e-09
2.81227e-09
1.07253e-06
1.88189e-07
1.09628e-06
1.73033e-07
1.1283e-06
1.70244e-07
1.16195e-06
1.50525e-07
1.18956e-06
1.13989e-07
1.20914e-06
6.51133e-08
1.21437e-06
8.82462e-09
1.21172e-06
-4.63836e-08
1.20836e-06
-9.42722e-08
1.18923e-06
-1.3536e-07
1.15222e-06
-1.84181e-07
1.11654e-06
-2.34443e-07
1.08246e-06
-2.61295e-07
1.04248e-06
-2.70426e-07
1.00354e-06
-2.76728e-07
9.66056e-07
-2.72694e-07
9.29673e-07
-2.58413e-07
9.04277e-07
-2.41385e-07
8.87504e-07
-2.19038e-07
8.67194e-07
-1.93519e-07
8.46017e-07
-1.7332e-07
8.33486e-07
-1.5419e-07
8.26464e-07
-1.29842e-07
8.16726e-07
-1.05816e-07
8.06214e-07
-9.05688e-08
8.03088e-07
-8.11869e-08
8.08603e-07
-6.88556e-08
8.14457e-07
-5.12189e-08
8.11563e-07
-3.45721e-08
7.98384e-07
-2.61584e-08
7.81016e-07
-2.64259e-08
7.6706e-07
-3.1175e-08
7.6025e-07
-3.35631e-08
7.59873e-07
-3.17568e-08
7.63591e-07
-2.50699e-08
7.68814e-07
-1.77e-08
7.74216e-07
-9.82156e-09
7.78558e-07
-4.95765e-09
7.82392e-07
-9.50755e-10
3.94924e-10
1.06404e-06
1.64514e-07
1.08697e-06
1.501e-07
1.11479e-06
1.42426e-07
1.14156e-06
1.23759e-07
1.16521e-06
9.03335e-08
1.18209e-06
4.82365e-08
1.1867e-06
4.20991e-09
1.18109e-06
-4.07675e-08
1.17321e-06
-8.63908e-08
1.16376e-06
-1.25913e-07
1.14073e-06
-1.61153e-07
1.10372e-06
-1.97429e-07
1.06912e-06
-2.26694e-07
1.0385e-06
-2.39813e-07
1.00562e-06
-2.43847e-07
9.74398e-07
-2.41471e-07
9.44777e-07
-2.28791e-07
9.16472e-07
-2.1308e-07
8.97288e-07
-1.99854e-07
8.85059e-07
-1.8129e-07
8.68455e-07
-1.56715e-07
8.49252e-07
-1.34988e-07
8.38904e-07
-1.19493e-07
8.38018e-07
-1.0493e-07
8.3572e-07
-8.82712e-08
8.259e-07
-7.13666e-08
8.13991e-07
-5.69465e-08
8.08355e-07
-4.5583e-08
8.11234e-07
-3.74511e-08
8.18299e-07
-3.32231e-08
8.23246e-07
-3.13729e-08
8.22264e-07
-3.01938e-08
8.16048e-07
-2.73465e-08
8.07675e-07
-2.33837e-08
8.00229e-07
-1.76245e-08
7.95061e-07
-1.25322e-08
7.92401e-07
-7.1613e-09
7.91359e-07
-3.91514e-09
7.91465e-07
-1.05758e-09
-3.40491e-12
1.05662e-06
1.42986e-07
1.07772e-06
1.28999e-07
1.10177e-06
1.18376e-07
1.12531e-06
1.00219e-07
1.14405e-06
7.1595e-08
1.15605e-06
3.62367e-08
1.16264e-06
-2.37922e-09
1.16048e-06
-3.86104e-08
1.14852e-06
-7.44297e-08
1.13592e-06
-1.13314e-07
1.12178e-06
-1.47009e-07
1.09583e-06
-1.71477e-07
1.06352e-06
-1.94384e-07
1.03487e-06
-2.11169e-07
1.00513e-06
-2.1411e-07
9.7457e-07
-2.10906e-07
9.52171e-07
-2.06393e-07
9.33106e-07
-1.94014e-07
9.09074e-07
-1.75822e-07
8.868e-07
-1.59016e-07
8.73778e-07
-1.43694e-07
8.65072e-07
-1.26281e-07
8.5402e-07
-1.08441e-07
8.4191e-07
-9.28205e-08
8.32717e-07
-7.90786e-08
8.2659e-07
-6.52389e-08
8.21137e-07
-5.14942e-08
8.1554e-07
-3.99854e-08
8.10601e-07
-3.25122e-08
8.06627e-07
-2.92494e-08
8.0332e-07
-2.80653e-08
8.00008e-07
-2.68823e-08
7.96404e-07
-2.37422e-08
7.92719e-07
-1.96994e-08
7.89584e-07
-1.44893e-08
7.8732e-07
-1.02676e-08
7.86157e-07
-5.99853e-09
7.85745e-07
-3.50317e-09
7.85954e-07
-1.26646e-09
-4.12244e-10
1.05026e-06
1.21827e-07
1.06965e-06
1.09612e-07
1.08992e-06
9.81067e-08
1.10981e-06
8.03282e-08
1.12555e-06
5.58496e-08
1.13504e-06
2.67547e-08
1.13884e-06
-6.18144e-09
1.13886e-06
-3.8634e-08
1.13342e-06
-6.89872e-08
1.11909e-06
-9.89871e-08
1.10117e-06
-1.29087e-07
1.08357e-06
-1.53879e-07
1.05966e-06
-1.70475e-07
1.03084e-06
-1.82347e-07
1.00618e-06
-1.89453e-07
9.83261e-07
-1.87982e-07
9.57695e-07
-1.80827e-07
9.34949e-07
-1.71268e-07
9.17733e-07
-1.58606e-07
9.01741e-07
-1.43024e-07
8.85814e-07
-1.27767e-07
8.72549e-07
-1.13016e-07
8.6152e-07
-9.74122e-08
8.5018e-07
-8.14801e-08
8.38835e-07
-6.77341e-08
8.30461e-07
-5.68648e-08
8.26738e-07
-4.77707e-08
8.25952e-07
-3.91992e-08
8.24529e-07
-3.10897e-08
8.20164e-07
-2.48842e-08
8.13047e-07
-2.09479e-08
8.05199e-07
-1.90351e-08
7.98557e-07
-1.71002e-08
7.93921e-07
-1.50634e-08
7.91267e-07
-1.18347e-08
7.89964e-07
-8.96468e-09
7.8964e-07
-5.67423e-09
7.89693e-07
-3.5562e-09
7.90108e-07
-1.68172e-09
-7.27039e-10
1.04343e-06
1.03068e-07
1.06133e-06
9.17064e-08
1.07955e-06
7.98854e-08
1.09585e-06
6.40301e-08
1.10917e-06
4.25318e-08
1.11851e-06
1.74185e-08
1.1215e-06
-9.17078e-09
1.1195e-06
-3.66404e-08
1.11493e-06
-6.44129e-08
1.10593e-06
-8.99924e-08
1.09021e-06
-1.13363e-07
1.07123e-06
-1.34901e-07
1.05212e-06
-1.51362e-07
1.03025e-06
-1.60482e-07
1.00607e-06
-1.6527e-07
9.84173e-07
-1.66084e-07
9.64109e-07
-1.60764e-07
9.43683e-07
-1.50842e-07
9.25118e-07
-1.40041e-07
9.09837e-07
-1.27743e-07
8.95017e-07
-1.12947e-07
8.7955e-07
-9.75491e-08
8.6638e-07
-8.42421e-08
8.57443e-07
-7.25432e-08
8.50631e-07
-6.0922e-08
8.42829e-07
-4.90627e-08
8.33344e-07
-3.82862e-08
8.24117e-07
-2.99723e-08
8.17332e-07
-2.43039e-08
8.13305e-07
-2.08578e-08
8.10682e-07
-1.83245e-08
8.07952e-07
-1.63058e-08
8.04504e-07
-1.36515e-08
8.0056e-07
-1.11194e-08
7.96722e-07
-7.9968e-09
7.93464e-07
-5.70642e-09
7.91008e-07
-3.21889e-09
7.89349e-07
-1.89723e-09
7.88228e-07
-5.60132e-10
-1.39407e-10
1.03755e-06
8.5331e-08
1.05402e-06
7.52453e-08
1.0698e-06
6.41053e-08
1.08419e-06
4.96377e-08
1.09534e-06
3.1381e-08
1.10244e-06
1.03186e-08
1.10614e-06
-1.28743e-08
1.1056e-06
-3.60963e-08
1.09992e-06
-5.87351e-08
1.09134e-06
-8.14098e-08
1.08021e-06
-1.02236e-07
1.06416e-06
-1.18851e-07
1.04519e-06
-1.32392e-07
1.02696e-06
-1.42254e-07
1.00791e-06
-1.46211e-07
9.86886e-07
-1.45065e-07
9.6738e-07
-1.41258e-07
9.50483e-07
-1.33944e-07
9.33315e-07
-1.22874e-07
9.15784e-07
-1.10212e-07
9.00801e-07
-9.79646e-08
8.88769e-07
-8.55176e-08
8.77062e-07
-7.25343e-08
8.64361e-07
-5.98422e-08
8.52165e-07
-4.87261e-08
8.42556e-07
-3.94541e-08
8.35934e-07
-3.16636e-08
8.31031e-07
-2.50701e-08
8.26071e-07
-1.93433e-08
8.20176e-07
-1.4963e-08
8.13624e-07
-1.1773e-08
8.07247e-07
-9.92831e-09
8.01802e-07
-8.20669e-09
7.97607e-07
-6.92377e-09
7.94671e-07
-5.06105e-09
7.92693e-07
-3.72832e-09
7.91482e-07
-2.00847e-09
7.90707e-07
-1.12206e-09
7.90298e-07
-1.51246e-10
1.4892e-10
1.03201e-06
6.91777e-08
1.04713e-06
6.01186e-08
1.06135e-06
4.98895e-08
1.07376e-06
3.72284e-08
1.08357e-06
2.15706e-08
1.0902e-06
3.68702e-09
1.09281e-06
-1.54816e-08
1.09206e-06
-3.53489e-08
1.08841e-06
-5.50874e-08
1.08074e-06
-7.37325e-08
1.06956e-06
-9.10645e-08
1.05681e-06
-1.06098e-07
1.04187e-06
-1.17452e-07
1.02437e-06
-1.24759e-07
1.00676e-06
-1.28599e-07
9.90022e-07
-1.28325e-07
9.72528e-07
-1.23764e-07
9.54669e-07
-1.16084e-07
9.38503e-07
-1.06708e-07
9.23898e-07
-9.56073e-08
9.09149e-07
-8.32154e-08
8.94265e-07
-7.06332e-08
8.80786e-07
-5.90554e-08
8.69484e-07
-4.854e-08
8.5962e-07
-3.88627e-08
8.50199e-07
-3.00327e-08
8.40894e-07
-2.23588e-08
8.32151e-07
-1.63271e-08
8.24698e-07
-1.18903e-08
8.18782e-07
-9.04727e-09
8.13937e-07
-6.928e-09
8.09591e-07
-5.58241e-09
8.05448e-07
-4.06368e-09
8.01544e-07
-3.01904e-09
7.97997e-07
-1.51456e-09
7.94992e-07
-7.23167e-10
7.92538e-07
4.45817e-10
7.90714e-07
7.01397e-10
7.89239e-07
1.32416e-09
1.13198e-09
1.02705e-06
5.40988e-08
1.04103e-06
4.61439e-08
1.05382e-06
3.70975e-08
1.06489e-06
2.61542e-08
1.07347e-06
1.29934e-08
1.07913e-06
-1.96991e-09
1.0818e-06
-1.81593e-08
1.08127e-06
-3.48158e-08
1.07754e-06
-5.13601e-08
1.07117e-06
-6.73633e-08
1.06214e-06
-8.20307e-08
1.0504e-06
-9.4354e-08
1.03705e-06
-1.04106e-07
1.02284e-06
-1.1055e-07
1.0074e-06
-1.13158e-07
9.91189e-07
-1.12114e-07
9.75401e-07
-1.07976e-07
9.59969e-07
-1.00653e-07
9.44121e-07
-9.08597e-08
9.28265e-07
-7.9751e-08
9.13401e-07
-6.83512e-08
8.99693e-07
-5.69255e-08
8.86528e-07
-4.58906e-08
8.73651e-07
-3.56634e-08
8.61529e-07
-2.67403e-08
8.50805e-07
-1.93088e-08
8.41697e-07
-1.32509e-08
8.33975e-07
-8.6047e-09
8.27047e-07
-4.96233e-09
8.20469e-07
-2.46968e-09
8.1423e-07
-6.89072e-10
8.08551e-07
9.66065e-11
8.03617e-07
8.70953e-10
7.99551e-07
1.04634e-09
7.96375e-07
1.66139e-09
7.93987e-07
1.66564e-09
7.92234e-07
2.19801e-09
7.9096e-07
1.97623e-09
7.90022e-07
2.2614e-09
1.77781e-09
1.0227e-06
4.01135e-08
1.03563e-06
3.32159e-08
1.04733e-06
2.53957e-08
1.0573e-06
1.61871e-08
1.06496e-06
5.33667e-09
1.07002e-06
-7.03164e-09
1.07229e-06
-2.04278e-08
1.07178e-06
-3.43137e-08
1.06863e-06
-4.82098e-08
1.06283e-06
-6.15648e-08
1.0547e-06
-7.38957e-08
1.04472e-06
-8.43751e-08
1.03298e-06
-9.23679e-08
1.01985e-06
-9.74125e-08
1.00602e-06
-9.93377e-08
9.91679e-07
-9.77675e-08
9.76503e-07
-9.27998e-08
9.60841e-07
-8.49912e-08
9.45339e-07
-7.53573e-08
9.30094e-07
-6.45056e-08
9.14845e-07
-5.3103e-08
8.99762e-07
-4.18418e-08
8.85457e-07
-3.15863e-08
8.72454e-07
-2.26597e-08
8.60745e-07
-1.50316e-08
8.50081e-07
-8.64424e-09
8.40337e-07
-3.50748e-09
8.31557e-07
1.75052e-10
8.2386e-07
2.73475e-09
8.17355e-07
4.03575e-09
8.11859e-07
4.80639e-09
8.07117e-07
4.83946e-09
8.02976e-07
5.01196e-09
7.99363e-07
4.65845e-09
7.96264e-07
4.76039e-09
7.93689e-07
4.24132e-09
7.91567e-07
4.31961e-09
7.89941e-07
3.60235e-09
7.88566e-07
3.63676e-09
2.79495e-09
1.01786e-06
2.68582e-08
1.03003e-06
2.10526e-08
1.04078e-06
1.46399e-08
1.0498e-06
7.16818e-09
1.05671e-06
-1.56636e-09
1.06111e-06
-1.144e-08
1.06299e-06
-2.23029e-08
1.06223e-06
-3.35593e-08
1.05896e-06
-4.49329e-08
1.05335e-06
-5.59567e-08
1.04549e-06
-6.60398e-08
1.03573e-06
-7.46096e-08
1.02441e-06
-8.10499e-08
1.01164e-06
-8.46461e-08
9.97559e-07
-8.52521e-08
9.82511e-07
-8.27202e-08
9.66822e-07
-7.71104e-08
9.50601e-07
-6.87707e-08
9.33899e-07
-5.86551e-08
9.17115e-07
-4.77219e-08
9.00804e-07
-3.67912e-08
8.85386e-07
-2.64238e-08
8.70948e-07
-1.71489e-08
8.5764e-07
-9.35119e-09
8.45594e-07
-2.98613e-09
8.35015e-07
1.93484e-09
8.25942e-07
5.56591e-09
8.18308e-07
7.80856e-09
8.1185e-07
9.19277e-09
8.06277e-07
9.60947e-09
8.01428e-07
9.65532e-09
7.97253e-07
9.0138e-09
7.93764e-07
8.50087e-09
7.90929e-07
7.49425e-09
7.88727e-07
6.96191e-09
7.87061e-07
5.90712e-09
7.8587e-07
5.51064e-09
7.85017e-07
4.45541e-09
7.84441e-07
4.21312e-09
3.15228e-09
1.00717e-06
1.40336e-08
1.01859e-06
9.63422e-09
1.02835e-06
4.88292e-09
1.03613e-06
-6.12542e-10
1.04175e-06
-7.19109e-09
1.04488e-06
-1.45627e-08
1.04519e-06
-2.26147e-08
1.0427e-06
-3.10662e-08
1.03745e-06
-3.96826e-08
1.02948e-06
-4.79917e-08
1.01897e-06
-5.55303e-08
1.00623e-06
-6.18642e-08
9.914e-07
-6.62249e-08
9.74638e-07
-6.78842e-08
9.56475e-07
-6.70886e-08
9.37248e-07
-6.3493e-08
9.17184e-07
-5.70467e-08
8.96858e-07
-4.84447e-08
8.77001e-07
-3.87984e-08
8.58189e-07
-2.89099e-08
8.40744e-07
-1.93464e-08
8.24999e-07
-1.06783e-08
8.11297e-07
-3.44714e-09
7.9969e-07
2.25646e-09
7.90184e-07
6.51936e-09
7.82603e-07
9.51606e-09
7.76667e-07
1.15017e-08
7.72074e-07
1.24018e-08
7.68661e-07
1.2606e-08
7.662e-07
1.207e-08
7.6453e-07
1.13249e-08
7.63387e-07
1.01576e-08
7.62672e-07
9.21559e-09
7.62199e-07
7.96727e-09
7.61976e-07
7.18514e-09
7.61884e-07
5.9991e-09
7.6195e-07
5.44403e-09
7.62081e-07
4.3243e-09
7.62274e-07
4.02074e-09
3.02804e-09
9.51307e-07
2.61286e-09
9.60623e-07
3.18247e-10
9.67668e-07
-2.16219e-09
9.72262e-07
-5.20588e-09
9.73855e-07
-8.78466e-09
9.7211e-07
-1.28179e-08
9.66708e-07
-1.7212e-08
9.57467e-07
-2.18251e-08
9.44328e-07
-2.65435e-08
9.27399e-07
-3.10629e-08
9.06885e-07
-3.50164e-08
8.83122e-07
-3.81012e-08
8.56777e-07
-3.98801e-08
8.28711e-07
-3.98185e-08
7.99466e-07
-3.78434e-08
7.70019e-07
-3.4046e-08
7.4155e-07
-2.85776e-08
7.15029e-07
-2.19241e-08
6.91214e-07
-1.4983e-08
6.70803e-07
-8.4992e-09
6.54323e-07
-2.86579e-09
6.41924e-07
1.72038e-09
6.3328e-07
5.1964e-09
6.27946e-07
7.59031e-09
6.25433e-07
9.03234e-09
6.25244e-07
9.7056e-09
6.26897e-07
9.84844e-09
6.29767e-07
9.53156e-09
6.33394e-07
8.97936e-09
6.37274e-07
8.18981e-09
6.41222e-07
7.37753e-09
6.44942e-07
6.43781e-09
6.48513e-07
5.64402e-09
6.51715e-07
4.76557e-09
6.54757e-07
4.14263e-09
6.57364e-07
3.39288e-09
6.59848e-07
2.95985e-09
6.61847e-07
2.32478e-09
6.63791e-07
2.07666e-09
1.49978e-09
6.46706e-07
6.47024e-07
6.44862e-07
6.39656e-07
6.30872e-07
6.18054e-07
6.00842e-07
5.79017e-07
5.52473e-07
5.2141e-07
4.86394e-07
4.48293e-07
4.08413e-07
3.68594e-07
3.30751e-07
2.96705e-07
2.68127e-07
2.46203e-07
2.3122e-07
2.22721e-07
2.19855e-07
2.21575e-07
2.26772e-07
2.34362e-07
2.43395e-07
2.531e-07
2.62949e-07
2.7248e-07
2.81459e-07
2.89649e-07
2.97027e-07
3.03465e-07
3.09109e-07
3.13874e-07
3.18017e-07
3.2141e-07
3.2437e-07
3.26694e-07
3.28771e-07
)
;

boundaryField
{
    inlet
    {
        type            calculated;
        value           nonuniform List<scalar> 
20
(
-1e-06
-1e-06
-1e-06
-1e-06
-1e-06
-1e-06
-1e-06
-1e-06
-1e-06
-1e-06
-1e-06
-1e-06
-1e-06
-1e-06
-1e-06
-1e-06
-1e-06
-1e-06
-1e-06
-1e-06
)
;
    }
    outlet
    {
        type            calculated;
        value           nonuniform List<scalar> 
27
(
8.01446e-07
7.99864e-07
7.98184e-07
8.00307e-07
7.99378e-07
7.88655e-07
7.99404e-07
7.84809e-07
7.91864e-07
7.86363e-07
7.90423e-07
7.8764e-07
7.9001e-07
7.88256e-07
7.89376e-07
7.87549e-07
7.84083e-07
7.62398e-07
6.6532e-07
3.30271e-07
3.25894e-07
6.52456e-07
7.43994e-07
7.60979e-07
7.63456e-07
7.63764e-07
7.63859e-07
)
;
    }
    lowerWall
    {
        type            calculated;
        value           uniform 0;
    }
    upperWall
    {
        type            calculated;
        value           uniform 0;
    }
    defaultFaces
    {
        type            empty;
        value           nonuniform List<scalar> 0();
    }
}


// ************************************************************************* //
