/*--------------------------------*- C++ -*----------------------------------*\
| =========                 |                                                 |
| \\      /  F ield         | OpenFOAM: The Open Source CFD Toolbox           |
|  \\    /   O peration     | Version:  2112                                  |
|   \\  /    A nd           | Website:  www.openfoam.com                      |
|    \\/     M anipulation  |                                                 |
\*---------------------------------------------------------------------------*/
FoamFile
{
    version     2.0;
    format      ascii;
    arch        "LSB;label=32;scalar=64";
    class       surfaceScalarField;
    location    "0.42";
    object      phi;
}
// * * * * * * * * * * * * * * * * * * * * * * * * * * * * * * * * * * * * * //

dimensions      [0 3 -1 0 0 0 0];

oriented        oriented;

internalField   nonuniform List<scalar> 
3653
(
9.92462e-07
7.5376e-09
9.79395e-07
1.30677e-08
9.63562e-07
1.58323e-08
9.48483e-07
1.50797e-08
9.31309e-07
1.71738e-08
9.15018e-07
1.62905e-08
8.96836e-07
1.81829e-08
8.79335e-07
1.75002e-08
8.60538e-07
1.8797e-08
8.42257e-07
1.8281e-08
8.23298e-07
1.89597e-08
8.03802e-07
1.94958e-08
7.84864e-07
1.89378e-08
7.63202e-07
2.16616e-08
7.44252e-07
1.89504e-08
7.20488e-07
2.37637e-08
6.99176e-07
2.13123e-08
6.74811e-07
2.43648e-08
6.48987e-07
2.58238e-08
6.22419e-07
2.65685e-08
5.92746e-07
2.96733e-08
5.5948e-07
3.32661e-08
5.25209e-07
3.42703e-08
4.85235e-07
3.99745e-08
4.39963e-07
4.52719e-08
3.89806e-07
5.01574e-08
3.32133e-07
5.76728e-08
2.6657e-07
6.55623e-08
1.98238e-07
6.83324e-08
7.13848e-08
1.26853e-07
1.00242e-06
5.11687e-09
1.00687e-06
8.61442e-09
1.00793e-06
1.47792e-08
1.01101e-06
1.19972e-08
1.00993e-06
1.82558e-08
1.01218e-06
1.40378e-08
1.0108e-06
1.95673e-08
1.01084e-06
1.74559e-08
1.00956e-06
2.00758e-08
1.00755e-06
2.02906e-08
1.00442e-06
2.20875e-08
1.00287e-06
2.10471e-08
9.96298e-07
2.55125e-08
9.95004e-07
2.29559e-08
9.86261e-07
2.76935e-08
9.82322e-07
2.7702e-08
9.72901e-07
3.07334e-08
9.66911e-07
3.03553e-08
9.52623e-07
4.01116e-08
9.46502e-07
3.26896e-08
9.26456e-07
4.97188e-08
9.16195e-07
4.35276e-08
8.94029e-07
5.64362e-08
8.74948e-07
5.90558e-08
8.45132e-07
7.50872e-08
8.2337e-07
7.19191e-08
7.77956e-07
1.03087e-07
7.46402e-07
9.71161e-08
6.86886e-07
1.27849e-07
1.32235e-07
6.26035e-07
1.00111e-06
4.01171e-09
1.00468e-06
5.0347e-09
1.00715e-06
1.23138e-08
1.00975e-06
9.39696e-09
1.01143e-06
1.6572e-08
1.01352e-06
1.19502e-08
1.01526e-06
1.78248e-08
1.01657e-06
1.61548e-08
1.01844e-06
1.82032e-08
1.01901e-06
1.97141e-08
1.01963e-06
2.14726e-08
1.021e-06
1.96731e-08
1.01858e-06
2.79381e-08
1.02157e-06
1.99643e-08
1.01718e-06
3.20858e-08
1.01882e-06
2.60585e-08
1.01477e-06
3.47829e-08
1.01354e-06
3.15832e-08
1.00837e-06
4.52878e-08
1.0073e-06
3.37574e-08
9.98244e-07
5.8774e-08
9.95172e-07
4.65999e-08
9.85978e-07
6.56305e-08
9.76294e-07
6.87396e-08
9.66631e-07
8.47502e-08
9.53826e-07
8.47243e-08
9.37232e-07
1.19681e-07
9.20282e-07
1.14065e-07
8.94951e-07
1.5318e-07
1.54743e-07
8.72443e-07
1.0005e-06
3.51419e-09
1.00247e-06
3.06238e-09
1.00443e-06
1.03551e-08
1.00644e-06
7.38431e-09
1.00829e-06
1.47256e-08
1.01004e-06
1.01936e-08
1.01128e-06
1.65929e-08
1.01358e-06
1.38534e-08
1.0137e-06
1.8076e-08
1.01679e-06
1.66249e-08
1.01585e-06
2.24116e-08
1.0187e-06
1.68238e-08
1.01771e-06
2.89354e-08
1.01935e-06
1.83238e-08
1.01865e-06
3.27827e-08
1.01927e-06
2.54347e-08
1.01799e-06
3.60631e-08
1.01756e-06
3.20136e-08
1.01636e-06
4.64897e-08
1.01361e-06
3.65115e-08
1.01285e-06
5.95342e-08
1.00883e-06
5.06157e-08
1.00532e-06
6.91428e-08
1.00221e-06
7.1848e-08
9.97024e-07
8.99368e-08
9.90341e-07
9.14075e-08
9.88743e-07
1.2128e-07
9.77897e-07
1.24911e-07
9.72633e-07
1.58445e-07
1.66261e-07
9.61116e-07
1.00076e-06
2.75697e-09
1.00142e-06
2.3954e-09
1.00337e-06
8.4102e-09
1.0048e-06
5.95425e-09
1.00662e-06
1.29042e-08
1.00822e-06
8.59434e-09
1.00949e-06
1.53249e-08
1.01143e-06
1.19129e-08
1.01213e-06
1.73754e-08
1.01441e-06
1.43413e-08
1.01457e-06
2.225e-08
1.01675e-06
1.46457e-08
1.01662e-06
2.90667e-08
1.01818e-06
1.67633e-08
1.01808e-06
3.28844e-08
1.01895e-06
2.45673e-08
1.01852e-06
3.64951e-08
1.01857e-06
3.19628e-08
1.01817e-06
4.689e-08
1.01677e-06
3.79054e-08
1.01678e-06
5.95284e-08
1.01464e-06
5.27532e-08
1.01293e-06
7.08545e-08
1.01181e-06
7.29626e-08
1.00914e-06
9.26142e-08
1.00774e-06
9.28084e-08
1.0062e-06
1.22813e-07
1.00556e-06
1.25549e-07
1.00475e-06
1.5926e-07
1.66723e-07
1.00429e-06
1.00069e-06
2.07071e-09
1.00102e-06
2.06127e-09
1.00273e-06
6.70186e-09
1.00363e-06
5.05038e-09
1.00565e-06
1.08902e-08
1.0068e-06
7.44063e-09
1.00837e-06
1.37583e-08
1.01001e-06
1.02663e-08
1.01111e-06
1.62838e-08
1.01278e-06
1.26676e-08
1.01423e-06
2.07977e-08
1.01491e-06
1.3967e-08
1.01702e-06
2.6955e-08
1.0169e-06
1.68867e-08
1.01867e-06
3.11141e-08
1.01884e-06
2.43995e-08
1.01979e-06
3.55413e-08
1.01954e-06
3.22167e-08
1.02094e-06
4.54876e-08
1.01928e-06
3.95613e-08
1.0211e-06
5.77063e-08
1.01961e-06
5.42436e-08
1.02001e-06
7.04601e-08
1.01976e-06
7.32116e-08
1.02048e-06
9.18969e-08
1.01919e-06
9.40969e-08
1.02262e-06
1.19384e-07
1.02287e-06
1.253e-07
1.02714e-06
1.54985e-07
1.63621e-07
1.03024e-06
1.00067e-06
1.39602e-09
1.00088e-06
1.8583e-09
1.0022e-06
5.37559e-09
1.00312e-06
4.13565e-09
1.00478e-06
9.22468e-09
1.00604e-06
6.18357e-09
1.00762e-06
1.2184e-08
1.00917e-06
8.71411e-09
1.01054e-06
1.49067e-08
1.01214e-06
1.1068e-08
1.01379e-06
1.91532e-08
1.01474e-06
1.30156e-08
1.01701e-06
2.46894e-08
1.01722e-06
1.66731e-08
1.01943e-06
2.89018e-08
1.01995e-06
2.38864e-08
1.02134e-06
3.41416e-08
1.02203e-06
3.15284e-08
1.02355e-06
4.3974e-08
1.02339e-06
3.97191e-08
1.02541e-06
5.5681e-08
1.0256e-06
5.40609e-08
1.02685e-06
6.92113e-08
1.02828e-06
7.17743e-08
1.02989e-06
9.02916e-08
1.03178e-06
9.22063e-08
1.03542e-06
1.15748e-07
1.03922e-06
1.21498e-07
1.04575e-06
1.48449e-07
1.56905e-07
1.05247e-06
1.00056e-06
8.40181e-10
1.00069e-06
1.71934e-09
1.002e-06
4.07356e-09
1.00264e-06
3.48888e-09
1.0045e-06
7.37173e-09
1.00546e-06
5.21752e-09
1.00741e-06
1.02338e-08
1.00865e-06
7.47419e-09
1.01061e-06
1.29494e-08
1.01177e-06
9.90951e-09
1.01421e-06
1.67102e-08
1.01477e-06
1.24537e-08
1.01776e-06
2.17063e-08
1.01805e-06
1.63788e-08
1.02076e-06
2.6194e-08
1.02155e-06
2.30914e-08
1.0238e-06
3.18973e-08
1.02465e-06
3.06793e-08
1.02724e-06
4.13762e-08
1.02767e-06
3.92971e-08
1.0307e-06
5.26474e-08
1.03176e-06
5.30027e-08
1.03458e-06
6.6393e-08
1.03659e-06
6.97568e-08
1.04068e-06
8.62089e-08
1.04313e-06
8.97577e-08
1.04921e-06
1.09659e-07
1.05417e-06
1.1654e-07
1.06298e-06
1.39645e-07
1.49216e-07
1.07066e-06
1.0004e-06
4.39226e-10
1.00073e-06
1.38844e-09
1.00176e-06
3.04409e-09
1.0026e-06
2.64964e-09
1.00425e-06
5.71738e-09
1.00534e-06
4.13557e-09
1.00735e-06
8.21577e-09
1.00859e-06
6.23721e-09
1.0108e-06
1.07405e-08
1.01204e-06
8.67398e-09
1.01464e-06
1.41112e-08
1.01557e-06
1.15159e-08
1.01861e-06
1.86666e-08
1.01946e-06
1.55316e-08
1.02237e-06
2.32867e-08
1.02374e-06
2.17226e-08
1.02634e-06
2.92921e-08
1.02794e-06
2.90843e-08
1.03099e-06
3.8327e-08
1.03237e-06
3.79168e-08
1.03596e-06
4.90571e-08
1.03819e-06
5.07659e-08
1.04185e-06
6.27335e-08
1.04522e-06
6.63932e-08
1.05018e-06
8.12466e-08
1.05447e-06
8.54673e-08
1.06147e-06
1.02655e-07
1.06815e-06
1.09861e-07
1.07817e-06
1.29627e-07
1.39114e-07
1.08827e-06
1.00035e-06
8.89065e-11
1.00068e-06
1.06235e-09
1.00174e-06
1.97865e-09
1.00253e-06
1.85835e-09
1.00427e-06
3.98269e-09
1.00536e-06
3.03893e-09
1.00752e-06
6.05667e-09
1.00882e-06
4.94014e-09
1.01126e-06
8.30252e-09
1.01259e-06
7.34621e-09
1.01543e-06
1.12705e-08
1.01665e-06
1.02914e-08
1.01984e-06
1.54812e-08
1.02119e-06
1.41815e-08
1.02433e-06
2.01432e-08
1.02615e-06
1.99078e-08
1.02932e-06
2.61193e-08
1.03137e-06
2.70357e-08
1.03504e-06
3.46521e-08
1.0372e-06
3.57626e-08
1.04146e-06
4.47951e-08
1.04453e-06
4.76897e-08
1.04929e-06
5.79753e-08
1.05338e-06
6.23084e-08
1.05968e-06
7.49415e-08
1.065e-06
8.01478e-08
1.0732e-06
9.44606e-08
1.08096e-06
1.02099e-07
1.09212e-06
1.18466e-07
1.28242e-07
1.10299e-06
1.00024e-06
-1.50535e-10
1.00072e-06
5.76819e-10
1.00172e-06
9.86729e-10
1.00268e-06
8.96104e-10
1.0044e-06
2.26062e-09
1.00566e-06
1.78214e-09
1.00789e-06
3.82955e-09
1.00937e-06
3.45924e-09
1.01189e-06
5.78159e-09
1.01354e-06
5.69816e-09
1.01637e-06
8.43865e-09
1.01813e-06
8.53285e-09
1.02128e-06
1.2331e-08
1.02322e-06
1.22356e-08
1.02651e-06
1.68567e-08
1.02888e-06
1.75393e-08
1.03238e-06
2.26152e-08
1.03507e-06
2.43451e-08
1.03913e-06
3.05891e-08
1.04215e-06
3.27511e-08
1.04683e-06
4.01097e-08
1.05085e-06
4.36663e-08
1.05628e-06
5.25482e-08
1.06139e-06
5.72011e-08
1.06841e-06
6.79214e-08
1.07491e-06
7.36465e-08
1.08379e-06
8.55773e-08
1.09268e-06
9.32128e-08
1.10436e-06
1.06784e-07
1.16059e-07
1.11655e-06
1.00023e-06
-3.79179e-10
1.00076e-06
4.20116e-11
1.00183e-06
-8.46619e-11
1.0029e-06
-1.68645e-10
1.00469e-06
4.71837e-10
1.00614e-06
3.31903e-10
1.00841e-06
1.55646e-09
1.01015e-06
1.72452e-09
1.01273e-06
3.19419e-09
1.01469e-06
3.74284e-09
1.01759e-06
5.5421e-09
1.01978e-06
6.33434e-09
1.023e-06
9.11914e-09
1.02545e-06
9.78256e-09
1.02893e-06
1.33804e-08
1.03177e-06
1.46974e-08
1.03564e-06
1.87466e-08
1.03888e-06
2.1103e-08
1.04333e-06
2.61345e-08
1.04709e-06
2.89913e-08
1.05222e-06
3.4978e-08
1.057e-06
3.88928e-08
1.06312e-06
4.64241e-08
1.069e-06
5.13182e-08
1.0767e-06
6.02243e-08
1.08411e-06
6.62414e-08
1.09359e-06
7.60957e-08
1.1033e-06
8.35023e-08
1.11547e-06
9.46127e-08
1.034e-07
1.12813e-06
1.00022e-06
-5.99467e-10
1.00089e-06
-6.31562e-10
1.00205e-06
-1.23754e-09
1.00333e-06
-1.45258e-09
1.00521e-06
-1.40717e-09
1.0069e-06
-1.35509e-09
1.00923e-06
-7.77073e-10
1.01123e-06
-2.74606e-10
1.01384e-06
5.82095e-10
1.01616e-06
1.4208e-09
1.01908e-06
2.62626e-09
1.02172e-06
3.69265e-09
1.02501e-06
5.82949e-09
1.0279e-06
6.89183e-09
1.03157e-06
9.71244e-09
1.03488e-06
1.13879e-08
1.03901e-06
1.46141e-08
1.04284e-06
1.72782e-08
1.04758e-06
2.13861e-08
1.05206e-06
2.45193e-08
1.05754e-06
2.94933e-08
1.06301e-06
3.34276e-08
1.06962e-06
3.98065e-08
1.07628e-06
4.46628e-08
1.08444e-06
5.20598e-08
1.09264e-06
5.80466e-08
1.10253e-06
6.62061e-08
1.11292e-06
7.31081e-08
1.12529e-06
8.2249e-08
9.00958e-08
1.13859e-06
1.00023e-06
-8.31678e-10
1.00102e-06
-1.42417e-09
1.00232e-06
-2.53048e-09
1.00384e-06
-2.97074e-09
1.00583e-06
-3.4051e-09
1.00778e-06
-3.2989e-09
1.01019e-06
-3.18843e-09
1.01248e-06
-2.56815e-09
1.01519e-06
-2.12914e-09
1.01782e-06
-1.2079e-09
1.02088e-06
-4.2804e-10
1.02387e-06
6.95586e-10
1.02733e-06
2.37433e-09
1.03059e-06
3.6293e-09
1.03448e-06
5.82351e-09
1.03821e-06
7.66146e-09
1.04261e-06
1.0208e-08
1.04693e-06
1.2957e-08
1.05198e-06
1.6337e-08
1.05705e-06
1.94536e-08
1.0629e-06
2.36391e-08
1.06892e-06
2.74099e-08
1.076e-06
3.27228e-08
1.08326e-06
3.74065e-08
1.09179e-06
4.35354e-08
1.1006e-06
4.9228e-08
1.11082e-06
5.59854e-08
1.12176e-06
6.21739e-08
1.13438e-06
6.96261e-08
7.67932e-08
1.14768e-06
1.00035e-06
-1.18595e-09
1.00139e-06
-2.46471e-09
1.00297e-06
-4.1031e-09
1.0048e-06
-4.80829e-09
1.00698e-06
-5.5812e-09
1.00919e-06
-5.50983e-09
1.0117e-06
-5.69697e-09
1.01424e-06
-5.10703e-09
1.01705e-06
-4.9441e-09
1.01997e-06
-4.12349e-09
1.02313e-06
-3.59086e-09
1.02641e-06
-2.57855e-09
1.03003e-06
-1.25049e-09
1.03357e-06
8.81995e-11
1.03766e-06
1.73558e-09
1.04178e-06
3.54689e-09
1.0464e-06
5.58526e-09
1.05117e-06
8.18763e-09
1.05649e-06
1.10119e-08
1.06204e-06
1.3902e-08
1.06822e-06
1.74648e-08
1.07471e-06
2.09187e-08
1.08215e-06
2.52792e-08
1.08994e-06
2.96195e-08
1.09877e-06
3.47105e-08
1.10809e-06
3.99022e-08
1.11856e-06
4.5516e-08
1.12976e-06
5.09717e-08
1.14235e-06
5.70345e-08
6.29723e-08
1.15618e-06
1.00042e-06
-1.60732e-09
1.00183e-06
-3.86928e-09
1.0038e-06
-6.07428e-09
1.00602e-06
-7.03369e-09
1.00841e-06
-7.9717e-09
1.01088e-06
-7.97904e-09
1.01353e-06
-8.3404e-09
1.0163e-06
-7.88633e-09
1.01931e-06
-7.94431e-09
1.0225e-06
-7.31731e-09
1.02587e-06
-6.95961e-09
1.0294e-06
-6.10885e-09
1.03321e-06
-5.05815e-09
1.0371e-06
-3.8029e-09
1.04141e-06
-2.57385e-09
1.04588e-06
-9.222e-10
1.05073e-06
7.30718e-10
1.05584e-06
3.0747e-09
1.06144e-06
5.41577e-09
1.0674e-06
7.94314e-09
1.07392e-06
1.09455e-08
1.08081e-06
1.40229e-08
1.08855e-06
1.75392e-08
1.0967e-06
2.14772e-08
1.10571e-06
2.56943e-08
1.11539e-06
3.02243e-08
1.12614e-06
3.47626e-08
1.13772e-06
3.93945e-08
1.1504e-06
4.4356e-08
4.96071e-08
1.16376e-06
1.00085e-06
-2.46198e-09
1.00287e-06
-5.88962e-09
1.0053e-06
-8.49981e-09
1.00787e-06
-9.60299e-09
1.01045e-06
-1.05503e-08
1.01315e-06
-1.06811e-08
1.01597e-06
-1.11629e-08
1.01901e-06
-1.09232e-08
1.02225e-06
-1.11813e-08
1.02569e-06
-1.07593e-08
1.02922e-06
-1.04926e-08
1.03295e-06
-9.83949e-09
1.03691e-06
-9.01123e-09
1.04102e-06
-7.91795e-09
1.04551e-06
-7.06613e-09
1.05022e-06
-5.63125e-09
1.05522e-06
-4.2638e-09
1.06061e-06
-2.3225e-09
1.06642e-06
-3.92029e-10
1.07267e-06
1.69466e-09
1.07944e-06
4.1731e-09
1.08667e-06
6.79326e-09
1.09463e-06
9.57839e-09
1.10308e-06
1.30319e-08
1.11228e-06
1.64974e-08
1.12222e-06
2.02817e-08
1.13308e-06
2.39005e-08
1.14475e-06
2.77261e-08
1.15755e-06
3.15569e-08
3.56933e-08
1.17146e-06
1.00179e-06
-4.24985e-09
1.00524e-06
-9.33792e-09
1.00848e-06
-1.17435e-08
1.01145e-06
-1.2571e-08
1.01422e-06
-1.33249e-08
1.01724e-06
-1.36957e-08
1.02029e-06
-1.42189e-08
1.02355e-06
-1.41757e-08
1.02685e-06
-1.44826e-08
1.03027e-06
-1.41793e-08
1.03368e-06
-1.39019e-08
1.03724e-06
-1.34023e-08
1.04098e-06
-1.27495e-08
1.04498e-06
-1.19249e-08
1.04929e-06
-1.13736e-08
1.05383e-06
-1.01731e-08
1.05858e-06
-9.01526e-09
1.06377e-06
-7.50513e-09
1.06948e-06
-6.10306e-09
1.0756e-06
-4.42772e-09
1.08227e-06
-2.4995e-09
1.08943e-06
-3.63127e-10
1.09719e-06
1.81748e-09
1.10553e-06
4.69065e-09
1.1147e-06
7.32855e-09
1.12478e-06
1.02067e-08
1.13584e-06
1.28401e-08
1.14768e-06
1.58773e-08
1.1604e-06
1.88435e-08
2.22357e-08
1.17386e-06
1.00299e-06
-7.24043e-09
1.00683e-06
-1.3182e-08
1.00969e-06
-1.46003e-08
1.01187e-06
-1.4748e-08
1.01373e-06
-1.51824e-08
1.01553e-06
-1.54986e-08
1.017e-06
-1.56934e-08
1.01846e-06
-1.56364e-08
1.01962e-06
-1.56353e-08
1.02059e-06
-1.51558e-08
1.02143e-06
-1.47392e-08
1.02235e-06
-1.43224e-08
1.02339e-06
-1.37934e-08
1.02459e-06
-1.31253e-08
1.0258e-06
-1.2576e-08
1.02732e-06
-1.1692e-08
1.02922e-06
-1.09141e-08
1.03166e-06
-9.95232e-09
1.03446e-06
-8.90115e-09
1.03762e-06
-7.58855e-09
1.04149e-06
-6.36854e-09
1.04623e-06
-5.09886e-09
1.05185e-06
-3.80942e-09
1.0585e-06
-1.95227e-09
1.06595e-06
-1.23246e-10
1.07444e-06
1.71928e-09
1.08394e-06
3.33378e-09
1.09482e-06
4.99696e-09
1.10715e-06
6.51639e-09
8.17893e-09
1.12121e-06
9.9276e-07
9.79578e-07
9.64977e-07
9.50229e-07
9.35047e-07
9.19548e-07
9.03855e-07
8.88219e-07
8.72583e-07
8.57427e-07
8.42688e-07
8.28366e-07
8.14572e-07
8.01447e-07
7.88871e-07
7.77179e-07
7.66265e-07
7.56313e-07
7.47412e-07
7.39823e-07
7.33455e-07
7.28356e-07
7.24546e-07
7.22594e-07
7.22471e-07
7.2419e-07
7.27524e-07
7.32521e-07
7.39037e-07
7.47216e-07
2.44833e-07
-1.1798e-07
3.39855e-07
-9.50223e-08
4.2919e-07
-8.9335e-08
4.91653e-07
-6.24622e-08
5.49656e-07
-5.80038e-08
6.01901e-07
-5.22446e-08
6.48344e-07
-4.64429e-08
7.03585e-07
-5.52407e-08
7.66471e-07
-6.28862e-08
-1.17488e-07
8.83959e-07
6.81372e-07
-1.73317e-07
7.3758e-07
-1.5123e-07
7.81163e-07
-1.32918e-07
8.14083e-07
-9.53826e-08
8.43426e-07
-8.73469e-08
8.83045e-07
-9.18634e-08
9.27611e-07
-9.1009e-08
9.44625e-07
-7.22543e-08
1.00177e-06
-1.20027e-07
-1.4781e-07
1.03209e-06
8.7939e-07
-1.80264e-07
8.91459e-07
-1.63299e-07
8.99834e-07
-1.41293e-07
9.27097e-07
-1.22645e-07
9.29424e-07
-8.9674e-08
9.55372e-07
-1.17811e-07
9.76245e-07
-1.11883e-07
1.01e-06
-1.06005e-07
1.01119e-06
-1.21217e-07
-1.85805e-07
1.04918e-06
9.58841e-07
-1.7799e-07
9.58053e-07
-1.6251e-07
9.58789e-07
-1.42029e-07
9.71115e-07
-1.34971e-07
9.8489e-07
-1.03449e-07
9.88044e-07
-1.20965e-07
1.00363e-06
-1.27464e-07
1.02943e-06
-1.31805e-07
1.03846e-06
-1.30256e-07
-1.90569e-07
1.04323e-06
9.96189e-07
-1.69893e-07
9.96983e-07
-1.63304e-07
9.90774e-07
-1.3582e-07
9.96106e-07
-1.40303e-07
1.00442e-06
-1.11759e-07
1.01123e-06
-1.2778e-07
1.0131e-06
-1.29335e-07
1.0306e-06
-1.49304e-07
1.04163e-06
-1.41286e-07
-1.9806e-07
1.04912e-06
1.02358e-06
-1.63234e-07
1.01682e-06
-1.56539e-07
1.01563e-06
-1.34631e-07
1.01686e-06
-1.41536e-07
1.02464e-06
-1.19537e-07
1.0279e-06
-1.31042e-07
1.03097e-06
-1.32403e-07
1.0382e-06
-1.56529e-07
1.04507e-06
-1.48164e-07
-1.9547e-07
1.04248e-06
1.04373e-06
-1.54493e-07
1.03969e-06
-1.52502e-07
1.03676e-06
-1.31699e-07
1.03406e-06
-1.38839e-07
1.0361e-06
-1.21572e-07
1.03888e-06
-1.33828e-07
1.03905e-06
-1.32568e-07
1.0415e-06
-1.58982e-07
1.04626e-06
-1.52919e-07
-1.92995e-07
1.04378e-06
1.06358e-06
-1.47413e-07
1.05617e-06
-1.45084e-07
1.05297e-06
-1.28504e-07
1.04912e-06
-1.34984e-07
1.04983e-06
-1.22282e-07
1.04945e-06
-1.33452e-07
1.04883e-06
-1.31943e-07
1.04522e-06
-1.55372e-07
1.046e-06
-1.53698e-07
-1.8863e-07
1.04163e-06
1.07966e-06
-1.38798e-07
1.07226e-06
-1.37683e-07
1.06758e-06
-1.23827e-07
1.06221e-06
-1.29616e-07
1.05956e-06
-1.19628e-07
1.05678e-06
-1.30679e-07
1.05358e-06
-1.28739e-07
1.04818e-06
-1.49975e-07
1.04635e-06
-1.51864e-07
-1.816e-07
1.03932e-06
1.09433e-06
-1.30132e-07
1.08561e-06
-1.28967e-07
1.07949e-06
-1.17706e-07
1.07282e-06
-1.22948e-07
1.06862e-06
-1.15421e-07
1.06306e-06
-1.25124e-07
1.05836e-06
-1.24042e-07
1.05092e-06
-1.42527e-07
1.04535e-06
-1.46295e-07
-1.71556e-07
1.0353e-06
1.10684e-06
-1.20429e-07
1.09743e-06
-1.19557e-07
1.0901e-06
-1.10376e-07
1.08198e-06
-1.14825e-07
1.07558e-06
-1.09027e-07
1.06836e-06
-1.17898e-07
1.0617e-06
-1.17382e-07
1.05209e-06
-1.32918e-07
1.0438e-06
-1.38002e-07
-1.60285e-07
1.03253e-06
1.11782e-06
-1.10119e-07
1.10748e-06
-1.09213e-07
1.09887e-06
-1.01766e-07
1.08949e-06
-1.05444e-07
1.08162e-06
-1.01158e-07
1.07234e-06
-1.08618e-07
1.06389e-06
-1.0894e-07
1.05319e-06
-1.22217e-07
1.04282e-06
-1.2763e-07
-1.46699e-07
1.02924e-06
1.12749e-06
-9.90139e-08
1.1164e-06
-9.81255e-08
1.10666e-06
-9.20241e-08
1.0961e-06
-9.48928e-08
1.08671e-06
-9.17598e-08
1.07609e-06
-9.80051e-08
1.06586e-06
-9.87102e-08
1.05359e-06
-1.09941e-07
1.04135e-06
-1.15398e-07
-1.31829e-07
1.02648e-06
1.1359e-06
-8.72347e-08
1.12401e-06
-8.62288e-08
1.11323e-06
-8.12458e-08
1.10166e-06
-8.33218e-08
1.09089e-06
-8.09868e-08
1.07895e-06
-8.60689e-08
1.0674e-06
-8.71555e-08
1.05403e-06
-9.65745e-08
1.0403e-06
-1.0167e-07
-1.1561e-07
1.02408e-06
1.14368e-06
-7.47392e-08
1.13112e-06
-7.36696e-08
1.11943e-06
-6.95522e-08
1.10696e-06
-7.08522e-08
1.09505e-06
-6.9078e-08
1.08204e-06
-7.30593e-08
1.06909e-06
-7.42021e-08
1.05448e-06
-8.19674e-08
1.03949e-06
-8.66814e-08
-9.82668e-08
1.02215e-06
1.15067e-06
-6.16489e-08
1.13735e-06
-6.03416e-08
1.12475e-06
-5.6954e-08
1.11142e-06
-5.75295e-08
1.0985e-06
-5.61548e-08
1.08454e-06
-5.91011e-08
1.07062e-06
-6.0278e-08
1.0551e-06
-6.64479e-08
1.03905e-06
-7.0627e-08
-8.00074e-08
1.02079e-06
1.15752e-06
-4.77108e-08
1.14343e-06
-4.6247e-08
1.12997e-06
-4.3491e-08
1.11573e-06
-4.32948e-08
1.10176e-06
-4.21823e-08
1.08669e-06
-4.40347e-08
1.07153e-06
-4.51178e-08
1.05478e-06
-4.96921e-08
1.03751e-06
-5.33578e-08
-6.05352e-08
1.01803e-06
1.15827e-06
-3.21274e-08
1.14251e-06
-3.048e-08
1.12741e-06
-2.83951e-08
1.11171e-06
-2.75995e-08
1.09634e-06
-2.68121e-08
1.07997e-06
-2.76595e-08
1.06349e-06
-2.86428e-08
1.04541e-06
-3.16095e-08
1.02666e-06
-3.46102e-08
-3.95257e-08
1.00565e-06
1.10288e-06
-1.38004e-08
1.08513e-06
-1.27338e-08
1.06815e-06
-1.14165e-08
1.05105e-06
-1.04918e-08
1.0342e-06
-9.96136e-09
1.01674e-06
-1.02042e-08
9.9905e-07
-1.09532e-08
9.79977e-07
-1.25362e-08
9.59912e-07
-1.45451e-08
-1.7139e-08
9.37525e-07
7.33416e-07
7.20682e-07
7.09265e-07
6.98774e-07
6.88812e-07
6.78608e-07
6.67655e-07
6.55119e-07
6.40574e-07
6.23435e-07
1.16243e-07
-1.16243e-07
1.23798e-07
-7.55442e-09
1.05354e-07
1.84436e-08
7.06941e-08
3.46602e-08
-1.31192e-07
2.01886e-07
-4.27898e-07
2.96706e-07
-6.79482e-07
2.51584e-07
-8.54781e-07
1.75299e-07
-9.47211e-07
9.24301e-08
-9.71941e-07
2.47306e-08
-9.41426e-07
-3.0515e-08
-8.76681e-07
-6.47451e-08
-7.8686e-07
-8.98216e-08
-6.8317e-07
-1.0369e-07
-5.65072e-07
-1.18098e-07
-4.38878e-07
-1.26194e-07
-3.03255e-07
-1.35623e-07
-1.58389e-07
-1.44866e-07
-2.26288e-08
-1.3576e-07
1.03248e-07
-1.25877e-07
2.08769e-07
-1.0552e-07
2.91992e-07
-8.32233e-08
3.5336e-07
-6.13682e-08
3.96329e-07
-4.29692e-08
4.24968e-07
-2.86388e-08
4.43075e-07
-1.81068e-08
4.52925e-07
-9.85009e-09
4.55756e-07
-2.83102e-09
4.51775e-07
3.98068e-09
4.41357e-07
1.04181e-08
4.25113e-07
1.62443e-08
4.05112e-07
2.00014e-08
3.83466e-07
2.1646e-08
3.62749e-07
2.07164e-08
3.44296e-07
1.84531e-08
3.2934e-07
1.49565e-08
3.17426e-07
1.19133e-08
3.08818e-07
8.60846e-09
3.02045e-07
6.77239e-09
4.54655e-09
8.8482e-08
-2.04726e-07
1.38433e-07
-5.75054e-08
7.18402e-08
8.50364e-08
-1.57868e-07
2.64368e-07
-4.24018e-07
4.68036e-07
-6.33812e-07
5.065e-07
-7.91024e-07
4.08796e-07
-8.96687e-07
2.80962e-07
-9.42754e-07
1.38497e-07
-9.35685e-07
1.76621e-08
-8.82716e-07
-8.34846e-08
-8.0169e-07
-1.45771e-07
-7.01462e-07
-1.90049e-07
-5.93751e-07
-2.11401e-07
-4.74162e-07
-2.37687e-07
-3.45176e-07
-2.5518e-07
-2.07237e-07
-2.73563e-07
-6.56017e-08
-2.86501e-07
7.29633e-08
-2.74325e-07
2.01033e-07
-2.53946e-07
3.11943e-07
-2.16431e-07
4.03128e-07
-1.74408e-07
4.74508e-07
-1.32748e-07
5.28649e-07
-9.71099e-08
5.69466e-07
-6.94562e-08
6.0105e-07
-4.9691e-08
6.25743e-07
-3.45434e-08
6.45474e-07
-2.25614e-08
6.61098e-07
-1.16433e-08
6.73396e-07
-1.87975e-09
6.81569e-07
8.07131e-09
6.85353e-07
1.62174e-08
6.84147e-07
2.28516e-08
6.78962e-07
2.59012e-08
6.71075e-07
2.63402e-08
6.62504e-07
2.35273e-08
6.54302e-07
2.0116e-08
6.47605e-07
1.53047e-08
6.41929e-07
1.24489e-08
8.51643e-09
-1.77479e-09
-2.02951e-07
-7.42205e-08
1.49403e-08
-1.54599e-07
1.65415e-07
-3.06836e-07
4.16605e-07
-4.43164e-07
6.04364e-07
-5.53393e-07
6.16729e-07
-6.42628e-07
4.98031e-07
-7.03059e-07
3.41392e-07
-7.24707e-07
1.60146e-07
-7.0285e-07
-4.19513e-09
-6.44027e-07
-1.42307e-07
-5.63463e-07
-2.26335e-07
-4.68948e-07
-2.84564e-07
-3.68457e-07
-3.11892e-07
-2.65439e-07
-3.40705e-07
-1.51554e-07
-3.69064e-07
-3.29613e-08
-3.92156e-07
8.35273e-08
-4.0299e-07
2.00277e-07
-3.91075e-07
3.05726e-07
-3.59395e-07
3.96424e-07
-3.07129e-07
4.70911e-07
-2.48896e-07
5.30179e-07
-1.92017e-07
5.75297e-07
-1.42228e-07
6.09181e-07
-1.0334e-07
6.36307e-07
-7.68164e-08
6.59149e-07
-5.73854e-08
6.78487e-07
-4.18999e-08
6.94782e-07
-2.79386e-08
7.09549e-07
-1.6646e-08
7.2406e-07
-6.43968e-09
7.37928e-07
2.34884e-09
7.49762e-07
1.10182e-08
7.57779e-07
1.78836e-08
7.6151e-07
2.26094e-08
7.61357e-07
2.36805e-08
7.5867e-07
2.28028e-08
7.55198e-07
1.87764e-08
7.51375e-07
1.62726e-08
1.07834e-08
-6.59073e-09
-1.9636e-07
-8.30169e-08
9.13664e-08
-1.47162e-07
2.29561e-07
-2.64586e-07
5.34028e-07
-3.50932e-07
6.90711e-07
-3.9795e-07
6.63747e-07
-4.34596e-07
5.34677e-07
-4.65119e-07
3.71916e-07
-4.74434e-07
1.69461e-07
-4.52191e-07
-2.64376e-08
-3.97597e-07
-1.96902e-07
-3.20525e-07
-3.03407e-07
-2.36268e-07
-3.68821e-07
-1.44511e-07
-4.03649e-07
-4.62102e-08
-4.39006e-07
5.62684e-08
-4.71543e-07
1.59196e-07
-4.95084e-07
2.56904e-07
-5.00697e-07
3.47069e-07
-4.81241e-07
4.27018e-07
-4.39344e-07
4.9407e-07
-3.7418e-07
5.45604e-07
-3.0043e-07
5.86254e-07
-2.32666e-07
6.18577e-07
-1.74551e-07
6.42507e-07
-1.27271e-07
6.60956e-07
-9.52648e-08
6.78122e-07
-7.45522e-08
6.95001e-07
-5.87781e-08
7.09478e-07
-4.24164e-08
7.2035e-07
-2.75172e-08
7.29181e-07
-1.5271e-08
7.38392e-07
-6.86235e-09
7.49319e-07
9.07956e-11
7.60767e-07
6.43634e-09
7.70952e-07
1.24242e-08
7.78407e-07
1.62257e-08
7.82084e-07
1.91259e-08
7.83281e-07
1.75793e-08
7.81828e-07
1.77256e-08
1.25829e-08
-1.59785e-08
-1.80382e-07
-1.39504e-07
2.14892e-07
-1.54367e-07
2.44423e-07
-1.49473e-07
5.29135e-07
-1.38815e-07
6.80052e-07
-1.37663e-07
6.62595e-07
-1.55778e-07
5.52792e-07
-1.71856e-07
3.87993e-07
-1.70505e-07
1.6811e-07
-1.47668e-07
-4.92748e-08
-1.04101e-07
-2.4047e-07
-4.50608e-08
-3.62447e-07
2.05786e-08
-4.3446e-07
9.51874e-08
-4.78257e-07
1.76861e-07
-5.2068e-07
2.64357e-07
-5.59039e-07
3.53164e-07
-5.83891e-07
4.33652e-07
-5.81185e-07
4.9478e-07
-5.42369e-07
5.39395e-07
-4.83959e-07
5.78393e-07
-4.13177e-07
6.07906e-07
-3.29944e-07
6.27791e-07
-2.52551e-07
6.45175e-07
-1.91935e-07
6.60858e-07
-1.42953e-07
6.72221e-07
-1.06628e-07
6.81569e-07
-8.39006e-08
6.93446e-07
-7.0655e-08
7.07852e-07
-5.68221e-08
7.20498e-07
-4.01629e-08
7.28126e-07
-2.28992e-08
7.31564e-07
-1.03002e-08
7.34277e-07
-2.62281e-09
7.39201e-07
1.51271e-09
7.46794e-07
4.83057e-09
7.55958e-07
7.06215e-09
7.64906e-07
1.01775e-08
7.72196e-07
1.02896e-08
7.77815e-07
1.21067e-08
9.81424e-09
-1.12497e-07
-6.7885e-08
-1.10638e-07
2.13033e-07
-2.8288e-08
1.62073e-07
-4.7353e-09
5.05582e-07
3.03288e-08
6.44988e-07
7.13929e-08
6.21531e-07
1.00307e-07
5.23878e-07
1.26363e-07
3.61937e-07
1.51718e-07
1.42754e-07
1.84962e-07
-8.25187e-08
2.19374e-07
-2.74881e-07
2.53736e-07
-3.9681e-07
2.92924e-07
-4.73648e-07
3.4403e-07
-5.29363e-07
4.05911e-07
-5.82561e-07
4.74626e-07
-6.27754e-07
5.37271e-07
-6.46536e-07
5.91879e-07
-6.35793e-07
6.31215e-07
-5.81705e-07
6.43909e-07
-4.96653e-07
6.46378e-07
-4.15646e-07
6.52804e-07
-3.3637e-07
6.57616e-07
-2.57362e-07
6.61202e-07
-1.95521e-07
6.69142e-07
-1.50893e-07
6.79014e-07
-1.165e-07
6.8587e-07
-9.0756e-08
6.91237e-07
-7.60222e-08
6.997e-07
-6.52848e-08
7.11607e-07
-5.20704e-08
7.22243e-07
-3.35346e-08
7.2734e-07
-1.53972e-08
7.27093e-07
-2.37664e-09
7.24805e-07
3.80153e-09
7.2475e-07
4.88478e-09
7.28023e-07
3.78968e-09
7.35815e-07
2.38513e-09
7.44436e-07
1.66928e-09
7.5525e-07
1.29209e-09
1.64686e-09
-2.26781e-07
1.58896e-07
-9.03658e-08
7.66185e-08
1.04631e-08
6.12445e-08
2.14797e-07
3.01248e-07
3.17764e-07
5.42022e-07
3.81219e-07
5.58077e-07
4.22112e-07
4.82985e-07
4.5918e-07
3.2487e-07
4.8784e-07
1.14094e-07
5.1023e-07
-1.04909e-07
5.19858e-07
-2.84509e-07
5.23102e-07
-4.00053e-07
5.33775e-07
-4.84321e-07
5.64728e-07
-5.60316e-07
6.08194e-07
-6.26027e-07
6.52589e-07
-6.72149e-07
6.85673e-07
-6.7962e-07
6.99111e-07
-6.49231e-07
7.0509e-07
-5.87684e-07
7.0285e-07
-4.94413e-07
6.8642e-07
-3.99215e-07
6.73141e-07
-3.23092e-07
6.70841e-07
-2.55062e-07
6.72401e-07
-1.97081e-07
6.76584e-07
-1.55076e-07
6.85035e-07
-1.24951e-07
6.93815e-07
-9.95361e-08
6.98789e-07
-8.09961e-08
7.01543e-07
-6.80385e-08
7.0664e-07
-5.71674e-08
7.15137e-07
-4.20317e-08
7.2346e-07
-2.37198e-08
7.28097e-07
-7.01381e-09
7.27586e-07
4.3122e-09
7.25546e-07
6.92484e-09
7.22956e-07
6.37961e-09
7.24932e-07
4.08754e-10
7.28599e-07
-1.99769e-09
7.36669e-07
-6.77753e-09
-7.59482e-09
6.55122e-07
3.87732e-07
4.42758e-07
2.88983e-07
2.78101e-07
2.25901e-07
3.20677e-07
2.58671e-07
4.75541e-07
3.87158e-07
6.09582e-07
4.24035e-07
7.03894e-07
3.88673e-07
7.67e-07
2.61763e-07
8.01065e-07
8.00286e-08
8.09782e-07
-1.13625e-07
8.01894e-07
-2.76621e-07
7.92461e-07
-3.9062e-07
7.94144e-07
-4.86004e-07
8.14599e-07
-5.8077e-07
8.42395e-07
-6.53823e-07
8.56079e-07
-6.85832e-07
8.51827e-07
-6.75369e-07
8.26765e-07
-6.24169e-07
7.8676e-07
-5.47678e-07
7.54534e-07
-4.62188e-07
7.30663e-07
-3.75344e-07
7.11392e-07
-3.03821e-07
7.04835e-07
-2.48504e-07
7.11154e-07
-2.034e-07
7.22994e-07
-1.66917e-07
7.35923e-07
-1.3788e-07
7.47128e-07
-1.10741e-07
7.53795e-07
-8.76629e-08
7.5537e-07
-6.96135e-08
7.54933e-07
-5.67311e-08
7.5667e-07
-4.37685e-08
7.61678e-07
-2.87273e-08
7.69348e-07
-1.4684e-08
7.75817e-07
-2.1566e-09
7.81258e-07
1.48331e-09
7.83208e-07
4.42989e-09
7.84294e-07
-6.77412e-10
7.84602e-07
-2.30511e-09
7.84897e-07
-7.07335e-09
-1.07483e-08
1.01279e-06
4.07034e-07
9.49027e-07
3.52741e-07
8.32973e-07
3.41955e-07
7.38363e-07
3.53282e-07
7.33402e-07
3.92119e-07
7.93837e-07
3.63601e-07
8.74913e-07
3.07597e-07
9.42491e-07
1.94185e-07
9.81103e-07
4.14164e-08
9.9563e-07
-1.28152e-07
9.99963e-07
-2.80954e-07
1.00856e-06
-3.99214e-07
1.01998e-06
-4.97429e-07
1.02194e-06
-5.82728e-07
1.00894e-06
-6.4082e-07
9.78044e-07
-6.5494e-07
9.27902e-07
-6.25227e-07
8.70946e-07
-5.67213e-07
8.18097e-07
-4.9483e-07
7.75527e-07
-4.19618e-07
7.50244e-07
-3.5006e-07
7.37953e-07
-2.91531e-07
7.32451e-07
-2.43002e-07
7.3304e-07
-2.03989e-07
7.40888e-07
-1.74765e-07
7.54461e-07
-1.51453e-07
7.6824e-07
-1.2452e-07
7.76578e-07
-9.60005e-08
7.78538e-07
-7.1574e-08
7.77471e-07
-5.56634e-08
7.77323e-07
-4.36206e-08
7.79104e-07
-3.05087e-08
7.83044e-07
-1.86238e-08
7.8792e-07
-7.03207e-09
7.9413e-07
-4.72672e-09
8.01311e-07
-2.75165e-09
8.07493e-07
-6.85895e-09
8.12912e-07
-7.72411e-09
8.15026e-07
-9.18721e-09
-1.0731e-08
1.08347e-06
3.72748e-07
1.08072e-06
3.55485e-07
1.07149e-06
3.51189e-07
1.07219e-06
3.52579e-07
1.08801e-06
3.76304e-07
1.11535e-06
3.36255e-07
1.15664e-06
2.66311e-07
1.19272e-06
1.58108e-07
1.21656e-06
1.75731e-08
1.22668e-06
-1.38275e-07
1.22154e-06
-2.75815e-07
1.21719e-06
-3.94855e-07
1.20818e-06
-4.88425e-07
1.17415e-06
-5.48694e-07
1.10864e-06
-5.7531e-07
1.02514e-06
-5.71438e-07
9.42329e-07
-5.4242e-07
8.70113e-07
-4.94997e-07
8.18849e-07
-4.43565e-07
7.91247e-07
-3.92016e-07
7.79521e-07
-3.38334e-07
7.78156e-07
-2.90166e-07
7.83451e-07
-2.48296e-07
7.86946e-07
-2.07485e-07
7.83719e-07
-1.71537e-07
7.79856e-07
-1.47591e-07
7.81722e-07
-1.26386e-07
7.86235e-07
-1.00514e-07
7.87349e-07
-7.2688e-08
7.85577e-07
-5.38909e-08
7.86237e-07
-4.42807e-08
7.92391e-07
-3.66629e-08
8.00725e-07
-2.69582e-08
8.07049e-07
-1.33559e-08
8.08305e-07
-5.98241e-09
8.07062e-07
-1.50862e-09
8.06553e-07
-6.35052e-09
8.07459e-07
-8.62968e-09
8.12563e-07
-1.42912e-08
-1.45876e-08
1.08167e-06
3.34307e-07
1.11373e-06
3.23424e-07
1.13963e-06
3.25293e-07
1.17569e-06
3.16515e-07
1.22815e-06
3.23847e-07
1.27494e-06
2.89458e-07
1.31625e-06
2.25009e-07
1.34203e-06
1.32319e-07
1.35857e-06
1.0418e-09
1.35866e-06
-1.38368e-07
1.33117e-06
-2.48322e-07
1.29184e-06
-3.55533e-07
1.25079e-06
-4.47374e-07
1.19007e-06
-4.87969e-07
1.11122e-06
-4.96461e-07
1.02908e-06
-4.89296e-07
9.57602e-07
-4.70947e-07
9.06917e-07
-4.44312e-07
8.71173e-07
-4.07821e-07
8.45758e-07
-3.66601e-07
8.29086e-07
-3.21662e-07
8.162e-07
-2.7728e-07
8.08617e-07
-2.40713e-07
8.08989e-07
-2.07857e-07
8.08715e-07
-1.71263e-07
8.0022e-07
-1.39096e-07
7.89176e-07
-1.15343e-07
7.84121e-07
-9.54583e-08
7.83747e-07
-7.23144e-08
7.83055e-07
-5.3199e-08
7.8184e-07
-4.30656e-08
7.85191e-07
-4.00137e-08
7.95e-07
-3.67666e-08
8.06103e-07
-2.44595e-08
8.13019e-07
-1.28982e-08
8.09417e-07
2.09302e-09
8.01627e-07
1.44015e-09
7.91337e-07
1.6603e-09
7.85296e-07
-8.25092e-09
-1.69653e-08
1.08432e-06
2.99108e-07
1.11877e-06
2.88979e-07
1.15111e-06
2.92949e-07
1.18704e-06
2.80582e-07
1.24233e-06
2.68559e-07
1.29685e-06
2.34935e-07
1.34307e-06
1.78797e-07
1.37912e-06
9.6265e-08
1.39317e-06
-1.30051e-08
1.37449e-06
-1.19695e-07
1.33807e-06
-2.11895e-07
1.28649e-06
-3.03954e-07
1.22701e-06
-3.87899e-07
1.16535e-06
-4.26302e-07
1.09976e-06
-4.30879e-07
1.04148e-06
-4.31013e-07
9.91429e-07
-4.20895e-07
9.47571e-07
-4.00454e-07
9.12772e-07
-3.73022e-07
8.83668e-07
-3.37497e-07
8.59863e-07
-2.97857e-07
8.40906e-07
-2.58323e-07
8.22004e-07
-2.21811e-07
8.05669e-07
-1.91522e-07
7.97473e-07
-1.63067e-07
7.93792e-07
-1.35415e-07
7.88599e-07
-1.1015e-07
7.83862e-07
-9.0721e-08
7.84465e-07
-7.29173e-08
7.89067e-07
-5.7801e-08
7.92702e-07
-4.67012e-08
7.92366e-07
-3.96771e-08
7.92034e-07
-3.64349e-08
7.93229e-07
-2.56543e-08
7.97661e-07
-1.73301e-08
8.00429e-07
-6.75216e-10
7.99641e-07
2.22787e-09
7.96982e-07
4.31938e-09
7.89922e-07
-1.19077e-09
-1.33845e-08
1.07764e-06
2.63954e-07
1.11381e-06
2.52805e-07
1.14718e-06
2.5958e-07
1.17824e-06
2.49524e-07
1.22485e-06
2.21947e-07
1.27445e-06
1.85333e-07
1.31691e-06
1.36338e-07
1.34926e-06
6.39154e-08
1.35693e-06
-2.06701e-08
1.33376e-06
-9.65211e-08
1.29959e-06
-1.77731e-07
1.25933e-06
-2.63689e-07
1.2041e-06
-3.32669e-07
1.14806e-06
-3.70269e-07
1.09536e-06
-3.78173e-07
1.04233e-06
-3.77982e-07
9.96498e-07
-3.75066e-07
9.54985e-07
-3.58941e-07
9.15828e-07
-3.33865e-07
8.83522e-07
-3.05191e-07
8.58211e-07
-2.72547e-07
8.40922e-07
-2.41034e-07
8.30947e-07
-2.11836e-07
8.22109e-07
-1.82684e-07
8.1272e-07
-1.53678e-07
8.07096e-07
-1.29791e-07
8.06685e-07
-1.09739e-07
8.07906e-07
-9.19414e-08
8.08724e-07
-7.37355e-08
8.09756e-07
-5.88333e-08
8.11256e-07
-4.8201e-08
8.11069e-07
-3.94899e-08
8.06998e-07
-3.23641e-08
8.00935e-07
-1.95915e-08
7.95053e-07
-1.14478e-08
7.94451e-07
-7.37342e-11
7.9752e-07
-8.40592e-10
8.03613e-07
-1.77372e-09
8.1115e-07
-8.72809e-09
-1.58897e-08
1.07536e-06
2.32377e-07
1.10596e-06
2.22205e-07
1.13746e-06
2.28071e-07
1.16862e-06
2.18366e-07
1.20466e-06
1.85906e-07
1.24561e-06
1.44384e-07
1.28276e-06
9.91858e-08
1.30363e-06
4.30508e-08
1.30473e-06
-2.17679e-08
1.29333e-06
-8.51294e-08
1.27019e-06
-1.54588e-07
1.23365e-06
-2.27147e-07
1.18579e-06
-2.84808e-07
1.13675e-06
-3.21234e-07
1.09374e-06
-3.35161e-07
1.04889e-06
-3.33129e-07
1.00457e-06
-3.30748e-07
9.69474e-07
-3.23844e-07
9.38738e-07
-3.0313e-07
9.11315e-07
-2.77768e-07
8.90893e-07
-2.52125e-07
8.73807e-07
-2.23948e-07
8.58478e-07
-1.96508e-07
8.48003e-07
-1.72208e-07
8.40694e-07
-1.46369e-07
8.3257e-07
-1.21667e-07
8.25135e-07
-1.02304e-07
8.21973e-07
-8.87793e-08
8.21385e-07
-7.31475e-08
8.18909e-07
-5.63575e-08
8.12745e-07
-4.20366e-08
8.06996e-07
-3.37409e-08
8.04349e-07
-2.97169e-08
8.05769e-07
-2.10111e-08
8.08501e-07
-1.41808e-08
8.0916e-07
-7.31898e-10
8.09182e-07
-8.62541e-10
8.06572e-07
8.35392e-10
8.05955e-07
-8.11023e-09
-1.7277e-08
1.06987e-06
2.04138e-07
1.09623e-06
1.95849e-07
1.12704e-06
1.97258e-07
1.15819e-06
1.87212e-07
1.18874e-06
1.55364e-07
1.21973e-06
1.13393e-07
1.24687e-06
7.20391e-08
1.26057e-06
2.93596e-08
1.26032e-06
-2.15235e-08
1.25517e-06
-7.99818e-08
1.24029e-06
-1.39705e-07
1.20962e-06
-1.96478e-07
1.16977e-06
-2.44961e-07
1.12609e-06
-2.77552e-07
1.08549e-06
-2.94562e-07
1.05065e-06
-2.98284e-07
1.01382e-06
-2.93922e-07
9.77976e-07
-2.87999e-07
9.49038e-07
-2.74192e-07
9.22549e-07
-2.51279e-07
8.9935e-07
-2.28925e-07
8.82767e-07
-2.07365e-07
8.67956e-07
-1.81697e-07
8.52721e-07
-1.56973e-07
8.42223e-07
-1.35871e-07
8.36706e-07
-1.1615e-07
8.3055e-07
-9.61482e-08
8.21864e-07
-8.00934e-08
8.1506e-07
-6.63433e-08
8.11591e-07
-5.28887e-08
8.09173e-07
-3.96184e-08
8.04823e-07
-2.93912e-08
8.00877e-07
-2.57706e-08
8.00398e-07
-2.05319e-08
8.04337e-07
-1.81206e-08
8.10304e-07
-6.6985e-09
8.12021e-07
-2.57944e-09
8.1024e-07
2.61678e-09
8.01062e-07
1.06709e-09
-9.52766e-09
1.06362e-06
1.7983e-07
1.0881e-06
1.71371e-07
1.11659e-06
1.68773e-07
1.14641e-06
1.57391e-07
1.17303e-06
1.28742e-07
1.19561e-06
9.08099e-08
1.21482e-06
5.28283e-08
1.22673e-06
1.74563e-08
1.22802e-06
-2.28176e-08
1.2223e-06
-7.42558e-08
1.21037e-06
-1.27785e-07
1.18747e-06
-1.73576e-07
1.1549e-06
-2.12385e-07
1.11817e-06
-2.40824e-07
1.08104e-06
-2.57436e-07
1.04905e-06
-2.66296e-07
1.01993e-06
-2.64797e-07
9.87078e-07
-2.55147e-07
9.57609e-07
-2.44723e-07
9.36787e-07
-2.30457e-07
9.17145e-07
-2.09284e-07
8.97135e-07
-1.87355e-07
8.81736e-07
-1.66298e-07
8.69508e-07
-1.44745e-07
8.57669e-07
-1.24032e-07
8.48462e-07
-1.06943e-07
8.4278e-07
-9.04665e-08
8.36743e-07
-7.4056e-08
8.28825e-07
-5.8425e-08
8.22386e-07
-4.645e-08
8.20439e-07
-3.76717e-08
8.21225e-07
-3.01775e-08
8.19966e-07
-2.45113e-08
8.15894e-07
-1.64594e-08
8.09634e-07
-1.18608e-08
8.06541e-07
-3.60572e-09
8.0636e-07
-2.39858e-09
8.09484e-07
-5.06758e-10
8.14349e-07
-3.79812e-09
-9.99344e-09
1.05837e-06
1.56766e-07
1.08127e-06
1.48472e-07
1.10709e-06
1.42948e-07
1.13423e-06
1.30247e-07
1.15732e-06
1.05653e-07
1.17451e-06
7.36267e-08
1.18749e-06
3.9844e-08
1.19793e-06
7.02148e-09
1.20269e-06
-2.75797e-08
1.19696e-06
-6.85269e-08
1.18361e-06
-1.14432e-07
1.16573e-06
-1.55701e-07
1.1402e-06
-1.86857e-07
1.11011e-06
-2.10726e-07
1.07959e-06
-2.26917e-07
1.04811e-06
-2.34823e-07
1.01983e-06
-2.36517e-07
9.95486e-07
-2.30799e-07
9.70046e-07
-2.19283e-07
9.45752e-07
-2.06163e-07
9.26116e-07
-1.89648e-07
9.08198e-07
-1.69437e-07
8.91666e-07
-1.49766e-07
8.79463e-07
-1.32542e-07
8.69822e-07
-1.14391e-07
8.58808e-07
-9.59298e-08
8.47483e-07
-7.91412e-08
8.39123e-07
-6.56964e-08
8.34128e-07
-5.34295e-08
8.30014e-07
-4.23356e-08
8.25276e-07
-3.29345e-08
8.20403e-07
-2.53038e-08
8.15851e-07
-1.99599e-08
8.12574e-07
-1.31824e-08
8.09476e-07
-8.7629e-09
8.08056e-07
-2.18552e-09
8.06825e-07
-1.16699e-09
8.0643e-07
-1.12217e-10
8.05577e-07
-2.94552e-09
-7.63284e-09
1.054e-06
1.35289e-07
1.07494e-06
1.27536e-07
1.09773e-06
1.20155e-07
1.12078e-06
1.07197e-07
1.14116e-06
8.52744e-08
1.1568e-06
5.79899e-08
1.16675e-06
2.98953e-08
1.1738e-06
-3.31284e-11
1.17862e-06
-3.24001e-08
1.17621e-06
-6.612e-08
1.16381e-06
-1.02027e-07
1.14615e-06
-1.38041e-07
1.1258e-06
-1.66507e-07
1.10149e-06
-1.86418e-07
1.07573e-06
-2.01161e-07
1.04975e-06
-2.08835e-07
1.02274e-06
-2.09505e-07
9.9853e-07
-2.06593e-07
9.77703e-07
-1.98456e-07
9.56062e-07
-1.84522e-07
9.35254e-07
-1.68839e-07
9.1914e-07
-1.53324e-07
9.05308e-07
-1.35933e-07
8.90595e-07
-1.1783e-07
8.76722e-07
-1.00518e-07
8.65758e-07
-8.49657e-08
8.56845e-07
-7.02288e-08
8.48612e-07
-5.7463e-08
8.4136e-07
-4.61781e-08
8.3528e-07
-3.62554e-08
8.29702e-07
-2.73562e-08
8.23846e-07
-1.94478e-08
8.18085e-07
-1.41988e-08
8.13977e-07
-9.07438e-09
8.11808e-07
-6.59423e-09
8.121e-07
-2.47724e-09
8.12134e-07
-1.20104e-09
8.11992e-07
2.96682e-11
8.09347e-07
-3.00508e-10
-3.79608e-09
1.04896e-06
1.15561e-07
1.06877e-06
1.07726e-07
1.08945e-06
9.94789e-08
1.10953e-06
8.71165e-08
1.12666e-06
6.81463e-08
1.13991e-06
4.47334e-08
1.1499e-06
1.99097e-08
1.15559e-06
-5.71961e-09
1.15698e-06
-3.37921e-08
1.15531e-06
-6.44568e-08
1.14775e-06
-9.44595e-08
1.13202e-06
-1.22316e-07
1.11318e-06
-1.47661e-07
1.09358e-06
-1.66822e-07
1.07112e-06
-1.78697e-07
1.04828e-06
-1.86004e-07
1.02687e-06
-1.88095e-07
1.00445e-06
-1.84168e-07
9.82407e-07
-1.76414e-07
9.63675e-07
-1.65791e-07
9.46428e-07
-1.51592e-07
9.28968e-07
-1.35864e-07
9.12836e-07
-1.198e-07
8.98754e-07
-1.03747e-07
8.85981e-07
-8.77452e-08
8.74577e-07
-7.35621e-08
8.64828e-07
-6.04793e-08
8.55849e-07
-4.84843e-08
8.46795e-07
-3.71245e-08
8.38403e-07
-2.78635e-08
8.31751e-07
-2.07032e-08
8.27269e-07
-1.49658e-08
8.23411e-07
-1.03417e-08
8.19707e-07
-5.37021e-09
8.15202e-07
-2.08939e-09
8.11446e-07
1.27957e-09
8.0831e-07
1.93453e-09
8.06269e-07
2.07095e-09
8.05002e-07
9.65975e-10
-1.78716e-09
1.04511e-06
9.694e-08
1.06315e-06
8.96805e-08
1.08134e-06
8.12932e-08
1.09904e-06
6.94151e-08
1.11416e-06
5.30235e-08
1.12558e-06
3.33169e-08
1.134e-06
1.14871e-08
1.1397e-06
-1.14199e-08
1.14123e-06
-3.5326e-08
1.13781e-06
-6.10306e-08
1.13078e-06
-8.7429e-08
1.11988e-06
-1.11416e-07
1.10403e-06
-1.31814e-07
1.08587e-06
-1.48656e-07
1.06747e-06
-1.603e-07
1.04774e-06
-1.66277e-07
1.02754e-06
-1.67891e-07
1.00849e-06
-1.65125e-07
9.8965e-07
-1.5757e-07
9.70946e-07
-1.47087e-07
9.53695e-07
-1.34341e-07
9.37488e-07
-1.19657e-07
9.21701e-07
-1.04014e-07
9.07263e-07
-8.93086e-08
8.945e-07
-7.49827e-08
8.82287e-07
-6.13493e-08
8.70263e-07
-4.84553e-08
8.59498e-07
-3.77191e-08
8.50792e-07
-2.8418e-08
8.43555e-07
-2.06266e-08
8.36658e-07
-1.38063e-08
8.2984e-07
-8.14812e-09
8.23481e-07
-3.98229e-09
8.18655e-07
-5.4471e-10
8.15036e-07
1.52946e-09
8.12871e-07
3.44549e-09
8.10639e-07
4.16641e-09
8.08652e-07
4.05719e-09
8.05692e-07
3.92686e-09
1.46333e-09
1.04125e-06
7.97698e-08
1.0581e-06
7.2834e-08
1.07467e-06
6.47262e-08
1.09001e-06
5.40698e-08
1.10323e-06
3.98076e-08
1.11375e-06
2.27958e-08
1.12099e-06
4.24437e-09
1.1252e-06
-1.56337e-08
1.12685e-06
-3.69673e-08
1.12453e-06
-5.87195e-08
1.11762e-06
-8.05194e-08
1.10775e-06
-1.01546e-07
1.09546e-06
-1.19524e-07
1.08024e-06
-1.33428e-07
1.06368e-06
-1.43747e-07
1.04714e-06
-1.49733e-07
1.02974e-06
-1.50493e-07
1.01188e-06
-1.47262e-07
9.94833e-07
-1.40525e-07
9.78019e-07
-1.30273e-07
9.60935e-07
-1.17257e-07
9.44623e-07
-1.03344e-07
9.29469e-07
-8.886e-08
9.14686e-07
-7.45257e-08
9.00259e-07
-6.05554e-08
8.87111e-07
-4.82014e-08
8.75537e-07
-3.68814e-08
8.64999e-07
-2.71805e-08
8.54996e-07
-1.84157e-08
8.45904e-07
-1.15343e-08
8.37947e-07
-5.84974e-09
8.31428e-07
-1.62921e-09
8.25681e-07
1.76545e-09
8.20781e-07
4.35527e-09
8.16119e-07
6.19132e-09
8.12305e-07
7.25964e-09
8.08904e-07
7.56699e-09
8.06192e-07
6.7692e-09
8.0384e-07
6.27887e-09
3.99012e-09
1.03818e-06
6.37317e-08
1.05362e-06
5.7402e-08
1.06849e-06
4.98566e-08
1.08226e-06
4.02944e-08
1.09396e-06
2.81083e-08
1.10306e-06
1.36976e-08
1.1097e-06
-2.39548e-09
1.11356e-06
-1.94982e-08
1.11418e-06
-3.75839e-08
1.11198e-06
-5.65176e-08
1.10682e-06
-7.53638e-08
1.09811e-06
-9.28373e-08
1.08701e-06
-1.08415e-07
1.07476e-06
-1.21179e-07
1.06089e-06
-1.29876e-07
1.04572e-06
-1.34569e-07
1.03061e-06
-1.3538e-07
1.01528e-06
-1.31936e-07
9.98996e-07
-1.24238e-07
9.82415e-07
-1.13691e-07
9.66217e-07
-1.01059e-07
9.50044e-07
-8.71712e-08
9.33869e-07
-7.26855e-08
9.18376e-07
-5.9033e-08
9.03891e-07
-4.60701e-08
8.90194e-07
-3.45048e-08
8.77273e-07
-2.39597e-08
8.65441e-07
-1.53489e-08
8.54944e-07
-7.91861e-09
8.4577e-07
-2.3598e-09
8.37545e-07
2.37493e-09
8.30286e-07
5.62962e-09
8.23813e-07
8.239e-09
8.18537e-07
9.63107e-09
8.14057e-07
1.06709e-08
8.10681e-07
1.06353e-08
8.07535e-07
1.07134e-08
8.04911e-07
9.39352e-09
8.02088e-07
9.10201e-09
6.7386e-09
1.03571e-06
4.88043e-08
1.05007e-06
4.30449e-08
1.06365e-06
3.62813e-08
1.07594e-06
2.79982e-08
1.08639e-06
1.7661e-08
1.09451e-06
5.57334e-09
1.10012e-06
-8.00003e-09
1.10327e-06
-2.26512e-08
1.10388e-06
-3.81938e-08
1.10158e-06
-5.42166e-08
1.0965e-06
-7.02836e-08
1.08922e-06
-8.55604e-08
1.07978e-06
-9.89732e-08
1.06848e-06
-1.09877e-07
1.05624e-06
-1.17636e-07
1.04323e-06
-1.21556e-07
1.02909e-06
-1.21246e-07
1.01408e-06
-1.16929e-07
9.98434e-07
-1.08588e-07
9.81906e-07
-9.71637e-08
9.64711e-07
-8.38634e-08
9.47429e-07
-6.98893e-08
9.30495e-07
-5.57515e-08
9.14034e-07
-4.25725e-08
8.9832e-07
-3.03559e-08
8.83754e-07
-1.99387e-08
8.70462e-07
-1.06676e-08
8.58456e-07
-3.34298e-09
8.47613e-07
2.92431e-09
8.38134e-07
7.11962e-09
8.29891e-07
1.06173e-08
8.23007e-07
1.25143e-08
8.17028e-07
1.42182e-08
8.12136e-07
1.45223e-08
8.07847e-07
1.49607e-08
8.04449e-07
1.40331e-08
8.01509e-07
1.36529e-08
7.99153e-07
1.17499e-08
7.97063e-07
1.11917e-08
8.7987e-09
1.03223e-06
3.46093e-08
1.04567e-06
2.96011e-08
1.05811e-06
2.38465e-08
1.06919e-06
1.69191e-08
1.07847e-06
8.38132e-09
1.08563e-06
-1.59262e-09
1.09041e-06
-1.2773e-08
1.09279e-06
-2.50312e-08
1.09257e-06
-3.79814e-08
1.08984e-06
-5.14786e-08
1.08465e-06
-6.50952e-08
1.07703e-06
-7.79468e-08
1.06744e-06
-8.93797e-08
1.05638e-06
-9.8814e-08
1.04372e-06
-1.0498e-07
1.02951e-06
-1.07345e-07
1.0142e-06
-1.05938e-07
9.9756e-07
-1.00287e-07
9.79471e-07
-9.04982e-08
9.60394e-07
-7.80875e-08
9.40871e-07
-6.43397e-08
9.21278e-07
-5.02964e-08
9.02254e-07
-3.67277e-08
8.84344e-07
-2.46624e-08
8.67958e-07
-1.397e-08
8.53209e-07
-5.18947e-09
8.40105e-07
2.43656e-09
8.28607e-07
8.15488e-09
8.18855e-07
1.26761e-08
8.1069e-07
1.52849e-08
8.03903e-07
1.74036e-08
7.98382e-07
1.80356e-08
7.93886e-07
1.87147e-08
7.90479e-07
1.7929e-08
7.87838e-07
1.76015e-08
7.86057e-07
1.58142e-08
7.84647e-07
1.50627e-08
7.83664e-07
1.27327e-08
7.82729e-07
1.2127e-08
9.69072e-09
1.01989e-06
2.03776e-08
1.03295e-06
1.65377e-08
1.04468e-06
1.21132e-08
1.0548e-06
6.80394e-09
1.06275e-06
4.31193e-10
1.06845e-06
-7.29457e-09
1.07158e-06
-1.59009e-08
1.07185e-06
-2.53035e-08
1.06922e-06
-3.5349e-08
1.06355e-06
-4.58136e-08
1.05488e-06
-5.64207e-08
1.04335e-06
-6.64155e-08
1.02914e-06
-7.51717e-08
1.01257e-06
-8.22436e-08
9.93916e-07
-8.63268e-08
9.73064e-07
-8.64936e-08
9.50309e-07
-8.31838e-08
9.2599e-07
-7.59676e-08
9.00773e-07
-6.52816e-08
8.75349e-07
-5.26626e-08
8.50723e-07
-3.97144e-08
8.27731e-07
-2.73039e-08
8.06923e-07
-1.59202e-08
7.88604e-07
-6.34323e-09
7.73101e-07
1.53257e-09
7.60375e-07
7.53651e-09
7.50353e-07
1.24591e-08
7.42652e-07
1.58563e-08
7.37005e-07
1.8323e-08
7.33127e-07
1.91628e-08
7.30864e-07
1.96668e-08
7.29846e-07
1.90533e-08
7.29858e-07
1.87026e-08
7.30543e-07
1.7244e-08
7.31818e-07
1.63265e-08
7.33371e-07
1.42605e-08
7.35256e-07
1.31779e-08
7.37092e-07
1.08969e-08
7.39057e-07
1.01616e-08
8.08439e-09
9.51488e-07
6.41539e-09
9.63674e-07
4.35161e-09
9.73906e-07
1.88092e-09
9.81841e-07
-1.13132e-09
9.87025e-07
-4.75307e-09
9.88747e-07
-9.01619e-09
9.86677e-07
-1.38304e-08
9.80474e-07
-1.91011e-08
9.69867e-07
-2.47415e-08
9.54636e-07
-3.05826e-08
9.34699e-07
-3.64839e-08
9.10282e-07
-4.19988e-08
8.81755e-07
-4.6645e-08
8.49555e-07
-5.00435e-08
8.14607e-07
-5.13782e-08
7.77886e-07
-4.97732e-08
7.39904e-07
-4.52015e-08
7.01953e-07
-3.80163e-08
6.65698e-07
-2.90272e-08
6.32481e-07
-1.94451e-08
6.03332e-07
-1.05659e-08
5.79104e-07
-3.07542e-09
5.60332e-07
2.85215e-09
5.46809e-07
7.17954e-09
5.38167e-07
1.0174e-08
5.33675e-07
1.20288e-08
5.32899e-07
1.32349e-08
5.34972e-07
1.37833e-08
5.39381e-07
1.39142e-08
5.45151e-07
1.3393e-08
5.52101e-07
1.27166e-08
5.59482e-07
1.16722e-08
5.674e-07
1.07852e-08
5.75089e-07
9.55491e-09
5.82804e-07
8.6112e-09
5.89783e-07
7.28172e-09
5.96471e-07
6.48968e-09
6.02175e-07
5.19287e-09
6.0758e-07
4.7566e-09
3.65866e-09
6.2985e-07
6.34202e-07
6.36082e-07
6.34951e-07
6.30198e-07
6.21182e-07
6.07351e-07
5.8825e-07
5.63509e-07
5.32926e-07
4.96442e-07
4.54444e-07
4.07799e-07
3.57755e-07
3.06377e-07
2.56604e-07
2.11402e-07
1.73386e-07
1.44359e-07
1.24914e-07
1.14348e-07
1.11272e-07
1.14124e-07
1.21304e-07
1.31478e-07
1.43507e-07
1.56742e-07
1.70525e-07
1.84439e-07
1.97832e-07
2.10549e-07
2.22221e-07
2.33006e-07
2.42561e-07
2.51172e-07
2.58454e-07
2.64944e-07
2.70137e-07
2.74893e-07
)
;

boundaryField
{
    inlet
    {
        type            calculated;
        value           nonuniform List<scalar> 
20
(
-1e-06
-1e-06
-1e-06
-1e-06
-1e-06
-1e-06
-1e-06
-1e-06
-1e-06
-1e-06
-1e-06
-1e-06
-1e-06
-1e-06
-1e-06
-1e-06
-1e-06
-1e-06
-1e-06
-1e-06
)
;
    }
    outlet
    {
        type            calculated;
        value           nonuniform List<scalar> 
27
(
7.88051e-07
8.15008e-07
8.16419e-07
7.87674e-07
7.86341e-07
8.13656e-07
8.07342e-07
7.93313e-07
8.14815e-07
8.03217e-07
8.0551e-07
8.02993e-07
8.02441e-07
8.01313e-07
7.99339e-07
7.95003e-07
7.81837e-07
7.40664e-07
6.12006e-07
2.78552e-07
2.97499e-07
6.37959e-07
7.49108e-07
7.80028e-07
7.80584e-07
7.63418e-07
7.45911e-07
)
;
    }
    lowerWall
    {
        type            calculated;
        value           uniform 0;
    }
    upperWall
    {
        type            calculated;
        value           uniform 0;
    }
    defaultFaces
    {
        type            empty;
        value           nonuniform List<scalar> 0();
    }
}


// ************************************************************************* //
