/*--------------------------------*- C++ -*----------------------------------*\
| =========                 |                                                 |
| \\      /  F ield         | OpenFOAM: The Open Source CFD Toolbox           |
|  \\    /   O peration     | Version:  2112                                  |
|   \\  /    A nd           | Website:  www.openfoam.com                      |
|    \\/     M anipulation  |                                                 |
\*---------------------------------------------------------------------------*/
FoamFile
{
    version     2.0;
    format      ascii;
    arch        "LSB;label=32;scalar=64";
    class       volVectorField;
    location    "0.21";
    object      U;
}
// * * * * * * * * * * * * * * * * * * * * * * * * * * * * * * * * * * * * * //

dimensions      [0 1 -1 0 0 0 0];

internalField   nonuniform List<vector> 
1880
(
(0.0990294 0.000606236 0)
(0.0984381 0.0011577 0)
(0.0973477 0.00129251 0)
(0.0959098 0.0013241 0)
(0.0941625 0.00137142 0)
(0.0923546 0.00135488 0)
(0.090686 0.00137656 0)
(0.0890221 0.00143808 0)
(0.087021 0.00149769 0)
(0.0853058 0.0013705 0)
(0.0834309 0.00133183 0)
(0.0818239 0.00126707 0)
(0.0796919 0.00140862 0)
(0.0781985 0.00137345 0)
(0.0758723 0.00150704 0)
(0.0742988 0.00128161 0)
(0.0718464 0.00120715 0)
(0.0706274 0.00084716 0)
(0.0685541 0.000753515 0)
(0.0678337 0.000638122 0)
(0.0659093 0.000499396 0)
(0.0654227 0.000942423 0)
(0.0631226 0.000231002 0)
(0.0627249 0.00196492 0)
(0.0588697 -0.000367786 0)
(0.0594811 0.00391299 0)
(0.0513009 -0.000883435 0)
(0.0546387 0.00596206 0)
(0.0395275 0.00144809 0)
(0.0428855 0.00602292 0)
(0.1 0.000703378 0)
(0.100323 0.00141374 0)
(0.100632 0.00164205 0)
(0.101011 0.00173738 0)
(0.101144 0.00186742 0)
(0.10122 0.00190673 0)
(0.101167 0.00198396 0)
(0.101342 0.00204119 0)
(0.10086 0.00226521 0)
(0.101223 0.00214281 0)
(0.100507 0.0023433 0)
(0.101086 0.00203367 0)
(0.0995467 0.0024789 0)
(0.100656 0.0020702 0)
(0.0987775 0.0027766 0)
(0.100187 0.00227135 0)
(0.0977932 0.00280146 0)
(0.0991099 0.00203784 0)
(0.0965215 0.00239307 0)
(0.0975825 0.00156492 0)
(0.0950496 0.00236686 0)
(0.0952022 0.00131701 0)
(0.0938068 0.00300447 0)
(0.0911474 0.0017349 0)
(0.0926833 0.00420404 0)
(0.0855462 0.00295871 0)
(0.0894394 0.00660072 0)
(0.0795316 0.00515492 0)
(0.0816709 0.010657 0)
(0.0721083 0.0123831 0)
(0.100004 0.000250356 0)
(0.100222 0.000679982 0)
(0.100474 0.000953215 0)
(0.100883 0.00113884 0)
(0.101128 0.00129866 0)
(0.101322 0.00138643 0)
(0.101504 0.00147236 0)
(0.101797 0.00157723 0)
(0.101631 0.00176691 0)
(0.102075 0.00176299 0)
(0.101951 0.00194431 0)
(0.102517 0.00177981 0)
(0.101742 0.00222605 0)
(0.10255 0.00184333 0)
(0.101836 0.00256628 0)
(0.102634 0.00198615 0)
(0.101997 0.00262121 0)
(0.101903 0.00214114 0)
(0.101963 0.00227274 0)
(0.100392 0.00245878 0)
(0.101239 0.00240603 0)
(0.0984252 0.00271107 0)
(0.0995756 0.00377991 0)
(0.0963624 0.0031011 0)
(0.0970627 0.00584585 0)
(0.0939207 0.00531632 0)
(0.0936749 0.0076033 0)
(0.0911291 0.0102723 0)
(0.0888906 0.0120738 0)
(0.0876178 0.0148617 0)
(0.100006 0.000228856 0)
(0.100122 0.000644832 0)
(0.100235 0.00094719 0)
(0.100556 0.00115531 0)
(0.100734 0.00133925 0)
(0.1009 0.00144114 0)
(0.1011 0.00154928 0)
(0.101428 0.00161391 0)
(0.101252 0.00181951 0)
(0.101671 0.00181689 0)
(0.101605 0.00208151 0)
(0.102198 0.00188737 0)
(0.101494 0.00237626 0)
(0.102362 0.00189324 0)
(0.101581 0.00277804 0)
(0.10275 0.00197132 0)
(0.101569 0.0032503 0)
(0.102495 0.00213918 0)
(0.101393 0.00358961 0)
(0.101493 0.00247242 0)
(0.10096 0.00400528 0)
(0.0997471 0.00318507 0)
(0.100088 0.00484066 0)
(0.0978961 0.00454976 0)
(0.0983158 0.00644114 0)
(0.0964096 0.00689983 0)
(0.0957625 0.00921549 0)
(0.0944269 0.0108266 0)
(0.0942219 0.0140796 0)
(0.0913005 0.0161524 0)
(0.100006 0.000143835 0)
(0.100081 0.000422094 0)
(0.100136 0.000651519 0)
(0.100411 0.000833263 0)
(0.100547 0.00100338 0)
(0.100685 0.00112636 0)
(0.100892 0.00123632 0)
(0.101233 0.00131237 0)
(0.10105 0.00147719 0)
(0.101417 0.00153396 0)
(0.101407 0.00176276 0)
(0.101938 0.00170087 0)
(0.101426 0.00206007 0)
(0.102011 0.00183038 0)
(0.101644 0.0023734 0)
(0.102204 0.00211287 0)
(0.101783 0.00270003 0)
(0.101915 0.0026957 0)
(0.101732 0.00301694 0)
(0.10138 0.00340469 0)
(0.101209 0.00381535 0)
(0.100561 0.00390608 0)
(0.100185 0.00565938 0)
(0.0995408 0.00460084 0)
(0.0989491 0.00804448 0)
(0.098264 0.00703417 0)
(0.0976737 0.0104522 0)
(0.0970853 0.011325 0)
(0.0965232 0.0150952 0)
(0.0966213 0.0158741 0)
(0.100006 0.00012014 0)
(0.100068 0.00035914 0)
(0.100092 0.000570894 0)
(0.100338 0.000748456 0)
(0.100438 0.000917602 0)
(0.10055 0.00105436 0)
(0.100743 0.001174 0)
(0.1011 0.00125657 0)
(0.100907 0.00140446 0)
(0.10127 0.00148827 0)
(0.101249 0.00171154 0)
(0.101809 0.00170019 0)
(0.101298 0.00203507 0)
(0.101919 0.00184809 0)
(0.101522 0.00241675 0)
(0.102156 0.00210687 0)
(0.101686 0.00294119 0)
(0.101914 0.00266314 0)
(0.101832 0.00351893 0)
(0.101414 0.00352313 0)
(0.10179 0.00423264 0)
(0.100683 0.00464323 0)
(0.101233 0.00549205 0)
(0.100227 0.00602405 0)
(0.100073 0.00769875 0)
(0.10001 0.00810493 0)
(0.099162 0.0107072 0)
(0.099365 0.0117663 0)
(0.0994196 0.0146515 0)
(0.098987 0.0165769 0)
(0.100006 9.25159e-05 0)
(0.100056 0.000278119 0)
(0.100061 0.000445265 0)
(0.100286 0.000591392 0)
(0.100366 0.000731598 0)
(0.100458 0.00086336 0)
(0.100647 0.000974211 0)
(0.101007 0.0010686 0)
(0.100828 0.00118447 0)
(0.101173 0.00130334 0)
(0.101189 0.00147981 0)
(0.101708 0.00157175 0)
(0.101308 0.00179024 0)
(0.101812 0.00182125 0)
(0.101618 0.00211962 0)
(0.102051 0.00222485 0)
(0.101849 0.00258716 0)
(0.101947 0.00292936 0)
(0.102 0.00326323 0)
(0.101837 0.00377713 0)
(0.101952 0.00437419 0)
(0.101581 0.00460907 0)
(0.101673 0.00613555 0)
(0.10133 0.00580005 0)
(0.101284 0.00828525 0)
(0.101231 0.0081976 0)
(0.101013 0.0107354 0)
(0.101403 0.0116932 0)
(0.101414 0.0145916 0)
(0.101938 0.0155358 0)
(0.100006 7.21844e-05 0)
(0.100051 0.0002201 0)
(0.100047 0.000356543 0)
(0.100261 0.000481324 0)
(0.100332 0.000601914 0)
(0.100413 0.00072995 0)
(0.100601 0.000836369 0)
(0.100961 0.000941034 0)
(0.100797 0.00103931 0)
(0.101137 0.00117661 0)
(0.101177 0.00133182 0)
(0.101688 0.00147268 0)
(0.10134 0.00165869 0)
(0.101826 0.00175724 0)
(0.101712 0.00201093 0)
(0.102101 0.00218204 0)
(0.102046 0.00252281 0)
(0.102042 0.00291904 0)
(0.102383 0.0032325 0)
(0.102033 0.0039111 0)
(0.102577 0.00422443 0)
(0.102054 0.00505402 0)
(0.102465 0.00573946 0)
(0.102307 0.00639117 0)
(0.102288 0.00791427 0)
(0.102623 0.00838222 0)
(0.102625 0.0104831 0)
(0.102958 0.0115334 0)
(0.103685 0.0136378 0)
(0.104026 0.0152938 0)
(0.100006 5.38773e-05 0)
(0.100049 0.000167161 0)
(0.100042 0.000272138 0)
(0.10025 0.000371693 0)
(0.100318 0.000467518 0)
(0.100392 0.000583325 0)
(0.100587 0.000675878 0)
(0.100942 0.000783928 0)
(0.100803 0.000861106 0)
(0.10113 0.00101283 0)
(0.101214 0.00113468 0)
(0.101697 0.00133031 0)
(0.101429 0.00145439 0)
(0.101871 0.0016639 0)
(0.101861 0.00179048 0)
(0.102219 0.00213309 0)
(0.102249 0.00230351 0)
(0.102304 0.00286381 0)
(0.102637 0.00311119 0)
(0.102533 0.00376163 0)
(0.102942 0.0042874 0)
(0.102802 0.00479029 0)
(0.103125 0.00584743 0)
(0.103202 0.00617789 0)
(0.103411 0.00772394 0)
(0.103763 0.00827399 0)
(0.104037 0.00995905 0)
(0.104635 0.0110258 0)
(0.105307 0.0130075 0)
(0.106055 0.0141324 0)
(0.100006 3.63234e-05 0)
(0.100048 0.000115966 0)
(0.100042 0.000190121 0)
(0.100248 0.00026348 0)
(0.10032 0.000334748 0)
(0.100391 0.000435376 0)
(0.1006 0.000514476 0)
(0.10095 0.000620915 0)
(0.10084 0.000684132 0)
(0.101155 0.000838468 0)
(0.101286 0.000942032 0)
(0.101748 0.00116267 0)
(0.101552 0.00126513 0)
(0.101967 0.00152208 0)
(0.102048 0.00160201 0)
(0.102378 0.00200622 0)
(0.10252 0.00210716 0)
(0.102552 0.0027432 0)
(0.103018 0.00289928 0)
(0.102937 0.00367895 0)
(0.103453 0.00400818 0)
(0.103441 0.00478062 0)
(0.103801 0.0054505 0)
(0.104091 0.00613264 0)
(0.10438 0.00725564 0)
(0.104819 0.00798608 0)
(0.10541 0.00932443 0)
(0.105908 0.0104919 0)
(0.106901 0.0118816 0)
(0.10772 0.013271 0)
(0.100006 1.87676e-05 0)
(0.100049 6.42802e-05 0)
(0.100048 0.000107249 0)
(0.100255 0.000153106 0)
(0.100337 0.000198636 0)
(0.100409 0.000280656 0)
(0.100636 0.000344347 0)
(0.100983 0.000444031 0)
(0.100906 0.000493251 0)
(0.101208 0.000643221 0)
(0.101391 0.000728359 0)
(0.101833 0.000963158 0)
(0.101708 0.00104484 0)
(0.102102 0.00133599 0)
(0.102258 0.00137529 0)
(0.102595 0.00181362 0)
(0.102785 0.00187569 0)
(0.102887 0.00250327 0)
(0.103353 0.00269221 0)
(0.103427 0.00337296 0)
(0.103908 0.00381159 0)
(0.104085 0.00444227 0)
(0.104466 0.00515342 0)
(0.104873 0.00579676 0)
(0.105294 0.00674153 0)
(0.105815 0.00754372 0)
(0.106501 0.00861726 0)
(0.107179 0.00966159 0)
(0.108169 0.0109523 0)
(0.109146 0.0120168 0)
(0.100007 3.11684e-07 0)
(0.100052 1.00061e-05 0)
(0.100057 2.0844e-05 0)
(0.10027 3.86406e-05 0)
(0.100366 5.95385e-05 0)
(0.100443 0.000122726 0)
(0.100691 0.000174549 0)
(0.101038 0.000266803 0)
(0.100995 0.000306653 0)
(0.101286 0.000445904 0)
(0.101522 0.000520355 0)
(0.101948 0.000755131 0)
(0.101892 0.000831187 0)
(0.102268 0.00113262 0)
(0.102498 0.00115556 0)
(0.102837 0.00159956 0)
(0.103087 0.00163323 0)
(0.103229 0.00225561 0)
(0.103729 0.00241314 0)
(0.103897 0.00309792 0)
(0.10439 0.00346153 0)
(0.104689 0.00414635 0)
(0.105101 0.00469641 0)
(0.105602 0.00541533 0)
(0.106131 0.00615224 0)
(0.106674 0.0069788 0)
(0.10752 0.00780886 0)
(0.108216 0.00884514 0)
(0.109279 0.00979292 0)
(0.110358 0.0108586 0)
(0.100007 -2.06153e-05 0)
(0.100057 -5.25361e-05 0)
(0.100074 -7.96484e-05 0)
(0.100298 -9.58125e-05 0)
(0.100414 -0.000105923 0)
(0.100502 -6.97545e-05 0)
(0.100777 -3.60432e-05 0)
(0.101125 3.96144e-05 0)
(0.101116 6.48822e-05 0)
(0.101398 0.000182729 0)
(0.101685 0.000244492 0)
(0.102099 0.000467812 0)
(0.102105 0.000542823 0)
(0.102473 0.000836752 0)
(0.102762 0.000858261 0)
(0.103119 0.00127766 0)
(0.103403 0.00131542 0)
(0.103604 0.00188461 0)
(0.104104 0.00207037 0)
(0.10437 0.00268398 0)
(0.104856 0.00306744 0)
(0.10525 0.00370057 0)
(0.105698 0.00420086 0)
(0.106259 0.00490203 0)
(0.106855 0.00551062 0)
(0.107472 0.00629137 0)
(0.108345 0.00699442 0)
(0.10914 0.00785976 0)
(0.110214 0.00871228 0)
(0.111344 0.00956492 0)
(0.100007 -4.36605e-05 0)
(0.100062 -0.000120122 0)
(0.100093 -0.000182879 0)
(0.100331 -0.000227226 0)
(0.10047 -0.000260362 0)
(0.100573 -0.000240977 0)
(0.100877 -0.000213288 0)
(0.101229 -0.00014653 0)
(0.101253 -0.000129332 0)
(0.101533 -2.83351e-05 0)
(0.101874 3.11067e-05 0)
(0.102282 0.000241727 0)
(0.102346 0.000322645 0)
(0.102709 0.000600766 0)
(0.103057 0.000630776 0)
(0.103435 0.00101711 0)
(0.103756 0.00106047 0)
(0.104011 0.00157863 0)
(0.104516 0.00176433 0)
(0.104857 0.00232841 0)
(0.10534 0.00267623 0)
(0.105794 0.00327762 0)
(0.106274 0.00369286 0)
(0.106863 0.00436112 0)
(0.107516 0.0048478 0)
(0.108161 0.0055694 0)
(0.109072 0.006118 0)
(0.109918 0.00689796 0)
(0.110991 0.00754941 0)
(0.112167 0.00830705 0)
(0.100007 -7.74223e-05 0)
(0.100076 -0.000221591 0)
(0.100134 -0.000339951 0)
(0.1004 -0.000428823 0)
(0.100572 -0.000497934 0)
(0.100702 -0.000505124 0)
(0.101035 -0.000489287 0)
(0.101388 -0.000442136 0)
(0.101444 -0.000443344 0)
(0.101729 -0.000370684 0)
(0.102117 -0.000319777 0)
(0.102516 -0.000136062 0)
(0.102628 -5.55822e-05 0)
(0.102992 0.000192038 0)
(0.103393 0.000227126 0)
(0.103797 0.000561791 0)
(0.104145 0.000615486 0)
(0.104444 0.00107395 0)
(0.104937 0.00128134 0)
(0.105322 0.00180018 0)
(0.105792 0.00215224 0)
(0.106274 0.00271859 0)
(0.106775 0.00309869 0)
(0.107382 0.00371686 0)
(0.108062 0.00413393 0)
(0.108751 0.00476188 0)
(0.109662 0.00523042 0)
(0.110554 0.00586287 0)
(0.111634 0.0064078 0)
(0.112816 0.00701943 0)
(0.100007 -0.000105718 0)
(0.100091 -0.000300696 0)
(0.100184 -0.000447946 0)
(0.100485 -0.000553688 0)
(0.100701 -0.000635375 0)
(0.100867 -0.000650383 0)
(0.101228 -0.000636792 0)
(0.10158 -0.000610068 0)
(0.101668 -0.000627876 0)
(0.101969 -0.000575032 0)
(0.102403 -0.000523577 0)
(0.102797 -0.000364401 0)
(0.10295 -0.000285547 0)
(0.103321 -6.65458e-05 0)
(0.103774 -1.55321e-05 0)
(0.104214 0.000287396 0)
(0.104604 0.000373037 0)
(0.104957 0.000794534 0)
(0.105451 0.00101716 0)
(0.105868 0.00148364 0)
(0.106319 0.00180306 0)
(0.106796 0.00229891 0)
(0.107297 0.00260977 0)
(0.107886 0.00313744 0)
(0.108571 0.0034612 0)
(0.109267 0.00398282 0)
(0.11017 0.0043411 0)
(0.11108 0.00485622 0)
(0.112156 0.00526457 0)
(0.11333 0.00575537 0)
(0.100007 -0.000197903 0)
(0.100134 -0.00054743 0)
(0.100288 -0.000780488 0)
(0.10064 -0.00092851 0)
(0.100907 -0.0010329 0)
(0.101108 -0.00105397 0)
(0.10148 -0.00104368 0)
(0.101824 -0.00104466 0)
(0.101956 -0.00108586 0)
(0.102293 -0.00104924 0)
(0.102761 -0.000988419 0)
(0.103132 -0.000847465 0)
(0.103316 -0.000766087 0)
(0.103712 -0.000586573 0)
(0.104236 -0.000539774 0)
(0.104733 -0.000308094 0)
(0.10516 -0.000221699 0)
(0.105529 0.00015335 0)
(0.105977 0.000408763 0)
(0.106358 0.000868205 0)
(0.106754 0.00120494 0)
(0.107185 0.00167628 0)
(0.107677 0.00197168 0)
(0.108236 0.00243628 0)
(0.108936 0.00271099 0)
(0.109631 0.00313464 0)
(0.11055 0.00342125 0)
(0.111449 0.00381682 0)
(0.112558 0.00412344 0)
(0.113692 0.00449442 0)
(0.100005 -0.000227817 0)
(0.100237 -0.000608221 0)
(0.100533 -0.000831947 0)
(0.10098 -0.000971528 0)
(0.101318 -0.00107429 0)
(0.101558 -0.00109692 0)
(0.10192 -0.00109994 0)
(0.102242 -0.00114727 0)
(0.102407 -0.00121506 0)
(0.102771 -0.00118303 0)
(0.103236 -0.00110356 0)
(0.103569 -0.00100493 0)
(0.103744 -0.000959631 0)
(0.104131 -0.000863828 0)
(0.104642 -0.000831221 0)
(0.105146 -0.000627187 0)
(0.105583 -0.00045253 0)
(0.106 -2.05071e-05 0)
(0.106444 0.000312618 0)
(0.106819 0.000745922 0)
(0.107174 0.00104145 0)
(0.107546 0.00140126 0)
(0.108021 0.00160426 0)
(0.108513 0.0019248 0)
(0.109219 0.00208951 0)
(0.109872 0.0023728 0)
(0.110815 0.00255294 0)
(0.111674 0.00281706 0)
(0.112832 0.00301343 0)
(0.113901 0.00326474 0)
(0.100002 -0.000687779 0)
(0.100337 -0.00136611 0)
(0.100696 -0.0015587 0)
(0.101111 -0.0016271 0)
(0.101362 -0.00170933 0)
(0.101469 -0.00172181 0)
(0.10166 -0.00171522 0)
(0.101811 -0.00177539 0)
(0.101805 -0.00184552 0)
(0.101955 -0.00179921 0)
(0.102128 -0.00169399 0)
(0.102198 -0.00158835 0)
(0.102114 -0.00151858 0)
(0.102326 -0.00146756 0)
(0.102522 -0.00148126 0)
(0.102837 -0.00138543 0)
(0.102919 -0.00119368 0)
(0.103233 -0.000773734 0)
(0.103402 -0.000368067 0)
(0.103846 7.15938e-05 0)
(0.104147 0.000423266 0)
(0.104768 0.000751492 0)
(0.105286 0.0009572 0)
(0.106069 0.00119538 0)
(0.106811 0.00131036 0)
(0.107752 0.00148779 0)
(0.108691 0.00159493 0)
(0.109812 0.00174586 0)
(0.110947 0.00184767 0)
(0.112264 0.00198299 0)
(0.0990301 -0.000601896 0)
(0.0984574 -0.00114522 0)
(0.0974136 -0.00126901 0)
(0.0960314 -0.00129287 0)
(0.094381 -0.00132294 0)
(0.0926709 -0.00130122 0)
(0.091176 -0.00129468 0)
(0.0896482 -0.00135376 0)
(0.0879389 -0.00136786 0)
(0.0863769 -0.0012553 0)
(0.0849689 -0.00113859 0)
(0.0835473 -0.00109845 0)
(0.0821116 -0.00111648 0)
(0.0808459 -0.00113174 0)
(0.0795374 -0.00111476 0)
(0.0782952 -0.000989784 0)
(0.0770765 -0.000760324 0)
(0.0763245 -0.000468731 0)
(0.0757824 -0.000211447 0)
(0.0757741 1.04288e-05 0)
(0.0758309 0.000170473 0)
(0.0763731 0.000281537 0)
(0.076818 0.000360866 0)
(0.077707 0.000419789 0)
(0.0783884 0.000455622 0)
(0.0794884 0.000510564 0)
(0.0803434 0.00053819 0)
(0.08163 0.000583093 0)
(0.0826286 0.000608325 0)
(0.0841072 0.000635488 0)
(0.0226266 0.0102439 0)
(0.0595246 0.0243759 0)
(0.0397504 0.0119388 0)
(0.080764 0.0308136 9.51102e-22)
(0.0618481 0.0313639 8.11378e-22)
(0.0934166 0.0414148 0)
(0.0625469 0.0275776 2.26681e-22)
(0.102174 0.0370094 -1.09391e-25)
(0.0906265 0.0451547 5.18189e-22)
(0.133413 0.0542348 0)
(0.0701242 0.0148422 0)
(0.0824829 0.0288278 0)
(0.0892504 0.0328939 0)
(0.0931612 0.031619 0)
(0.0918645 0.0335504 0)
(0.110199 0.0568764 2.01161e-22)
(0.110185 0.0547612 6.34924e-23)
(0.116256 0.0447197 -7.69363e-23)
(0.117484 0.0329042 -4.30753e-22)
(0.145699 0.0589343 -4.91708e-22)
(0.0860353 0.0261766 0)
(0.087905 0.0213217 0)
(0.0964401 0.0311714 0)
(0.0981954 0.0344543 0)
(0.0977648 0.0345354 0)
(0.107315 0.0324996 -2.01163e-22)
(0.119028 0.0509046 -6.34945e-23)
(0.128484 0.0438614 7.69438e-23)
(0.128378 0.0373265 2.3612e-22)
(0.136264 0.0342521 4.91702e-22)
(0.0932541 0.0224407 -4.43303e-22)
(0.0955518 0.024765 0)
(0.0986078 0.028255 -3.50716e-22)
(0.102363 0.0321887 -2.98697e-22)
(0.108581 0.0356885 -2.20623e-22)
(0.110952 0.0351432 0)
(0.117999 0.0427374 0)
(0.127819 0.0394487 1.08404e-22)
(0.133234 0.0362045 2.54138e-22)
(0.137177 0.0365077 4.24136e-22)
(0.0957118 0.0227121 4.43305e-22)
(0.0992382 0.0219543 0)
(0.101881 0.0278542 3.50717e-22)
(0.10572 0.0283114 2.98697e-22)
(0.109683 0.0327005 2.20623e-22)
(0.11494 0.0293072 0)
(0.1201 0.0369204 0)
(0.129342 0.0344121 -1.08408e-22)
(0.132618 0.0317009 -2.54149e-22)
(0.138056 0.0267964 -4.24137e-22)
(0.0999081 0.0205995 0)
(0.102292 0.0216522 -3.26206e-22)
(0.104916 0.0254978 0)
(0.108786 0.0264777 -2.26685e-22)
(0.112954 0.0300282 0)
(0.11774 0.0288855 0)
(0.121804 0.0319784 0)
(0.128651 0.0303666 -1.18118e-22)
(0.134453 0.0299027 0)
(0.138757 0.0268944 0)
(0.102539 0.0198949 3.25174e-22)
(0.104837 0.0198501 6.20846e-22)
(0.107568 0.0239393 2.52188e-22)
(0.111282 0.0237338 2.26685e-22)
(0.114602 0.0264416 0)
(0.119163 0.0252987 -6.6158e-23)
(0.123634 0.0286046 0)
(0.129366 0.0261978 1.18118e-22)
(0.133695 0.0246459 0)
(0.137729 0.021443 0)
(0.105046 0.0180497 -3.25175e-22)
(0.107246 0.0187327 -2.9464e-22)
(0.109773 0.0214253 -2.52189e-22)
(0.113263 0.021822 0)
(0.116575 0.0241339 0)
(0.120409 0.0232452 6.61582e-23)
(0.124665 0.0243995 0)
(0.129733 0.0231568 0)
(0.133778 0.0230083 0)
(0.137242 0.0197642 0)
(0.107126 0.0167305 0)
(0.109119 0.0171187 -2.43349e-22)
(0.111632 0.0195836 0)
(0.114764 0.0194608 -1.58579e-22)
(0.11787 0.0209951 0)
(0.121573 0.0204709 0)
(0.12542 0.0218107 2.91845e-23)
(0.129392 0.0198025 1.08321e-22)
(0.133104 0.0188623 0)
(0.136724 0.0162117 2.72163e-22)
(0.108865 0.0150623 0)
(0.110782 0.0156481 2.4335e-22)
(0.113209 0.017302 0)
(0.116099 0.0175216 1.58579e-22)
(0.119031 0.0187505 0)
(0.122145 0.0181728 0)
(0.125798 0.0186016 -2.91846e-23)
(0.129616 0.0173369 -1.08322e-22)
(0.132761 0.0168368 0)
(0.135641 0.0142504 -2.72164e-22)
(0.110355 0.0135723 1.15506e-22)
(0.112154 0.0140213 0)
(0.114428 0.0154314 0)
(0.11705 0.0154322 6.56803e-23)
(0.119831 0.0162407 0)
(0.12284 0.0158032 0)
(0.126024 0.0162454 0)
(0.129168 0.0147393 -4.68586e-23)
(0.132127 0.0139895 0)
(0.134908 0.0117883 0)
(0.111577 0.0119966 -7.66296e-24)
(0.113281 0.0124565 0)
(0.11546 0.0134492 8.00971e-23)
(0.117884 0.0135477 -4.82321e-24)
(0.120473 0.0141352 0)
(0.123141 0.0137111 0)
(0.126076 0.0137809 -1.34024e-23)
(0.129001 0.0126205 4.68587e-23)
(0.131582 0.011973 -7.27303e-23)
(0.133972 0.0100115 -1.03487e-22)
(0.112596 0.0104996 -6.37352e-24)
(0.114225 0.0108664 0)
(0.116245 0.0116695 -4.97656e-24)
(0.118482 0.011676 -3.75085e-24)
(0.120909 0.0120776 3.66456e-23)
(0.123429 0.0116604 -1.34736e-23)
(0.126041 0.0116872 1.47377e-24)
(0.128597 0.0105726 -3.8971e-23)
(0.130991 0.00988442 6.25941e-24)
(0.133187 0.00819346 8.72776e-24)
(0.113425 0.00900783 -1.0147e-22)
(0.11497 0.00932803 0)
(0.116885 0.00991387 -7.51207e-23)
(0.118965 0.00993339 -5.71064e-23)
(0.121222 0.0101927 -3.66457e-23)
(0.123537 0.00980961 2.67347e-23)
(0.125927 0.00968997 1.19287e-23)
(0.128272 0.00876559 3.89711e-23)
(0.130441 0.00813166 6.64711e-23)
(0.132422 0.00668414 9.47592e-23)
(0.114088 0.00756108 0)
(0.115577 0.0078139 0)
(0.117368 0.00826308 0)
(0.11931 0.00824159 0)
(0.12142 0.00840885 0)
(0.123583 0.008033 -1.32611e-23)
(0.125777 0.00788049 0)
(0.127906 0.00706883 0)
(0.129918 0.00647121 0)
(0.131748 0.00524582 0)
(0.114614 0.00615113 0)
(0.116034 0.00634908 0)
(0.117742 0.00666994 0)
(0.119555 0.00664837 0)
(0.121537 0.00673074 0)
(0.123546 0.00639778 -7.05398e-24)
(0.125598 0.00619614 0)
(0.127566 0.00551839 0)
(0.129445 0.00498136 0)
(0.13114 0.0039661 0)
(0.115018 0.00476924 0)
(0.116363 0.00490951 0)
(0.118027 0.00512693 3.19518e-23)
(0.119692 0.00508946 0)
(0.121598 0.0051155 1.65848e-23)
(0.123436 0.00481855 7.05398e-24)
(0.125401 0.00460547 0)
(0.127189 0.00404399 -1.29407e-23)
(0.128988 0.00357284 0)
(0.130532 0.00275359 0)
(0.115288 0.00343705 0)
(0.11645 0.00353303 0)
(0.118133 0.00365583 -3.19518e-23)
(0.119549 0.00361767 0)
(0.121448 0.00358699 -1.65848e-23)
(0.122988 0.00333668 0)
(0.124943 0.00311468 0)
(0.126411 0.00266058 1.29407e-23)
(0.128191 0.00225215 0)
(0.12938 0.00161838 0)
(0.113599 0.00204995 -1.0497e-23)
(0.11436 0.00209363 -9.25126e-24)
(0.115954 0.00212025 -7.79923e-24)
(0.116848 0.00207577 0)
(0.118642 0.00200127 -4.22368e-24)
(0.119549 0.00182339 0)
(0.121388 0.00161894 2.07735e-25)
(0.122085 0.00130337 0)
(0.123727 0.000974589 5.27461e-24)
(0.123946 0.000557578 7.94568e-24)
(0.0852352 0.000615654 1.04958e-23)
(0.0860097 0.000575908 9.25015e-24)
(0.0872588 0.000519313 7.79825e-24)
(0.0880019 0.000452686 0)
(0.0892734 0.000356867 4.22309e-24)
(0.0898089 0.000246818 0)
(0.0909132 0.000103581 -2.07703e-25)
(0.0909601 -5.27917e-05 0)
(0.0916282 -0.000240137 -5.27367e-24)
(0.0908612 -0.000413336 -7.94421e-24)
(0.00332537 0.000962844 0)
(-0.00243538 -0.00169079 0)
(-0.0162957 0.00559214 0)
(-0.0416213 0.0113963 0)
(-0.0869209 0.0155578 0)
(-0.118379 0.00978708 0)
(-0.129654 0.00384578 0)
(-0.124464 -0.00159785 0)
(-0.113201 -0.00445882 0)
(-0.0921584 -0.00760057 0)
(-0.0666138 -0.00773302 0)
(-0.042646 -0.00810853 0)
(-0.0171651 -0.00707482 0)
(0.00409716 -0.00585943 0)
(0.02241 -0.00441121 0)
(0.0365309 -0.00291434 0)
(0.0469554 -0.00160041 0)
(0.0540499 -0.000562111 0)
(0.0584859 0.000170956 0)
(0.0609325 0.000621558 0)
(0.0619744 0.000843494 0)
(0.0621009 0.000904686 0)
(0.0616897 0.000861139 0)
(0.0610003 0.000759711 0)
(0.0602075 0.000639012 0)
(0.0594171 0.000520366 0)
(0.0586913 0.000414827 0)
(0.058057 0.000327326 0)
(0.0575158 0.000257795 0)
(0.0570694 0.000204052 0)
(0.0566929 0.000162459 0)
(0.0563955 0.000130346 0)
(0.0561363 0.000105192 0)
(0.055945 8.46337e-05 0)
(0.0557662 6.88448e-05 0)
(0.055649 5.41162e-05 0)
(0.0555291 4.44268e-05 0)
(0.0554608 3.22696e-05 0)
(0.0553935 2.7721e-05 0)
(0.0553456 1.57349e-05 0)
(0.00296562 -0.00183846 0)
(-0.00549483 0.0157811 0)
(-0.0276461 0.0230925 0)
(-0.0686518 0.0374012 0)
(-0.102126 0.0366743 0)
(-0.125051 0.0222924 0)
(-0.125198 0.00205423 0)
(-0.120723 -0.00981193 0)
(-0.101722 -0.0195146 0)
(-0.0837192 -0.0263807 0)
(-0.0549761 -0.0292201 0)
(-0.0314818 -0.0278217 0)
(-0.00545002 -0.0261915 0)
(0.0157491 -0.0225375 0)
(0.0342541 -0.0186132 0)
(0.0491074 -0.0144582 0)
(0.060876 -0.0106293 0)
(0.0699617 -0.00740114 0)
(0.076887 -0.0048688 0)
(0.0821158 -0.00298233 0)
(0.0860254 -0.001632 0)
(0.0889235 -0.000697351 0)
(0.0910425 -8.70302e-05 0)
(0.0925658 0.000283049 0)
(0.0936205 0.000471475 0)
(0.0943345 0.000543346 0)
(0.0947811 0.000538168 0)
(0.0950735 0.000496807 0)
(0.095224 0.000435304 0)
(0.0953349 0.000372582 0)
(0.0953601 0.000311767 0)
(0.0954093 0.00025904 0)
(0.095387 0.000213607 0)
(0.0954242 0.000172943 0)
(0.0953872 0.000142266 0)
(0.0954298 0.000109292 0)
(0.0953933 9.0107e-05 0)
(0.0954441 6.09474e-05 0)
(0.0954193 5.14404e-05 0)
(0.0954719 2.37321e-05 0)
(-1.32906e-05 0.00355123 0)
(-0.019212 0.0226481 0)
(-0.0529597 0.0491174 0)
(-0.0637214 0.0582753 0)
(-0.0905424 0.0533365 0)
(-0.096401 0.0295354 0)
(-0.0975256 0.00165012 0)
(-0.0885523 -0.018583 0)
(-0.0758159 -0.0316795 0)
(-0.0555153 -0.0420332 0)
(-0.0336861 -0.0462835 0)
(-0.00845604 -0.0451293 0)
(0.014212 -0.0411489 0)
(0.0330347 -0.0349818 0)
(0.048276 -0.0285481 0)
(0.0598701 -0.0222373 0)
(0.0684533 -0.0166659 0)
(0.0749248 -0.012101 0)
(0.0801278 -0.00857652 0)
(0.0845112 -0.00596844 0)
(0.0882344 -0.00408317 0)
(0.0913712 -0.00272388 0)
(0.0939648 -0.00175701 0)
(0.0960824 -0.00106845 0)
(0.097754 -0.000602375 0)
(0.0990764 -0.000285917 0)
(0.100065 -9.21545e-05 0)
(0.100838 2.84437e-05 0)
(0.10138 8.79039e-05 0)
(0.101827 0.000118053 0)
(0.102113 0.000121604 0)
(0.102387 0.000117032 0)
(0.102533 0.000103364 0)
(0.102722 8.69033e-05 0)
(0.102792 7.18711e-05 0)
(0.102941 5.09197e-05 0)
(0.102969 3.89708e-05 0)
(0.1031 1.48991e-05 0)
(0.103105 7.66924e-06 0)
(0.103229 -1.87392e-05 0)
(-0.000379262 0.00960247 0)
(-0.00726999 0.0515516 0)
(-0.0185012 0.0560515 0)
(-0.0339789 0.0648212 0)
(-0.0568206 0.0604552 0)
(-0.0552059 0.0314591 0)
(-0.055791 -0.00246402 0)
(-0.0507011 -0.0261099 0)
(-0.0436922 -0.0430984 0)
(-0.0297651 -0.057012 0)
(-0.00990705 -0.0642956 0)
(0.0108932 -0.0630225 0)
(0.0320908 -0.056716 0)
(0.0498329 -0.0474843 0)
(0.0638156 -0.0378331 0)
(0.0744586 -0.0286367 0)
(0.0814739 -0.0209565 0)
(0.0852301 -0.0153353 0)
(0.0873283 -0.0114123 0)
(0.0891463 -0.008573 0)
(0.0911566 -0.00641895 0)
(0.0932797 -0.00473824 0)
(0.0952932 -0.00344212 0)
(0.0970762 -0.00244158 0)
(0.0985502 -0.00169749 0)
(0.0997635 -0.00113847 0)
(0.100701 -0.000748855 0)
(0.101468 -0.000470261 0)
(0.102029 -0.00029228 0)
(0.102512 -0.000169694 0)
(0.102839 -0.000101339 0)
(0.103157 -5.45819e-05 0)
(0.103342 -3.4064e-05 0)
(0.103569 -2.19639e-05 0)
(0.103669 -1.9095e-05 0)
(0.103848 -2.36666e-05 0)
(0.103896 -2.64759e-05 0)
(0.104051 -4.17822e-05 0)
(0.104067 -4.4851e-05 0)
(0.104213 -6.85786e-05 0)
(-0.0185849 0.0129154 0)
(-0.0114676 0.0382958 0)
(-0.0210082 0.0644751 0)
(-0.0147562 0.0786783 0)
(-0.0186402 0.0682632 0)
(-0.00755461 0.0332649 0)
(-0.00365462 -0.00133796 0)
(-0.000959899 -0.0272043 0)
(-0.00014975 -0.0473425 0)
(0.0081443 -0.0671359 0)
(0.0200024 -0.0765659 0)
(0.0333485 -0.0762434 0)
(0.0467631 -0.0692212 0)
(0.0593976 -0.0581101 0)
(0.0689463 -0.0467267 0)
(0.077532 -0.0355498 0)
(0.0859904 -0.0247981 0)
(0.0918957 -0.0164197 0)
(0.0942933 -0.0114103 0)
(0.094717 -0.00877727 0)
(0.094909 -0.00714022 0)
(0.0955985 -0.00576946 0)
(0.0967228 -0.00452742 0)
(0.0980126 -0.00342512 0)
(0.0992101 -0.00253312 0)
(0.100245 -0.00182532 0)
(0.101055 -0.00131009 0)
(0.101724 -0.000923783 0)
(0.102217 -0.000660333 0)
(0.102651 -0.000464439 0)
(0.102949 -0.000340761 0)
(0.103249 -0.000245255 0)
(0.103427 -0.000190626 0)
(0.103648 -0.000148108 0)
(0.103749 -0.000125647 0)
(0.103926 -0.00011158 0)
(0.103976 -0.000103909 0)
(0.104131 -0.000108105 0)
(0.104149 -0.000106591 0)
(0.104296 -0.000124898 0)
(0.0269645 0.0255373 0)
(0.00380964 0.0569438 0)
(0.014727 0.0620632 0)
(0.0240801 0.0683037 0)
(0.03374 0.0557589 0)
(0.0484683 0.0220151 0)
(0.0566711 -0.00842425 0)
(0.0571838 -0.0294586 0)
(0.0579486 -0.048855 0)
(0.0627398 -0.070416 0)
(0.0684283 -0.0824455 0)
(0.0726834 -0.0818576 0)
(0.0746001 -0.0742914 0)
(0.0778137 -0.0617864 0)
(0.0790877 -0.0494606 0)
(0.0781783 -0.0401048 0)
(0.0806891 -0.0308812 0)
(0.0870053 -0.0211939 0)
(0.0931722 -0.0134654 0)
(0.0967616 -0.00899562 0)
(0.0980556 -0.00696459 0)
(0.0983744 -0.00594518 0)
(0.0986633 -0.00509962 0)
(0.0992324 -0.00416734 0)
(0.0999692 -0.00325211 0)
(0.100744 -0.00242488 0)
(0.101407 -0.0017794 0)
(0.101983 -0.00128165 0)
(0.102411 -0.000939574 0)
(0.102793 -0.00068504 0)
(0.103054 -0.000523374 0)
(0.103322 -0.000395539 0)
(0.103481 -0.000319426 0)
(0.103684 -0.00025546 0)
(0.103776 -0.000219231 0)
(0.103942 -0.000190286 0)
(0.10399 -0.000174409 0)
(0.104136 -0.000169398 0)
(0.104154 -0.0001641 0)
(0.104294 -0.000178085 0)
(-0.0293729 -0.00365509 0)
(0.00958455 0.041004 0)
(0.0240791 0.047336 0)
(0.0524863 0.0608112 0)
(0.0783835 0.0545587 0)
(0.0971573 0.0250525 0)
(0.110098 -0.00572362 0)
(0.111214 -0.0259087 0)
(0.106143 -0.0457106 0)
(0.1078 -0.0699872 0)
(0.108893 -0.0832003 0)
(0.107183 -0.0811311 0)
(0.101359 -0.0737797 0)
(0.0965376 -0.0619538 0)
(0.0948278 -0.046325 0)
(0.0889554 -0.0354411 0)
(0.0817834 -0.029998 0)
(0.080236 -0.024681 0)
(0.0844227 -0.0181303 0)
(0.0905652 -0.0122356 0)
(0.0956095 -0.00833403 0)
(0.0985993 -0.00624574 0)
(0.0999939 -0.00516917 0)
(0.100633 -0.0043847 0)
(0.101047 -0.00364394 0)
(0.101469 -0.00289092 0)
(0.101875 -0.00223555 0)
(0.102285 -0.00168074 0)
(0.102613 -0.00127272 0)
(0.10293 -0.000952403 0)
(0.103153 -0.000738492 0)
(0.103391 -0.000564963 0)
(0.103534 -0.000457242 0)
(0.10372 -0.000365861 0)
(0.103805 -0.000312525 0)
(0.103958 -0.000267299 0)
(0.104003 -0.000242495 0)
(0.104139 -0.000228024 0)
(0.104156 -0.000218916 0)
(0.104286 -0.000228476 0)
(0.115311 0.0361966 0)
(0.0761812 0.0283195 0)
(0.0745149 0.0298463 0)
(0.0818235 0.0286947 0)
(0.100763 0.0207663 0)
(0.121305 0.000881828 0)
(0.138386 -0.0195904 0)
(0.141494 -0.0294332 0)
(0.137206 -0.045695 0)
(0.132689 -0.0717589 0)
(0.126306 -0.0841208 0)
(0.1195 -0.0772872 0)
(0.111898 -0.0664661 0)
(0.102032 -0.0579832 0)
(0.0976021 -0.0452842 0)
(0.0959114 -0.0314223 0)
(0.0905674 -0.0243334 0)
(0.0845043 -0.0224738 0)
(0.0824135 -0.020506 0)
(0.08486 -0.0168023 0)
(0.0897377 -0.0125747 0)
(0.0947105 -0.00901756 0)
(0.0984199 -0.00654014 0)
(0.100635 -0.00490301 0)
(0.101732 -0.00380766 0)
(0.102254 -0.00295998 0)
(0.102526 -0.00229914 0)
(0.102761 -0.00174933 0)
(0.102953 -0.00134727 0)
(0.10317 -0.0010288 0)
(0.10333 -0.000820579 0)
(0.103517 -0.000647282 0)
(0.103628 -0.000540746 0)
(0.103783 -0.000443608 0)
(0.103854 -0.000386164 0)
(0.103987 -0.000332381 0)
(0.104025 -0.000302938 0)
(0.104147 -0.000281494 0)
(0.104162 -0.000269848 0)
(0.104279 -0.000275622 0)
(0.153868 0.0528188 0)
(0.135712 0.0528205 0)
(0.133641 0.0451603 0)
(0.140406 0.0343676 0)
(0.14446 0.0217427 0)
(0.155113 -0.000439326 0)
(0.16394 -0.0207406 0)
(0.164184 -0.0260855 0)
(0.165161 -0.0372213 0)
(0.158917 -0.0612093 0)
(0.141298 -0.075939 0)
(0.124484 -0.0719349 0)
(0.114113 -0.0599066 0)
(0.104947 -0.0497262 0)
(0.0966656 -0.0405889 0)
(0.0941194 -0.0300408 0)
(0.0950985 -0.0219059 0)
(0.0952894 -0.0187065 0)
(0.0935746 -0.0182432 0)
(0.0916527 -0.017534 0)
(0.0913728 -0.0154892 0)
(0.0930752 -0.0124779 0)
(0.0958893 -0.00935595 0)
(0.0987065 -0.00671272 0)
(0.100807 -0.00481837 0)
(0.102084 -0.00351747 0)
(0.102722 -0.00267435 0)
(0.103038 -0.00207133 0)
(0.10319 -0.0016479 0)
(0.103334 -0.00129502 0)
(0.103441 -0.00104404 0)
(0.10359 -0.000822977 0)
(0.103687 -0.000678356 0)
(0.103826 -0.00054903 0)
(0.103893 -0.000471438 0)
(0.104012 -0.000400812 0)
(0.104048 -0.000362456 0)
(0.104155 -0.000332221 0)
(0.104169 -0.000317164 0)
(0.104271 -0.000318698 0)
(0.151192 0.0406965 0)
(0.152136 0.0456275 0)
(0.160075 0.036674 0)
(0.170874 0.0227937 0)
(0.174465 0.0115393 0)
(0.184484 -0.00965373 0)
(0.182909 -0.0259487 0)
(0.171453 -0.0293738 0)
(0.173162 -0.0384368 0)
(0.168745 -0.0527254 0)
(0.148951 -0.0606105 0)
(0.12934 -0.0583061 0)
(0.11572 -0.052499 0)
(0.107559 -0.0456188 0)
(0.102052 -0.0373046 0)
(0.0984491 -0.0299016 0)
(0.098357 -0.0250204 0)
(0.101616 -0.0215803 0)
(0.105686 -0.0181612 0)
(0.107349 -0.0152415 0)
(0.105751 -0.0135777 0)
(0.102826 -0.0125 0)
(0.100709 -0.011011 0)
(0.100106 -0.00881806 0)
(0.100605 -0.00643877 0)
(0.101528 -0.00437726 0)
(0.102362 -0.00294114 0)
(0.102969 -0.00200878 0)
(0.103331 -0.00147674 0)
(0.103564 -0.00113705 0)
(0.103682 -0.000946777 0)
(0.103792 -0.000783669 0)
(0.103846 -0.00068343 0)
(0.103936 -0.000577562 0)
(0.103974 -0.000512728 0)
(0.104062 -0.000443791 0)
(0.104086 -0.000405955 0)
(0.104172 -0.000372133 0)
(0.104182 -0.000356006 0)
(0.104266 -0.00035479 0)
(0.146382 0.0404315 0)
(0.152837 0.0392091 0)
(0.164097 0.0297112 0)
(0.172436 0.0195301 0)
(0.177827 0.00795776 0)
(0.183781 -0.00621389 0)
(0.176183 -0.0112486 0)
(0.168555 -0.0197326 0)
(0.167044 -0.0354919 0)
(0.157077 -0.0453037 0)
(0.140368 -0.0495627 0)
(0.129756 -0.0481284 0)
(0.122323 -0.0426194 0)
(0.113333 -0.0382387 0)
(0.108323 -0.0330199 0)
(0.107962 -0.0266953 0)
(0.106717 -0.0237221 0)
(0.103556 -0.0238926 0)
(0.102356 -0.0225475 0)
(0.104758 -0.0180042 0)
(0.108431 -0.0126 0)
(0.110492 -0.00875027 0)
(0.109995 -0.00694649 0)
(0.107962 -0.00618402 0)
(0.105782 -0.00556604 0)
(0.104229 -0.00471383 0)
(0.10343 -0.00378146 0)
(0.103193 -0.00289124 0)
(0.103218 -0.00219894 0)
(0.103371 -0.00165496 0)
(0.103526 -0.00129392 0)
(0.103694 -0.00100722 0)
(0.103809 -0.000828842 0)
(0.10393 -0.000673618 0)
(0.103993 -0.000581644 0)
(0.104081 -0.000495113 0)
(0.10411 -0.000448689 0)
(0.104182 -0.000407743 0)
(0.104193 -0.000388944 0)
(0.10426 -0.000384384 0)
(0.146284 0.0301565 0)
(0.152078 0.0302928 0)
(0.160587 0.0240743 0)
(0.166706 0.0146508 0)
(0.17123 0.00240982 0)
(0.170364 -0.00783695 0)
(0.166738 -0.0127574 0)
(0.166567 -0.0210784 0)
(0.162825 -0.0298912 0)
(0.155045 -0.0347622 0)
(0.144029 -0.0414633 0)
(0.132384 -0.0459539 0)
(0.125539 -0.0418032 0)
(0.118921 -0.0366121 0)
(0.112177 -0.0344507 0)
(0.111403 -0.02972 0)
(0.113606 -0.0224781 0)
(0.110293 -0.018685 0)
(0.101933 -0.0192138 0)
(0.0953753 -0.0198408 0)
(0.0939949 -0.0179146 0)
(0.0966962 -0.01396 0)
(0.100833 -0.00967999 0)
(0.104173 -0.00624908 0)
(0.105883 -0.00407038 0)
(0.106239 -0.00282415 0)
(0.105851 -0.00215563 0)
(0.10528 -0.00173444 0)
(0.104789 -0.00147559 0)
(0.104467 -0.00124658 0)
(0.104264 -0.00108825 0)
(0.104171 -0.000919011 0)
(0.104117 -0.000805509 0)
(0.10412 -0.000681144 0)
(0.104118 -0.000603601 0)
(0.104154 -0.000520514 0)
(0.104162 -0.000475113 0)
(0.104206 -0.000431996 0)
(0.104211 -0.000412524 0)
(0.104256 -0.000405968 0)
(0.142675 0.0276865 0)
(0.148809 0.0251802 0)
(0.155827 0.0191014 0)
(0.161002 0.0112683 0)
(0.1644 0.00303588 0)
(0.163445 -0.00268111 0)
(0.162423 -0.00801691 0)
(0.160011 -0.0171586 0)
(0.153693 -0.0260952 0)
(0.150087 -0.0303595 0)
(0.145696 -0.0327287 0)
(0.133482 -0.0346618 0)
(0.123056 -0.0321024 0)
(0.120199 -0.0271329 0)
(0.116481 -0.0261774 0)
(0.109619 -0.0264833 0)
(0.105829 -0.0218805 0)
(0.105956 -0.0145771 0)
(0.106045 -0.0104437 0)
(0.103664 -0.0106497 0)
(0.0996948 -0.0123754 0)
(0.0965036 -0.0129662 0)
(0.09545 -0.0117363 0)
(0.09627 -0.00925807 0)
(0.0979415 -0.00662665 0)
(0.099662 -0.00449116 0)
(0.101077 -0.00309629 0)
(0.102112 -0.00222659 0)
(0.102817 -0.00173566 0)
(0.103294 -0.0013958 0)
(0.103606 -0.00118416 0)
(0.103822 -0.000984628 0)
(0.103959 -0.000853077 0)
(0.104059 -0.000716157 0)
(0.104115 -0.000631352 0)
(0.104165 -0.000542682 0)
(0.104186 -0.000494525 0)
(0.104218 -0.000448508 0)
(0.104224 -0.000428024 0)
(0.104251 -0.000419735 0)
(0.142543 0.0216804 0)
(0.147855 0.0193665 0)
(0.151953 0.0154983 0)
(0.156708 0.0088947 0)
(0.157751 0.000875902 0)
(0.156132 -0.00541335 0)
(0.157861 -0.00887306 0)
(0.157979 -0.0132315 0)
(0.151706 -0.0221117 0)
(0.144531 -0.0294669 0)
(0.140554 -0.0295282 0)
(0.13496 -0.028861 0)
(0.126644 -0.03169 0)
(0.121913 -0.0318472 0)
(0.120653 -0.0269353 0)
(0.116741 -0.0220851 0)
(0.110691 -0.0201384 0)
(0.107946 -0.0194711 0)
(0.11027 -0.0183939 0)
(0.115283 -0.0164025 0)
(0.119122 -0.0140328 0)
(0.119402 -0.0119488 0)
(0.116641 -0.010145 0)
(0.112851 -0.00834923 0)
(0.109602 -0.00661205 0)
(0.107388 -0.00501927 0)
(0.106067 -0.0037684 0)
(0.105321 -0.00281599 0)
(0.104899 -0.00216336 0)
(0.104648 -0.00167218 0)
(0.104489 -0.00135104 0)
(0.104385 -0.00108254 0)
(0.104319 -0.00091099 0)
(0.104279 -0.000751366 0)
(0.104257 -0.000654066 0)
(0.104248 -0.000557911 0)
(0.104244 -0.000505784 0)
(0.104245 -0.000456916 0)
(0.104245 -0.000435255 0)
(0.104248 -0.000425517 0)
(0.141098 0.0186294 0)
(0.144668 0.0164742 0)
(0.148712 0.0122543 0)
(0.152223 0.00733273 0)
(0.153511 0.00296922 0)
(0.153471 -0.00302199 0)
(0.151632 -0.00909884 0)
(0.15102 -0.012509 0)
(0.151143 -0.0159202 0)
(0.1449 -0.0218226 0)
(0.136148 -0.0261365 0)
(0.132918 -0.0253672 0)
(0.130585 -0.0233129 0)
(0.123517 -0.0233946 0)
(0.116556 -0.0228453 0)
(0.114585 -0.0192604 0)
(0.115361 -0.0150221 0)
(0.114077 -0.0136018 0)
(0.109101 -0.0149461 0)
(0.10315 -0.0158905 0)
(0.0993512 -0.0142998 0)
(0.0982006 -0.0107366 0)
(0.0986566 -0.00705829 0)
(0.0996989 -0.00441333 0)
(0.100786 -0.00295884 0)
(0.101722 -0.00222335 0)
(0.102476 -0.00187454 0)
(0.103045 -0.0016306 0)
(0.103469 -0.00146198 0)
(0.103764 -0.00127434 0)
(0.103974 -0.00113229 0)
(0.104104 -0.000965376 0)
(0.104193 -0.000849229 0)
(0.104235 -0.000719426 0)
(0.104264 -0.000637381 0)
(0.104265 -0.000548997 0)
(0.104272 -0.000500457 0)
(0.104259 -0.000453207 0)
(0.10426 -0.000432231 0)
(0.104244 -0.000422551 0)
(0.139846 0.015258 0)
(0.143005 0.0129071 0)
(0.145951 0.00994252 0)
(0.148114 0.00574116 0)
(0.149684 0.000367878 0)
(0.150252 -0.00330797 0)
(0.149486 -0.00647225 0)
(0.147623 -0.0123112 0)
(0.145243 -0.0169783 0)
(0.142905 -0.0180919 0)
(0.138626 -0.0205038 0)
(0.132258 -0.0243011 0)
(0.12752 -0.0240133 0)
(0.124902 -0.0205921 0)
(0.121562 -0.0195257 0)
(0.117305 -0.0208527 0)
(0.114689 -0.0200389 0)
(0.114604 -0.0157055 0)
(0.115192 -0.0112184 0)
(0.114316 -0.0095833 0)
(0.111804 -0.0102359 0)
(0.109095 -0.0109235 0)
(0.107222 -0.010553 0)
(0.106217 -0.00920811 0)
(0.105753 -0.0074807 0)
(0.105506 -0.00576101 0)
(0.105336 -0.00434445 0)
(0.105165 -0.00322986 0)
(0.105008 -0.00243984 0)
(0.104847 -0.00184498 0)
(0.104718 -0.0014491 0)
(0.104595 -0.00113235 0)
(0.104514 -0.000929706 0)
(0.104434 -0.000753428 0)
(0.104395 -0.000646584 0)
(0.104342 -0.000546912 0)
(0.104327 -0.000492847 0)
(0.104285 -0.000443824 0)
(0.104281 -0.00042193 0)
(0.104242 -0.000411937 0)
(0.13845 0.0128478 0)
(0.140977 0.0108285 0)
(0.143356 0.00809316 0)
(0.145731 0.00473412 0)
(0.146654 0.00127894 0)
(0.146416 -0.0028644 0)
(0.146594 -0.00678217 0)
(0.145769 -0.00925714 0)
(0.142738 -0.012731 0)
(0.139583 -0.0171107 0)
(0.137052 -0.0183485 0)
(0.133046 -0.0175457 0)
(0.127854 -0.0186233 0)
(0.124336 -0.0199126 0)
(0.122638 -0.0179984 0)
(0.120161 -0.0143083 0)
(0.116165 -0.0124999 0)
(0.112577 -0.0130963 0)
(0.110789 -0.0139467 0)
(0.110326 -0.0133138 0)
(0.109932 -0.0110831 0)
(0.108932 -0.00822974 0)
(0.107573 -0.00579574 0)
(0.106301 -0.00410119 0)
(0.10538 -0.00308315 0)
(0.104816 -0.00244152 0)
(0.10455 -0.00204169 0)
(0.104443 -0.00172117 0)
(0.104439 -0.00148797 0)
(0.104446 -0.00126138 0)
(0.104475 -0.00109679 0)
(0.104467 -0.000922801 0)
(0.104474 -0.00080364 0)
(0.104436 -0.000676699 0)
(0.104425 -0.000596121 0)
(0.104371 -0.000511839 0)
(0.104359 -0.000464989 0)
(0.104301 -0.000420911 0)
(0.104296 -0.000400899 0)
(0.104238 -0.000392607 0)
(0.137279 0.0105222 0)
(0.139367 0.00866244 0)
(0.141331 0.00636495 0)
(0.142977 0.00349683 0)
(0.144053 0.000218593 0)
(0.144457 -0.00276558 0)
(0.143778 -0.00573168 0)
(0.142712 -0.00918506 0)
(0.141531 -0.0118967 0)
(0.138716 -0.0136325 0)
(0.134781 -0.0157871 0)
(0.131941 -0.0174679 0)
(0.129569 -0.0170912 0)
(0.125795 -0.0159264 0)
(0.12153 -0.0157515 0)
(0.118903 -0.0159042 0)
(0.118028 -0.0148252 0)
(0.117314 -0.0124185 0)
(0.115563 -0.0100365 0)
(0.112906 -0.00878873 0)
(0.110282 -0.00851209 0)
(0.108395 -0.00832248 0)
(0.107314 -0.00777133 0)
(0.106735 -0.00682901 0)
(0.106397 -0.00573477 0)
(0.106116 -0.00461598 0)
(0.105867 -0.00364179 0)
(0.105607 -0.00280995 0)
(0.105383 -0.00217798 0)
(0.105158 -0.00166941 0)
(0.104989 -0.00131516 0)
(0.104816 -0.00102442 0)
(0.104709 -0.000835141 0)
(0.104584 -0.000672532 0)
(0.104527 -0.000573693 0)
(0.104432 -0.000484074 0)
(0.104405 -0.000435021 0)
(0.104323 -0.000392553 0)
(0.104313 -0.000372936 0)
(0.104235 -0.000366098 0)
(0.136093 0.00873237 0)
(0.137908 0.00708273 0)
(0.139572 0.0051202 0)
(0.141069 0.00277192 0)
(0.141869 0.000201375 0)
(0.142027 -0.00252702 0)
(0.141924 -0.00519214 0)
(0.141003 -0.00755469 0)
(0.139101 -0.00996864 0)
(0.137124 -0.0121636 0)
(0.134912 -0.0133053 0)
(0.131645 -0.0138071 0)
(0.128152 -0.0144091 0)
(0.125675 -0.0145466 0)
(0.123763 -0.0135342 0)
(0.121293 -0.0119723 0)
(0.118262 -0.0109606 0)
(0.115592 -0.0105951 0)
(0.11383 -0.0102593 0)
(0.112738 -0.00947708 0)
(0.111761 -0.00819425 0)
(0.11058 -0.00666014 0)
(0.109296 -0.00522315 0)
(0.108098 -0.00403179 0)
(0.107127 -0.00315872 0)
(0.106382 -0.00250049 0)
(0.10587 -0.00203537 0)
(0.105498 -0.00166041 0)
(0.105263 -0.00138838 0)
(0.105068 -0.00114566 0)
(0.10495 -0.00097304 0)
(0.104815 -0.000804357 0)
(0.104741 -0.000689753 0)
(0.104624 -0.000574458 0)
(0.104573 -0.000501202 0)
(0.104466 -0.000428628 0)
(0.104437 -0.000387817 0)
(0.104338 -0.000352478 0)
(0.104326 -0.00033556 0)
(0.104231 -0.000331874 0)
(0.135075 0.00702986 0)
(0.136653 0.00559163 0)
(0.138059 0.00390591 0)
(0.13929 0.00191171 0)
(0.140064 -0.00029434 0)
(0.140299 -0.00249205 0)
(0.140014 -0.0047233 0)
(0.139253 -0.00693997 0)
(0.137983 -0.00882256 0)
(0.136006 -0.0103512 0)
(0.133586 -0.0116806 0)
(0.131263 -0.0124959 0)
(0.128914 -0.0125479 0)
(0.126171 -0.0122377 0)
(0.12333 -0.0119663 0)
(0.120969 -0.0115809 0)
(0.119191 -0.0107703 0)
(0.117612 -0.00954581 0)
(0.115887 -0.00825658 0)
(0.113981 -0.0072262 0)
(0.112097 -0.00654021 0)
(0.110476 -0.00596943 0)
(0.109232 -0.00537299 0)
(0.108293 -0.00468326 0)
(0.107586 -0.00397834 0)
(0.107002 -0.00326841 0)
(0.106535 -0.00264228 0)
(0.106115 -0.00208326 0)
(0.105786 -0.00164371 0)
(0.105476 -0.00127367 0)
(0.105253 -0.00101004 0)
(0.105026 -0.00078803 0)
(0.104888 -0.000642768 0)
(0.104721 -0.000517675 0)
(0.104643 -0.000441506 0)
(0.104509 -0.000373806 0)
(0.10447 -0.000336145 0)
(0.104353 -0.000306533 0)
(0.104338 -0.000291716 0)
(0.104226 -0.000291344 0)
(0.134145 0.00562709 0)
(0.135569 0.00436736 0)
(0.136812 0.00295232 0)
(0.137889 0.00131277 0)
(0.138539 -0.000496994 0)
(0.138735 -0.00236743 0)
(0.138584 -0.00422108 0)
(0.137894 -0.00597811 0)
(0.136618 -0.00760777 0)
(0.135043 -0.00896227 0)
(0.133207 -0.00985427 0)
(0.130945 -0.0103755 0)
(0.128487 -0.010673 0)
(0.126231 -0.0106192 0)
(0.124165 -0.010089 0)
(0.122048 -0.00925311 0)
(0.119839 -0.00843662 0)
(0.11771 -0.00779188 0)
(0.115825 -0.0072107 0)
(0.114199 -0.00655404 0)
(0.112767 -0.00576214 0)
(0.111442 -0.00485929 0)
(0.110214 -0.00398461 0)
(0.109099 -0.00319317 0)
(0.108156 -0.00255603 0)
(0.107359 -0.00203248 0)
(0.106744 -0.00163999 0)
(0.106233 -0.00131648 0)
(0.105864 -0.00107892 0)
(0.105536 -0.000871872 0)
(0.105315 -0.000725504 0)
(0.105085 -0.000588209 0)
(0.104948 -0.000495976 0)
(0.104769 -0.000407886 0)
(0.104687 -0.000352551 0)
(0.104538 -0.000301693 0)
(0.104495 -0.000272793 0)
(0.104363 -0.000252107 0)
(0.104347 -0.000240758 0)
(0.104221 -0.000244774 0)
(0.133337 0.00431476 0)
(0.134642 0.00324165 0)
(0.135748 0.00204839 0)
(0.136684 0.000686722 0)
(0.137287 -0.000811604 0)
(0.137482 -0.00233344 0)
(0.137309 -0.00387462 0)
(0.136727 -0.00537028 0)
(0.135707 -0.00665816 0)
(0.134283 -0.00769853 0)
(0.13254 -0.00852533 0)
(0.130628 -0.00903135 0)
(0.128631 -0.00911461 0)
(0.126535 -0.00889508 0)
(0.124366 -0.00854587 0)
(0.122236 -0.00808706 0)
(0.120245 -0.00747372 0)
(0.118406 -0.00670379 0)
(0.116662 -0.00587128 0)
(0.114956 -0.00508262 0)
(0.113316 -0.00440892 0)
(0.111797 -0.00383629 0)
(0.110482 -0.00333336 0)
(0.109369 -0.00284169 0)
(0.108462 -0.00239007 0)
(0.107691 -0.00195567 0)
(0.107075 -0.0015831 0)
(0.106535 -0.0012487 0)
(0.10612 -0.000986813 0)
(0.105737 -0.000762597 0)
(0.105467 -0.00060438 0)
(0.105193 -0.000469383 0)
(0.105027 -0.000382772 0)
(0.104822 -0.0003082 0)
(0.104727 -0.000263241 0)
(0.104562 -0.000225597 0)
(0.104513 -0.000204204 0)
(0.104369 -0.000192525 0)
(0.104351 -0.000184731 0)
(0.104214 -0.000193445 0)
(0.13263 0.00316306 0)
(0.133853 0.00225871 0)
(0.134872 0.0012766 0)
(0.135715 0.000179834 0)
(0.136248 -0.00103162 0)
(0.136423 -0.00228106 0)
(0.136291 -0.0035217 0)
(0.13578 -0.00470793 0)
(0.134845 -0.00577298 0)
(0.133601 -0.00663539 0)
(0.132133 -0.0072152 0)
(0.130421 -0.0075148 0)
(0.128516 -0.00758976 0)
(0.126561 -0.00744269 0)
(0.124625 -0.00704935 0)
(0.122681 -0.00645244 0)
(0.120723 -0.00575811 0)
(0.11879 -0.00507418 0)
(0.116934 -0.00446287 0)
(0.115187 -0.00390207 0)
(0.113584 -0.00337292 0)
(0.112132 -0.00284261 0)
(0.110852 -0.00233807 0)
(0.109714 -0.00187239 0)
(0.108745 -0.00149062 0)
(0.107902 -0.00116747 0)
(0.107226 -0.000922682 0)
(0.10664 -0.000719551 0)
(0.106197 -0.00057226 0)
(0.105795 -0.000445991 0)
(0.105515 -0.000359619 0)
(0.105229 -0.000281211 0)
(0.105056 -0.000231452 0)
(0.10484 -0.000187056 0)
(0.10474 -0.00016076 0)
(0.104566 -0.000140805 0)
(0.104515 -0.000129169 0)
(0.104362 -0.000127958 0)
(0.104343 -0.00012445 0)
(0.104198 -0.000138405 0)
(0.131951 0.00208337 0)
(0.133117 0.00134435 0)
(0.134069 0.000563309 0)
(0.134827 -0.000303695 0)
(0.13531 -0.00126757 0)
(0.135469 -0.00225297 0)
(0.135326 -0.0032365 0)
(0.134843 -0.00419281 0)
(0.134013 -0.00502228 0)
(0.132888 -0.00565526 0)
(0.1315 -0.00609044 0)
(0.129883 -0.00631406 0)
(0.128126 -0.00628113 0)
(0.126298 -0.00600861 0)
(0.124402 -0.00557396 0)
(0.12245 -0.00504327 0)
(0.120491 -0.0044544 0)
(0.118582 -0.00384398 0)
(0.116764 -0.00325063 0)
(0.115044 -0.00269767 0)
(0.113444 -0.00221067 0)
(0.111979 -0.00178712 0)
(0.110685 -0.0014417 0)
(0.109545 -0.00114853 0)
(0.108591 -0.000911666 0)
(0.107768 -0.000702407 0)
(0.10711 -0.000538294 0)
(0.106533 -0.000396962 0)
(0.106095 -0.00029428 0)
(0.105691 -0.000208665 0)
(0.10541 -0.000154074 0)
(0.105121 -0.000108507 0)
(0.104949 -8.35047e-05 0)
(0.104732 -6.4184e-05 0)
(0.104634 -5.46739e-05 0)
(0.104459 -5.21008e-05 0)
(0.10441 -5.02473e-05 0)
(0.104257 -5.99076e-05 0)
(0.104239 -6.07514e-05 0)
(0.104094 -8.05089e-05 0)
(0.130744 0.00106905 0)
(0.131862 0.000481503 0)
(0.132747 -0.000115562 0)
(0.133399 -0.000757395 0)
(0.133765 -0.00147356 0)
(0.133813 -0.00221067 0)
(0.133556 -0.00294672 0)
(0.132964 -0.00366165 0)
(0.13202 -0.00427529 0)
(0.130772 -0.00473063 0)
(0.129277 -0.00500981 0)
(0.127568 -0.00508071 0)
(0.125695 -0.00493046 0)
(0.123732 -0.00459579 0)
(0.121734 -0.00412234 0)
(0.119735 -0.00354694 0)
(0.117775 -0.00292277 0)
(0.115901 -0.00231663 0)
(0.114146 -0.00178668 0)
(0.112526 -0.00135411 0)
(0.111061 -0.00101221 0)
(0.109756 -0.00073779 0)
(0.108625 -0.000525091 0)
(0.107646 -0.00035062 0)
(0.106833 -0.000220369 0)
(0.106135 -0.00011616 0)
(0.105582 -4.85053e-05 0)
(0.105101 2.63592e-06 0)
(0.104745 3.00929e-05 0)
(0.104414 5.01985e-05 0)
(0.104195 5.61305e-05 0)
(0.10396 5.97684e-05 0)
(0.103832 5.57731e-05 0)
(0.103653 4.90598e-05 0)
(0.103585 4.1679e-05 0)
(0.103438 2.78618e-05 0)
(0.103408 2.04788e-05 0)
(0.103275 1.19428e-06 0)
(0.103267 -3.96784e-06 0)
(0.103141 -2.7328e-05 0)
(0.12511 0.000171641 0)
(0.125983 -0.00021554 0)
(0.126571 -0.000604723 0)
(0.126843 -0.00102604 0)
(0.126745 -0.00149393 0)
(0.126264 -0.00196733 0)
(0.125402 -0.00244021 0)
(0.124141 -0.00290654 0)
(0.122491 -0.0032966 0)
(0.120506 -0.00355787 0)
(0.11826 -0.00368997 0)
(0.115842 -0.00368258 0)
(0.11336 -0.00351059 0)
(0.110912 -0.00318048 0)
(0.108569 -0.00273739 0)
(0.10639 -0.00223035 0)
(0.104435 -0.00170609 0)
(0.102742 -0.00121365 0)
(0.101317 -0.000791617 0)
(0.100138 -0.000453194 0)
(0.0991743 -0.000194967 0)
(0.098397 -6.47977e-06 0)
(0.097782 0.000119865 0)
(0.0972986 0.000200551 0)
(0.0969338 0.000241449 0)
(0.0966495 0.000261112 0)
(0.0964527 0.000260898 0)
(0.0962906 0.000253703 0)
(0.096198 0.000236916 0)
(0.0961025 0.000218316 0)
(0.0960712 0.000195865 0)
(0.0960062 0.000173599 0)
(0.0960097 0.000151515 0)
(0.0959543 0.000128499 0)
(0.0959749 0.000110335 0)
(0.0959187 8.69547e-05 0)
(0.0959443 7.39749e-05 0)
(0.0958837 4.98479e-05 0)
(0.0959032 4.27774e-05 0)
(0.0958421 1.78884e-05 0)
(0.0908285 -0.000568614 0)
(0.0904435 -0.000674844 0)
(0.0897251 -0.000784289 0)
(0.0886411 -0.000924926 0)
(0.0871428 -0.00107684 0)
(0.085239 -0.00121917 0)
(0.0829264 -0.00136417 0)
(0.080191 -0.00149161 0)
(0.0770866 -0.00155813 0)
(0.0737225 -0.00155814 0)
(0.0702231 -0.00149272 0)
(0.0667397 -0.00134598 0)
(0.06345 -0.00112096 0)
(0.0605086 -0.000853287 0)
(0.0580174 -0.000577813 0)
(0.0560324 -0.000316543 0)
(0.0545669 -8.96113e-05 0)
(0.053587 8.61384e-05 0)
(0.0530181 0.000205404 0)
(0.05277 0.000275443 0)
(0.0527551 0.000308832 0)
(0.0529027 0.000316521 0)
(0.0531527 0.000306855 0)
(0.0534631 0.000287264 0)
(0.0537982 0.000262735 0)
(0.0541379 0.0002366 0)
(0.0544661 0.000210268 0)
(0.0547729 0.000185161 0)
(0.055058 0.000161388 0)
(0.0553091 0.00014007 0)
(0.0555422 0.000120586 0)
(0.0557337 0.000103252 0)
(0.0559176 8.80457e-05 0)
(0.0560538 7.39489e-05 0)
(0.0561941 6.24576e-05 0)
(0.0562832 5.05125e-05 0)
(0.0563841 4.26457e-05 0)
(0.0564379 3.14926e-05 0)
(0.0564968 2.75714e-05 0)
(0.0565354 1.56956e-05 0)
)
;

boundaryField
{
    inlet
    {
        type            fixedValue;
        value           uniform (0.1 0 0);
    }
    outlet
    {
        type            zeroGradient;
    }
    lowerWall
    {
        type            noSlip;
    }
    upperWall
    {
        type            noSlip;
    }
    defaultFaces
    {
        type            empty;
    }
}


// ************************************************************************* //
