/*--------------------------------*- C++ -*----------------------------------*\
| =========                 |                                                 |
| \\      /  F ield         | OpenFOAM: The Open Source CFD Toolbox           |
|  \\    /   O peration     | Version:  2112                                  |
|   \\  /    A nd           | Website:  www.openfoam.com                      |
|    \\/     M anipulation  |                                                 |
\*---------------------------------------------------------------------------*/
FoamFile
{
    version     2.0;
    format      ascii;
    arch        "LSB;label=32;scalar=64";
    class       surfaceScalarField;
    location    "0.41";
    object      phi;
}
// * * * * * * * * * * * * * * * * * * * * * * * * * * * * * * * * * * * * * //

dimensions      [0 3 -1 0 0 0 0];

oriented        oriented;

internalField   nonuniform List<scalar> 
3653
(
9.92461e-07
7.5389e-09
9.79306e-07
1.31552e-08
9.63578e-07
1.57281e-08
9.48404e-07
1.51743e-08
9.31247e-07
1.7157e-08
9.15099e-07
1.61475e-08
8.96821e-07
1.82777e-08
8.79425e-07
1.73961e-08
8.60536e-07
1.88893e-08
8.42413e-07
1.81229e-08
8.23285e-07
1.91284e-08
8.04052e-07
1.92328e-08
7.84739e-07
1.9313e-08
7.63553e-07
2.11861e-08
7.44367e-07
1.91862e-08
7.20423e-07
2.39441e-08
6.99903e-07
2.05192e-08
6.7468e-07
2.52237e-08
6.49647e-07
2.50327e-08
6.23136e-07
2.65109e-08
5.92913e-07
3.02232e-08
5.60736e-07
3.21771e-08
5.26729e-07
3.40064e-08
4.86316e-07
4.04137e-08
4.4225e-07
4.40652e-08
3.92356e-07
4.98943e-08
3.34703e-07
5.76532e-08
2.7128e-07
6.3423e-08
2.04143e-07
6.71364e-08
7.2223e-08
1.3192e-07
1.00252e-06
5.01542e-09
1.00669e-06
8.9895e-09
1.00811e-06
1.43113e-08
1.01091e-06
1.23723e-08
1.00995e-06
1.81146e-08
1.01242e-06
1.36741e-08
1.01051e-06
2.01927e-08
1.01129e-06
1.66108e-08
1.0094e-06
2.07789e-08
1.00744e-06
2.00915e-08
1.0049e-06
2.16666e-08
1.00246e-06
2.16689e-08
9.96709e-07
2.50654e-08
9.95105e-07
2.27902e-08
9.859e-07
2.83908e-08
9.82978e-07
2.68662e-08
9.73051e-07
3.04466e-08
9.66654e-07
3.16204e-08
9.53543e-07
3.81438e-08
9.46409e-07
3.36445e-08
9.26645e-07
4.99873e-08
9.17944e-07
4.08787e-08
8.93674e-07
5.82766e-08
8.75751e-07
5.83358e-08
8.4733e-07
7.24866e-08
8.23698e-07
7.35265e-08
7.79687e-07
1.01664e-07
7.49492e-07
9.36183e-08
6.87265e-07
1.29363e-07
1.33356e-07
6.26132e-07
1.001e-06
4.01271e-09
1.00473e-06
5.25992e-09
1.00717e-06
1.18781e-08
1.00982e-06
9.72256e-09
1.01153e-06
1.64045e-08
1.01365e-06
1.15519e-08
1.0152e-06
1.86386e-08
1.01675e-06
1.50651e-08
1.01847e-06
1.90597e-08
1.01889e-06
1.96683e-08
1.02004e-06
2.0517e-08
1.02044e-06
2.12702e-08
1.01916e-06
2.63439e-08
1.02148e-06
2.04668e-08
1.01701e-06
3.28641e-08
1.01946e-06
2.44197e-08
1.01433e-06
3.55756e-08
1.01377e-06
3.21808e-08
1.00909e-06
4.28247e-08
1.00693e-06
3.58038e-08
9.98496e-07
5.84182e-08
9.96012e-07
4.33629e-08
9.85251e-07
6.90375e-08
9.7713e-07
6.64563e-08
9.67338e-07
8.22784e-08
9.53382e-07
8.7483e-08
9.37885e-07
1.1716e-07
9.19744e-07
1.1176e-07
8.96122e-07
1.52986e-07
1.57027e-07
8.7245e-07
1.00051e-06
3.50726e-09
1.00258e-06
3.18938e-09
1.00441e-06
1.00477e-08
1.00654e-06
7.59306e-09
1.00833e-06
1.46096e-08
1.00998e-06
9.90585e-09
1.01143e-06
1.71849e-08
1.01337e-06
1.31256e-08
1.01395e-06
1.84815e-08
1.01669e-06
1.69271e-08
1.01584e-06
2.13645e-08
1.01887e-06
1.82447e-08
1.0175e-06
2.7707e-08
1.0196e-06
1.8371e-08
1.01864e-06
3.38284e-08
1.01928e-06
2.37711e-08
1.01801e-06
3.68519e-08
1.01784e-06
3.23457e-08
1.01612e-06
4.45473e-08
1.01401e-06
3.79099e-08
1.01301e-06
5.9418e-08
1.00826e-06
4.81137e-08
1.00602e-06
7.12851e-08
1.00204e-06
7.04349e-08
9.96287e-07
8.80285e-08
9.91429e-07
9.23417e-08
9.88055e-07
1.20534e-07
9.76282e-07
1.23533e-07
9.7265e-07
1.56617e-07
1.67414e-07
9.62262e-07
1.00078e-06
2.7261e-09
1.00139e-06
2.58338e-09
1.0034e-06
8.03086e-09
1.00472e-06
6.28058e-09
1.00668e-06
1.26436e-08
1.0081e-06
8.48374e-09
1.00957e-06
1.57219e-08
1.01131e-06
1.13834e-08
1.01223e-06
1.75634e-08
1.01436e-06
1.47967e-08
1.01461e-06
2.11164e-08
1.01677e-06
1.60763e-08
1.01655e-06
2.79295e-08
1.01831e-06
1.66132e-08
1.01807e-06
3.40642e-08
1.01898e-06
2.28635e-08
1.01852e-06
3.73142e-08
1.01868e-06
3.21836e-08
1.01801e-06
4.52175e-08
1.01709e-06
3.88268e-08
1.01679e-06
5.97182e-08
1.0143e-06
5.06074e-08
1.01322e-06
7.23641e-08
1.0115e-06
7.21536e-08
1.00888e-06
9.06562e-08
1.00763e-06
9.35889e-08
1.00586e-06
1.22306e-07
1.00493e-06
1.24459e-07
1.00306e-06
1.58491e-07
1.66467e-07
1.004e-06
1.00068e-06
2.04474e-09
1.00105e-06
2.21594e-09
1.00271e-06
6.37459e-09
1.00362e-06
5.36688e-09
1.00569e-06
1.05761e-08
1.00666e-06
7.50809e-09
1.00849e-06
1.38917e-08
1.00987e-06
1.00017e-08
1.01111e-06
1.63258e-08
1.0129e-06
1.30105e-08
1.01402e-06
1.99957e-08
1.01512e-06
1.49785e-08
1.01693e-06
2.61145e-08
1.01683e-06
1.67102e-08
1.0189e-06
3.20007e-08
1.0187e-06
2.30659e-08
1.01979e-06
3.62163e-08
1.01974e-06
3.22412e-08
1.02069e-06
4.4263e-08
1.01942e-06
4.00968e-08
1.02125e-06
5.78887e-08
1.01915e-06
5.27083e-08
1.02022e-06
7.12889e-08
1.01962e-06
7.27526e-08
1.01983e-06
9.04486e-08
1.01927e-06
9.41504e-08
1.02233e-06
1.19244e-07
1.02179e-06
1.25007e-07
1.02637e-06
1.53904e-07
1.63206e-07
1.02963e-06
1.00073e-06
1.31764e-09
1.00085e-06
2.09802e-09
1.00222e-06
5.00435e-09
1.00307e-06
4.50838e-09
1.00478e-06
8.86758e-09
1.00596e-06
6.32974e-09
1.00765e-06
1.22011e-08
1.00907e-06
8.57819e-09
1.01054e-06
1.48576e-08
1.0122e-06
1.13514e-08
1.01365e-06
1.85526e-08
1.01491e-06
1.37112e-08
1.01688e-06
2.41492e-08
1.01721e-06
1.63775e-08
1.0196e-06
2.96078e-08
1.01976e-06
2.29111e-08
1.02144e-06
3.4532e-08
1.02209e-06
3.15914e-08
1.02332e-06
4.30382e-08
1.02351e-06
3.99024e-08
1.02547e-06
5.5929e-08
1.02523e-06
5.29484e-08
1.02696e-06
6.95634e-08
1.02803e-06
7.16795e-08
1.02945e-06
8.90315e-08
1.03155e-06
9.20473e-08
1.03501e-06
1.15786e-07
1.03879e-06
1.21225e-07
1.04487e-06
1.47821e-07
1.56481e-07
1.0516e-06
1.00056e-06
7.55636e-10
1.0007e-06
1.9561e-09
1.00197e-06
3.7379e-09
1.00264e-06
3.8378e-09
1.00449e-06
7.0196e-09
1.0054e-06
5.41993e-09
1.00745e-06
1.01541e-08
1.00859e-06
7.4295e-09
1.01057e-06
1.28833e-08
1.01186e-06
1.00578e-08
1.01407e-06
1.63487e-08
1.01489e-06
1.28885e-08
1.01772e-06
2.13158e-08
1.01795e-06
1.61522e-08
1.02092e-06
2.66319e-08
1.02142e-06
2.24161e-08
1.02381e-06
3.21376e-08
1.02469e-06
3.07117e-08
1.02707e-06
4.0656e-08
1.02765e-06
3.93251e-08
1.03076e-06
5.28221e-08
1.03145e-06
5.22545e-08
1.03452e-06
6.64942e-08
1.03647e-06
6.97268e-08
1.0402e-06
8.53029e-08
1.0428e-06
8.94519e-08
1.04898e-06
1.09608e-07
1.0537e-06
1.16502e-07
1.06228e-06
1.39239e-07
1.48812e-07
1.06995e-06
1.00043e-06
3.21807e-10
1.00074e-06
1.65331e-09
1.00174e-06
2.7355e-09
1.00262e-06
2.95691e-09
1.00421e-06
5.42996e-09
1.00533e-06
4.29906e-09
1.00734e-06
8.14596e-09
1.00856e-06
6.20641e-09
1.01077e-06
1.06753e-08
1.01208e-06
8.74353e-09
1.01454e-06
1.38913e-08
1.01565e-06
1.17819e-08
1.01858e-06
1.83882e-08
1.01937e-06
1.53537e-08
1.02249e-06
2.35168e-08
1.0236e-06
2.13017e-08
1.02635e-06
2.93923e-08
1.02796e-06
2.9098e-08
1.0308e-06
3.78175e-08
1.03231e-06
3.78116e-08
1.036e-06
4.91415e-08
1.03791e-06
5.0338e-08
1.04176e-06
6.2644e-08
1.04506e-06
6.64326e-08
1.04977e-06
8.05903e-08
1.05414e-06
8.50855e-08
1.06113e-06
1.02615e-07
1.0678e-06
1.09828e-07
1.07763e-06
1.2941e-07
1.38867e-07
1.08758e-06
1.00035e-06
-3.12933e-11
1.00069e-06
1.31391e-09
1.00171e-06
1.71868e-09
1.00255e-06
2.11191e-09
1.00423e-06
3.7495e-09
1.00536e-06
3.17265e-09
1.00751e-06
5.99621e-09
1.00881e-06
4.9091e-09
1.01122e-06
8.26246e-09
1.01263e-06
7.33899e-09
1.01536e-06
1.11521e-08
1.01668e-06
1.04689e-08
1.01983e-06
1.52383e-08
1.0211e-06
1.40827e-08
1.0244e-06
2.02183e-08
1.02606e-06
1.9637e-08
1.02929e-06
2.61615e-08
1.03135e-06
2.7036e-08
1.0349e-06
3.4277e-08
1.0371e-06
3.56036e-08
1.04145e-06
4.47934e-08
1.04432e-06
4.74727e-08
1.04913e-06
5.78336e-08
1.05323e-06
6.23301e-08
1.05932e-06
7.45008e-08
1.06461e-06
7.97943e-08
1.07289e-06
9.43353e-08
1.08063e-06
1.02084e-07
1.09165e-06
1.18391e-07
1.28104e-07
1.10242e-06
1.00024e-06
-2.73653e-10
1.00075e-06
8.06547e-10
1.00168e-06
7.87255e-10
1.00272e-06
1.07634e-09
1.00436e-06
2.10735e-09
1.00567e-06
1.85788e-09
1.00787e-06
3.80127e-09
1.00935e-06
3.42449e-09
1.01187e-06
5.74629e-09
1.01354e-06
5.66495e-09
1.01633e-06
8.36075e-09
1.01814e-06
8.66753e-09
1.02125e-06
1.21221e-08
1.02316e-06
1.21751e-08
1.02653e-06
1.68467e-08
1.02881e-06
1.73568e-08
1.03234e-06
2.26328e-08
1.03504e-06
2.43357e-08
1.039e-06
3.03182e-08
1.04203e-06
3.25734e-08
1.0468e-06
4.00275e-08
1.05067e-06
4.35956e-08
1.0561e-06
5.24036e-08
1.06123e-06
5.7204e-08
1.06808e-06
6.76507e-08
1.07455e-06
7.33212e-08
1.08346e-06
8.54318e-08
1.09236e-06
9.31814e-08
1.10399e-06
1.06761e-07
1.16055e-07
1.11604e-06
1.00022e-06
-4.93428e-10
1.00079e-06
2.38725e-10
1.0018e-06
-2.2635e-10
1.00292e-06
-4.7205e-11
1.00466e-06
3.69436e-10
1.00615e-06
3.73787e-10
1.0084e-06
1.54543e-09
1.01014e-06
1.68988e-09
1.01272e-06
3.16621e-09
1.01469e-06
3.6964e-09
1.01757e-06
5.47416e-09
1.01978e-06
6.46078e-09
1.02297e-06
8.92979e-09
1.0254e-06
9.74529e-09
1.02891e-06
1.33361e-08
1.03172e-06
1.45443e-08
1.03559e-06
1.8769e-08
1.03882e-06
2.11008e-08
1.04322e-06
2.59247e-08
1.04697e-06
2.8825e-08
1.05215e-06
3.48402e-08
1.05685e-06
3.88932e-08
1.06293e-06
4.63266e-08
1.06884e-06
5.13007e-08
1.07641e-06
6.00717e-08
1.08374e-06
6.5996e-08
1.09325e-06
7.59161e-08
1.10299e-06
8.3443e-08
1.11513e-06
9.46193e-08
1.03489e-07
1.1277e-06
1.00021e-06
-6.99465e-10
1.00092e-06
-4.75483e-10
1.00202e-06
-1.32843e-09
1.00335e-06
-1.37933e-09
1.00519e-06
-1.46376e-09
1.0069e-06
-1.34232e-09
1.00923e-06
-7.78532e-10
1.01121e-06
-2.95582e-10
1.01383e-06
5.45365e-10
1.01615e-06
1.3799e-09
1.01907e-06
2.55445e-09
1.02172e-06
3.80762e-09
1.02497e-06
5.68345e-09
1.02786e-06
6.85009e-09
1.03154e-06
9.65987e-09
1.03484e-06
1.12491e-08
1.03897e-06
1.46381e-08
1.04277e-06
1.72946e-08
1.04748e-06
2.12203e-08
1.05193e-06
2.4375e-08
1.05744e-06
2.93273e-08
1.06288e-06
3.34496e-08
1.06945e-06
3.97602e-08
1.07611e-06
4.46384e-08
1.08418e-06
5.20048e-08
1.0923e-06
5.78753e-08
1.1022e-06
6.60203e-08
1.11261e-06
7.30329e-08
1.12497e-06
8.22557e-08
9.02278e-08
1.13823e-06
1.00022e-06
-9.1459e-10
1.00105e-06
-1.30708e-09
1.0023e-06
-2.57875e-09
1.00385e-06
-2.9329e-09
1.00582e-06
-3.43482e-09
1.00778e-06
-3.3022e-09
1.01019e-06
-3.18605e-09
1.01247e-06
-2.5744e-09
1.01519e-06
-2.17266e-09
1.01781e-06
-1.24346e-09
1.02087e-06
-5.05077e-10
1.02387e-06
8.01779e-10
1.02728e-06
2.27319e-09
1.03056e-06
3.57773e-09
1.03445e-06
5.76979e-09
1.03816e-06
7.5327e-09
1.04257e-06
1.02312e-08
1.04686e-06
1.30043e-08
1.05189e-06
1.61943e-08
1.05693e-06
1.93325e-08
1.06278e-06
2.34741e-08
1.06882e-06
2.74159e-08
1.07585e-06
3.27276e-08
1.08308e-06
3.74051e-08
1.09154e-06
4.35433e-08
1.10029e-06
4.91316e-08
1.11051e-06
5.58005e-08
1.12147e-06
6.20731e-08
1.13409e-06
6.9634e-08
7.6974e-08
1.14734e-06
1.00034e-06
-1.25367e-09
1.00141e-06
-2.37629e-09
1.00295e-06
-4.12307e-09
1.00481e-06
-4.79118e-09
1.00698e-06
-5.59947e-09
1.00919e-06
-5.51945e-09
1.0117e-06
-5.69409e-09
1.01422e-06
-5.09851e-09
1.01705e-06
-4.99604e-09
1.01996e-06
-4.15329e-09
1.02312e-06
-3.66795e-09
1.02642e-06
-2.49295e-09
1.02999e-06
-1.29884e-09
1.03354e-06
3.04549e-11
1.03763e-06
1.67513e-09
1.04173e-06
3.43661e-09
1.04636e-06
5.60086e-09
1.0511e-06
8.2578e-09
1.0564e-06
1.0895e-08
1.06193e-06
1.38043e-08
1.06809e-06
1.73191e-08
1.07461e-06
2.08889e-08
1.08203e-06
2.53141e-08
1.08978e-06
2.96518e-08
1.09855e-06
3.47705e-08
1.10781e-06
3.98752e-08
1.11825e-06
4.53608e-08
1.12945e-06
5.08678e-08
1.14205e-06
5.70382e-08
6.31381e-08
1.15588e-06
1.0004e-06
-1.65737e-09
1.00183e-06
-3.80737e-09
1.00379e-06
-6.07495e-09
1.00602e-06
-7.02864e-09
1.00841e-06
-7.98913e-09
1.01089e-06
-7.99137e-09
1.01352e-06
-8.32978e-09
1.01629e-06
-7.87201e-09
1.01931e-06
-8.00724e-09
1.02249e-06
-7.33887e-09
1.02585e-06
-7.02569e-09
1.0294e-06
-6.03872e-09
1.03316e-06
-5.06323e-09
1.03707e-06
-3.88117e-09
1.04139e-06
-2.64172e-09
1.04582e-06
-9.90363e-10
1.05067e-06
7.49473e-10
1.05578e-06
3.14791e-09
1.06137e-06
5.30139e-09
1.06732e-06
7.85633e-09
1.07379e-06
1.08457e-08
1.0807e-06
1.39791e-08
1.08841e-06
1.76067e-08
1.09651e-06
2.15492e-08
1.10552e-06
2.57611e-08
1.11518e-06
3.02125e-08
1.12591e-06
3.46296e-08
1.13746e-06
3.93201e-08
1.15009e-06
4.44072e-08
4.98239e-08
1.16341e-06
1.00084e-06
-2.50154e-09
1.00287e-06
-5.83813e-09
1.00529e-06
-8.49186e-09
1.00787e-06
-9.60888e-09
1.01046e-06
-1.05725e-08
1.01315e-06
-1.06856e-08
1.01596e-06
-1.11354e-08
1.01901e-06
-1.09258e-08
1.02226e-06
-1.12575e-08
1.02568e-06
-1.07545e-08
1.02919e-06
-1.05395e-08
1.03294e-06
-9.79108e-09
1.03687e-06
-8.99654e-09
1.041e-06
-8.01049e-09
1.04549e-06
-7.13005e-09
1.05015e-06
-5.64702e-09
1.05514e-06
-4.24204e-09
1.06056e-06
-2.26996e-09
1.06637e-06
-5.10658e-10
1.0726e-06
1.6236e-09
1.07932e-06
4.12563e-09
1.08655e-06
6.74828e-09
1.09449e-06
9.66837e-09
1.10291e-06
1.31327e-08
1.11212e-06
1.65519e-08
1.12206e-06
2.02727e-08
1.13287e-06
2.38135e-08
1.14449e-06
2.76999e-08
1.15725e-06
3.16522e-08
3.59246e-08
1.17115e-06
1.00177e-06
-4.27606e-09
1.00524e-06
-9.30045e-09
1.00848e-06
-1.17302e-08
1.01146e-06
-1.25916e-08
1.01424e-06
-1.33514e-08
1.01724e-06
-1.36848e-08
1.02027e-06
-1.41689e-08
1.02355e-06
-1.42107e-08
1.02686e-06
-1.45655e-08
1.03025e-06
-1.41436e-08
1.03363e-06
-1.39148e-08
1.03721e-06
-1.33737e-08
1.04096e-06
-1.27507e-08
1.04499e-06
-1.20364e-08
1.04926e-06
-1.14046e-08
1.05373e-06
-1.01138e-08
1.05848e-06
-8.99008e-09
1.06373e-06
-7.52589e-09
1.06946e-06
-6.23993e-09
1.07556e-06
-4.47138e-09
1.08214e-06
-2.45813e-09
1.08924e-06
-3.48166e-10
1.097e-06
1.91047e-09
1.10537e-06
4.75986e-09
1.11462e-06
7.29767e-09
1.12475e-06
1.01454e-08
1.13576e-06
1.28092e-08
1.14748e-06
1.5972e-08
1.16008e-06
1.90598e-08
2.25397e-08
1.17346e-06
1.00298e-06
-7.25367e-09
1.00684e-06
-1.31589e-08
1.0097e-06
-1.45912e-08
1.01189e-06
-1.47802e-08
1.01373e-06
-1.51944e-08
1.0155e-06
-1.5459e-08
1.01701e-06
-1.56741e-08
1.0185e-06
-1.57053e-08
1.01959e-06
-1.56488e-08
1.02054e-06
-1.50943e-08
1.0214e-06
-1.47745e-08
1.02237e-06
-1.43486e-08
1.0234e-06
-1.37784e-08
1.0245e-06
-1.31421e-08
1.02568e-06
-1.25806e-08
1.02727e-06
-1.17037e-08
1.02923e-06
-1.09524e-08
1.03165e-06
-9.94347e-09
1.03429e-06
-8.88069e-09
1.0374e-06
-7.58516e-09
1.04138e-06
-6.42844e-09
1.0462e-06
-5.17108e-09
1.05186e-06
-3.75128e-09
1.05843e-06
-1.80782e-09
1.06576e-06
-3.23046e-11
1.07418e-06
1.72605e-09
1.08372e-06
3.26822e-09
1.09475e-06
4.94035e-09
1.10726e-06
6.54668e-09
8.33375e-09
1.12147e-06
9.92746e-07
9.79587e-07
9.64996e-07
9.50216e-07
9.35022e-07
9.19563e-07
9.03889e-07
8.88183e-07
8.72534e-07
8.5744e-07
8.42666e-07
8.28317e-07
8.14539e-07
8.01397e-07
7.88816e-07
7.77112e-07
7.6616e-07
7.56216e-07
7.47336e-07
7.3975e-07
7.33322e-07
7.28151e-07
7.244e-07
7.22592e-07
7.2256e-07
7.24286e-07
7.27554e-07
7.32494e-07
7.39041e-07
7.47375e-07
2.49394e-07
-1.17473e-07
3.45103e-07
-9.57095e-08
4.32477e-07
-8.73741e-08
4.94037e-07
-6.15595e-08
5.54486e-07
-6.04491e-08
6.06155e-07
-5.1669e-08
6.51501e-07
-4.53463e-08
7.09249e-07
-5.77481e-08
7.68084e-07
-5.88347e-08
-1.12177e-07
8.80261e-07
6.85516e-07
-1.76857e-07
7.42652e-07
-1.52845e-07
7.80542e-07
-1.25264e-07
8.13085e-07
-9.41024e-08
8.51175e-07
-9.85385e-08
8.91545e-07
-9.20393e-08
9.23169e-07
-7.69703e-08
9.42717e-07
-7.72958e-08
1.00793e-06
-1.24046e-07
-1.38266e-07
1.03402e-06
8.76096e-07
-1.80502e-07
8.92808e-07
-1.69558e-07
9.03949e-07
-1.36405e-07
9.25734e-07
-1.15888e-07
9.26925e-07
-9.97294e-08
9.61271e-07
-1.26386e-07
9.74079e-07
-8.97774e-08
9.95305e-07
-9.85226e-08
1.0091e-06
-1.3784e-07
-1.87109e-07
1.05794e-06
9.57248e-07
-1.75487e-07
9.55025e-07
-1.67336e-07
9.60277e-07
-1.41657e-07
9.72738e-07
-1.28349e-07
9.79735e-07
-1.06727e-07
9.8629e-07
-1.32941e-07
1.0111e-06
-1.14587e-07
1.02712e-06
-1.1454e-07
1.02979e-06
-1.40514e-07
-2.02762e-07
1.04544e-06
9.9698e-07
-1.68464e-07
9.94734e-07
-1.6509e-07
9.89074e-07
-1.35997e-07
9.98004e-07
-1.37279e-07
1.00266e-06
-1.11385e-07
1.00559e-06
-1.35871e-07
1.01551e-06
-1.24503e-07
1.03517e-06
-1.342e-07
1.04105e-06
-1.4639e-07
-2.11319e-07
1.0496e-06
1.02264e-06
-1.61469e-07
1.01536e-06
-1.57811e-07
1.01557e-06
-1.36207e-07
1.01795e-06
-1.39656e-07
1.02377e-06
-1.17204e-07
1.02392e-06
-1.36029e-07
1.03107e-06
-1.31646e-07
1.04097e-06
-1.441e-07
1.04404e-06
-1.49466e-07
-2.10351e-07
1.04307e-06
1.04377e-06
-1.5364e-07
1.03897e-06
-1.53013e-07
1.03493e-06
-1.32167e-07
1.03332e-06
-1.38041e-07
1.03646e-06
-1.20348e-07
1.03687e-06
-1.36439e-07
1.03853e-06
-1.33309e-07
1.04494e-06
-1.50503e-07
1.04758e-06
-1.52111e-07
-2.06113e-07
1.04334e-06
1.06305e-06
-1.46743e-07
1.05535e-06
-1.45314e-07
1.05226e-06
-1.29073e-07
1.04879e-06
-1.34573e-07
1.04988e-06
-1.21433e-07
1.048e-06
-1.34564e-07
1.04715e-06
-1.32461e-07
1.04699e-06
-1.50334e-07
1.04839e-06
-1.5352e-07
-1.98169e-07
1.04045e-06
1.07924e-06
-1.38406e-07
1.07171e-06
-1.37788e-07
1.06672e-06
-1.24077e-07
1.06145e-06
-1.29304e-07
1.05939e-06
-1.19376e-07
1.05597e-06
-1.31148e-07
1.05258e-06
-1.29068e-07
1.04979e-06
-1.47542e-07
1.04788e-06
-1.51613e-07
-1.87341e-07
1.03706e-06
1.09385e-06
-1.29843e-07
1.08496e-06
-1.28897e-07
1.07887e-06
-1.17984e-07
1.07235e-06
-1.22787e-07
1.06812e-06
-1.15142e-07
1.0624e-06
-1.25424e-07
1.05778e-06
-1.24457e-07
1.05146e-06
-1.41222e-07
1.0459e-06
-1.46047e-07
-1.75415e-07
1.03397e-06
1.10639e-06
-1.202e-07
1.09694e-06
-1.1944e-07
1.08945e-06
-1.10494e-07
1.08134e-06
-1.1468e-07
1.07519e-06
-1.08991e-07
1.06786e-06
-1.18091e-07
1.06088e-06
-1.17477e-07
1.05216e-06
-1.32506e-07
1.04448e-06
-1.38366e-07
-1.62606e-07
1.03167e-06
1.11739e-06
-1.09884e-07
1.10697e-06
-1.09025e-07
1.09828e-06
-1.01806e-07
1.08891e-06
-1.05307e-07
1.081e-06
-1.01081e-07
1.07175e-06
-1.0884e-07
1.06342e-06
-1.09152e-07
1.05301e-06
-1.22088e-07
1.04259e-06
-1.27949e-07
-1.48241e-07
1.02822e-06
1.12709e-06
-9.87466e-08
1.11593e-06
-9.78638e-08
1.10607e-06
-9.19481e-08
1.09553e-06
-9.47596e-08
1.08612e-06
-9.16768e-08
1.07538e-06
-9.80981e-08
1.06512e-06
-9.88894e-08
1.05315e-06
-1.10121e-07
1.04109e-06
-1.15891e-07
-1.32886e-07
1.02574e-06
1.13552e-06
-8.69288e-08
1.12357e-06
-8.59072e-08
1.11267e-06
-8.10473e-08
1.10101e-06
-8.31034e-08
1.0902e-06
-8.08612e-08
1.07826e-06
-8.61584e-08
1.0667e-06
-8.73301e-08
1.05334e-06
-9.67665e-08
1.03961e-06
-1.02155e-07
-1.16456e-07
1.02318e-06
1.14335e-06
-7.43968e-08
1.13072e-06
-7.32748e-08
1.1189e-06
-6.92315e-08
1.10635e-06
-7.05479e-08
1.09434e-06
-6.88568e-08
1.0812e-06
-7.30103e-08
1.06819e-06
-7.43186e-08
1.05363e-06
-8.22135e-08
1.03862e-06
-8.71448e-08
-9.89363e-08
1.0211e-06
1.15029e-06
-6.1281e-08
1.13692e-06
-5.99019e-08
1.12423e-06
-5.65401e-08
1.11081e-06
-5.71298e-08
1.0978e-06
-5.58441e-08
1.08374e-06
-5.8955e-08
1.06971e-06
-6.02914e-08
1.05411e-06
-6.66073e-08
1.03796e-06
-7.09977e-08
-8.05519e-08
1.01958e-06
1.15721e-06
-4.73376e-08
1.14309e-06
-4.57829e-08
1.12954e-06
-4.2997e-08
1.1152e-06
-4.27881e-08
1.10109e-06
-4.17356e-08
1.08585e-06
-4.37168e-08
1.07053e-06
-4.49657e-08
1.05366e-06
-4.9734e-08
1.03626e-06
-5.36023e-08
-6.09618e-08
1.01667e-06
1.15792e-06
-3.17958e-08
1.14221e-06
-3.0073e-08
1.12713e-06
-2.79204e-08
1.11142e-06
-2.70744e-08
1.09599e-06
-2.63098e-08
1.07951e-06
-2.72319e-08
1.0629e-06
-2.83584e-08
1.04469e-06
-3.15193e-08
1.02581e-06
-3.47305e-08
-3.98486e-08
1.0047e-06
1.1032e-06
-1.35319e-08
1.08544e-06
-1.23131e-08
1.06843e-06
-1.09091e-08
1.05131e-06
-9.95523e-09
1.03452e-06
-9.51274e-09
1.01714e-06
-9.85808e-09
9.99559e-07
-1.0774e-08
9.80566e-07
-1.25265e-08
9.60535e-07
-1.46994e-08
-1.74246e-08
9.38111e-07
7.33843e-07
7.2153e-07
7.1062e-07
7.00665e-07
6.91152e-07
6.81294e-07
6.7052e-07
6.57994e-07
6.43294e-07
6.2587e-07
1.1239e-07
-1.1239e-07
1.16485e-07
-4.09487e-09
9.72815e-08
1.92037e-08
4.87455e-08
4.85361e-08
-1.70271e-07
2.19016e-07
-4.58844e-07
2.88573e-07
-7.00111e-07
2.41266e-07
-8.71672e-07
1.71562e-07
-9.59565e-07
8.78927e-08
-9.78968e-07
1.94027e-08
-9.41957e-07
-3.7011e-08
-8.7043e-07
-7.15268e-08
-7.73922e-07
-9.65078e-08
-6.63888e-07
-1.10034e-07
-5.40036e-07
-1.23852e-07
-4.07386e-07
-1.32651e-07
-2.68665e-07
-1.38721e-07
-1.22338e-07
-1.46327e-07
1.33043e-08
-1.35642e-07
1.35324e-07
-1.22019e-07
2.34989e-07
-9.96654e-08
3.11566e-07
-7.65775e-08
3.67119e-07
-5.55526e-08
4.05857e-07
-3.87379e-08
4.31783e-07
-2.59262e-08
4.4801e-07
-1.62273e-08
4.56064e-07
-8.05396e-09
4.56648e-07
-5.8377e-10
4.50067e-07
6.58086e-09
4.37026e-07
1.30409e-08
4.18839e-07
1.81879e-08
3.98001e-07
2.08373e-08
3.76719e-07
2.12818e-08
3.57276e-07
1.94435e-08
3.40572e-07
1.67039e-08
3.274e-07
1.31722e-08
3.17089e-07
1.03104e-08
3.09718e-07
7.37148e-09
3.03909e-07
5.8086e-09
3.97452e-09
8.74809e-08
-1.99871e-07
1.34942e-07
-5.15561e-08
5.30217e-08
1.01124e-07
-1.88199e-07
2.89757e-07
-4.48639e-07
4.79456e-07
-6.5089e-07
4.90825e-07
-8.04951e-07
3.95327e-07
-9.08772e-07
2.75383e-07
-9.50845e-07
1.29966e-07
-9.38278e-07
6.83522e-09
-8.79115e-07
-9.61736e-08
-7.9191e-07
-1.58732e-07
-6.84538e-07
-2.0388e-07
-5.71566e-07
-2.23006e-07
-4.4839e-07
-2.47028e-07
-3.15575e-07
-2.65466e-07
-1.74774e-07
-2.79523e-07
-3.04546e-08
-2.90646e-07
1.08066e-07
-2.74163e-07
2.33293e-07
-2.47246e-07
3.39482e-07
-2.05854e-07
4.24769e-07
-1.61864e-07
4.90363e-07
-1.21147e-07
5.40197e-07
-8.85721e-08
5.78526e-07
-6.42551e-08
6.08771e-07
-4.64724e-08
6.32729e-07
-3.20118e-08
6.5209e-07
-1.9945e-08
6.67231e-07
-8.56072e-09
6.7836e-07
1.9125e-09
6.84419e-07
1.21281e-08
6.85461e-07
1.97958e-08
6.81699e-07
2.50443e-08
6.74948e-07
2.6194e-08
6.66751e-07
2.49015e-08
6.5888e-07
2.1043e-08
6.51962e-07
1.72278e-08
6.46562e-07
1.27714e-08
6.42163e-07
1.02077e-08
7.14055e-09
-8.03165e-09
-1.9184e-07
-8.62592e-08
2.66714e-08
-1.74385e-07
1.89249e-07
-3.26522e-07
4.41894e-07
-4.57847e-07
6.10781e-07
-5.6343e-07
5.96408e-07
-6.50941e-07
4.82838e-07
-7.08467e-07
3.32909e-07
-7.25484e-07
1.46982e-07
-6.98392e-07
-2.0257e-08
-6.33111e-07
-1.61455e-07
-5.47417e-07
-2.44426e-07
-4.49257e-07
-3.02039e-07
-3.44884e-07
-3.27379e-07
-2.40722e-07
-3.5119e-07
-1.27376e-07
-3.78812e-07
-7.71716e-09
-3.99182e-07
1.09858e-07
-4.08222e-07
2.26648e-07
-3.90952e-07
3.29736e-07
-3.50334e-07
4.16842e-07
-2.9296e-07
4.87676e-07
-2.32698e-07
5.425e-07
-1.7597e-07
5.83646e-07
-1.29719e-07
6.15626e-07
-9.62351e-08
6.42279e-07
-7.31253e-08
6.64619e-07
-5.43521e-08
6.83347e-07
-3.86721e-08
6.99742e-07
-2.49564e-08
7.15524e-07
-1.38694e-08
7.30785e-07
-3.13298e-09
7.4406e-07
6.52069e-09
7.53623e-07
1.54815e-08
7.58516e-07
2.13016e-08
7.59391e-07
2.40257e-08
7.57373e-07
2.30611e-08
7.54218e-07
2.03833e-08
7.51061e-07
1.59281e-08
7.48364e-07
1.2905e-08
8.4232e-09
-1.03099e-08
-1.8153e-07
-8.92514e-08
1.05613e-07
-1.54243e-07
2.54241e-07
-2.68869e-07
5.56519e-07
-3.51334e-07
6.93247e-07
-3.98706e-07
6.4378e-07
-4.36192e-07
5.20324e-07
-4.62875e-07
3.59592e-07
-4.66674e-07
1.50781e-07
-4.38288e-07
-4.86435e-08
-3.79754e-07
-2.19988e-07
-2.99401e-07
-3.24779e-07
-2.12804e-07
-3.88637e-07
-1.20738e-07
-4.19444e-07
-2.27498e-08
-4.49178e-07
7.80049e-08
-4.79566e-07
1.77655e-07
-4.98832e-07
2.72495e-07
-5.03061e-07
3.63555e-07
-4.82013e-07
4.43082e-07
-4.29861e-07
5.05538e-07
-3.55416e-07
5.54124e-07
-2.81285e-07
5.93329e-07
-2.15175e-07
6.23001e-07
-1.5939e-07
6.45032e-07
-1.18266e-07
6.64316e-07
-9.24094e-08
6.83042e-07
-7.30776e-08
6.99422e-07
-5.50528e-08
7.11686e-07
-3.72201e-08
7.21166e-07
-2.33494e-08
7.30824e-07
-1.27911e-08
7.42225e-07
-4.88008e-09
7.547e-07
3.0064e-09
7.65988e-07
1.00132e-08
7.74428e-07
1.55862e-08
7.79177e-07
1.83115e-08
7.80485e-07
1.90759e-08
7.79907e-07
1.65063e-08
7.77749e-07
1.50627e-08
9.98796e-09
-7.76686e-09
-1.73763e-07
-1.34504e-07
2.3235e-07
-1.5384e-07
2.73577e-07
-1.48229e-07
5.50908e-07
-1.38658e-07
6.83676e-07
-1.39959e-07
6.45081e-07
-1.56715e-07
5.3708e-07
-1.66021e-07
3.68899e-07
-1.57991e-07
1.42751e-07
-1.30394e-07
-7.62401e-08
-8.64284e-08
-2.63954e-07
-2.74593e-08
-3.83748e-07
3.76555e-08
-4.53752e-07
1.12722e-07
-4.9451e-07
1.94887e-07
-5.31344e-07
2.80949e-07
-5.65628e-07
3.6696e-07
-5.84843e-07
4.38351e-07
-5.74453e-07
4.93803e-07
-5.37465e-07
5.43109e-07
-4.79167e-07
5.83041e-07
-3.95347e-07
6.08537e-07
-3.06782e-07
6.28189e-07
-2.34827e-07
6.46633e-07
-1.77833e-07
6.60745e-07
-1.32379e-07
6.71267e-07
-1.02932e-07
6.83355e-07
-8.51652e-08
6.98505e-07
-7.02033e-08
7.12486e-07
-5.12008e-08
7.21208e-07
-3.20716e-08
7.25088e-07
-1.66704e-08
7.27843e-07
-7.6351e-09
7.32892e-07
-2.04262e-09
7.41059e-07
1.84612e-09
7.51075e-07
5.56957e-09
7.61009e-07
8.37759e-09
7.69172e-07
1.09127e-08
7.74957e-07
1.07214e-08
7.78534e-07
1.14862e-08
8.50989e-09
-9.98832e-08
-7.38797e-08
-9.94618e-08
2.31929e-07
-1.68886e-08
1.91004e-07
4.51811e-09
5.29501e-07
3.61319e-08
6.52063e-07
7.18172e-08
6.09396e-07
1.02633e-07
5.06264e-07
1.36662e-07
3.34869e-07
1.67668e-07
1.11745e-07
2.02295e-07
-1.10866e-07
2.34371e-07
-2.9603e-07
2.67927e-07
-4.17303e-07
3.08205e-07
-4.9403e-07
3.60902e-07
-5.47207e-07
4.24624e-07
-5.95066e-07
4.91908e-07
-6.32912e-07
5.54465e-07
-6.474e-07
6.04878e-07
-6.24865e-07
6.27522e-07
-5.60109e-07
6.32627e-07
-4.84272e-07
6.41723e-07
-4.04443e-07
6.49867e-07
-3.14926e-07
6.52847e-07
-2.37807e-07
6.59032e-07
-1.84018e-07
6.69437e-07
-1.42784e-07
6.77798e-07
-1.11292e-07
6.83486e-07
-9.08527e-08
6.91596e-07
-7.83138e-08
7.03732e-07
-6.3337e-08
7.15456e-07
-4.37955e-08
7.21611e-07
-2.28256e-08
7.21727e-07
-7.75075e-09
7.19537e-07
1.47279e-10
7.19224e-07
2.15917e-09
7.23187e-07
1.60607e-09
7.30833e-07
7.32368e-10
7.41328e-07
4.17446e-10
7.5132e-07
7.29487e-10
7.61646e-07
1.15966e-09
1.84207e-09
-2.29952e-07
1.56072e-07
-8.25796e-08
8.45564e-08
3.09853e-08
7.74391e-08
2.32201e-07
3.28285e-07
3.33449e-07
5.50815e-07
3.9411e-07
5.48735e-07
4.37134e-07
4.6324e-07
4.77824e-07
2.94179e-07
5.07477e-07
8.20925e-08
5.26484e-07
-1.29874e-07
5.29683e-07
-2.9923e-07
5.31056e-07
-4.18676e-07
5.46316e-07
-5.09291e-07
5.79777e-07
-5.80669e-07
6.23694e-07
-6.38982e-07
6.67328e-07
-6.76546e-07
6.96503e-07
-6.76575e-07
7.12765e-07
-6.41128e-07
7.16692e-07
-5.64036e-07
6.99425e-07
-4.67005e-07
6.78604e-07
-3.83622e-07
6.71469e-07
-3.07791e-07
6.70448e-07
-2.36786e-07
6.70962e-07
-1.84532e-07
6.76669e-07
-1.48491e-07
6.85535e-07
-1.20158e-07
6.91641e-07
-9.6959e-08
6.94826e-07
-8.14982e-08
6.99637e-07
-6.8148e-08
7.08253e-07
-5.24114e-08
7.1749e-07
-3.20635e-08
7.22976e-07
-1.32362e-08
7.23412e-07
-2.89096e-10
7.20809e-07
4.76234e-09
7.19307e-07
3.10779e-09
7.19868e-07
1.71523e-10
7.25468e-07
-5.18234e-09
7.3235e-07
-6.15263e-09
7.42896e-07
-9.38663e-09
-7.59193e-09
6.53182e-07
3.83151e-07
4.4478e-07
2.92959e-07
2.8407e-07
2.3815e-07
3.33817e-07
2.78538e-07
4.90087e-07
3.94545e-07
6.22681e-07
4.16141e-07
7.18492e-07
3.67429e-07
7.8211e-07
2.30561e-07
8.15251e-07
4.89516e-08
8.18385e-07
-1.33008e-07
8.03754e-07
-2.84599e-07
7.90711e-07
-4.05632e-07
7.981e-07
-5.1668e-07
8.25756e-07
-6.08325e-07
8.50757e-07
-6.63984e-07
8.59378e-07
-6.85166e-07
8.49481e-07
-6.66678e-07
8.17818e-07
-6.09465e-07
7.82378e-07
-5.28596e-07
7.52426e-07
-4.37053e-07
7.23864e-07
-3.55059e-07
7.07709e-07
-2.91636e-07
7.09077e-07
-2.38154e-07
7.18735e-07
-1.9419e-07
7.29698e-07
-1.59454e-07
7.39821e-07
-1.30281e-07
7.46714e-07
-1.03853e-07
7.49033e-07
-8.38171e-08
7.48935e-07
-6.80497e-08
7.50556e-07
-5.40329e-08
7.55971e-07
-3.74782e-08
7.6377e-07
-2.10352e-08
7.71744e-07
-8.26271e-09
7.76975e-07
-4.69155e-10
7.80385e-07
-3.02232e-10
7.80684e-07
-1.27822e-10
7.81457e-07
-5.95515e-09
7.81889e-07
-6.58472e-09
7.84157e-07
-1.16548e-08
-1.23163e-08
1.01162e-06
4.05548e-07
9.45138e-07
3.5944e-07
8.31473e-07
3.51814e-07
7.48143e-07
3.61868e-07
7.52182e-07
3.90506e-07
8.15227e-07
3.53096e-07
8.9452e-07
2.88135e-07
9.56416e-07
1.68666e-07
9.90776e-07
1.45919e-08
1.00595e-06
-1.48185e-07
1.00947e-06
-2.88121e-07
1.01124e-06
-4.074e-07
1.01552e-06
-5.20959e-07
1.0177e-06
-6.10507e-07
1.00801e-06
-6.54291e-07
9.74317e-07
-6.51471e-07
9.21401e-07
-6.13763e-07
8.62909e-07
-5.50972e-07
8.08121e-07
-4.73809e-07
7.68177e-07
-3.97109e-07
7.44338e-07
-3.31221e-07
7.30904e-07
-2.78203e-07
7.27289e-07
-2.34539e-07
7.34083e-07
-2.00984e-07
7.48198e-07
-1.73569e-07
7.63074e-07
-1.45157e-07
7.72272e-07
-1.13051e-07
7.74484e-07
-8.60293e-08
7.73263e-07
-6.68283e-08
7.72773e-07
-5.35423e-08
7.74776e-07
-3.94815e-08
7.78646e-07
-2.49049e-08
7.84222e-07
-1.38391e-08
7.90655e-07
-6.90258e-09
7.9833e-07
-7.97627e-09
8.05502e-07
-7.29996e-09
8.1051e-07
-1.09639e-08
8.13475e-07
-9.54958e-09
8.12789e-07
-1.09687e-08
-1.13466e-08
1.08617e-06
3.7732e-07
1.08181e-06
3.63804e-07
1.07894e-06
3.54682e-07
1.08452e-06
3.56284e-07
1.10173e-06
3.733e-07
1.12856e-06
3.26261e-07
1.16804e-06
2.48664e-07
1.20502e-06
1.31686e-07
1.22779e-06
-8.18496e-09
1.23471e-06
-1.55102e-07
1.23627e-06
-2.89681e-07
1.23016e-06
-4.01291e-07
1.20062e-06
-4.91423e-07
1.14788e-06
-5.57767e-07
1.07799e-06
-5.84397e-07
9.99951e-07
-5.73432e-07
9.21798e-07
-5.35609e-07
8.55208e-07
-4.84382e-07
8.12449e-07
-4.3105e-07
7.90761e-07
-3.75421e-07
7.82356e-07
-3.22816e-07
7.82718e-07
-2.78565e-07
7.8433e-07
-2.3615e-07
7.80718e-07
-1.97372e-07
7.76219e-07
-1.6907e-07
7.77977e-07
-1.46915e-07
7.83598e-07
-1.18673e-07
7.8583e-07
-8.82608e-08
7.83909e-07
-6.49073e-08
7.83712e-07
-5.33459e-08
7.8916e-07
-4.49296e-08
7.97908e-07
-3.36525e-08
8.04332e-07
-2.02628e-08
8.0629e-07
-8.86115e-09
8.04676e-07
-6.3618e-09
8.04147e-07
-6.77161e-09
8.05983e-07
-1.27992e-08
8.10132e-07
-1.36994e-08
8.1624e-07
-1.70762e-08
-1.40742e-08
1.08715e-06
3.35616e-07
1.11761e-06
3.33344e-07
1.14412e-06
3.28173e-07
1.1818e-06
3.18598e-07
1.23415e-06
3.2095e-07
1.27829e-06
2.82128e-07
1.31552e-06
2.11431e-07
1.34544e-06
1.01768e-07
1.36475e-06
-2.75017e-08
1.35486e-06
-1.45209e-07
1.3293e-06
-2.64116e-07
1.30417e-06
-3.76163e-07
1.25337e-06
-4.40624e-07
1.17104e-06
-4.75435e-07
1.08246e-06
-4.95819e-07
1.00043e-06
-4.91401e-07
9.35971e-07
-4.71153e-07
8.90417e-07
-4.38828e-07
8.57577e-07
-3.98209e-07
8.36889e-07
-3.54733e-07
8.23444e-07
-3.09371e-07
8.1452e-07
-2.69641e-07
8.12997e-07
-2.34627e-07
8.12492e-07
-1.96868e-07
8.03481e-07
-1.60058e-07
7.90126e-07
-1.3356e-07
7.82796e-07
-1.11342e-07
7.82204e-07
-8.76686e-08
7.81832e-07
-6.45352e-08
7.80517e-07
-5.20313e-08
7.82832e-07
-4.72447e-08
7.92181e-07
-4.30017e-08
8.04035e-07
-3.21166e-08
8.10844e-07
-1.56701e-08
8.08984e-07
-4.50207e-09
7.98966e-07
3.24685e-09
7.8994e-07
-3.77296e-09
7.82752e-07
-6.5115e-09
7.83917e-07
-1.82415e-08
-2.03448e-08
1.08547e-06
2.99749e-07
1.11767e-06
3.01146e-07
1.14835e-06
2.9749e-07
1.19074e-06
2.7621e-07
1.25087e-06
2.60815e-07
1.30487e-06
2.28129e-07
1.35038e-06
1.65927e-07
1.37828e-06
7.38681e-08
1.37894e-06
-2.81618e-08
1.35901e-06
-1.25283e-07
1.32566e-06
-2.30763e-07
1.28093e-06
-3.31433e-07
1.22777e-06
-3.87465e-07
1.15878e-06
-4.06447e-07
1.08845e-06
-4.25487e-07
1.02956e-06
-4.32517e-07
9.77611e-07
-4.19202e-07
9.36775e-07
-3.97992e-07
9.04827e-07
-3.66262e-07
8.76733e-07
-3.26638e-07
8.53667e-07
-2.86305e-07
8.32425e-07
-2.48399e-07
8.1304e-07
-2.15242e-07
8.01693e-07
-1.85521e-07
7.96618e-07
-1.54984e-07
7.9044e-07
-1.27382e-07
7.83664e-07
-1.04567e-07
7.82328e-07
-8.63322e-08
7.86666e-07
-6.88729e-08
7.90745e-07
-5.61102e-08
7.91117e-07
-4.76173e-08
7.8978e-07
-4.16645e-08
7.91413e-07
-3.37495e-08
7.94881e-07
-1.91384e-08
7.98905e-07
-8.52564e-09
7.98368e-07
3.78371e-09
7.94651e-07
-5.5836e-11
7.89352e-07
-1.21296e-09
7.82814e-07
-1.17028e-08
-1.90869e-08
1.08056e-06
2.62262e-07
1.1127e-06
2.69008e-07
1.14367e-06
2.66519e-07
1.18243e-06
2.37445e-07
1.23455e-06
2.08698e-07
1.28391e-06
1.78776e-07
1.3236e-06
1.26233e-07
1.34344e-06
5.40243e-08
1.33646e-06
-2.11761e-08
1.31753e-06
-1.06354e-07
1.29211e-06
-2.05344e-07
1.24777e-06
-2.87095e-07
1.19424e-06
-3.33933e-07
1.14188e-06
-3.54086e-07
1.08519e-06
-3.68794e-07
1.0333e-06
-3.80633e-07
9.87638e-07
-3.73537e-07
9.42614e-07
-3.52968e-07
9.04664e-07
-3.28312e-07
8.7522e-07
-2.97194e-07
8.5286e-07
-2.63946e-07
8.38617e-07
-2.34155e-07
8.27652e-07
-2.04277e-07
8.16249e-07
-1.74118e-07
8.08501e-07
-1.47236e-07
8.0699e-07
-1.25871e-07
8.0818e-07
-1.05757e-07
8.08619e-07
-8.67712e-08
8.09116e-07
-6.93707e-08
8.10302e-07
-5.72961e-08
8.1032e-07
-4.76353e-08
8.06585e-07
-3.79295e-08
7.99882e-07
-2.70459e-08
7.94176e-07
-1.34325e-08
7.922e-07
-6.55003e-09
7.96259e-07
-2.7488e-10
8.02422e-07
-6.21913e-09
8.09758e-07
-8.54911e-09
8.14396e-07
-1.63404e-08
-1.86881e-08
1.07458e-06
2.31025e-07
1.10453e-06
2.39061e-07
1.1372e-06
2.3385e-07
1.17182e-06
2.02825e-07
1.21254e-06
1.67978e-07
1.25383e-06
1.3748e-07
1.28227e-06
9.77927e-08
1.29444e-06
4.18538e-08
1.29596e-06
-2.26898e-08
1.28545e-06
-9.58455e-08
1.25851e-06
-1.78409e-07
1.21807e-06
-2.46652e-07
1.17302e-06
-2.88882e-07
1.13108e-06
-3.12142e-07
1.08534e-06
-3.23059e-07
1.03622e-06
-3.31508e-07
9.96413e-07
-3.33735e-07
9.62225e-07
-3.18779e-07
9.2935e-07
-2.95437e-07
9.04273e-07
-2.72117e-07
8.85083e-07
-2.44756e-07
8.67412e-07
-2.16484e-07
8.54264e-07
-1.91129e-07
8.45585e-07
-1.6544e-07
8.36708e-07
-1.38359e-07
8.27958e-07
-1.1712e-07
8.23529e-07
-1.01327e-07
8.22767e-07
-8.60097e-08
8.20341e-07
-6.69447e-08
8.14175e-07
-5.11294e-08
8.0726e-07
-4.07212e-08
8.04332e-07
-3.50012e-08
8.05139e-07
-2.78526e-08
8.08041e-07
-1.63342e-08
8.09255e-07
-7.76471e-09
8.08134e-07
8.46426e-10
8.06837e-07
-4.9221e-09
8.04906e-07
-6.61859e-09
8.06981e-07
-1.84154e-08
-2.1211e-08
1.0675e-06
2.03973e-07
1.09771e-06
2.08851e-07
1.13044e-06
2.01124e-07
1.16058e-06
1.7268e-07
1.19137e-06
1.37196e-07
1.22129e-06
1.07557e-07
1.2428e-06
7.62816e-08
1.2536e-06
3.10589e-08
1.25869e-06
-2.77891e-08
1.25394e-06
-9.10864e-08
1.22951e-06
-1.53982e-07
1.19336e-06
-2.10507e-07
1.15528e-06
-2.50794e-07
1.11744e-06
-2.74306e-07
1.08123e-06
-2.86852e-07
1.042e-06
-2.92276e-07
1.00241e-06
-2.94144e-07
9.70439e-07
-2.86807e-07
9.4153e-07
-2.66528e-07
9.14138e-07
-2.44725e-07
8.94246e-07
-2.24864e-07
8.78313e-07
-2.00551e-07
8.61395e-07
-1.74211e-07
8.48103e-07
-1.52147e-07
8.41105e-07
-1.31362e-07
8.34538e-07
-1.10553e-07
8.25171e-07
-9.19602e-08
8.16737e-07
-7.75758e-08
8.12585e-07
-6.27928e-08
8.09812e-07
-4.83563e-08
8.05731e-07
-3.66397e-08
8.01012e-07
-3.02826e-08
8.00135e-07
-2.69757e-08
8.0383e-07
-2.00293e-08
8.09605e-07
-1.35393e-08
8.12511e-07
-2.05917e-09
8.08987e-07
-1.39862e-09
8.01762e-07
6.06935e-10
7.90632e-07
-7.28584e-09
-1.5001e-08
1.06156e-06
1.79465e-07
1.09074e-06
1.79671e-07
1.12107e-06
1.70797e-07
1.14805e-06
1.45702e-07
1.17133e-06
1.13915e-07
1.1935e-06
8.53908e-08
1.21226e-06
5.75141e-08
1.2226e-06
2.0722e-08
1.22551e-06
-3.06967e-08
1.22152e-06
-8.70944e-08
1.20421e-06
-1.36678e-07
1.1743e-06
-1.80595e-07
1.14063e-06
-2.17125e-07
1.1068e-06
-2.4048e-07
1.07506e-06
-2.5511e-07
1.04472e-06
-2.6194e-07
1.00986e-06
-2.59282e-07
9.76192e-07
-2.53137e-07
9.52486e-07
-2.42821e-07
9.31833e-07
-2.24072e-07
9.09394e-07
-2.02425e-07
8.9106e-07
-1.82217e-07
8.77462e-07
-1.60613e-07
8.64456e-07
-1.39141e-07
8.53523e-07
-1.20428e-07
8.46714e-07
-1.03744e-07
8.40572e-07
-8.58181e-08
8.32135e-07
-6.91383e-08
8.2457e-07
-5.52276e-08
8.21647e-07
-4.54338e-08
8.22197e-07
-3.71899e-08
8.21438e-07
-2.95233e-08
8.16781e-07
-2.23182e-08
8.10724e-07
-1.39729e-08
8.06125e-07
-8.94048e-09
8.06545e-07
-2.47866e-09
8.09347e-07
-4.20039e-09
8.14023e-07
-4.06925e-09
8.16606e-07
-9.86954e-09
-1.29372e-08
1.05743e-06
1.56006e-07
1.08382e-06
1.53281e-07
1.11116e-06
1.43458e-07
1.13472e-06
1.2214e-07
1.15324e-06
9.53995e-08
1.17012e-06
6.85101e-08
1.18632e-06
4.13139e-08
1.19783e-06
9.20938e-09
1.19923e-06
-3.20997e-08
1.19181e-06
-7.96754e-08
1.17908e-06
-1.2394e-07
1.15765e-06
-1.59172e-07
1.12887e-06
-1.88343e-07
1.0998e-06
-2.11404e-07
1.0703e-06
-2.25614e-07
1.04124e-06
-2.32881e-07
1.01492e-06
-2.3296e-07
9.87677e-07
-2.25893e-07
9.60859e-07
-2.16004e-07
9.39331e-07
-2.02544e-07
9.20309e-07
-1.83403e-07
9.01724e-07
-1.63631e-07
8.8732e-07
-1.4621e-07
8.76761e-07
-1.28582e-07
8.65354e-07
-1.09021e-07
8.5282e-07
-9.1211e-08
8.43136e-07
-7.6134e-08
8.3732e-07
-6.33225e-08
8.32924e-07
-5.0831e-08
8.27764e-07
-4.02742e-08
8.22231e-07
-3.16567e-08
8.17385e-07
-2.46779e-08
8.1348e-07
-1.8413e-08
8.10719e-07
-1.12121e-08
8.08313e-07
-6.53392e-09
8.07514e-07
-1.67978e-09
8.06304e-07
-2.99011e-09
8.05491e-07
-3.25655e-09
8.03382e-07
-7.76049e-09
-9.88665e-09
1.05281e-06
1.34861e-07
1.07617e-06
1.2992e-07
1.10005e-06
1.19587e-07
1.12108e-06
1.01109e-07
1.13841e-06
7.80656e-08
1.15222e-06
5.46981e-08
1.16411e-06
2.94304e-08
1.17445e-06
-1.13631e-09
1.17747e-06
-3.51211e-08
1.16982e-06
-7.20171e-08
1.15628e-06
-1.10407e-07
1.13994e-06
-1.42832e-07
1.11824e-06
-1.66639e-07
1.09306e-06
-1.86226e-07
1.06765e-06
-2.00209e-07
1.04097e-06
-2.06196e-07
1.01548e-06
-2.07468e-07
9.93436e-07
-2.03853e-07
9.70765e-07
-1.93332e-07
9.47823e-07
-1.79602e-07
9.29712e-07
-1.65292e-07
9.15128e-07
-1.49047e-07
8.9967e-07
-1.30752e-07
8.84343e-07
-1.13255e-07
8.72112e-07
-9.679e-08
8.62436e-07
-8.15349e-08
8.53574e-07
-6.7272e-08
8.45465e-07
-5.52136e-08
8.38731e-07
-4.40975e-08
8.32644e-07
-3.41862e-08
8.26389e-07
-2.54024e-08
8.20172e-07
-1.84605e-08
8.15389e-07
-1.36302e-08
8.13098e-07
-8.92094e-09
8.12745e-07
-6.18083e-09
8.13356e-07
-2.29047e-09
8.12389e-07
-2.02316e-09
8.10386e-07
-1.25358e-09
8.05831e-07
-3.20602e-09
-5.67251e-09
1.04834e-06
1.14744e-07
1.06977e-06
1.08494e-07
1.09066e-06
9.86933e-08
1.10892e-06
8.2846e-08
1.1241e-06
6.28841e-08
1.13694e-06
4.18614e-08
1.14717e-06
1.92019e-08
1.15336e-06
-7.32213e-09
1.1558e-06
-3.75688e-08
1.15238e-06
-6.85906e-08
1.14036e-06
-9.83856e-08
1.12399e-06
-1.26465e-07
1.10699e-06
-1.49643e-07
1.08654e-06
-1.6577e-07
1.06367e-06
-1.77345e-07
1.04193e-06
-1.84455e-07
1.01952e-06
-1.85057e-07
9.96501e-07
-1.80834e-07
9.76352e-07
-1.73183e-07
9.58274e-07
-1.61524e-07
9.39915e-07
-1.46933e-07
9.22574e-07
-1.31706e-07
9.07532e-07
-1.1571e-07
8.93924e-07
-9.96472e-08
8.81551e-07
-8.4417e-08
8.70907e-07
-7.08909e-08
8.61323e-07
-5.7688e-08
8.51708e-07
-4.5598e-08
8.42506e-07
-3.48955e-08
8.3515e-07
-2.68303e-08
8.29969e-07
-2.02214e-08
8.26036e-07
-1.45281e-08
8.21751e-07
-9.34537e-09
8.17276e-07
-4.44558e-09
8.12603e-07
-1.50816e-09
8.09399e-07
9.1429e-10
8.06908e-07
4.67842e-10
8.05447e-07
2.07124e-10
8.039e-07
-1.65899e-09
-3.21465e-09
1.04426e-06
9.62234e-08
1.06312e-06
8.96295e-08
1.08176e-06
8.00575e-08
1.0983e-06
6.63075e-08
1.11172e-06
4.946e-08
1.1229e-06
3.06834e-08
1.13209e-06
1.00155e-08
1.13746e-06
-1.26947e-08
1.1379e-06
-3.80113e-08
1.13425e-06
-6.49349e-08
1.1264e-06
-9.05352e-08
1.11318e-06
-1.13248e-07
1.09673e-06
-1.33188e-07
1.07966e-06
-1.4871e-07
1.06094e-06
-1.58621e-07
1.04074e-06
-1.64253e-07
1.02126e-06
-1.65582e-07
1.00211e-06
-1.61684e-07
9.82726e-07
-1.53797e-07
9.64648e-07
-1.43446e-07
9.47936e-07
-1.3022e-07
9.31537e-07
-1.15308e-07
9.16165e-07
-1.00337e-07
9.02608e-07
-8.60904e-08
8.89875e-07
-7.1684e-08
8.7719e-07
-5.82064e-08
8.65557e-07
-4.60549e-08
8.56041e-07
-3.60819e-08
8.48217e-07
-2.7071e-08
8.40833e-07
-1.94462e-08
8.33384e-07
-1.27723e-08
8.26461e-07
-7.60564e-09
8.2084e-07
-3.72421e-09
8.17039e-07
-6.44499e-10
8.1428e-07
1.25071e-09
8.12244e-07
2.95071e-09
8.09592e-07
3.11997e-09
8.0688e-07
2.91901e-09
8.03162e-07
2.0585e-09
1.20202e-10
1.04046e-06
7.89369e-08
1.05779e-06
7.22992e-08
1.07428e-06
6.35657e-08
1.08889e-06
5.1702e-08
1.10129e-06
3.70552e-08
1.11117e-06
2.08071e-08
1.11845e-06
2.73725e-09
1.12315e-06
-1.73988e-08
1.1241e-06
-3.89594e-08
1.12021e-06
-6.10473e-08
1.11282e-06
-8.31467e-08
1.10278e-06
-1.03198e-07
1.08931e-06
-1.19726e-07
1.0737e-06
-1.33096e-07
1.05782e-06
-1.42737e-07
1.04096e-06
-1.47395e-07
1.023e-06
-1.47625e-07
1.00566e-06
-1.44338e-07
9.88819e-07
-1.3696e-07
9.71524e-07
-1.26151e-07
9.5468e-07
-1.13376e-07
9.39114e-07
-9.97418e-08
9.24032e-07
-8.52553e-08
9.09053e-07
-7.11117e-08
8.95128e-07
-5.77592e-08
8.82858e-07
-4.59364e-08
8.71691e-07
-3.48883e-08
8.61058e-07
-2.54488e-08
8.51126e-07
-1.71387e-08
8.42525e-07
-1.08457e-08
8.35266e-07
-5.51286e-09
8.29174e-07
-1.51336e-09
8.2358e-07
1.86969e-09
8.18679e-07
4.25617e-09
8.14111e-07
5.81874e-09
8.10562e-07
6.49996e-09
8.07393e-07
6.28864e-09
8.04909e-07
5.40346e-09
8.02435e-07
4.53253e-09
2.78844e-09
1.03711e-06
6.29279e-08
1.05275e-06
5.66555e-08
1.06765e-06
4.86701e-08
1.0809e-06
3.84506e-08
1.09191e-06
2.60517e-08
1.10079e-06
1.192e-08
1.10733e-06
-3.80043e-09
1.1108e-06
-2.08679e-08
1.11118e-06
-3.93448e-08
1.10855e-06
-5.8413e-08
1.10221e-06
-7.68108e-08
1.09284e-06
-9.38287e-08
1.08191e-06
-1.08793e-07
1.0692e-06
-1.20388e-07
1.05468e-06
-1.28214e-07
1.03983e-06
-1.3254e-07
1.02489e-06
-1.32688e-07
1.00899e-06
-1.28441e-07
9.92574e-07
-1.20542e-07
9.76455e-07
-1.10032e-07
9.60363e-07
-9.72846e-08
9.44076e-07
-8.3454e-08
9.28234e-07
-6.9414e-08
9.1331e-07
-5.61878e-08
8.99099e-07
-4.35478e-08
8.85511e-07
-3.23483e-08
8.72936e-07
-2.23128e-08
8.6168e-07
-1.41934e-08
8.51703e-07
-7.16118e-09
8.42793e-07
-1.9359e-09
8.34723e-07
2.55742e-09
8.27677e-07
5.53238e-09
8.21624e-07
7.92275e-09
8.16797e-07
9.08296e-09
8.12718e-07
9.89796e-09
8.09492e-07
9.72596e-09
8.06278e-07
9.50206e-09
8.03476e-07
8.20582e-09
8.00383e-07
7.62596e-09
5.54886e-09
1.03447e-06
4.80313e-08
1.04889e-06
4.22351e-08
1.06237e-06
3.51951e-08
1.07431e-06
2.65072e-08
1.08432e-06
1.60428e-08
1.09209e-06
4.15143e-09
1.09758e-06
-9.28774e-09
1.10062e-06
-2.39109e-08
1.10076e-06
-3.94876e-08
1.09788e-06
-5.55275e-08
1.09244e-06
-7.13719e-08
1.08464e-06
-8.60266e-08
1.07461e-06
-9.87635e-08
1.06324e-06
-1.09018e-07
1.05099e-06
-1.15974e-07
1.03757e-06
-1.19113e-07
1.02319e-06
-1.18306e-07
1.00827e-06
-1.13528e-07
9.92583e-07
-1.04852e-07
9.75956e-07
-9.34059e-08
9.58962e-07
-8.02908e-08
9.4205e-07
-6.6542e-08
9.25382e-07
-5.2746e-08
9.09186e-07
-3.99916e-08
8.93917e-07
-2.82792e-08
8.79863e-07
-1.82944e-08
8.66986e-07
-9.43495e-09
8.55306e-07
-2.51325e-09
8.44825e-07
3.31896e-09
8.35755e-07
7.13452e-09
8.27929e-07
1.03829e-08
8.21362e-07
1.20993e-08
8.15639e-07
1.3646e-08
8.10933e-07
1.37894e-08
8.0681e-07
1.40212e-08
8.03588e-07
1.29472e-08
8.00753e-07
1.23376e-08
7.98488e-07
1.04704e-08
7.96336e-07
9.77818e-09
7.6661e-09
1.03075e-06
3.39481e-08
1.04416e-06
2.88267e-08
1.0565e-06
2.28534e-08
1.06733e-06
1.56853e-08
1.07627e-06
7.1006e-09
1.0832e-06
-2.78384e-09
1.08781e-06
-1.38919e-08
1.08995e-06
-2.60559e-08
1.08947e-06
-3.90086e-08
1.08638e-06
-5.24344e-08
1.08069e-06
-6.56811e-08
1.0727e-06
-7.80339e-08
1.06293e-06
-8.89948e-08
1.05158e-06
-9.76693e-08
1.03863e-06
-1.03023e-07
1.02439e-06
-1.04871e-07
1.00904e-06
-1.0296e-07
9.92276e-07
-9.67626e-08
9.74266e-07
-8.68423e-08
9.55499e-07
-7.4639e-08
9.36323e-07
-6.11148e-08
9.17108e-07
-4.73276e-08
8.98609e-07
-3.42464e-08
8.81303e-07
-2.26857e-08
8.65451e-07
-1.24278e-08
8.51167e-07
-4.00961e-09
8.38509e-07
3.22223e-09
8.27496e-07
8.50009e-09
8.1819e-07
1.26246e-08
8.10345e-07
1.49802e-08
8.03824e-07
1.69034e-08
7.98522e-07
1.74017e-08
7.94281e-07
1.7887e-08
7.91095e-07
1.69752e-08
7.88638e-07
1.64786e-08
7.86918e-07
1.46667e-08
7.85448e-07
1.38083e-08
7.84342e-07
1.15759e-08
7.83201e-07
1.09196e-08
8.65445e-09
1.01877e-06
1.98799e-08
1.0317e-06
1.58993e-08
1.04324e-06
1.13112e-08
1.05306e-06
5.86805e-09
1.0607e-06
-5.42166e-10
1.06614e-06
-8.22867e-09
1.06905e-06
-1.6798e-08
1.0691e-06
-2.61088e-08
1.06617e-06
-3.60716e-08
1.06015e-06
-4.64232e-08
1.05118e-06
-5.67051e-08
1.03937e-06
-6.62285e-08
1.02498e-06
-7.4597e-08
1.00836e-06
-8.10526e-08
9.89673e-07
-8.43376e-08
9.68895e-07
-8.40925e-08
9.46371e-07
-8.04361e-08
9.22473e-07
-7.28649e-08
8.97785e-07
-6.2154e-08
8.73076e-07
-4.99304e-08
8.49307e-07
-3.73453e-08
8.27178e-07
-2.51992e-08
8.07188e-07
-1.42556e-08
7.89695e-07
-5.19284e-09
7.74984e-07
2.28337e-09
7.62921e-07
8.0534e-09
7.53409e-07
1.27336e-08
7.46085e-07
1.58245e-08
7.40774e-07
1.79353e-08
7.37189e-07
1.85656e-08
7.35142e-07
1.89505e-08
7.34242e-07
1.83015e-08
7.34272e-07
1.78573e-08
7.34916e-07
1.63313e-08
7.36085e-07
1.53091e-08
7.37516e-07
1.32362e-08
7.39205e-07
1.21192e-08
7.40833e-07
9.94801e-09
7.4252e-07
9.23214e-09
7.3257e-09
9.51925e-07
6.06571e-09
9.639e-07
3.92463e-09
9.73829e-07
1.38243e-09
9.81358e-07
-1.66088e-09
9.86097e-07
-5.28148e-09
9.87396e-07
-9.52778e-09
9.84916e-07
-1.43177e-08
9.7833e-07
-1.95232e-08
9.67333e-07
-2.50746e-08
9.51738e-07
-3.0828e-08
9.31565e-07
-3.6532e-08
9.07078e-07
-4.17414e-08
8.78588e-07
-4.61074e-08
8.46674e-07
-4.91383e-08
8.12308e-07
-4.99716e-08
7.76253e-07
-4.80375e-08
7.39161e-07
-4.33438e-08
7.02442e-07
-3.61457e-08
6.67602e-07
-2.73141e-08
6.35801e-07
-1.81302e-08
6.08109e-07
-9.65297e-09
5.8535e-07
-2.44054e-09
5.67876e-07
3.21865e-09
5.5538e-07
7.30354e-09
5.4754e-07
1.01235e-08
5.43695e-07
1.18979e-08
5.43383e-07
1.30453e-08
5.4571e-07
1.34984e-08
5.50146e-07
1.34993e-08
5.55817e-07
1.28943e-08
5.62588e-07
1.21793e-08
5.69744e-07
1.11457e-08
5.77353e-07
1.02482e-08
5.84662e-07
9.02266e-09
5.919e-07
8.07025e-09
5.98354e-07
6.78264e-09
6.04475e-07
5.99796e-09
6.09645e-07
4.77865e-09
6.14516e-07
4.36045e-09
3.33415e-09
6.31935e-07
6.3586e-07
6.37242e-07
6.35582e-07
6.303e-07
6.20772e-07
6.06455e-07
5.86931e-07
5.61857e-07
5.31029e-07
4.94497e-07
4.52755e-07
4.06648e-07
3.5751e-07
3.07538e-07
2.595e-07
2.16157e-07
1.80011e-07
1.52697e-07
1.34567e-07
1.24914e-07
1.22473e-07
1.25692e-07
1.32995e-07
1.43119e-07
1.55017e-07
1.68062e-07
1.8156e-07
1.9506e-07
2.07954e-07
2.20133e-07
2.31279e-07
2.41527e-07
2.5055e-07
2.5862e-07
2.65403e-07
2.71401e-07
2.76179e-07
2.8054e-07
)
;

boundaryField
{
    inlet
    {
        type            calculated;
        value           nonuniform List<scalar> 
20
(
-1e-06
-1e-06
-1e-06
-1e-06
-1e-06
-1e-06
-1e-06
-1e-06
-1e-06
-1e-06
-1e-06
-1e-06
-1e-06
-1e-06
-1e-06
-1e-06
-1e-06
-1e-06
-1e-06
-1e-06
)
;
    }
    outlet
    {
        type            calculated;
        value           nonuniform List<scalar> 
27
(
7.88882e-07
8.1182e-07
8.18967e-07
7.90188e-07
7.81556e-07
8.13997e-07
8.09504e-07
7.84422e-07
8.14543e-07
8.00331e-07
8.01617e-07
8.01442e-07
7.99827e-07
7.99766e-07
7.97622e-07
7.94219e-07
7.82212e-07
7.43849e-07
6.18508e-07
2.83874e-07
2.99935e-07
6.38997e-07
7.47081e-07
7.76184e-07
7.80012e-07
7.68314e-07
7.5233e-07
)
;
    }
    lowerWall
    {
        type            calculated;
        value           uniform 0;
    }
    upperWall
    {
        type            calculated;
        value           uniform 0;
    }
    defaultFaces
    {
        type            empty;
        value           nonuniform List<scalar> 0();
    }
}


// ************************************************************************* //
