/*--------------------------------*- C++ -*----------------------------------*\
| =========                 |                                                 |
| \\      /  F ield         | OpenFOAM: The Open Source CFD Toolbox           |
|  \\    /   O peration     | Version:  2112                                  |
|   \\  /    A nd           | Website:  www.openfoam.com                      |
|    \\/     M anipulation  |                                                 |
\*---------------------------------------------------------------------------*/
FoamFile
{
    version     2.0;
    format      ascii;
    arch        "LSB;label=32;scalar=64";
    class       volVectorField;
    location    "0.41";
    object      U;
}
// * * * * * * * * * * * * * * * * * * * * * * * * * * * * * * * * * * * * * //

dimensions      [0 1 -1 0 0 0 0];

internalField   nonuniform List<vector> 
1880
(
(0.0989027 0.000580171 0)
(0.098543 0.00119563 0)
(0.0971613 0.00126891 0)
(0.0959937 0.00138474 0)
(0.0939588 0.00131322 0)
(0.0925292 0.00144191 0)
(0.090407 0.00134869 0)
(0.0890029 0.00151933 0)
(0.0867799 0.00133993 0)
(0.0853748 0.00151001 0)
(0.0830865 0.00130049 0)
(0.081583 0.00154342 0)
(0.0792279 0.00129152 0)
(0.0776402 0.00152666 0)
(0.0751717 0.00132152 0)
(0.0735287 0.00158623 0)
(0.0706743 0.0014196 0)
(0.0692342 0.00159547 0)
(0.065605 0.0015423 0)
(0.0644874 0.00172196 0)
(0.0599152 0.0018284 0)
(0.0587783 0.00200806 0)
(0.0533845 0.00196352 0)
(0.051854 0.00248404 0)
(0.0455412 0.00236805 0)
(0.0428944 0.00341679 0)
(0.0357333 0.00294408 0)
(0.0308067 0.00388955 0)
(0.0241347 0.00351714 0)
(0.0159468 0.00288347 0)
(0.0996621 0.000774836 0)
(0.100594 0.00130333 0)
(0.100414 0.00179933 0)
(0.101049 0.00159375 0)
(0.10117 0.00205606 0)
(0.100951 0.001725 0)
(0.101618 0.00224662 0)
(0.100536 0.00191137 0)
(0.101691 0.00239112 0)
(0.100175 0.00207809 0)
(0.10125 0.00247587 0)
(0.0998028 0.00227134 0)
(0.100501 0.00251321 0)
(0.0990673 0.00268151 0)
(0.0996753 0.00246336 0)
(0.0977783 0.00316406 0)
(0.0984812 0.00263306 0)
(0.0964909 0.00339565 0)
(0.0964218 0.00340672 0)
(0.0946994 0.00352594 0)
(0.0942018 0.0041505 0)
(0.091356 0.00435961 0)
(0.0921807 0.00476999 0)
(0.0865247 0.0055333 0)
(0.088646 0.00636937 0)
(0.0810585 0.00655259 0)
(0.0831605 0.00844198 0)
(0.0732769 0.00894924 0)
(0.0764056 0.0100345 0)
(0.0608597 0.011981 0)
(0.100067 0.000317938 0)
(0.0999907 0.000580604 0)
(0.100716 0.00113556 0)
(0.100495 0.000935868 0)
(0.101415 0.00162844 0)
(0.100934 0.00105841 0)
(0.101876 0.0018453 0)
(0.101246 0.00144869 0)
(0.102119 0.00181086 0)
(0.10154 0.00197203 0)
(0.102225 0.00190298 0)
(0.101757 0.00208796 0)
(0.102253 0.00254837 0)
(0.10166 0.00188847 0)
(0.102495 0.00324914 0)
(0.101058 0.00222653 0)
(0.102567 0.00347503 0)
(0.100588 0.00294743 0)
(0.10181 0.00420017 0)
(0.100333 0.00316074 0)
(0.100765 0.00580244 0)
(0.0990729 0.00374122 0)
(0.100201 0.00679385 0)
(0.096618 0.0060066 0)
(0.099068 0.00796945 0)
(0.0943231 0.00794717 0)
(0.0963937 0.0117303 0)
(0.0912809 0.00948574 0)
(0.0930176 0.0154937 0)
(0.0859316 0.0141566 0)
(0.100012 0.000441021 0)
(0.099967 0.000419718 0)
(0.100514 0.0011721 0)
(0.100184 0.000957798 0)
(0.101049 0.00159696 0)
(0.100562 0.00121405 0)
(0.101412 0.00183275 0)
(0.10099 0.0015291 0)
(0.101608 0.00195434 0)
(0.101292 0.00192665 0)
(0.101908 0.00215968 0)
(0.101391 0.00212968 0)
(0.102198 0.0026829 0)
(0.101445 0.00216374 0)
(0.102356 0.00329343 0)
(0.101448 0.00260705 0)
(0.102322 0.00361347 0)
(0.101322 0.00342542 0)
(0.102223 0.0043266 0)
(0.100981 0.00394916 0)
(0.101823 0.00580487 0)
(0.100739 0.00488081 0)
(0.101092 0.00691924 0)
(0.0998594 0.0071958 0)
(0.100886 0.00841013 0)
(0.0981998 0.00943944 0)
(0.100259 0.0115158 0)
(0.0973944 0.0127183 0)
(0.098075 0.0148961 0)
(0.0960662 0.0170249 0)
(0.0999943 0.000289641 0)
(0.100048 0.0002462 0)
(0.1003 0.000879764 0)
(0.100256 0.000593598 0)
(0.10065 0.00136648 0)
(0.10059 0.000797258 0)
(0.101002 0.00164427 0)
(0.10097 0.00112467 0)
(0.101251 0.0017761 0)
(0.101264 0.00148743 0)
(0.101516 0.00214056 0)
(0.101512 0.00154936 0)
(0.101679 0.00288057 0)
(0.101756 0.00154138 0)
(0.101797 0.00348429 0)
(0.101903 0.00218032 0)
(0.101793 0.00375832 0)
(0.101974 0.00308267 0)
(0.101757 0.00457404 0)
(0.101808 0.00365385 0)
(0.10164 0.00607972 0)
(0.101711 0.00475984 0)
(0.101264 0.00732412 0)
(0.101361 0.00694029 0)
(0.101063 0.00911861 0)
(0.100851 0.00903052 0)
(0.100784 0.012533 0)
(0.100655 0.0119369 0)
(0.100371 0.0162892 0)
(0.10039 0.0163939 0)
(0.100035 0.000244661 0)
(0.0999842 0.000256617 0)
(0.100309 0.000700142 0)
(0.100165 0.000638035 0)
(0.100536 0.00112983 0)
(0.10052 0.000874502 0)
(0.100764 0.00147051 0)
(0.100967 0.00112657 0)
(0.100989 0.00171126 0)
(0.101241 0.00144323 0)
(0.101341 0.00206038 0)
(0.101456 0.00163728 0)
(0.10154 0.00268504 0)
(0.101806 0.00175484 0)
(0.101622 0.00330745 0)
(0.102072 0.002367 0)
(0.101721 0.00367552 0)
(0.102166 0.00332349 0)
(0.10191 0.00443128 0)
(0.102099 0.00408346 0)
(0.101901 0.00582383 0)
(0.102262 0.00531196 0)
(0.101782 0.0071196 0)
(0.102111 0.00741176 0)
(0.102024 0.00897648 0)
(0.101905 0.00963428 0)
(0.10213 0.0118683 0)
(0.102358 0.0128563 0)
(0.102197 0.015429 0)
(0.102785 0.0167822 0)
(0.100017 0.000170804 0)
(0.100021 0.00019494 0)
(0.100234 0.000588233 0)
(0.100177 0.000448237 0)
(0.10043 0.00100051 0)
(0.100465 0.000642452 0)
(0.100664 0.00132429 0)
(0.100895 0.000891493 0)
(0.100888 0.00156877 0)
(0.101225 0.00117728 0)
(0.101223 0.00195169 0)
(0.1015 0.00137456 0)
(0.101472 0.00254957 0)
(0.101854 0.00160179 0)
(0.101667 0.00310119 0)
(0.102169 0.00226052 0)
(0.101832 0.00356544 0)
(0.102413 0.00313995 0)
(0.102117 0.00440921 0)
(0.102468 0.00394753 0)
(0.102302 0.0057322 0)
(0.1028 0.00524041 0)
(0.10239 0.00710177 0)
(0.102988 0.00716018 0)
(0.102766 0.00908327 0)
(0.103217 0.00918868 0)
(0.103247 0.0119302 0)
(0.103905 0.0121802 0)
(0.10393 0.0152738 0)
(0.104915 0.0159178 0)
(0.100054 9.25986e-05 0)
(0.0999711 0.000225552 0)
(0.100236 0.000410173 0)
(0.100143 0.000445648 0)
(0.100386 0.000764142 0)
(0.100448 0.000611436 0)
(0.100593 0.00110488 0)
(0.100878 0.000810596 0)
(0.100863 0.00139127 0)
(0.101181 0.00107965 0)
(0.101272 0.00174416 0)
(0.101473 0.00135532 0)
(0.101558 0.00226128 0)
(0.101897 0.00166057 0)
(0.101809 0.00280115 0)
(0.10227 0.00230178 0)
(0.102093 0.00332432 0)
(0.102592 0.00315519 0)
(0.102497 0.00417546 0)
(0.102811 0.00400332 0)
(0.102822 0.00543021 0)
(0.103285 0.00531516 0)
(0.10318 0.00678584 0)
(0.103659 0.00713782 0)
(0.103789 0.00868913 0)
(0.104255 0.00918086 0)
(0.104504 0.0112194 0)
(0.105278 0.0120127 0)
(0.105627 0.0143487 0)
(0.106571 0.0154079 0)
(0.100045 5.89039e-05 0)
(0.0999772 0.000168467 0)
(0.10021 0.000336057 0)
(0.100144 0.000323824 0)
(0.100369 0.000634695 0)
(0.10043 0.000475869 0)
(0.100588 0.000920847 0)
(0.100863 0.000679247 0)
(0.100871 0.00118282 0)
(0.1012 0.000933894 0)
(0.101311 0.00152553 0)
(0.101521 0.00122058 0)
(0.10167 0.0020002 0)
(0.101963 0.00156766 0)
(0.102016 0.0025163 0)
(0.102405 0.00218242 0)
(0.102368 0.00308983 0)
(0.102854 0.0029828 0)
(0.102876 0.00394206 0)
(0.103204 0.00385131 0)
(0.10335 0.0051173 0)
(0.103834 0.00512357 0)
(0.103903 0.00648816 0)
(0.104437 0.00679323 0)
(0.104702 0.00834746 0)
(0.105303 0.00870369 0)
(0.105704 0.0106753 0)
(0.106556 0.0113216 0)
(0.107129 0.0134998 0)
(0.108205 0.0143953 0)
(0.100052 6.23853e-06 0)
(0.0999717 0.000160535 0)
(0.100191 0.000212531 0)
(0.100155 0.00026442 0)
(0.100352 0.000450959 0)
(0.100445 0.00037949 0)
(0.1006 0.000705593 0)
(0.100863 0.000558349 0)
(0.100939 0.000946728 0)
(0.101207 0.00081253 0)
(0.10142 0.00124458 0)
(0.101583 0.00113163 0)
(0.101807 0.00166893 0)
(0.10209 0.00149378 0)
(0.102229 0.00217968 0)
(0.10258 0.00206458 0)
(0.102687 0.00277808 0)
(0.103123 0.00282401 0)
(0.103293 0.00360611 0)
(0.103609 0.00369476 0)
(0.1039 0.00469343 0)
(0.104377 0.00492351 0)
(0.104643 0.0060246 0)
(0.105168 0.00647229 0)
(0.105607 0.00775671 0)
(0.106281 0.00829259 0)
(0.106833 0.00985903 0)
(0.107732 0.0106506 0)
(0.108522 0.0124176 0)
(0.109607 0.0134257 0)
(0.100044 -1.29674e-05 0)
(0.0999783 0.000102504 0)
(0.100173 0.000129787 0)
(0.100172 0.000156709 0)
(0.100356 0.000295675 0)
(0.100471 0.000251821 0)
(0.100635 0.000489415 0)
(0.100899 0.000418388 0)
(0.101011 0.000700579 0)
(0.10127 0.000648523 0)
(0.101531 0.000978324 0)
(0.101688 0.000955106 0)
(0.10197 0.00136837 0)
(0.102245 0.00131568 0)
(0.102462 0.00185141 0)
(0.102803 0.00185304 0)
(0.102997 0.0024425 0)
(0.103442 0.002568 0)
(0.103707 0.0032355 0)
(0.104036 0.00341082 0)
(0.104441 0.0042463 0)
(0.104944 0.00455673 0)
(0.105331 0.00552262 0)
(0.105908 0.00597764 0)
(0.106456 0.00712818 0)
(0.107197 0.00766594 0)
(0.107892 0.00901236 0)
(0.108818 0.00978946 0)
(0.109751 0.0112878 0)
(0.110899 0.0122322 0)
(0.100038 -4.18887e-05 0)
(0.0999902 5.72718e-05 0)
(0.100158 2.8632e-05 0)
(0.100199 6.03086e-05 0)
(0.10037 0.000128786 0)
(0.100511 0.000123398 0)
(0.100695 0.000275086 0)
(0.100947 0.00027203 0)
(0.101115 0.000453997 0)
(0.101352 0.000490723 0)
(0.101662 0.0006995 0)
(0.101829 0.000783587 0)
(0.102136 0.00106237 0)
(0.102442 0.00112174 0)
(0.102706 0.0015237 0)
(0.103045 0.00161975 0)
(0.103333 0.00208535 0)
(0.103773 0.00229879 0)
(0.104127 0.00282581 0)
(0.104478 0.00310121 0)
(0.104968 0.00375642 0)
(0.105508 0.00415485 0)
(0.105999 0.00495372 0)
(0.106613 0.0054573 0)
(0.107262 0.00640601 0)
(0.108057 0.00700897 0)
(0.10886 0.0080969 0)
(0.109812 0.00887674 0)
(0.110857 0.0101016 0)
(0.112038 0.0110286 0)
(0.10003 -5.87701e-05 0)
(0.100005 -1.12352e-05 0)
(0.100155 -7.58417e-05 0)
(0.100235 -7.05543e-05 0)
(0.100407 -5.75235e-05 0)
(0.100576 -5.16213e-05 0)
(0.100777 2.80739e-05 0)
(0.101036 5.94116e-05 0)
(0.101237 0.000170618 0)
(0.101477 0.000239728 0)
(0.101815 0.000384989 0)
(0.102 0.000498802 0)
(0.10233 0.000712473 0)
(0.102667 0.000816157 0)
(0.102964 0.00113177 0)
(0.103323 0.00127616 0)
(0.103672 0.0016555 0)
(0.104126 0.00190724 0)
(0.10455 0.00234433 0)
(0.104927 0.00265144 0)
(0.105484 0.00319598 0)
(0.106073 0.00360969 0)
(0.106631 0.00429851 0)
(0.107292 0.00479163 0)
(0.108024 0.00560161 0)
(0.108856 0.00619599 0)
(0.109753 0.00709523 0)
(0.11073 0.00782967 0)
(0.111841 0.00884731 0)
(0.113062 0.00969 0)
(0.100023 -8.03397e-05 0)
(0.10002 -8.16594e-05 0)
(0.100157 -0.00018414 0)
(0.100273 -0.000198483 0)
(0.100455 -0.000227264 0)
(0.100648 -0.000208788 0)
(0.100878 -0.00017763 0)
(0.101139 -0.00011472 0)
(0.101377 -5.66875e-05 0)
(0.101629 4.34886e-05 0)
(0.101984 0.000135241 0)
(0.102205 0.0002726 0)
(0.102546 0.000435344 0)
(0.102919 0.000564904 0)
(0.10325 0.000811231 0)
(0.103622 0.000984815 0)
(0.104034 0.00128179 0)
(0.104502 0.00156201 0)
(0.104976 0.00190977 0)
(0.105395 0.00223252 0)
(0.106001 0.00267881 0)
(0.106634 0.00308835 0)
(0.107252 0.00366399 0)
(0.107946 0.00414952 0)
(0.108749 0.00481622 0)
(0.109612 0.00540014 0)
(0.110576 0.00613409 0)
(0.111579 0.00680697 0)
(0.112739 0.00763712 0)
(0.113986 0.00839996 0)
(0.100017 -0.000108602 0)
(0.100044 -0.00018824 0)
(0.100186 -0.000344522 0)
(0.100344 -0.00040208 0)
(0.100553 -0.00047526 0)
(0.100775 -0.000467161 0)
(0.101034 -0.000475031 0)
(0.101305 -0.000414124 0)
(0.101567 -0.000390493 0)
(0.101835 -0.00030152 0)
(0.102199 -0.000241977 0)
(0.102448 -0.000118954 0)
(0.102803 9.00337e-06 0)
(0.103205 0.000138584 0)
(0.103563 0.000329265 0)
(0.103951 0.000507915 0)
(0.104412 0.000749735 0)
(0.104895 0.00102401 0)
(0.105411 0.00131372 0)
(0.105871 0.00161935 0)
(0.106516 0.00200119 0)
(0.107185 0.00238013 0)
(0.107853 0.0028696 0)
(0.108573 0.00332091 0)
(0.109443 0.00388175 0)
(0.110329 0.00441935 0)
(0.111345 0.00502647 0)
(0.112366 0.00561984 0)
(0.113556 0.00631007 0)
(0.114815 0.00697928 0)
(0.100012 -0.000133089 0)
(0.100064 -0.000271478 0)
(0.100224 -0.000457305 0)
(0.10043 -0.000531082 0)
(0.10068 -0.000618294 0)
(0.100933 -0.000611798 0)
(0.101227 -0.000639518 0)
(0.101504 -0.000583406 0)
(0.101794 -0.000587112 0)
(0.102079 -0.000509642 0)
(0.102456 -0.000473517 0)
(0.102734 -0.000365308 0)
(0.103112 -0.000258784 0)
(0.103533 -0.000131096 0)
(0.103935 1.5153e-05 0)
(0.104334 0.000191618 0)
(0.104844 0.000384606 0)
(0.105335 0.00064319 0)
(0.105888 0.000881935 0)
(0.10639 0.00115735 0)
(0.107082 0.00147839 0)
(0.107761 0.00181468 0)
(0.108484 0.00221272 0)
(0.10921 0.00263109 0)
(0.110141 0.00309429 0)
(0.111034 0.00357844 0)
(0.112103 0.0040687 0)
(0.113135 0.00457505 0)
(0.114369 0.00512411 0)
(0.115607 0.00569777 0)
(0.100008 -0.000220165 0)
(0.100113 -0.000522361 0)
(0.100325 -0.000794593 0)
(0.100588 -0.000910383 0)
(0.10089 -0.00101479 0)
(0.101161 -0.00101981 0)
(0.10149 -0.00105949 0)
(0.101762 -0.00102194 0)
(0.102085 -0.00104432 0)
(0.10238 -0.000986078 0)
(0.10278 -0.000958445 0)
(0.103068 -0.000866869 0)
(0.103489 -0.000776323 0)
(0.103903 -0.000664532 0)
(0.104354 -0.000558734 0)
(0.104741 -0.000398571 0)
(0.105305 -0.000242205 0)
(0.10578 -2.80343e-05 0)
(0.106384 0.000161447 0)
(0.106895 0.000395538 0)
(0.107647 0.000671322 0)
(0.108298 0.000961484 0)
(0.109097 0.0012878 0)
(0.109809 0.00165608 0)
(0.110816 0.00203499 0)
(0.111684 0.00244628 0)
(0.11282 0.00284906 0)
(0.113818 0.0032842 0)
(0.115123 0.00373743 0)
(0.116321 0.00421713 0)
(0.0999987 -0.000243709 0)
(0.100223 -0.000589956 0)
(0.10056 -0.000844715 0)
(0.10094 -0.00095867 0)
(0.101302 -0.00105243 0)
(0.101603 -0.00107524 0)
(0.101939 -0.00112663 0)
(0.102206 -0.00112362 0)
(0.102538 -0.00116804 0)
(0.102832 -0.0011282 0)
(0.103227 -0.00111507 0)
(0.103502 -0.00105922 0)
(0.103928 -0.00099201 0)
(0.104297 -0.000908203 0)
(0.104757 -0.000840058 0)
(0.105104 -0.000706733 0)
(0.105662 -0.000584864 0)
(0.106086 -0.000410373 0)
(0.1067 -0.000256398 0)
(0.107198 -5.95151e-05 0)
(0.107951 0.000169965 0)
(0.10855 0.000407916 0)
(0.10936 0.000669449 0)
(0.110053 0.000996775 0)
(0.111069 0.00130159 0)
(0.111929 0.00163048 0)
(0.1131 0.00193319 0)
(0.114096 0.00227841 0)
(0.115442 0.0026302 0)
(0.116602 0.00302907 0)
(0.0999737 -0.000695717 0)
(0.10035 -0.00135815 0)
(0.100695 -0.00156861 0)
(0.101107 -0.00161671 0)
(0.101326 -0.00167493 0)
(0.101551 -0.00171482 0)
(0.101658 -0.00175591 0)
(0.101819 -0.00176329 0)
(0.101886 -0.00178824 0)
(0.102028 -0.00174199 0)
(0.102087 -0.00170769 0)
(0.102199 -0.00165538 0)
(0.102283 -0.00159905 0)
(0.102441 -0.0015387 0)
(0.102499 -0.00147896 0)
(0.10265 -0.00135318 0)
(0.102822 -0.00125037 0)
(0.103073 -0.00113004 0)
(0.103279 -0.00102389 0)
(0.103601 -0.000861636 0)
(0.103928 -0.0006805 0)
(0.1044 -0.00048449 0)
(0.104883 -0.000304788 0)
(0.105535 -7.291e-05 0)
(0.1062 0.000126135 0)
(0.10702 0.000365975 0)
(0.107875 0.000594993 0)
(0.108923 0.00087617 0)
(0.11008 0.00112887 0)
(0.111424 0.00140745 0)
(0.0990161 -0.000604207 0)
(0.0984597 -0.00114233 0)
(0.0974127 -0.00127555 0)
(0.0960229 -0.00128521 0)
(0.0943689 -0.00130226 0)
(0.0927758 -0.00131547 0)
(0.091145 -0.00132356 0)
(0.0896205 -0.00133102 0)
(0.0879967 -0.00130211 0)
(0.0865339 -0.0012414 0)
(0.0849903 -0.00121371 0)
(0.0835758 -0.00118072 0)
(0.0821072 -0.00112125 0)
(0.0808317 -0.00105535 0)
(0.0794642 -0.00100678 0)
(0.0783239 -0.000958789 0)
(0.0771179 -0.000909549 0)
(0.0761522 -0.000829216 0)
(0.0751052 -0.000726309 0)
(0.0743953 -0.00063182 0)
(0.0735856 -0.00058477 0)
(0.0731236 -0.000532496 0)
(0.0725266 -0.000429928 0)
(0.0723992 -0.00027756 0)
(0.0721445 -0.000131328 0)
(0.0724165 -1.48012e-05 0)
(0.0724645 6.23721e-05 0)
(0.0730919 0.000122339 0)
(0.0734361 0.000202672 0)
(0.0744514 0.000295737 0)
(0.0109792 0.00163734 0)
(0.0406383 0.0139248 0)
(0.0307314 0.0110165 0)
(0.062914 0.0255674 8.42094e-22)
(0.0453761 0.0202917 6.84227e-22)
(0.0813103 0.033994 0)
(0.0599033 0.0281981 2.96467e-22)
(0.0982665 0.0401322 2.03075e-23)
(0.0781107 0.0359131 6.2235e-22)
(0.122194 0.0435354 0)
(0.065248 0.0117866 0)
(0.0737911 0.0206936 0)
(0.0800166 0.0231844 0)
(0.0872539 0.032509 0)
(0.0909106 0.0313228 0)
(0.101804 0.0415956 1.76102e-22)
(0.106089 0.0405287 6.08708e-23)
(0.115334 0.0483776 -8.47651e-23)
(0.121066 0.0454907 -4.92645e-22)
(0.13718 0.0550873 -4.63183e-22)
(0.0879061 0.020915 0)
(0.0896173 0.0212206 0)
(0.0955894 0.029818 0)
(0.0988035 0.0316865 0)
(0.104183 0.0359165 0)
(0.107682 0.0336436 -1.76101e-22)
(0.116292 0.0433185 -6.08702e-23)
(0.120758 0.041785 8.47649e-23)
(0.1271 0.040269 2.61775e-22)
(0.136075 0.039536 4.63189e-22)
(0.096126 0.0211939 -3.70829e-22)
(0.0979379 0.0238254 0)
(0.100831 0.0256568 -3.00153e-22)
(0.104774 0.0306374 -2.47716e-22)
(0.109412 0.0339619 -1.7758e-22)
(0.112606 0.0333637 0)
(0.118116 0.0372294 0)
(0.125593 0.0417859 1.26399e-22)
(0.131292 0.040325 2.71207e-22)
(0.136046 0.0365778 4.12933e-22)
(0.0997031 0.0214968 3.70829e-22)
(0.102678 0.0220965 0)
(0.10438 0.0270743 3.00154e-22)
(0.107951 0.0279496 2.47717e-22)
(0.111842 0.0322702 1.7758e-22)
(0.115981 0.030577 0)
(0.119412 0.0338788 0)
(0.126493 0.03516 -1.26399e-22)
(0.132829 0.0360506 -2.71206e-22)
(0.137879 0.0311776 -4.12936e-22)
(0.102822 0.0202862 0)
(0.104858 0.0219118 -2.68661e-22)
(0.107106 0.0243425 0)
(0.11065 0.0256653 -1.75332e-22)
(0.114215 0.029379 0)
(0.118185 0.0289573 0)
(0.121897 0.0306018 0)
(0.12742 0.0319492 -1.47099e-22)
(0.133294 0.0331218 0)
(0.13769 0.0283004 0)
(0.104934 0.0195932 2.64487e-22)
(0.107353 0.0200846 5.05968e-22)
(0.109593 0.0234088 1.96833e-22)
(0.112621 0.0237113 1.75332e-22)
(0.11573 0.0268038 0)
(0.119884 0.0262336 -2.14766e-23)
(0.123427 0.0279655 0)
(0.12828 0.0276665 1.47099e-22)
(0.133731 0.02934 0)
(0.138148 0.0249511 0)
(0.10716 0.0181005 -2.64487e-22)
(0.1092 0.0189777 -2.37307e-22)
(0.111502 0.0213189 -1.96833e-22)
(0.114506 0.0217062 0)
(0.117576 0.0241724 0)
(0.121237 0.0239269 2.14766e-23)
(0.124817 0.0250937 0)
(0.128947 0.02476 0)
(0.133661 0.0260411 0)
(0.138147 0.0223793 0)
(0.108963 0.0168683 0)
(0.110959 0.0173697 -1.86302e-22)
(0.113271 0.0195933 0)
(0.116066 0.0198093 -1.03555e-22)
(0.118897 0.0217302 0)
(0.122339 0.0214036 0)
(0.125711 0.0227093 7.79146e-23)
(0.129611 0.0217891 1.58791e-22)
(0.133824 0.0225326 0)
(0.13779 0.0197251 3.32751e-22)
(0.110613 0.0153544 0)
(0.112478 0.0159203 1.86303e-22)
(0.114711 0.0176675 0)
(0.117384 0.0178541 1.03555e-22)
(0.120148 0.0194546 0)
(0.123238 0.0191403 0)
(0.126454 0.0200286 -7.79147e-23)
(0.130118 0.0192551 -1.58792e-22)
(0.13373 0.0198296 0)
(0.137245 0.0174794 -3.32752e-22)
(0.11203 0.0138768 8.66583e-23)
(0.113822 0.0143313 0)
(0.116009 0.0158336 0)
(0.118524 0.0159435 3.64418e-23)
(0.121107 0.0172001 0)
(0.124054 0.0169062 0)
(0.127057 0.0177375 0)
(0.130333 0.0168328 -7.86541e-23)
(0.133631 0.0170076 0)
(0.136906 0.0151358 0)
(0.113272 0.0123598 -7.80674e-24)
(0.114997 0.0127824 0)
(0.117085 0.0140059 5.03191e-23)
(0.119477 0.0141245 -5.80202e-24)
(0.12195 0.0151359 0)
(0.12466 0.0148305 0)
(0.127492 0.015409 -4.54305e-23)
(0.130562 0.0146836 7.86542e-23)
(0.133536 0.0147344 -1.11248e-22)
(0.136414 0.0131021 -1.46285e-22)
(0.114369 0.0108041 -6.65725e-24)
(0.116046 0.0111816 0)
(0.118051 0.0121942 -5.67047e-24)
(0.120317 0.0122764 -4.74277e-24)
(0.12267 0.0130659 4.85115e-24)
(0.125228 0.0128319 1.91308e-23)
(0.127864 0.0132649 -7.66458e-25)
(0.130649 0.012535 -7.61133e-23)
(0.133395 0.0124458 3.64335e-24)
(0.136066 0.0111014 5.83158e-24)
(0.115331 0.00931083 -7.21946e-23)
(0.116954 0.00965451 0)
(0.118872 0.0104931 -4.46487e-23)
(0.121022 0.0105956 -2.58972e-23)
(0.123259 0.0112168 -4.85115e-24)
(0.125656 0.011001 -4.00825e-23)
(0.128156 0.0112915 4.61971e-23)
(0.130745 0.010681 7.61134e-23)
(0.133256 0.0105233 1.07605e-22)
(0.13571 0.00933896 1.40454e-22)
(0.116212 0.00772986 0)
(0.117804 0.00804026 0)
(0.119654 0.00872177 0)
(0.121696 0.00881597 0)
(0.123839 0.00929299 0)
(0.126096 0.00912291 2.09517e-23)
(0.128428 0.00931158 0)
(0.130818 0.00875785 0)
(0.133158 0.00855747 0)
(0.135437 0.0075743 0)
(0.117025 0.00631019 0)
(0.118538 0.00660362 0)
(0.120334 0.00717662 0)
(0.122256 0.00729755 0)
(0.124328 0.00767667 0)
(0.126448 0.00754196 1.14854e-23)
(0.128681 0.00764883 0)
(0.130901 0.00717639 0)
(0.133099 0.00694475 0)
(0.135211 0.00609865 0)
(0.117833 0.00469664 0)
(0.119247 0.00495195 0)
(0.121049 0.00540282 1.50162e-23)
(0.122786 0.00552014 0)
(0.124825 0.00580764 -1.72798e-24)
(0.126725 0.00571223 -1.14854e-23)
(0.128874 0.00577266 0)
(0.130835 0.00538781 -3.46642e-23)
(0.132941 0.00516695 0)
(0.134799 0.00448874 0)
(0.118143 0.00341245 0)
(0.119206 0.00366009 0)
(0.121029 0.00403417 -1.50162e-23)
(0.12238 0.00417667 0)
(0.124456 0.00439624 1.72798e-24)
(0.125948 0.004333 0)
(0.128135 0.00433402 0)
(0.129643 0.00400739 3.46644e-23)
(0.131777 0.00376049 0)
(0.133132 0.00319369 0)
(0.112868 0.00163349 -6.32423e-24)
(0.113352 0.00180179 -4.93082e-24)
(0.115083 0.00203886 -3.32795e-24)
(0.115751 0.00217247 0)
(0.117774 0.00231914 5.78285e-25)
(0.118544 0.00231754 0)
(0.120743 0.00231822 5.45628e-24)
(0.121476 0.00212899 0)
(0.123677 0.00195269 1.12968e-23)
(0.124123 0.00159382 1.45334e-23)
(0.0751525 0.000394022 6.3235e-24)
(0.0753699 0.000488304 4.93021e-24)
(0.0765223 0.000595501 3.32752e-24)
(0.0770468 0.000657661 0)
(0.0786008 0.000668623 -5.78201e-25)
(0.0792489 0.000624609 0)
(0.0809728 0.000528179 -5.45539e-24)
(0.0814182 0.000385211 0)
(0.0829833 0.000211874 -1.12947e-23)
(0.0828191 1.58478e-05 -1.45306e-23)
(0.00997852 -0.00451793 0)
(0.0205161 0.0042337 0)
(0.0127503 0.0089936 0)
(0.0146936 0.000655354 0)
(-0.000352106 0.0115627 0)
(-0.0463057 0.0177276 0)
(-0.0844981 0.0147688 0)
(-0.115065 0.0106347 0)
(-0.130776 0.00615794 0)
(-0.137355 0.00241353 0)
(-0.134531 -0.00038029 0)
(-0.127153 -0.00252183 0)
(-0.114702 -0.00382157 0)
(-0.100548 -0.00486537 0)
(-0.0849412 -0.0050354 0)
(-0.0650254 -0.00589041 0)
(-0.0485005 -0.00593544 0)
(-0.0263706 -0.00630836 0)
(-0.00755382 -0.00560912 0)
(0.0110858 -0.00487585 0)
(0.0263783 -0.00369983 0)
(0.0387583 -0.00253942 0)
(0.0479125 -0.00151865 0)
(0.0544653 -0.000722709 0)
(0.0589724 -0.000122653 0)
(0.0619459 0.000340659 0)
(0.0636132 0.000739675 0)
(0.0642132 0.00111861 0)
(0.0637476 0.00148512 0)
(0.0623291 0.00174463 0)
(0.0600325 0.00182569 0)
(0.0572222 0.00171922 0)
(0.0541897 0.00147399 0)
(0.0513079 0.00116438 0)
(0.0487719 0.000850607 0)
(0.0466612 0.0005789 0)
(0.0450899 0.000370253 0)
(0.0437601 0.000216634 0)
(0.0430376 0.0001265 0)
(0.0420581 6.38436e-05 0)
(0.00887903 -0.0185074 0)
(0.0148083 -0.00515432 0)
(0.0230822 -0.00540379 0)
(-0.00745421 0.0097199 0)
(-0.0444366 0.0327156 0)
(-0.0816387 0.0386241 0)
(-0.10336 0.0318912 0)
(-0.125517 0.0224314 0)
(-0.130598 0.0106671 0)
(-0.134702 0.00118404 0)
(-0.125858 -0.00735411 0)
(-0.118176 -0.0122069 0)
(-0.101796 -0.015875 0)
(-0.0884495 -0.0174828 0)
(-0.0715605 -0.0201348 0)
(-0.0529356 -0.0209979 0)
(-0.0348349 -0.02203 0)
(-0.0138044 -0.023073 0)
(0.00544484 -0.0213876 0)
(0.0243413 -0.0193232 0)
(0.0403912 -0.0160145 0)
(0.0538833 -0.0125744 0)
(0.064376 -0.0094308 0)
(0.0724517 -0.00690177 0)
(0.0785909 -0.00497074 0)
(0.0834283 -0.00351903 0)
(0.087154 -0.00230597 0)
(0.0901482 -0.00122599 0)
(0.0925255 -0.00013689 0)
(0.0943644 0.000876138 0)
(0.095584 0.0017784 0)
(0.096051 0.00239537 0)
(0.0958764 0.00271676 0)
(0.0950328 0.00265485 0)
(0.0940253 0.00242537 0)
(0.0927499 0.00200088 0)
(0.0918376 0.00164871 0)
(0.090786 0.00122676 0)
(0.0903295 0.00101307 0)
(0.0895007 0.000722541 0)
(0.00626494 -0.0226177 0)
(-0.00873935 -0.00574537 0)
(-0.0146988 0.0247362 0)
(-0.033407 0.0458055 0)
(-0.0562286 0.061187 0)
(-0.0737644 0.0579617 0)
(-0.086299 0.0458436 0)
(-0.0990143 0.0313801 0)
(-0.100772 0.0144339 0)
(-0.101463 -1.631e-05 0)
(-0.0921628 -0.0125694 0)
(-0.0829796 -0.0201922 0)
(-0.0690025 -0.0255977 0)
(-0.0556783 -0.0278273 0)
(-0.040953 -0.0299506 0)
(-0.0258637 -0.0328614 0)
(-0.00942779 -0.034692 0)
(0.00734125 -0.0357379 0)
(0.0236963 -0.0340149 0)
(0.039197 -0.0305537 0)
(0.0523763 -0.0255049 0)
(0.063503 -0.0200724 0)
(0.0723259 -0.0150244 0)
(0.0790755 -0.011006 0)
(0.0841184 -0.00804271 0)
(0.0882653 -0.00590924 0)
(0.0916718 -0.00420581 0)
(0.0945273 -0.00284961 0)
(0.0968902 -0.00162741 0)
(0.0990954 -0.000518225 0)
(0.101282 0.000622112 0)
(0.103351 0.001598 0)
(0.105007 0.00236321 0)
(0.10604 0.00267605 0)
(0.106402 0.00265129 0)
(0.106296 0.00229479 0)
(0.105852 0.00186919 0)
(0.105402 0.00138208 0)
(0.104968 0.00106856 0)
(0.104613 0.000723952 0)
(0.00872949 -0.0139247 0)
(-0.0118507 0.0118527 0)
(-0.0121347 0.0150526 0)
(-0.0299673 0.0456809 0)
(-0.0462806 0.0611159 0)
(-0.0540097 0.0591999 0)
(-0.0589826 0.0487319 0)
(-0.0654827 0.033826 0)
(-0.0654112 0.0141429 0)
(-0.0643116 -0.00428416 0)
(-0.0568344 -0.0202986 0)
(-0.0477527 -0.0293793 0)
(-0.0351517 -0.0354228 0)
(-0.0236618 -0.0380792 0)
(-0.0103745 -0.0407937 0)
(0.00412363 -0.0434966 0)
(0.0181086 -0.0456546 0)
(0.0320084 -0.0465677 0)
(0.044569 -0.044767 0)
(0.0566337 -0.0399541 0)
(0.0665327 -0.0334252 0)
(0.0741221 -0.0267236 0)
(0.0803 -0.0203458 0)
(0.0853261 -0.0150552 0)
(0.0888577 -0.0112769 0)
(0.0916988 -0.00873012 0)
(0.0943656 -0.00663241 0)
(0.0969528 -0.00483537 0)
(0.0989334 -0.00332518 0)
(0.100376 -0.00223277 0)
(0.101581 -0.0012471 0)
(0.10307 -0.000307434 0)
(0.104774 0.00070063 0)
(0.106574 0.00153496 0)
(0.107956 0.00209977 0)
(0.108946 0.00226661 0)
(0.109294 0.00216309 0)
(0.109311 0.00176722 0)
(0.109119 0.00148276 0)
(0.108686 0.000945501 0)
(0.01004 -0.0245545 0)
(-0.0125615 0.00759952 0)
(-0.0232094 0.0333443 0)
(-0.0197531 0.0622535 0)
(-0.0220212 0.076219 0)
(-0.0182821 0.0708211 0)
(-0.0213838 0.0568123 0)
(-0.0239994 0.0385955 0)
(-0.0232405 0.0155035 0)
(-0.0205313 -0.00591981 0)
(-0.0150466 -0.024691 0)
(-0.00827387 -0.036614 0)
(0.00085953 -0.0433022 0)
(0.0099966 -0.0467746 0)
(0.0214264 -0.0498862 0)
(0.0333878 -0.0531157 0)
(0.0459643 -0.0548208 0)
(0.0573767 -0.054584 0)
(0.0654008 -0.0521833 0)
(0.0722119 -0.0465629 0)
(0.0788966 -0.0381413 0)
(0.083431 -0.029948 0)
(0.0862495 -0.0230227 0)
(0.0891577 -0.0170772 0)
(0.0916159 -0.0125698 0)
(0.0932653 -0.00990534 0)
(0.0946647 -0.00810842 0)
(0.0966877 -0.0062762 0)
(0.0989084 -0.00419412 0)
(0.100603 -0.00249288 0)
(0.101353 -0.00135123 0)
(0.101688 -0.000692471 0)
(0.102129 -0.000120255 0)
(0.103114 0.000447555 0)
(0.104427 0.00102327 0)
(0.10593 0.00141636 0)
(0.107214 0.00168161 0)
(0.108213 0.00156574 0)
(0.108827 0.00156094 0)
(0.109204 0.00106861 0)
(-0.00961401 -0.00791477 0)
(-0.0202265 0.0409885 0)
(-0.00539389 0.0240763 0)
(0.000318168 0.0509875 0)
(0.000774329 0.0617479 0)
(0.00863577 0.0576796 0)
(0.0110609 0.0492268 0)
(0.0165026 0.0340137 0)
(0.0211081 0.0123781 0)
(0.0263803 -0.00973098 0)
(0.0314645 -0.0287391 0)
(0.0355827 -0.0408492 0)
(0.0403919 -0.0480554 0)
(0.0465837 -0.0527262 0)
(0.0545291 -0.0569439 0)
(0.0647141 -0.0605706 0)
(0.0738953 -0.0626467 0)
(0.0820038 -0.0607571 0)
(0.0872069 -0.0555612 0)
(0.0877487 -0.0494832 0)
(0.0884196 -0.0411734 0)
(0.090353 -0.0316708 0)
(0.0909462 -0.0241742 0)
(0.0914017 -0.0186665 0)
(0.0928277 -0.0140218 0)
(0.094425 -0.0107495 0)
(0.0952527 -0.00896645 0)
(0.0960761 -0.00778327 0)
(0.0975519 -0.00603749 0)
(0.0994869 -0.00389618 0)
(0.100845 -0.00195244 0)
(0.101214 -0.000807608 0)
(0.100881 -0.000273067 0)
(0.100609 -6.86967e-05 0)
(0.100814 0.000104934 0)
(0.10173 0.000271407 0)
(0.102952 0.000496703 0)
(0.104671 0.00056285 0)
(0.105734 0.000714037 0)
(0.107567 0.00061997 0)
(-0.0635263 -0.0077975 0)
(-0.00371129 0.00267977 0)
(-0.0174413 0.0119813 0)
(0.0258491 0.0527296 0)
(0.0379859 0.0699971 0)
(0.0529991 0.0649501 0)
(0.0564914 0.052639 0)
(0.0636868 0.0334142 0)
(0.0690701 0.0102152 0)
(0.0737655 -0.0121307 0)
(0.0755169 -0.0297843 0)
(0.0747443 -0.04187 0)
(0.075214 -0.0503067 0)
(0.0786369 -0.0567934 0)
(0.0842511 -0.0623506 0)
(0.0910169 -0.0660301 0)
(0.0968257 -0.0668079 0)
(0.0987652 -0.0644754 0)
(0.100317 -0.0570006 0)
(0.099475 -0.0479495 0)
(0.0954933 -0.0400931 0)
(0.0936978 -0.0315197 0)
(0.093697 -0.0234947 0)
(0.0936026 -0.0181949 0)
(0.0939409 -0.0145899 0)
(0.0952894 -0.0115545 0)
(0.0965019 -0.00922353 0)
(0.0970654 -0.0078847 0)
(0.097433 -0.00664091 0)
(0.0984329 -0.00488583 0)
(0.0998625 -0.0026406 0)
(0.101029 -0.000765806 0)
(0.101404 0.000298426 0)
(0.101175 0.000492256 0)
(0.100683 0.000209884 0)
(0.100769 -0.000129818 0)
(0.100837 -0.000417104 0)
(0.102349 -0.000415612 0)
(0.102742 -0.000474557 0)
(0.105313 -0.000242894 0)
(0.105789 0.0384104 0)
(0.0746913 0.0167523 0)
(0.0423461 0.00494504 0)
(0.034824 0.0142592 0)
(0.0524026 0.0404263 0)
(0.0760312 0.0462881 0)
(0.0888491 0.0418476 0)
(0.100322 0.0270426 0)
(0.107146 0.0070529 0)
(0.110468 -0.0128233 0)
(0.109616 -0.028928 0)
(0.106747 -0.0410876 0)
(0.105617 -0.0517185 0)
(0.108391 -0.0598094 0)
(0.112807 -0.0655142 0)
(0.11491 -0.0691311 0)
(0.115144 -0.0682742 0)
(0.111727 -0.0634199 0)
(0.105771 -0.0556754 0)
(0.101894 -0.0456446 0)
(0.0979298 -0.0369865 0)
(0.0944477 -0.0303854 0)
(0.093735 -0.0240924 0)
(0.0949392 -0.0187517 0)
(0.0963957 -0.0150332 0)
(0.0979169 -0.0123901 0)
(0.0991598 -0.0101049 0)
(0.0998382 -0.0083616 0)
(0.0998323 -0.00693901 0)
(0.0998329 -0.00556357 0)
(0.100284 -0.00376181 0)
(0.101289 -0.00188289 0)
(0.102385 -0.000370225 0)
(0.103417 0.000471314 0)
(0.103807 0.000421202 0)
(0.104332 0.00017174 0)
(0.103884 -0.000638984 0)
(0.104555 -0.000848768 0)
(0.103961 -0.00146174 0)
(0.105186 -0.0013234 0)
(0.140025 0.0413276 0)
(0.131811 0.0381988 0)
(0.120948 0.0395718 0)
(0.104438 0.0392628 0)
(0.0938451 0.0392839 0)
(0.103145 0.03608 0)
(0.112983 0.0306601 0)
(0.123365 0.0183522 0)
(0.130525 0.00243269 0)
(0.134335 -0.0141977 0)
(0.135512 -0.0284426 0)
(0.135482 -0.0407097 0)
(0.135918 -0.0521827 0)
(0.136381 -0.0616876 0)
(0.136185 -0.0667545 0)
(0.133573 -0.0671672 0)
(0.126808 -0.0644338 0)
(0.118807 -0.0582358 0)
(0.110695 -0.0498745 0)
(0.104042 -0.0413221 0)
(0.100116 -0.0334823 0)
(0.0977946 -0.0275209 0)
(0.0965976 -0.0233638 0)
(0.0969255 -0.0201152 0)
(0.0985064 -0.0169381 0)
(0.100754 -0.0136948 0)
(0.102519 -0.0106412 0)
(0.103274 -0.00836473 0)
(0.103167 -0.00663689 0)
(0.102976 -0.00520859 0)
(0.103054 -0.00370228 0)
(0.103516 -0.0023121 0)
(0.104108 -0.00129009 0)
(0.105017 -0.000567516 0)
(0.10585 -0.000478929 0)
(0.107064 -0.000193112 0)
(0.107764 -0.000534415 0)
(0.108412 -0.000444802 0)
(0.108541 -0.000829314 0)
(0.108232 -0.00111311 0)
(0.145725 0.0383989 0)
(0.146207 0.0361737 0)
(0.144573 0.0336702 0)
(0.145289 0.0345014 0)
(0.143111 0.037327 0)
(0.147305 0.0334445 0)
(0.151903 0.026086 0)
(0.157642 0.0147848 0)
(0.162625 0.000336339 0)
(0.164975 -0.0154546 0)
(0.165438 -0.0288845 0)
(0.166068 -0.0399424 0)
(0.16386 -0.0508346 0)
(0.157953 -0.0590643 0)
(0.149296 -0.0627517 0)
(0.138809 -0.0620941 0)
(0.128121 -0.0576746 0)
(0.117591 -0.0516244 0)
(0.109941 -0.044893 0)
(0.106039 -0.0382901 0)
(0.104255 -0.0328525 0)
(0.103898 -0.0280122 0)
(0.104371 -0.0233076 0)
(0.104354 -0.0198505 0)
(0.103493 -0.0177034 0)
(0.103232 -0.0154091 0)
(0.104023 -0.0120893 0)
(0.104797 -0.00895898 0)
(0.104664 -0.00682884 0)
(0.104306 -0.0055831 0)
(0.104629 -0.00426023 0)
(0.105772 -0.00271311 0)
(0.106976 -0.00150266 0)
(0.107506 -0.000830807 0)
(0.107513 -0.0011423 0)
(0.107096 -0.00129305 0)
(0.107361 -0.00168784 0)
(0.107587 -0.00149347 0)
(0.108462 -0.00140209 0)
(0.109209 -0.00118367 0)
(0.143851 0.0360522 0)
(0.147953 0.0354652 0)
(0.150733 0.0354966 0)
(0.155685 0.0353559 0)
(0.159894 0.0366143 0)
(0.1666 0.0324615 0)
(0.172327 0.0245633 0)
(0.176925 0.0123829 0)
(0.180893 -0.00173017 0)
(0.182661 -0.014634 0)
(0.179592 -0.0277664 0)
(0.176612 -0.0388945 0)
(0.173018 -0.0460362 0)
(0.162685 -0.051331 0)
(0.150521 -0.0535583 0)
(0.138702 -0.0525589 0)
(0.128315 -0.0495569 0)
(0.121301 -0.0452029 0)
(0.115887 -0.04102 0)
(0.112246 -0.0365047 0)
(0.110345 -0.0317186 0)
(0.108771 -0.027953 0)
(0.10802 -0.0242849 0)
(0.108416 -0.0199611 0)
(0.107959 -0.016325 0)
(0.106051 -0.0140718 0)
(0.104437 -0.0116946 0)
(0.104157 -0.00873338 0)
(0.104325 -0.00619202 0)
(0.104078 -0.0051268 0)
(0.103999 -0.00476121 0)
(0.104711 -0.00403525 0)
(0.106502 -0.00254551 0)
(0.107896 -0.000925154 0)
(0.10833 -0.000103852 0)
(0.107408 -2.89896e-05 0)
(0.10564 -0.000825375 0)
(0.105032 -0.00120176 0)
(0.103721 -0.00196194 0)
(0.105347 -0.00159736 0)
(0.143347 0.0315007 0)
(0.147561 0.031547 0)
(0.150941 0.0311045 0)
(0.155673 0.0294953 0)
(0.162236 0.0286638 0)
(0.169669 0.0249891 0)
(0.176374 0.0185399 0)
(0.182305 0.00841887 0)
(0.184376 -0.00356279 0)
(0.182945 -0.013973 0)
(0.180288 -0.0245816 0)
(0.174751 -0.035872 0)
(0.168433 -0.0420639 0)
(0.160224 -0.0440461 0)
(0.149631 -0.0459016 0)
(0.141179 -0.04598 0)
(0.133718 -0.0446944 0)
(0.127147 -0.042435 0)
(0.122484 -0.0386441 0)
(0.118322 -0.0345287 0)
(0.114959 -0.0301634 0)
(0.112293 -0.0258965 0)
(0.109337 -0.0225701 0)
(0.107136 -0.0194355 0)
(0.106371 -0.0157756 0)
(0.105838 -0.0127208 0)
(0.104753 -0.0106099 0)
(0.104066 -0.00881173 0)
(0.104434 -0.00672284 0)
(0.105247 -0.00529389 0)
(0.105552 -0.00471616 0)
(0.105356 -0.00461391 0)
(0.105214 -0.00393441 0)
(0.105807 -0.00225481 0)
(0.106161 -0.000823112 0)
(0.106888 0.000653671 0)
(0.105997 3.24448e-05 0)
(0.10593 -0.000143622 0)
(0.104531 -0.00174718 0)
(0.104226 -0.00251489 0)
(0.142138 0.0280813 0)
(0.14685 0.0284862 0)
(0.150041 0.0285507 0)
(0.154462 0.0260984 0)
(0.160767 0.0235027 0)
(0.167323 0.0202188 0)
(0.173452 0.0142559 0)
(0.178228 0.00608693 0)
(0.179337 -0.002249 0)
(0.177073 -0.011389 0)
(0.1749 -0.0218687 0)
(0.170819 -0.030854 0)
(0.163263 -0.0358928 0)
(0.156323 -0.0375751 0)
(0.148938 -0.0393065 0)
(0.141027 -0.0404052 0)
(0.134891 -0.0389354 0)
(0.128619 -0.0369252 0)
(0.122632 -0.0343769 0)
(0.118221 -0.0306363 0)
(0.114722 -0.0269954 0)
(0.112378 -0.023679 0)
(0.110977 -0.0203221 0)
(0.109441 -0.0174607 0)
(0.107946 -0.0150092 0)
(0.107431 -0.0125684 0)
(0.107586 -0.0101381 0)
(0.107775 -0.00830766 0)
(0.107725 -0.00693431 0)
(0.10794 -0.00583988 0)
(0.108077 -0.00473072 0)
(0.10796 -0.00363585 0)
(0.107092 -0.00272775 0)
(0.106169 -0.0015042 0)
(0.105598 -0.000838586 0)
(0.105636 0.000135738 0)
(0.106701 -3.56383e-05 0)
(0.107269 -7.73782e-05 0)
(0.108674 -0.000551316 0)
(0.108523 -0.00126788 0)
(0.141699 0.0244556 0)
(0.145515 0.0254639 0)
(0.149146 0.0250079 0)
(0.153509 0.0216881 0)
(0.158425 0.0183239 0)
(0.164064 0.0153023 0)
(0.169084 0.010776 0)
(0.17181 0.00458893 0)
(0.172802 -0.00206577 0)
(0.1727 -0.0101131 0)
(0.170543 -0.0195612 0)
(0.166033 -0.0268701 0)
(0.159876 -0.0311667 0)
(0.153894 -0.0334306 0)
(0.148475 -0.0344151 0)
(0.141512 -0.0356235 0)
(0.135173 -0.035749 0)
(0.130688 -0.0337618 0)
(0.125893 -0.0313585 0)
(0.121696 -0.0287246 0)
(0.119075 -0.0256433 0)
(0.116633 -0.0230652 0)
(0.114417 -0.0205813 0)
(0.113129 -0.017491 0)
(0.112113 -0.0145923 0)
(0.110792 -0.0127775 0)
(0.109824 -0.0112002 0)
(0.109644 -0.00923174 0)
(0.10965 -0.00709932 0)
(0.109015 -0.00574673 0)
(0.108028 -0.00490172 0)
(0.107184 -0.00404389 0)
(0.107264 -0.00276409 0)
(0.107404 -0.00124086 0)
(0.108046 -0.000512017 0)
(0.107741 -0.000201248 0)
(0.107754 -0.00125811 0)
(0.107404 -0.00167874 0)
(0.107226 -0.0027516 0)
(0.107947 -0.00248958 0)
(0.140911 0.0216336 0)
(0.144222 0.0223831 0)
(0.148421 0.0217545 0)
(0.152432 0.0188736 0)
(0.156412 0.0151928 0)
(0.160587 0.0119983 0)
(0.16421 0.00856789 0)
(0.166357 0.00361334 0)
(0.167416 -0.00261934 0)
(0.168189 -0.00935236 0)
(0.166594 -0.0164578 0)
(0.162052 -0.0228046 0)
(0.157078 -0.0268925 0)
(0.151848 -0.0291615 0)
(0.14683 -0.0302969 0)
(0.141975 -0.030815 0)
(0.136241 -0.0310651 0)
(0.13132 -0.029858 0)
(0.127521 -0.0274958 0)
(0.123368 -0.0255554 0)
(0.120077 -0.0233389 0)
(0.118093 -0.0203443 0)
(0.115905 -0.0177593 0)
(0.113597 -0.0156518 0)
(0.112357 -0.0130522 0)
(0.111753 -0.0105526 0)
(0.110631 -0.00893299 0)
(0.109277 -0.00783299 0)
(0.108406 -0.00617165 0)
(0.108192 -0.00438232 0)
(0.107686 -0.00315967 0)
(0.107115 -0.00288418 0)
(0.106442 -0.0027468 0)
(0.106891 -0.00197921 0)
(0.107428 -0.00100585 0)
(0.108453 0.000382888 0)
(0.108177 0.000313982 0)
(0.107549 0.000397601 0)
(0.106221 -0.000889799 0)
(0.104602 -0.00173954 0)
(0.140204 0.0191961 0)
(0.143365 0.0194115 0)
(0.147296 0.0185004 0)
(0.151097 0.0157303 0)
(0.154424 0.0123015 0)
(0.157318 0.00944121 0)
(0.160263 0.00655042 0)
(0.162374 0.00249985 0)
(0.163213 -0.00303529 0)
(0.163517 -0.0090494 0)
(0.162567 -0.0145597 0)
(0.159195 -0.0195049 0)
(0.154718 -0.023422 0)
(0.150172 -0.0258323 0)
(0.145564 -0.0271444 0)
(0.141607 -0.0275287 0)
(0.137365 -0.0275322 0)
(0.132138 -0.0273369 0)
(0.128241 -0.0257809 0)
(0.125653 -0.0233752 0)
(0.122598 -0.0215609 0)
(0.119657 -0.0196413 0)
(0.117771 -0.0169298 0)
(0.116053 -0.0146137 0)
(0.114283 -0.013079 0)
(0.113144 -0.0114731 0)
(0.112501 -0.00942053 0)
(0.111532 -0.00766153 0)
(0.110264 -0.00637842 0)
(0.109531 -0.00528931 0)
(0.109503 -0.00416825 0)
(0.109692 -0.00317118 0)
(0.10931 -0.00265605 0)
(0.108453 -0.0020532 0)
(0.107709 -0.00173721 0)
(0.107222 -0.000810893 0)
(0.107867 -0.000612076 0)
(0.107928 -0.000283608 0)
(0.10915 -0.000600985 0)
(0.108603 -0.00126746 0)
(0.139778 0.0166479 0)
(0.142646 0.0164924 0)
(0.146141 0.0156631 0)
(0.14964 0.0133922 0)
(0.152367 0.0104171 0)
(0.154607 0.00752607 0)
(0.156889 0.00483416 0)
(0.158984 0.00156126 0)
(0.160112 -0.00322541 0)
(0.159626 -0.00855165 0)
(0.158469 -0.0130019 0)
(0.156499 -0.0168382 0)
(0.152848 -0.0202054 0)
(0.148804 -0.022411 0)
(0.145019 -0.02391 0)
(0.140842 -0.0248833 0)
(0.137156 -0.0244086 0)
(0.133697 -0.0233641 0)
(0.12979 -0.0227866 0)
(0.126415 -0.0214024 0)
(0.123902 -0.0189077 0)
(0.121295 -0.0168374 0)
(0.11899 -0.0152822 0)
(0.117489 -0.0133402 0)
(0.116168 -0.0111353 0)
(0.114442 -0.0093891 0)
(0.112844 -0.00784543 0)
(0.111884 -0.00626102 0)
(0.111306 -0.0047504 0)
(0.110722 -0.00387108 0)
(0.109942 -0.00334033 0)
(0.109262 -0.0028028 0)
(0.108659 -0.00186817 0)
(0.108229 -0.000769337 0)
(0.107918 -3.884e-05 0)
(0.107605 0.000331064 0)
(0.107691 -0.000200266 0)
(0.107289 -0.000502704 0)
(0.107489 -0.00134327 0)
(0.106719 -0.00131534 0)
(0.139341 0.0145419 0)
(0.141847 0.014146 0)
(0.144917 0.0130163 0)
(0.147925 0.0109993 0)
(0.150491 0.00860891 0)
(0.152586 0.00610741 0)
(0.15424 0.00335665 0)
(0.15584 0.000248421 0)
(0.157102 -0.00328374 0)
(0.156867 -0.00752883 0)
(0.15533 -0.0119388 0)
(0.153467 -0.0151506 0)
(0.15106 -0.0175921 0)
(0.147679 -0.019943 0)
(0.144281 -0.0212453 0)
(0.140813 -0.0216843 0)
(0.137094 -0.0221086 0)
(0.133927 -0.0216809 0)
(0.131106 -0.0202694 0)
(0.12777 -0.0189908 0)
(0.124867 -0.0176861 0)
(0.122883 -0.0158079 0)
(0.121011 -0.0138618 0)
(0.118794 -0.0122609 0)
(0.116916 -0.0105509 0)
(0.115522 -0.00873758 0)
(0.114345 -0.00726865 0)
(0.113173 -0.00630046 0)
(0.112196 -0.00532747 0)
(0.11139 -0.00410318 0)
(0.110584 -0.00291043 0)
(0.109727 -0.00205321 0)
(0.10893 -0.00174551 0)
(0.108457 -0.00143037 0)
(0.108333 -0.00125919 0)
(0.108365 -0.000675867 0)
(0.108513 -0.000415938 0)
(0.108098 -0.000166404 0)
(0.107995 -0.000216792 0)
(0.106876 -0.000659409 0)
(0.138768 0.0124265 0)
(0.141197 0.0118141 0)
(0.143889 0.0108671 0)
(0.146488 0.0091802 0)
(0.148733 0.00695317 0)
(0.150584 0.00477348 0)
(0.152236 0.00246822 0)
(0.153403 -0.000494035 0)
(0.154022 -0.00382598 0)
(0.154209 -0.0069891 0)
(0.153309 -0.0102878 0)
(0.151175 -0.0135618 0)
(0.149022 -0.0158621 0)
(0.146639 -0.017416 0)
(0.143524 -0.0188639 0)
(0.140472 -0.0195384 0)
(0.137663 -0.0193447 0)
(0.134424 -0.0190639 0)
(0.131434 -0.0183821 0)
(0.128963 -0.0169204 0)
(0.126519 -0.0153651 0)
(0.124003 -0.0140079 0)
(0.121903 -0.0123235 0)
(0.120022 -0.0104495 0)
(0.118273 -0.00888226 0)
(0.116708 -0.00765826 0)
(0.115437 -0.00628154 0)
(0.114163 -0.00483314 0)
(0.112881 -0.00357338 0)
(0.111715 -0.00281238 0)
(0.110927 -0.00224891 0)
(0.110341 -0.00171471 0)
(0.109885 -0.0010464 0)
(0.1092 -0.000400052 0)
(0.108695 -3.75028e-06 0)
(0.107954 0.000215183 0)
(0.10785 1.4227e-05 0)
(0.107282 -8.52812e-05 0)
(0.10748 -0.000430139 0)
(0.106863 -0.000481671 0)
(0.138324 0.0105019 0)
(0.140506 0.00985173 0)
(0.142847 0.00883707 0)
(0.145203 0.00735225 0)
(0.147226 0.00557795 0)
(0.148839 0.00354913 0)
(0.150291 0.0013331 0)
(0.151392 -0.000996825 0)
(0.151854 -0.00376691 0)
(0.151651 -0.00683445 0)
(0.151028 -0.00949317 0)
(0.149672 -0.0118417 0)
(0.147572 -0.0141751 0)
(0.145292 -0.0158113 0)
(0.142981 -0.0166375 0)
(0.140243 -0.0173384 0)
(0.137545 -0.0176167 0)
(0.13499 -0.017028 0)
(0.132368 -0.0161671 0)
(0.129752 -0.0152975 0)
(0.127477 -0.0139453 0)
(0.125238 -0.0122639 0)
(0.123095 -0.0107532 0)
(0.121154 -0.0094216 0)
(0.119488 -0.00794132 0)
(0.117749 -0.00644846 0)
(0.116095 -0.00517873 0)
(0.114641 -0.00421452 0)
(0.113565 -0.00334018 0)
(0.112566 -0.00248638 0)
(0.111601 -0.00172505 0)
(0.110575 -0.00112446 0)
(0.10976 -0.000769545 0)
(0.109082 -0.000456493 0)
(0.108752 -0.000283282 0)
(0.108345 -2.6105e-05 0)
(0.108223 8.09256e-05 0)
(0.107632 0.000127373 0)
(0.107514 0.00010421 0)
(0.106637 -0.000155248 0)
(0.137859 0.00874483 0)
(0.139923 0.00805993 0)
(0.142041 0.00715091 0)
(0.144063 0.00587877 0)
(0.145898 0.00428065 0)
(0.14743 0.00255563 0)
(0.148618 0.000645924 0)
(0.149477 -0.00157894 0)
(0.150007 -0.00389735 0)
(0.149846 -0.00623617 0)
(0.149082 -0.00871677 0)
(0.147966 -0.010906 0)
(0.146447 -0.0125499 0)
(0.144376 -0.0140128 0)
(0.142259 -0.0151352 0)
(0.140093 -0.0155071 0)
(0.137712 -0.015471 0)
(0.135257 -0.0152707 0)
(0.133041 -0.0145461 0)
(0.130723 -0.0133401 0)
(0.128386 -0.0120505 0)
(0.126189 -0.0107595 0)
(0.124219 -0.00928789 0)
(0.122162 -0.00778849 0)
(0.120221 -0.00641416 0)
(0.118443 -0.00523288 0)
(0.11694 -0.00407996 0)
(0.115449 -0.003048 0)
(0.114099 -0.00212156 0)
(0.112806 -0.00145608 0)
(0.111811 -0.00088316 0)
(0.110868 -0.000442599 0)
(0.110193 -7.05676e-06 0)
(0.109374 0.000315663 0)
(0.108895 0.000520885 0)
(0.10815 0.000603577 0)
(0.107958 0.000533351 0)
(0.1073 0.000447419 0)
(0.107314 0.000301707 0)
(0.106636 0.000178644 0)
(0.137462 0.00702362 0)
(0.13937 0.00637684 0)
(0.141274 0.00553158 0)
(0.14311 0.00442795 0)
(0.144758 0.00309392 0)
(0.146103 0.00157202 0)
(0.147217 -0.000110553 0)
(0.147956 -0.00193513 0)
(0.148263 -0.00395068 0)
(0.148167 -0.00604407 0)
(0.14765 -0.00799275 0)
(0.146542 -0.00981994 0)
(0.145179 -0.0114761 0)
(0.143619 -0.0126698 0)
(0.141768 -0.0134473 0)
(0.139702 -0.0139669 0)
(0.137758 -0.0140249 0)
(0.135678 -0.0135528 0)
(0.13349 -0.0127882 0)
(0.13128 -0.0118236 0)
(0.129187 -0.0105592 0)
(0.126974 -0.0091326 0)
(0.12482 -0.0077205 0)
(0.122722 -0.00640264 0)
(0.120827 -0.00511079 0)
(0.118923 -0.00392999 0)
(0.117188 -0.00287915 0)
(0.115545 -0.00202558 0)
(0.114187 -0.00128184 0)
(0.112887 -0.000681274 0)
(0.111803 -0.000189958 0)
(0.110727 0.000156665 0)
(0.109927 0.00039907 0)
(0.109117 0.000558959 0)
(0.108649 0.000663502 0)
(0.108025 0.000712081 0)
(0.107797 0.000736811 0)
(0.107166 0.000644574 0)
(0.107064 0.000614141 0)
(0.106342 0.000384487 0)
(0.137144 0.00557092 0)
(0.138943 0.00495666 0)
(0.140691 0.00420191 0)
(0.142331 0.0032522 0)
(0.143819 0.00209675 0)
(0.145046 0.000790716 0)
(0.145994 -0.000666251 0)
(0.146615 -0.00227684 0)
(0.146916 -0.00397185 0)
(0.146752 -0.0057057 0)
(0.146225 -0.0074426 0)
(0.145346 -0.00902267 0)
(0.144154 -0.0103594 0)
(0.142654 -0.011471 0)
(0.141088 -0.0122363 0)
(0.139342 -0.0125473 0)
(0.137471 -0.0124864 0)
(0.135469 -0.0120927 0)
(0.13347 -0.0112987 0)
(0.131291 -0.010198 0)
(0.129076 -0.0089127 0)
(0.126775 -0.0075505 0)
(0.124552 -0.00614328 0)
(0.122287 -0.00482214 0)
(0.120202 -0.00360092 0)
(0.118196 -0.00254641 0)
(0.116429 -0.00158743 0)
(0.114729 -0.00081969 0)
(0.113297 -0.000163873 0)
(0.111939 0.00028281 0)
(0.110879 0.000684749 0)
(0.109844 0.000924172 0)
(0.109125 0.00115628 0)
(0.108321 0.00122993 0)
(0.107875 0.00129204 0)
(0.10722 0.0012129 0)
(0.107021 0.00114617 0)
(0.10646 0.000980966 0)
(0.106428 0.000896924 0)
(0.105892 0.000717398 0)
(0.136653 0.00402287 0)
(0.138368 0.00348581 0)
(0.139995 0.00284581 0)
(0.1415 0.00206565 0)
(0.142841 0.00113321 0)
(0.143926 5.23878e-05 0)
(0.144758 -0.00117569 0)
(0.145269 -0.00251204 0)
(0.145445 -0.00394259 0)
(0.145232 -0.00542548 0)
(0.144688 -0.00686722 0)
(0.143748 -0.00821545 0)
(0.142549 -0.00941933 0)
(0.1411 -0.0103614 0)
(0.139471 -0.0109724 0)
(0.137602 -0.0112439 0)
(0.135636 -0.0111184 0)
(0.133464 -0.0105677 0)
(0.131177 -0.00965941 0)
(0.128704 -0.00852274 0)
(0.126221 -0.00721751 0)
(0.123619 -0.00584839 0)
(0.121115 -0.00449437 0)
(0.118647 -0.00324683 0)
(0.116457 -0.0021017 0)
(0.114381 -0.00114045 0)
(0.112603 -0.000318664 0)
(0.110969 0.000305607 0)
(0.10966 0.000816264 0)
(0.108473 0.00114912 0)
(0.107563 0.00140872 0)
(0.106727 0.00151839 0)
(0.106147 0.00159839 0)
(0.1056 0.00155293 0)
(0.1053 0.00153485 0)
(0.10495 0.00139663 0)
(0.104842 0.00133897 0)
(0.104568 0.0011288 0)
(0.104549 0.00107313 0)
(0.10428 0.000823532 0)
(0.135004 0.0027466 0)
(0.136717 0.00225417 0)
(0.138289 0.00169266 0)
(0.139692 0.00103604 0)
(0.140884 0.000259321 0)
(0.141791 -0.000624972 0)
(0.142391 -0.0016245 0)
(0.142643 -0.002715 0)
(0.142525 -0.00388086 0)
(0.141958 -0.00508593 0)
(0.140988 -0.00628341 0)
(0.139581 -0.00740489 0)
(0.137815 -0.00839207 0)
(0.135685 -0.00917424 0)
(0.133295 -0.00964442 0)
(0.130601 -0.009771 0)
(0.127711 -0.00948163 0)
(0.124601 -0.00874435 0)
(0.121409 -0.00765093 0)
(0.118089 -0.00636687 0)
(0.114899 -0.00500514 0)
(0.11179 -0.00366017 0)
(0.108993 -0.002416 0)
(0.106407 -0.00135423 0)
(0.104285 -0.000436629 0)
(0.10245 0.00030798 0)
(0.101048 0.000937169 0)
(0.0998578 0.00136228 0)
(0.0990529 0.00167795 0)
(0.0984251 0.00181759 0)
(0.0980964 0.00194255 0)
(0.0978775 0.00193413 0)
(0.0978523 0.00195346 0)
(0.0978907 0.00182019 0)
(0.0980225 0.00174363 0)
(0.0982122 0.0015236 0)
(0.0983995 0.00141347 0)
(0.0986781 0.00117853 0)
(0.098823 0.0011027 0)
(0.0991596 0.0009027 0)
(0.126031 0.00130432 0)
(0.127726 0.000992351 0)
(0.129175 0.000625298 0)
(0.130341 0.000179946 0)
(0.131177 -0.000353291 0)
(0.131618 -0.000967933 0)
(0.131591 -0.00166105 0)
(0.131049 -0.00241189 0)
(0.129944 -0.00321557 0)
(0.128203 -0.00405736 0)
(0.125835 -0.00489853 0)
(0.122843 -0.00567104 0)
(0.119269 -0.00635573 0)
(0.115161 -0.00688875 0)
(0.110648 -0.00716005 0)
(0.105835 -0.00714691 0)
(0.100918 -0.00679272 0)
(0.0960047 -0.00606278 0)
(0.0913003 -0.00502087 0)
(0.086859 -0.00383161 0)
(0.0829026 -0.00262789 0)
(0.0794943 -0.00149085 0)
(0.0768309 -0.000497021 0)
(0.0747689 0.000293649 0)
(0.0734523 0.000898974 0)
(0.0726257 0.00132873 0)
(0.0723981 0.00164676 0)
(0.0724927 0.00184153 0)
(0.0729948 0.00194994 0)
(0.0736465 0.00193778 0)
(0.0745087 0.00189079 0)
(0.0754453 0.00176875 0)
(0.0764221 0.00165962 0)
(0.0774735 0.00148568 0)
(0.0783716 0.00135464 0)
(0.0794142 0.00115553 0)
(0.0800869 0.00103669 0)
(0.0810757 0.000831962 0)
(0.0814396 0.000759329 0)
(0.08243 0.000569604 0)
(0.0838636 -0.000126505 0)
(0.0845743 -0.000236434 0)
(0.0849279 -0.000364505 0)
(0.084902 -0.000528902 0)
(0.0844496 -0.000731681 0)
(0.0834984 -0.000971528 0)
(0.0819591 -0.00124047 0)
(0.0797638 -0.0015332 0)
(0.0768414 -0.00184064 0)
(0.0731407 -0.00214895 0)
(0.068651 -0.00244248 0)
(0.0634099 -0.00268082 0)
(0.0575004 -0.0028247 0)
(0.0510456 -0.00286086 0)
(0.0442812 -0.00272631 0)
(0.0376034 -0.00233406 0)
(0.0314112 -0.00172863 0)
(0.0260695 -0.00101293 0)
(0.0218747 -0.000302873 0)
(0.0188986 0.000313011 0)
(0.0170962 0.000766619 0)
(0.0163434 0.00103245 0)
(0.0164494 0.00116964 0)
(0.0171768 0.00120327 0)
(0.0183798 0.00116399 0)
(0.0198431 0.0010884 0)
(0.0215334 0.000997155 0)
(0.0232833 0.000889877 0)
(0.0251152 0.000777876 0)
(0.0268536 0.000664449 0)
(0.0285559 0.000563327 0)
(0.0300909 0.000468211 0)
(0.0315388 0.000387387 0)
(0.0328146 0.000309949 0)
(0.0339531 0.000250185 0)
(0.0349641 0.000191605 0)
(0.0357669 0.000157931 0)
(0.0365751 0.000119381 0)
(0.0370258 0.000112721 0)
(0.0377926 9.88047e-05 0)
)
;

boundaryField
{
    inlet
    {
        type            fixedValue;
        value           uniform (0.1 0 0);
    }
    outlet
    {
        type            zeroGradient;
    }
    lowerWall
    {
        type            noSlip;
    }
    upperWall
    {
        type            noSlip;
    }
    defaultFaces
    {
        type            empty;
    }
}


// ************************************************************************* //
