/*--------------------------------*- C++ -*----------------------------------*\
| =========                 |                                                 |
| \\      /  F ield         | OpenFOAM: The Open Source CFD Toolbox           |
|  \\    /   O peration     | Version:  2112                                  |
|   \\  /    A nd           | Website:  www.openfoam.com                      |
|    \\/     M anipulation  |                                                 |
\*---------------------------------------------------------------------------*/
FoamFile
{
    version     2.0;
    format      ascii;
    arch        "LSB;label=32;scalar=64";
    class       surfaceScalarField;
    location    "0.26";
    object      phi;
}
// * * * * * * * * * * * * * * * * * * * * * * * * * * * * * * * * * * * * * //

dimensions      [0 3 -1 0 0 0 0];

oriented        oriented;

internalField   nonuniform List<scalar> 
3653
(
9.92591e-07
7.40902e-09
9.79291e-07
1.32997e-08
9.63917e-07
1.53745e-08
9.48479e-07
1.54381e-08
9.31966e-07
1.65132e-08
9.1577e-07
1.61956e-08
8.97374e-07
1.83964e-08
8.80252e-07
1.71219e-08
8.61113e-07
1.91391e-08
8.44145e-07
1.69675e-08
8.24597e-07
1.95476e-08
8.06867e-07
1.77306e-08
7.86252e-07
2.06153e-08
7.67564e-07
1.86874e-08
7.4726e-07
2.03041e-08
7.28926e-07
1.83339e-08
7.0672e-07
2.22067e-08
6.86165e-07
2.05544e-08
6.61743e-07
2.44218e-08
6.40122e-07
2.16216e-08
6.17975e-07
2.21464e-08
5.95656e-07
2.23188e-08
5.76841e-07
1.88152e-08
5.51354e-07
2.54872e-08
5.29936e-07
2.14177e-08
4.95322e-07
3.46144e-08
4.62333e-07
3.29894e-08
4.08982e-07
5.33503e-08
3.49298e-07
5.96841e-08
8.76285e-08
2.6167e-07
1.00297e-06
4.43536e-09
1.00645e-06
9.82018e-09
1.0089e-06
1.29314e-08
1.01034e-06
1.39913e-08
1.01113e-06
1.5729e-08
1.01181e-06
1.5512e-08
1.0116e-06
1.86025e-08
1.01165e-06
1.70814e-08
1.00963e-06
2.11558e-08
1.00873e-06
1.78646e-08
1.00545e-06
2.28326e-08
1.00391e-06
1.92682e-08
9.99957e-07
2.4567e-08
9.96111e-07
2.25338e-08
9.9088e-07
2.55353e-08
9.85711e-07
2.35029e-08
9.78728e-07
2.91895e-08
9.74764e-07
2.45185e-08
9.63051e-07
3.61348e-08
9.59395e-07
2.52773e-08
9.42757e-07
3.87847e-08
9.35459e-07
2.96159e-08
9.16401e-07
3.78738e-08
9.03725e-07
3.81635e-08
8.7857e-07
4.65719e-08
8.63399e-07
4.97858e-08
8.22107e-07
7.42816e-08
8.00385e-07
7.50716e-08
7.40608e-07
1.19462e-07
1.31402e-07
6.96834e-07
1.00178e-06
2.65527e-09
1.00486e-06
6.74524e-09
1.00774e-06
1.00455e-08
1.01002e-06
1.17138e-08
1.01198e-06
1.37682e-08
1.01376e-06
1.3734e-08
1.01558e-06
1.6776e-08
1.01751e-06
1.51567e-08
1.01856e-06
2.01021e-08
1.02023e-06
1.61959e-08
1.01992e-06
2.31385e-08
1.0218e-06
1.739e-08
1.02096e-06
2.5412e-08
1.02257e-06
2.09209e-08
1.02081e-06
2.73006e-08
1.02021e-06
2.41013e-08
1.0186e-06
3.07951e-08
1.01652e-06
2.65966e-08
1.0149e-06
3.7759e-08
1.01066e-06
2.95186e-08
1.00692e-06
4.2523e-08
9.98401e-07
3.81349e-08
9.91364e-07
4.49109e-08
9.76959e-07
5.25679e-08
9.64308e-07
5.92233e-08
9.50079e-07
6.40145e-08
9.23825e-07
1.00536e-07
9.14165e-07
8.47306e-08
8.86529e-07
1.47098e-07
1.56553e-07
8.61378e-07
1.00082e-06
1.83948e-09
1.00256e-06
5.00541e-09
1.00459e-06
8.01245e-09
1.00657e-06
9.72837e-09
1.00838e-06
1.19609e-08
1.00999e-06
1.21283e-08
1.01181e-06
1.49566e-08
1.01332e-06
1.36396e-08
1.01514e-06
1.82817e-08
1.0162e-06
1.51406e-08
1.01766e-06
2.16772e-08
1.01843e-06
1.66182e-08
1.01958e-06
2.4262e-08
1.02054e-06
1.99638e-08
1.02034e-06
2.74978e-08
1.02068e-06
2.3766e-08
1.01946e-06
3.20147e-08
1.01961e-06
2.6442e-08
1.0181e-06
3.92746e-08
1.01686e-06
3.07518e-08
1.01305e-06
4.6341e-08
1.00991e-06
4.1268e-08
1.00057e-06
5.42499e-08
9.9673e-07
5.64116e-08
9.82459e-07
7.34947e-08
9.74437e-07
7.2036e-08
9.64917e-07
1.10056e-07
9.47637e-07
1.02011e-07
9.4357e-07
1.51165e-07
1.64084e-07
9.36039e-07
1.00042e-06
1.42132e-09
1.00153e-06
3.89208e-09
1.00318e-06
6.36833e-09
1.00483e-06
8.06908e-09
1.00663e-06
1.01676e-08
1.00806e-06
1.06961e-08
1.00991e-06
1.31111e-08
1.01113e-06
1.2411e-08
1.01317e-06
1.62498e-08
1.01398e-06
1.43226e-08
1.01608e-06
1.95846e-08
1.01617e-06
1.65288e-08
1.0184e-06
2.20312e-08
1.0179e-06
2.04593e-08
1.02009e-06
2.53065e-08
1.0187e-06
2.51545e-08
1.02021e-06
3.05132e-08
1.01845e-06
2.81965e-08
1.01863e-06
3.91003e-08
1.01714e-06
3.22352e-08
1.01462e-06
4.88614e-08
1.01252e-06
4.33719e-08
1.00728e-06
5.94926e-08
1.00303e-06
6.06561e-08
9.96388e-07
8.01374e-08
9.90125e-07
7.82993e-08
9.84425e-07
1.15757e-07
9.77803e-07
1.08633e-07
9.75132e-07
1.53835e-07
1.63761e-07
9.75456e-07
1.00034e-06
1.08165e-09
1.00114e-06
3.09581e-09
1.00241e-06
5.09436e-09
1.00378e-06
6.69838e-09
1.00543e-06
8.51871e-09
1.00677e-06
9.35432e-09
1.00858e-06
1.12991e-08
1.00974e-06
1.12531e-08
1.01175e-06
1.4242e-08
1.01265e-06
1.34248e-08
1.01471e-06
1.75251e-08
1.01529e-06
1.5949e-08
1.01703e-06
2.02892e-08
1.01768e-06
1.98041e-08
1.01883e-06
2.41619e-08
1.01915e-06
2.4829e-08
1.01994e-06
2.97269e-08
1.01913e-06
2.9002e-08
1.02016e-06
3.80699e-08
1.01801e-06
3.43905e-08
1.01809e-06
4.87845e-08
1.01576e-06
4.56949e-08
1.01335e-06
6.19078e-08
1.01071e-06
6.3292e-08
1.00838e-06
8.24705e-08
1.0032e-06
8.34759e-08
1.00437e-06
1.14587e-07
9.99749e-07
1.13255e-07
1.00273e-06
1.50858e-07
1.61294e-07
1.00519e-06
1.00025e-06
8.34099e-10
1.00085e-06
2.49425e-09
1.0019e-06
4.04615e-09
1.00307e-06
5.52255e-09
1.00461e-06
6.97697e-09
1.00591e-06
8.06147e-09
1.00772e-06
9.48755e-09
1.00888e-06
1.00895e-08
1.01099e-06
1.21324e-08
1.01183e-06
1.25834e-08
1.01425e-06
1.51043e-08
1.01462e-06
1.55849e-08
1.01711e-06
1.77971e-08
1.01722e-06
1.96956e-08
1.01945e-06
2.1936e-08
1.01961e-06
2.46658e-08
1.02098e-06
2.83571e-08
1.02103e-06
2.89477e-08
1.02171e-06
3.73961e-08
1.02139e-06
3.47031e-08
1.02167e-06
4.85096e-08
1.02068e-06
4.66878e-08
1.02057e-06
6.20176e-08
1.01931e-06
6.45482e-08
1.01928e-06
8.24982e-08
1.01799e-06
8.47701e-08
1.02049e-06
1.12082e-07
1.02024e-06
1.13508e-07
1.02618e-06
1.44912e-07
1.55106e-07
1.03237e-06
1.00021e-06
6.2571e-10
1.00072e-06
1.97839e-09
1.00166e-06
3.11218e-09
1.00275e-06
4.43263e-09
1.0042e-06
5.52795e-09
1.00551e-06
6.74532e-09
1.00726e-06
7.73588e-09
1.00859e-06
8.76323e-09
1.0106e-06
1.01228e-08
1.01181e-06
1.13733e-08
1.01398e-06
1.29355e-08
1.01504e-06
1.4528e-08
1.01712e-06
1.57117e-08
1.01821e-06
1.86067e-08
1.02007e-06
2.00741e-08
1.02103e-06
2.37111e-08
1.02282e-06
2.65678e-08
1.02299e-06
2.87727e-08
1.02509e-06
3.52997e-08
1.02457e-06
3.52242e-08
1.02658e-06
4.64996e-08
1.02637e-06
4.68995e-08
1.028e-06
6.03879e-08
1.02811e-06
6.4435e-08
1.03091e-06
7.96929e-08
1.03086e-06
8.4828e-08
1.03639e-06
1.06546e-07
1.0385e-06
1.11401e-07
1.04658e-06
1.36827e-07
1.47588e-07
1.0541e-06
1.00019e-06
4.3631e-10
1.00068e-06
1.49035e-09
1.00154e-06
2.25085e-09
1.0026e-06
3.37419e-09
1.004e-06
4.12147e-09
1.00537e-06
5.38315e-09
1.00712e-06
5.98323e-09
1.00856e-06
7.31883e-09
1.01063e-06
8.05797e-09
1.01201e-06
9.99163e-09
1.0143e-06
1.06473e-08
1.01559e-06
1.32355e-08
1.01787e-06
1.34283e-08
1.0193e-06
1.71828e-08
1.02135e-06
1.80238e-08
1.02301e-06
2.20526e-08
1.02474e-06
2.48363e-08
1.02617e-06
2.73376e-08
1.02812e-06
3.33552e-08
1.02898e-06
3.43646e-08
1.03161e-06
4.38705e-08
1.03237e-06
4.61398e-08
1.03546e-06
5.7296e-08
1.03711e-06
6.27834e-08
1.04096e-06
7.58424e-08
1.04365e-06
8.21408e-08
1.05008e-06
1.00109e-07
1.05475e-06
1.06739e-07
1.0643e-06
1.27271e-07
1.37834e-07
1.07406e-06
1.00018e-06
2.54882e-10
1.00067e-06
9.99377e-10
1.00152e-06
1.40691e-09
1.0026e-06
2.29204e-09
1.004e-06
2.72377e-09
1.00546e-06
3.92417e-09
1.00721e-06
4.22898e-09
1.00885e-06
5.67972e-09
1.0109e-06
6.00671e-09
1.01262e-06
8.27445e-09
1.01485e-06
8.41159e-09
1.01662e-06
1.14713e-08
1.01889e-06
1.11551e-08
1.02082e-06
1.52486e-08
1.02311e-06
1.57384e-08
1.0251e-06
2.00616e-08
1.02753e-06
2.24025e-08
1.02917e-06
2.57028e-08
1.03205e-06
3.04746e-08
1.03345e-06
3.29636e-08
1.03685e-06
4.04682e-08
1.03876e-06
4.42367e-08
1.04278e-06
5.32701e-08
1.04562e-06
5.99499e-08
1.05094e-06
7.05186e-08
1.05502e-06
7.80578e-08
1.06269e-06
9.24436e-08
1.06913e-06
1.00302e-07
1.07978e-06
1.16617e-07
1.2728e-07
1.09033e-06
1.00018e-06
7.03257e-11
1.00071e-06
4.77263e-10
1.00157e-06
5.39518e-10
1.00272e-06
1.14214e-09
1.00416e-06
1.28423e-09
1.00574e-06
2.34734e-09
1.00755e-06
2.41868e-09
1.00937e-06
3.86289e-09
1.01148e-06
3.89112e-09
1.01346e-06
6.29293e-09
1.01578e-06
6.09781e-09
1.01791e-06
9.34441e-09
1.02027e-06
8.78864e-09
1.02268e-06
1.28401e-08
1.0251e-06
1.33184e-08
1.02772e-06
1.74403e-08
1.03034e-06
1.97793e-08
1.0328e-06
2.32512e-08
1.03595e-06
2.73228e-08
1.03826e-06
3.06529e-08
1.04217e-06
3.65519e-08
1.04508e-06
4.13367e-08
1.04972e-06
4.863e-08
1.05397e-06
5.56942e-08
1.0598e-06
6.46918e-08
1.06554e-06
7.23158e-08
1.0738e-06
8.41806e-08
1.08174e-06
9.23639e-08
1.09286e-06
1.05494e-07
1.15449e-07
1.1047e-06
1.0002e-06
-1.26187e-10
1.00078e-06
-1.03234e-10
1.0017e-06
-3.84232e-10
1.00296e-06
-1.13311e-10
1.00448e-06
-2.37838e-10
1.0062e-06
6.27494e-10
1.0081e-06
5.20946e-10
1.0101e-06
1.85586e-09
1.0123e-06
1.69475e-09
1.01456e-06
4.0371e-09
1.01697e-06
3.67801e-09
1.01944e-06
6.8814e-09
1.02198e-06
6.25138e-09
1.02471e-06
1.01046e-08
1.02749e-06
1.05375e-08
1.03043e-06
1.45001e-08
1.03357e-06
1.66367e-08
1.03647e-06
2.03579e-08
1.04011e-06
2.36775e-08
1.04317e-06
2.75965e-08
1.04748e-06
3.22438e-08
1.05132e-06
3.74977e-08
1.05653e-06
4.34161e-08
1.06167e-06
5.05527e-08
1.06826e-06
5.81005e-08
1.07498e-06
6.56028e-08
1.0838e-06
7.53586e-08
1.09269e-06
8.34743e-08
1.10429e-06
9.38885e-08
1.03195e-07
1.11655e-06
1.00023e-06
-3.55856e-10
1.0009e-06
-7.71556e-10
1.00195e-06
-1.43894e-09
1.00337e-06
-1.52643e-09
1.00503e-06
-1.89986e-09
1.00692e-06
-1.26324e-09
1.00894e-06
-1.4972e-09
1.01113e-06
-3.39196e-10
1.01343e-06
-6.00947e-10
1.01595e-06
1.51224e-09
1.0185e-06
1.13525e-09
1.02129e-06
4.08457e-09
1.02397e-06
3.57092e-09
1.02708e-06
6.99788e-09
1.0301e-06
7.51729e-09
1.03349e-06
1.11096e-08
1.03696e-06
1.3169e-08
1.04042e-06
1.68911e-08
1.04442e-06
1.96843e-08
1.04817e-06
2.38451e-08
1.05282e-06
2.75964e-08
1.05744e-06
3.28774e-08
1.06296e-06
3.78885e-08
1.06896e-06
4.45614e-08
1.0759e-06
5.11525e-08
1.08339e-06
5.81205e-08
1.09252e-06
6.62212e-08
1.10216e-06
7.38423e-08
1.11381e-06
8.22353e-08
9.04301e-08
1.12657e-06
1.00026e-06
-6.15784e-10
1.00104e-06
-1.55078e-09
1.00225e-06
-2.64669e-09
1.00386e-06
-3.13781e-09
1.00568e-06
-3.72446e-09
1.00776e-06
-3.34465e-09
1.00992e-06
-3.65646e-09
1.01234e-06
-2.75102e-09
1.01479e-06
-3.05144e-09
1.01756e-06
-1.26584e-09
1.02031e-06
-1.61491e-09
1.02336e-06
1.03424e-09
1.02631e-06
6.30083e-10
1.02968e-06
3.62356e-09
1.03307e-06
4.12987e-09
1.03678e-06
7.39636e-09
1.04064e-06
9.31226e-09
1.04457e-06
1.29627e-08
1.04893e-06
1.53217e-08
1.05329e-06
1.94834e-08
1.05828e-06
2.26024e-08
1.06349e-06
2.76677e-08
1.06941e-06
3.19687e-08
1.07585e-06
3.81266e-08
1.08316e-06
4.38356e-08
1.09107e-06
5.02173e-08
1.10039e-06
5.68998e-08
1.11038e-06
6.38539e-08
1.12209e-06
7.05244e-08
7.76716e-08
1.13485e-06
1.00038e-06
-9.96737e-10
1.0014e-06
-2.57098e-09
1.0029e-06
-4.14954e-09
1.0048e-06
-5.0305e-09
1.00685e-06
-5.77828e-09
1.00913e-06
-5.62284e-09
1.01147e-06
-6.00099e-09
1.01406e-06
-5.34058e-09
1.0167e-06
-5.68826e-09
1.01969e-06
-4.2548e-09
1.02263e-06
-4.56034e-09
1.0259e-06
-2.23662e-09
1.02905e-06
-2.51199e-09
1.03269e-06
-2.17319e-11
1.03633e-06
4.94306e-10
1.04037e-06
3.35503e-09
1.04453e-06
5.15373e-09
1.04896e-06
8.53021e-09
1.0537e-06
1.05783e-08
1.05864e-06
1.45452e-08
1.06392e-06
1.73257e-08
1.06955e-06
2.2035e-08
1.07559e-06
2.59316e-08
1.08226e-06
3.14517e-08
1.08964e-06
3.64627e-08
1.09771e-06
4.21465e-08
1.10699e-06
4.76123e-08
1.11716e-06
5.36875e-08
1.12871e-06
5.89798e-08
6.48509e-08
1.14153e-06
1.00046e-06
-1.46125e-09
1.00183e-06
-3.94105e-09
1.00376e-06
-6.07379e-09
1.00601e-06
-7.28393e-09
1.00831e-06
-8.07914e-09
1.0108e-06
-8.11042e-09
1.01333e-06
-8.53079e-09
1.01616e-06
-8.16707e-09
1.01901e-06
-8.53678e-09
1.02224e-06
-7.49198e-09
1.02535e-06
-7.66273e-09
1.02884e-06
-5.72662e-09
1.03224e-06
-5.91861e-09
1.03626e-06
-4.03681e-09
1.04023e-06
-3.48195e-09
1.04451e-06
-9.18525e-10
1.04895e-06
7.12885e-10
1.05376e-06
3.7135e-09
1.05892e-06
5.42646e-09
1.06438e-06
9.08289e-09
1.07006e-06
1.16406e-08
1.07606e-06
1.6043e-08
1.08229e-06
1.96994e-08
1.08901e-06
2.47268e-08
1.09632e-06
2.91561e-08
1.1043e-06
3.41616e-08
1.11334e-06
3.85735e-08
1.12336e-06
4.36719e-08
1.13464e-06
4.76991e-08
5.2434e-08
1.14706e-06
1.00089e-06
-2.35133e-09
1.00287e-06
-5.92045e-09
1.00528e-06
-8.48456e-09
1.00786e-06
-9.86486e-09
1.01036e-06
-1.05738e-08
1.01302e-06
-1.07757e-08
1.0158e-06
-1.13115e-08
1.01892e-06
-1.12883e-08
1.02199e-06
-1.16001e-08
1.02537e-06
-1.08732e-08
1.02863e-06
-1.09208e-08
1.03237e-06
-9.46623e-09
1.03616e-06
-9.71745e-09
1.0404e-06
-8.27448e-09
1.0445e-06
-7.57717e-09
1.04882e-06
-5.23647e-09
1.05348e-06
-3.94878e-09
1.0589e-06
-1.7121e-09
1.06464e-06
-3.08555e-10
1.07076e-06
2.95671e-09
1.07677e-06
5.63512e-09
1.08284e-06
9.96963e-09
1.0888e-06
1.37403e-08
1.09511e-06
1.84169e-08
1.10188e-06
2.23904e-08
1.10943e-06
2.66112e-08
1.118e-06
2.99967e-08
1.12772e-06
3.39558e-08
1.13866e-06
3.67612e-08
4.0081e-08
1.15101e-06
1.00186e-06
-4.20977e-09
1.00524e-06
-9.30438e-09
1.00852e-06
-1.17613e-08
1.01146e-06
-1.28094e-08
1.01418e-06
-1.32892e-08
1.01708e-06
-1.36737e-08
1.02015e-06
-1.43809e-08
1.02348e-06
-1.46232e-08
1.0266e-06
-1.47184e-08
1.02989e-06
-1.41608e-08
1.03294e-06
-1.39779e-08
1.03659e-06
-1.31127e-08
1.04034e-06
-1.34652e-08
1.04455e-06
-1.24837e-08
1.04841e-06
-1.14369e-08
1.05253e-06
-9.3625e-09
1.05693e-06
-8.34564e-09
1.06229e-06
-7.06726e-09
1.06806e-06
-6.08246e-09
1.07437e-06
-3.3584e-09
1.08073e-06
-7.21147e-10
1.08708e-06
3.6251e-09
1.09317e-06
7.64269e-09
1.09945e-06
1.21363e-08
1.10604e-06
1.5799e-08
1.11339e-06
1.92682e-08
1.12165e-06
2.17379e-08
1.13111e-06
2.44932e-08
1.14172e-06
2.61541e-08
2.8293e-08
1.1535e-06
1.00304e-06
-7.24651e-09
1.00684e-06
-1.31123e-08
1.00975e-06
-1.46659e-08
1.01185e-06
-1.4906e-08
1.01363e-06
-1.50722e-08
1.01536e-06
-1.54051e-08
1.01695e-06
-1.59741e-08
1.01829e-06
-1.59583e-08
1.01916e-06
-1.55915e-08
1.02001e-06
-1.50141e-08
1.02074e-06
-1.47029e-08
1.02197e-06
-1.43441e-08
1.02293e-06
-1.44289e-08
1.02395e-06
-1.34981e-08
1.02465e-06
-1.21392e-08
1.0261e-06
-1.08062e-08
1.02823e-06
-1.04758e-08
1.03131e-06
-1.01525e-08
1.03459e-06
-9.36464e-09
1.03854e-06
-7.30188e-09
1.04264e-06
-4.82024e-09
1.04761e-06
-1.35454e-09
1.05342e-06
1.83953e-09
1.06049e-06
5.06386e-09
1.06872e-06
7.57205e-09
1.07826e-06
9.7287e-09
1.08884e-06
1.11595e-08
1.10075e-06
1.25795e-08
1.11363e-06
1.32714e-08
1.41032e-08
1.12782e-06
9.92753e-07
9.79641e-07
9.64975e-07
9.50069e-07
9.34997e-07
9.19592e-07
9.03618e-07
8.8766e-07
8.72068e-07
8.57054e-07
8.42351e-07
8.28007e-07
8.13578e-07
8.0008e-07
7.87941e-07
7.77135e-07
7.66659e-07
7.56507e-07
7.47142e-07
7.3984e-07
7.3502e-07
7.33665e-07
7.35505e-07
7.40569e-07
7.48141e-07
7.57869e-07
7.69029e-07
7.81608e-07
7.9488e-07
8.08983e-07
3.66813e-07
-1.05144e-07
4.63515e-07
-9.67018e-08
5.20761e-07
-5.72455e-08
5.77243e-07
-5.64824e-08
6.20472e-07
-4.32286e-08
6.6252e-07
-4.20483e-08
7.16308e-07
-5.37875e-08
7.67362e-07
-5.10548e-08
8.45938e-07
-7.85758e-08
-8.33558e-08
9.29294e-07
7.52685e-07
-1.60995e-07
7.93289e-07
-1.37305e-07
8.15278e-07
-7.92342e-08
8.56711e-07
-9.79156e-08
8.98163e-07
-8.46808e-08
9.18918e-07
-6.28027e-08
9.30965e-07
-6.58347e-08
9.55799e-07
-7.58895e-08
1.0371e-06
-1.59875e-07
-1.28139e-07
1.08188e-06
8.72885e-07
-1.72502e-07
8.91664e-07
-1.56084e-07
8.93837e-07
-8.14076e-08
9.09674e-07
-1.13753e-07
9.32705e-07
-1.07711e-07
9.68382e-07
-9.84798e-08
9.8199e-07
-7.94436e-08
1.00033e-06
-9.4231e-08
9.91005e-07
-1.50549e-07
-2.17296e-07
1.08016e-06
9.24649e-07
-1.61112e-07
9.25522e-07
-1.56957e-07
9.55116e-07
-1.11001e-07
9.65784e-07
-1.24421e-07
9.68134e-07
-1.10061e-07
9.7936e-07
-1.09705e-07
1.00709e-06
-1.07172e-07
1.03655e-06
-1.23693e-07
1.04034e-06
-1.54337e-07
-2.42756e-07
1.0658e-06
9.72634e-07
-1.5829e-07
9.72474e-07
-1.56798e-07
9.7546e-07
-1.13987e-07
9.82813e-07
-1.31774e-07
9.87002e-07
-1.14251e-07
1.00353e-06
-1.26238e-07
1.01573e-06
-1.19371e-07
1.03269e-06
-1.4065e-07
1.04332e-06
-1.64962e-07
-2.53882e-07
1.05444e-06
1.0009e-06
-1.53996e-07
9.96526e-07
-1.52426e-07
1.00537e-06
-1.22827e-07
1.00847e-06
-1.34875e-07
1.01483e-06
-1.20608e-07
1.02008e-06
-1.31494e-07
1.02793e-06
-1.2722e-07
1.04379e-06
-1.56513e-07
1.05377e-06
-1.74936e-07
-2.39896e-07
1.03978e-06
1.02667e-06
-1.48294e-07
1.02334e-06
-1.49092e-07
1.02471e-06
-1.24199e-07
1.02455e-06
-1.34719e-07
1.02714e-06
-1.23192e-07
1.03151e-06
-1.35863e-07
1.03807e-06
-1.33786e-07
1.04455e-06
-1.62992e-07
1.04546e-06
-1.75848e-07
-2.31925e-07
1.03749e-06
1.04908e-06
-1.43271e-07
1.04244e-06
-1.42455e-07
1.04309e-06
-1.24845e-07
1.04131e-06
-1.3294e-07
1.04237e-06
-1.24251e-07
1.04321e-06
-1.36703e-07
1.04582e-06
-1.36392e-07
1.04657e-06
-1.63746e-07
1.04561e-06
-1.74887e-07
-2.20628e-07
1.03431e-06
1.06707e-06
-1.36285e-07
1.06033e-06
-1.35719e-07
1.05756e-06
-1.22072e-07
1.05349e-06
-1.2887e-07
1.05211e-06
-1.22877e-07
1.05016e-06
-1.34744e-07
1.04853e-06
-1.34767e-07
1.04505e-06
-1.60261e-07
1.04217e-06
-1.7201e-07
-2.09219e-07
1.03076e-06
1.08268e-06
-1.2863e-07
1.07444e-06
-1.27483e-07
1.06997e-06
-1.17596e-07
1.06413e-06
-1.23038e-07
1.06019e-06
-1.18927e-07
1.0555e-06
-1.30061e-07
1.05275e-06
-1.32014e-07
1.04603e-06
-1.53537e-07
1.03796e-06
-1.63941e-07
-1.95427e-07
1.02416e-06
1.09555e-06
-1.19486e-07
1.08643e-06
-1.18358e-07
1.07961e-06
-1.10778e-07
1.07223e-06
-1.15654e-07
1.06647e-06
-1.13172e-07
1.05937e-06
-1.22965e-07
1.05261e-06
-1.25248e-07
1.04346e-06
-1.4439e-07
1.03448e-06
-1.54963e-07
-1.81163e-07
1.02022e-06
1.1063e-06
-1.09237e-07
1.09609e-06
-1.08154e-07
1.08787e-06
-1.02554e-07
1.07873e-06
-1.06519e-07
1.07075e-06
-1.05191e-07
1.06174e-06
-1.13952e-07
1.0537e-06
-1.17211e-07
1.04246e-06
-1.33148e-07
1.03026e-06
-1.42767e-07
-1.65079e-07
1.01418e-06
1.11517e-06
-9.78374e-08
1.10399e-06
-9.69716e-08
1.09405e-06
-9.26104e-08
1.08365e-06
-9.61189e-08
1.07411e-06
-9.56517e-08
1.06337e-06
-1.03209e-07
1.05279e-06
-1.06633e-07
1.03999e-06
-1.20353e-07
1.02653e-06
-1.29309e-07
-1.48088e-07
1.00954e-06
1.12247e-06
-8.54611e-08
1.11027e-06
-8.47694e-08
1.09916e-06
-8.15065e-08
1.08744e-06
-8.43903e-08
1.07629e-06
-8.45025e-08
1.06414e-06
-9.10646e-08
1.05222e-06
-9.47121e-08
1.03802e-06
-1.06152e-07
1.02284e-06
-1.14129e-07
-1.29922e-07
1.00467e-06
1.12824e-06
-7.21719e-08
1.11516e-06
-7.16878e-08
1.1029e-06
-6.92463e-08
1.09014e-06
-7.16314e-08
1.0778e-06
-7.21623e-08
1.06446e-06
-7.77288e-08
1.05101e-06
-8.12651e-08
1.0357e-06
-9.08363e-08
1.01946e-06
-9.78888e-08
-1.10967e-07
1.0005e-06
1.13296e-06
-5.80709e-08
1.11897e-06
-5.77029e-08
1.10579e-06
-5.60642e-08
1.09209e-06
-5.79307e-08
1.07869e-06
-5.87644e-08
1.06435e-06
-6.33846e-08
1.04985e-06
-6.6772e-08
1.0336e-06
-7.45817e-08
1.01638e-06
-8.06692e-08
-9.12465e-08
9.96658e-07
1.13616e-06
-4.32226e-08
1.12147e-06
-4.30108e-08
1.10752e-06
-4.21128e-08
1.09306e-06
-4.34746e-08
1.07886e-06
-4.45656e-08
1.06367e-06
-4.81865e-08
1.04822e-06
-5.13214e-08
1.03109e-06
-5.74584e-08
1.01307e-06
-6.26504e-08
-7.08014e-08
9.92629e-07
1.13758e-06
-2.73016e-08
1.12179e-06
-2.72201e-08
1.10678e-06
-2.70983e-08
1.09133e-06
-2.80271e-08
1.07611e-06
-2.93424e-08
1.0598e-06
-3.188e-08
1.04318e-06
-3.46996e-08
1.02477e-06
-3.90473e-08
1.00541e-06
-4.32883e-08
-4.89014e-08
9.83506e-07
1.11029e-06
-9.76984e-09
1.09319e-06
-1.01158e-08
1.07655e-06
-1.04642e-08
1.05965e-06
-1.11281e-08
1.04258e-06
-1.22665e-08
1.02444e-06
-1.3748e-08
1.00547e-06
-1.57269e-08
9.84534e-07
-1.81098e-08
9.62081e-07
-2.0835e-08
-2.36605e-08
9.3684e-07
7.99213e-07
7.89097e-07
7.78633e-07
7.67505e-07
7.55239e-07
7.4149e-07
7.25764e-07
7.07654e-07
6.86819e-07
6.63158e-07
3.61107e-08
-3.61107e-08
1.64956e-09
3.44612e-08
-1.09763e-07
1.11412e-07
-3.53578e-07
2.43815e-07
-6.11872e-07
2.58295e-07
-7.86107e-07
1.74235e-07
-9.1066e-07
1.24553e-07
-9.51007e-07
4.03475e-08
-9.1936e-07
-3.16472e-08
-8.21513e-07
-9.78469e-08
-6.74226e-07
-1.47288e-07
-4.94221e-07
-1.80005e-07
-3.05824e-07
-1.88396e-07
-1.29606e-07
-1.76218e-07
2.89935e-08
-1.586e-07
1.60588e-07
-1.31595e-07
2.63895e-07
-1.03306e-07
3.40178e-07
-7.62831e-08
3.92772e-07
-5.25941e-08
4.25482e-07
-3.271e-08
4.42533e-07
-1.70509e-08
4.48172e-07
-5.63864e-09
4.46221e-07
1.95098e-09
4.39633e-07
6.588e-09
4.30538e-07
9.09455e-09
4.20506e-07
1.00323e-08
4.10597e-07
9.90862e-09
4.01462e-07
9.13497e-09
3.93432e-07
8.03048e-09
3.86607e-07
6.82451e-09
3.80922e-07
5.68469e-09
3.76289e-07
4.63313e-09
3.72511e-07
3.77805e-09
3.69501e-07
3.01028e-09
3.67045e-07
2.45572e-09
3.6514e-07
1.90562e-09
3.6356e-07
1.5795e-09
3.62405e-07
1.15566e-09
3.61401e-07
1.00337e-09
6.47919e-10
3.56253e-08
-7.17361e-08
-3.04296e-08
1.00516e-07
-2.62186e-07
3.43169e-07
-5.19351e-07
5.0098e-07
-7.00275e-07
4.39219e-07
-8.35685e-07
3.09644e-07
-9.16711e-07
2.05579e-07
-9.29988e-07
5.36242e-08
-8.70096e-07
-9.15391e-08
-7.51869e-07
-2.16074e-07
-5.95814e-07
-3.03343e-07
-4.18319e-07
-3.575e-07
-2.2734e-07
-3.79375e-07
-4.66167e-08
-3.56942e-07
1.16783e-07
-3.21999e-07
2.53809e-07
-2.68621e-07
3.64538e-07
-2.14036e-07
4.50583e-07
-1.62327e-07
5.1471e-07
-1.16722e-07
5.6074e-07
-7.874e-08
5.93489e-07
-4.97997e-08
6.17171e-07
-2.9321e-08
6.34737e-07
-1.56146e-08
6.47898e-07
-6.5735e-09
6.57716e-07
-7.22995e-10
6.64778e-07
2.97073e-09
6.696e-07
5.08653e-09
6.72582e-07
6.15274e-09
6.7413e-07
6.48236e-09
6.74627e-07
6.32733e-09
6.74397e-07
5.91485e-09
6.73751e-07
5.27905e-09
6.72858e-07
4.67126e-09
6.71929e-07
3.93923e-09
6.70988e-07
3.39638e-09
6.7019e-07
2.70395e-09
6.69453e-07
2.31593e-09
6.68921e-07
1.68787e-09
6.68441e-07
1.48326e-09
9.19145e-10
-8.29545e-08
1.12184e-08
-2.40646e-07
2.58208e-07
-3.85343e-07
4.87865e-07
-4.90822e-07
6.06459e-07
-5.87101e-07
5.35498e-07
-6.77422e-07
3.99966e-07
-7.22955e-07
2.51111e-07
-7.14833e-07
4.55028e-08
-6.39025e-07
-1.67347e-07
-5.2262e-07
-3.32479e-07
-3.8309e-07
-4.42872e-07
-2.30276e-07
-5.10314e-07
-7.54664e-08
-5.34184e-07
7.90943e-08
-5.11503e-07
2.16236e-07
-4.59141e-07
3.33184e-07
-3.85569e-07
4.28024e-07
-3.08876e-07
5.04424e-07
-2.38727e-07
5.63608e-07
-1.75906e-07
6.05151e-07
-1.20283e-07
6.31986e-07
-7.66341e-08
6.4977e-07
-4.7105e-08
6.63689e-07
-2.9534e-08
6.76325e-07
-1.92098e-08
6.88329e-07
-1.27266e-08
6.99429e-07
-8.12955e-09
7.09217e-07
-4.70131e-09
7.17395e-07
-2.02489e-09
7.23937e-07
-6.04263e-11
7.2887e-07
1.39519e-09
7.32454e-07
2.32996e-09
7.34954e-07
2.77937e-09
7.36629e-07
2.99598e-09
7.37725e-07
2.84396e-09
7.38417e-07
2.70412e-09
7.38872e-07
2.24857e-09
7.39165e-07
2.02305e-09
7.39406e-07
1.44674e-09
7.39598e-07
1.2917e-09
6.72741e-10
-4.27175e-08
5.39359e-08
-1.4029e-07
3.5578e-07
-2.07252e-07
5.54827e-07
-2.93855e-07
6.93062e-07
-3.73288e-07
6.14931e-07
-4.34424e-07
4.61103e-07
-4.38954e-07
2.5564e-07
-3.96075e-07
2.62366e-09
-3.06611e-07
-2.56811e-07
-1.85417e-07
-4.53673e-07
-7.03343e-08
-5.57955e-07
3.93845e-08
-6.20033e-07
1.48747e-07
-6.43546e-07
2.52702e-07
-6.15458e-07
3.46584e-07
-5.53023e-07
4.28395e-07
-4.67379e-07
4.91649e-07
-3.7213e-07
5.42568e-07
-2.89646e-07
5.91129e-07
-2.24468e-07
6.35394e-07
-1.64547e-07
6.67674e-07
-1.08915e-07
6.85986e-07
-6.5417e-08
6.94871e-07
-3.84184e-08
7.00169e-07
-2.45079e-08
7.05536e-07
-1.80935e-08
7.11885e-07
-1.44794e-08
7.18812e-07
-1.16274e-08
7.25508e-07
-8.72162e-09
7.31416e-07
-5.96846e-09
7.36288e-07
-3.47684e-09
7.40108e-07
-1.49018e-09
7.42988e-07
-1.00296e-10
7.45123e-07
8.6136e-10
7.46675e-07
1.29147e-09
7.47819e-07
1.56072e-09
7.48667e-07
1.40046e-09
7.49319e-07
1.37038e-09
7.49855e-07
9.11546e-10
7.50314e-07
8.32328e-10
2.17474e-10
-4.2366e-08
9.63019e-08
-7.84585e-08
3.91873e-07
-8.54591e-08
5.61828e-07
-7.35393e-08
6.81142e-07
-9.03035e-08
6.31695e-07
-1.06447e-07
4.77246e-07
-8.44901e-08
2.33684e-07
-2.94265e-08
-5.244e-08
4.6132e-08
-3.3237e-07
1.39934e-07
-5.47474e-07
2.39674e-07
-6.57695e-07
3.17518e-07
-6.97877e-07
3.78593e-07
-7.04621e-07
4.36466e-07
-6.73332e-07
4.85217e-07
-6.01774e-07
5.32973e-07
-5.15136e-07
5.6995e-07
-4.09107e-07
5.84694e-07
-3.0439e-07
5.93656e-07
-2.3343e-07
6.15697e-07
-1.86587e-07
6.48969e-07
-1.42187e-07
6.8069e-07
-9.71375e-08
7.02473e-07
-6.02012e-08
7.14049e-07
-3.60839e-08
7.19575e-07
-2.36201e-08
7.23077e-07
-1.79812e-08
7.26692e-07
-1.52424e-08
7.30769e-07
-1.27988e-08
7.34957e-07
-1.01558e-08
7.38775e-07
-7.29515e-09
7.41974e-07
-4.68891e-09
7.44457e-07
-2.58383e-09
7.46343e-07
-1.02478e-09
7.47725e-07
-9.021e-11
7.4878e-07
5.05585e-10
7.49589e-07
5.91363e-10
7.5025e-07
7.10061e-10
7.50811e-07
3.49934e-10
7.51318e-07
3.25589e-10
-2.90255e-10
7.98571e-08
1.64448e-08
1.33856e-07
3.37874e-07
2.13544e-07
4.82141e-07
2.44146e-07
6.5054e-07
2.54017e-07
6.21823e-07
2.67449e-07
4.63814e-07
2.88904e-07
2.12229e-07
3.11232e-07
-7.4768e-08
3.3637e-07
-3.57508e-07
3.7492e-07
-5.86025e-07
4.38328e-07
-7.21102e-07
4.99284e-07
-7.58833e-07
5.36762e-07
-7.42099e-07
5.58458e-07
-6.95028e-07
5.69506e-07
-6.12822e-07
5.83802e-07
-5.29431e-07
6.15989e-07
-4.41295e-07
6.37456e-07
-3.25856e-07
6.28643e-07
-2.24618e-07
6.12718e-07
-1.70662e-07
6.15497e-07
-1.44966e-07
6.38917e-07
-1.20558e-07
6.70315e-07
-9.15994e-08
6.97766e-07
-6.35347e-08
7.16389e-07
-4.22431e-08
7.26975e-07
-2.8567e-08
7.32651e-07
-2.09187e-08
7.36107e-07
-1.62544e-08
7.38852e-07
-1.29016e-08
7.41325e-07
-9.76734e-09
7.43549e-07
-6.91288e-09
7.45409e-07
-4.44393e-09
7.46915e-07
-2.53063e-09
7.48093e-07
-1.26839e-09
7.49015e-07
-4.1623e-10
7.49739e-07
-1.32608e-10
7.50335e-07
1.13131e-10
7.50847e-07
-1.61882e-10
7.51313e-07
-1.3991e-10
-7.64802e-10
-1.26545e-07
1.4299e-07
5.94568e-08
1.51872e-07
2.59981e-07
2.81617e-07
4.74126e-07
4.36395e-07
5.81619e-07
5.14331e-07
6.3414e-07
4.11293e-07
6.53623e-07
1.92745e-07
6.4375e-07
-6.48952e-08
6.26249e-07
-3.40006e-07
6.17482e-07
-5.77258e-07
6.29789e-07
-7.3341e-07
6.66578e-07
-7.95622e-07
6.90266e-07
-7.65787e-07
6.82994e-07
-6.87756e-07
6.57938e-07
-5.87766e-07
6.2311e-07
-4.94603e-07
6.0983e-07
-4.28015e-07
6.29889e-07
-3.45916e-07
6.46365e-07
-2.41093e-07
6.37474e-07
-1.61772e-07
6.20386e-07
-1.27878e-07
6.17581e-07
-1.17753e-07
6.34021e-07
-1.08039e-07
6.61444e-07
-9.0958e-08
6.89708e-07
-7.05068e-08
7.12368e-07
-5.1227e-08
7.27607e-07
-3.61582e-08
7.36541e-07
-2.51883e-08
7.41386e-07
-1.77461e-08
7.4402e-07
-1.24011e-08
7.45656e-07
-8.54951e-09
7.46821e-07
-5.60914e-09
7.47756e-07
-3.46476e-09
7.48507e-07
-2.01937e-09
7.49134e-07
-1.04383e-09
7.49667e-07
-6.65382e-10
7.50146e-07
-3.6586e-10
7.50618e-07
-6.33738e-10
7.51063e-07
-5.85561e-10
-1.23396e-09
6.75834e-07
3.9645e-07
5.06538e-07
3.21167e-07
4.84321e-07
3.03834e-07
6.08029e-07
3.12687e-07
7.50367e-07
3.71993e-07
8.59399e-07
3.02261e-07
9.1499e-07
1.37154e-07
9.2021e-07
-7.01146e-08
9.07014e-07
-3.2681e-07
9.04689e-07
-5.74932e-07
8.98851e-07
-7.27573e-07
8.81056e-07
-7.77827e-07
8.62459e-07
-7.47189e-07
8.33169e-07
-6.58466e-07
7.9504e-07
-5.49638e-07
7.48891e-07
-4.48454e-07
6.95301e-07
-3.74425e-07
6.66985e-07
-3.176e-07
6.7438e-07
-2.48489e-07
6.9e-07
-1.77391e-07
6.93377e-07
-1.31255e-07
6.87553e-07
-1.11928e-07
6.84515e-07
-1.05001e-07
6.91423e-07
-9.78664e-08
7.07807e-07
-8.6891e-08
7.28741e-07
-7.21607e-08
7.48852e-07
-5.62691e-08
7.64601e-07
-4.09377e-08
7.75056e-07
-2.82006e-08
7.81028e-07
-1.83737e-08
7.84045e-07
-1.15658e-08
7.85459e-07
-7.0231e-09
7.86193e-07
-4.19937e-09
7.86678e-07
-2.5041e-09
7.8711e-07
-1.47559e-09
7.87506e-07
-1.06146e-09
7.87898e-07
-7.57598e-10
7.88253e-07
-9.89628e-10
7.88611e-07
-9.42766e-10
-1.6322e-09
1.05536e-06
4.22972e-07
9.91216e-07
3.85311e-07
9.37779e-07
3.57271e-07
9.45847e-07
3.04619e-07
1.00066e-06
3.17178e-07
1.07853e-06
2.24396e-07
1.13088e-06
8.48e-08
1.14366e-06
-8.28929e-08
1.14266e-06
-3.25809e-07
1.13266e-06
-5.6493e-07
1.10695e-06
-7.01871e-07
1.03869e-06
-7.09559e-07
9.37784e-07
-6.46287e-07
8.50119e-07
-5.70801e-07
7.96238e-07
-4.95757e-07
7.67445e-07
-4.19662e-07
7.42945e-07
-3.49925e-07
7.15685e-07
-2.90339e-07
7.01923e-07
-2.34727e-07
7.09879e-07
-1.85347e-07
7.3039e-07
-1.51766e-07
7.49224e-07
-1.30763e-07
7.57312e-07
-1.13088e-07
7.5478e-07
-9.53349e-08
7.48808e-07
-8.09185e-08
7.4673e-07
-7.00828e-08
7.50931e-07
-6.04705e-08
7.59394e-07
-4.94007e-08
7.68765e-07
-3.75715e-08
7.76506e-07
-2.61142e-08
7.81739e-07
-1.67992e-08
7.84701e-07
-9.98515e-09
7.86135e-07
-5.63307e-09
7.86735e-07
-3.10431e-09
7.87015e-07
-1.75551e-09
7.8723e-07
-1.27614e-09
7.87483e-07
-1.01079e-09
7.87815e-07
-1.32162e-09
7.88174e-07
-1.30216e-09
-2.0287e-09
1.1309e-06
3.72232e-07
1.12935e-06
3.8686e-07
1.16056e-06
3.26064e-07
1.20186e-06
2.63316e-07
1.25501e-06
2.64029e-07
1.31949e-06
1.59923e-07
1.35026e-06
5.40212e-08
1.34135e-06
-7.39784e-08
1.31572e-06
-3.00184e-07
1.25036e-06
-4.99565e-07
1.15074e-06
-6.0225e-07
1.05006e-06
-6.08883e-07
9.44894e-07
-5.4112e-07
8.51882e-07
-4.77788e-07
7.97089e-07
-4.40963e-07
7.68686e-07
-3.91259e-07
7.54115e-07
-3.35354e-07
7.51506e-07
-2.8773e-07
7.54526e-07
-2.37747e-07
7.55577e-07
-1.86398e-07
7.5712e-07
-1.53309e-07
7.67112e-07
-1.40755e-07
7.85623e-07
-1.31599e-07
8.02972e-07
-1.12684e-07
8.09705e-07
-8.76515e-08
8.04663e-07
-6.50407e-08
7.94024e-07
-4.98321e-08
7.84642e-07
-4.00182e-08
7.79741e-07
-3.26705e-08
7.79025e-07
-2.53984e-08
7.80633e-07
-1.84076e-08
7.82814e-07
-1.21655e-08
7.84747e-07
-7.56659e-09
7.86135e-07
-4.49221e-09
7.87035e-07
-2.65517e-09
7.87571e-07
-1.81223e-09
7.8791e-07
-1.34988e-09
7.88133e-07
-1.54451e-09
7.88335e-07
-1.50399e-09
-2.27946e-09
1.10387e-06
3.34164e-07
1.13874e-06
3.51984e-07
1.19583e-06
2.68975e-07
1.24088e-06
2.18266e-07
1.30691e-06
1.98002e-07
1.36439e-06
1.02445e-07
1.38713e-06
3.12839e-08
1.38548e-06
-7.23359e-08
1.34286e-06
-2.57562e-07
1.25124e-06
-4.07941e-07
1.12007e-06
-4.71081e-07
1.00357e-06
-4.92387e-07
9.42255e-07
-4.79802e-07
9.04497e-07
-4.40031e-07
8.69509e-07
-4.05974e-07
8.39148e-07
-3.60899e-07
8.06523e-07
-3.02728e-07
7.83389e-07
-2.64596e-07
7.86323e-07
-2.40681e-07
8.00063e-07
-2.00138e-07
7.96732e-07
-1.49978e-07
7.74393e-07
-1.18417e-07
7.54466e-07
-1.11672e-07
7.53154e-07
-1.11372e-07
7.68777e-07
-1.03275e-07
7.89213e-07
-8.54767e-08
8.03656e-07
-6.42742e-08
8.08235e-07
-4.4598e-08
8.05222e-07
-2.96571e-08
7.99e-07
-1.91765e-08
7.93076e-07
-1.24839e-08
7.89067e-07
-8.15626e-09
7.86926e-07
-5.42549e-09
7.8607e-07
-3.63652e-09
7.85964e-07
-2.54845e-09
7.86216e-07
-2.06418e-09
7.86614e-07
-1.74822e-09
7.87057e-07
-1.98767e-09
7.87481e-07
-1.92739e-09
-2.64086e-09
1.09323e-06
2.95373e-07
1.14513e-06
3.00088e-07
1.18485e-06
2.29253e-07
1.2213e-06
1.81819e-07
1.27887e-06
1.40428e-07
1.3114e-06
6.99132e-08
1.33616e-06
6.53125e-09
1.33713e-06
-7.33098e-08
1.28215e-06
-2.02578e-07
1.21374e-06
-3.3953e-07
1.14191e-06
-3.99254e-07
1.05098e-06
-4.01457e-07
9.81058e-07
-4.09882e-07
9.41774e-07
-4.00747e-07
9.00356e-07
-3.64556e-07
8.63875e-07
-3.24418e-07
8.4032e-07
-2.79173e-07
8.14891e-07
-2.39167e-07
7.92876e-07
-2.18666e-07
7.90442e-07
-1.97705e-07
7.97493e-07
-1.57029e-07
7.9056e-07
-1.11484e-07
7.65232e-07
-8.6344e-08
7.37145e-07
-8.32839e-08
7.22443e-07
-8.85728e-08
7.25817e-07
-8.88505e-08
7.41766e-07
-8.02238e-08
7.61325e-07
-6.41573e-08
7.77678e-07
-4.60102e-08
7.88007e-07
-2.95045e-08
7.92627e-07
-1.7104e-08
7.93435e-07
-8.96424e-09
7.92507e-07
-4.49743e-09
7.91151e-07
-2.28123e-09
7.89981e-07
-1.37774e-09
7.89138e-07
-1.22159e-09
7.88611e-07
-1.22096e-09
7.88298e-07
-1.67516e-09
7.8815e-07
-1.77903e-09
-2.66357e-09
1.07962e-06
2.55534e-07
1.13033e-06
2.49377e-07
1.16468e-06
1.94902e-07
1.19997e-06
1.46529e-07
1.2352e-06
1.05202e-07
1.25515e-06
4.9964e-08
1.27381e-06
-1.21299e-08
1.27553e-06
-7.50338e-08
1.23649e-06
-1.63537e-07
1.16963e-06
-2.72674e-07
1.11238e-06
-3.41998e-07
1.05935e-06
-3.48426e-07
9.93527e-07
-3.4406e-07
9.34392e-07
-3.41613e-07
8.8687e-07
-3.17034e-07
8.49036e-07
-2.86584e-07
8.34753e-07
-2.6489e-07
8.3342e-07
-2.37834e-07
8.17098e-07
-2.02345e-07
7.8776e-07
-1.68367e-07
7.70569e-07
-1.39838e-07
7.75588e-07
-1.16504e-07
7.90624e-07
-1.0138e-07
7.99226e-07
-9.18852e-08
7.94534e-07
-8.3881e-08
7.80821e-07
-7.51378e-08
7.66969e-07
-6.63717e-08
7.59211e-07
-5.63996e-08
7.5858e-07
-4.53787e-08
7.62521e-07
-3.34459e-08
7.68103e-07
-2.26852e-08
7.73417e-07
-1.42785e-08
7.77667e-07
-8.74733e-09
7.80763e-07
-5.37734e-09
7.82928e-07
-3.54292e-09
7.84423e-07
-2.7165e-09
7.85469e-07
-2.26689e-09
7.86214e-07
-2.41988e-09
7.8676e-07
-2.32578e-09
-2.99195e-09
1.07791e-06
2.15116e-07
1.11931e-06
2.07979e-07
1.14912e-06
1.65092e-07
1.17639e-06
1.19262e-07
1.19832e-06
8.32632e-08
1.2104e-06
3.78901e-08
1.21747e-06
-1.92015e-08
1.22459e-06
-8.21572e-08
1.21049e-06
-1.49436e-07
1.15129e-06
-2.1347e-07
1.08349e-06
-2.74203e-07
1.04447e-06
-3.09407e-07
1.00647e-06
-3.06057e-07
9.57208e-07
-2.92351e-07
9.22168e-07
-2.81994e-07
8.98057e-07
-2.62472e-07
8.69856e-07
-2.36689e-07
8.46719e-07
-2.14696e-07
8.36267e-07
-1.91893e-07
8.28572e-07
-1.60671e-07
8.16627e-07
-1.27892e-07
8.06623e-07
-1.065e-07
8.07048e-07
-1.01804e-07
8.19077e-07
-1.03914e-07
8.35746e-07
-1.00551e-07
8.47724e-07
-8.71149e-08
8.49322e-07
-6.79706e-08
8.40895e-07
-4.79722e-08
8.27358e-07
-3.18419e-08
8.1399e-07
-2.00781e-08
8.03726e-07
-1.2421e-08
7.96971e-07
-7.52335e-09
7.92951e-07
-4.72698e-09
7.9069e-07
-3.11709e-09
7.89433e-07
-2.28532e-09
7.88695e-07
-1.97877e-09
7.88238e-07
-1.80947e-09
7.87914e-07
-2.09605e-09
7.87699e-07
-2.11105e-09
-2.8919e-09
1.06707e-06
1.82356e-07
1.10251e-06
1.72544e-07
1.12964e-06
1.37963e-07
1.14865e-06
1.00247e-07
1.16804e-06
6.38781e-08
1.18162e-06
2.43013e-08
1.1811e-06
-1.86787e-08
1.17454e-06
-7.55977e-08
1.1646e-06
-1.39496e-07
1.13786e-06
-1.86729e-07
1.08725e-06
-2.23594e-07
1.03476e-06
-2.56919e-07
9.96475e-07
-2.67767e-07
9.60725e-07
-2.56601e-07
9.26827e-07
-2.48096e-07
9.04802e-07
-2.40448e-07
8.84238e-07
-2.16125e-07
8.53864e-07
-1.84322e-07
8.27207e-07
-1.65236e-07
8.21015e-07
-1.54479e-07
8.28725e-07
-1.35603e-07
8.28891e-07
-1.06666e-07
8.09762e-07
-8.26747e-08
7.79054e-07
-7.3207e-08
7.53161e-07
-7.46578e-08
7.40811e-07
-7.4764e-08
7.40523e-07
-6.7683e-08
7.46966e-07
-5.44154e-08
7.55394e-07
-4.02702e-08
7.63274e-07
-2.79577e-08
7.69757e-07
-1.89037e-08
7.74753e-07
-1.25195e-08
7.78459e-07
-8.43323e-09
7.81133e-07
-5.79085e-09
7.83026e-07
-4.17862e-09
7.8435e-07
-3.30262e-09
7.85269e-07
-2.728e-09
7.85896e-07
-2.72347e-09
7.86324e-07
-2.53942e-09
-3.07773e-09
1.05787e-06
1.55246e-07
1.08801e-06
1.42406e-07
1.11086e-06
1.15112e-07
1.12759e-06
8.35156e-08
1.14092e-06
5.05453e-08
1.15152e-06
1.37021e-08
1.15871e-06
-2.58649e-08
1.15046e-06
-6.7354e-08
1.12696e-06
-1.15994e-07
1.10636e-06
-1.66128e-07
1.08015e-06
-1.97386e-07
1.03536e-06
-2.12129e-07
9.94602e-07
-2.27005e-07
9.71146e-07
-2.33144e-07
9.43454e-07
-2.20404e-07
9.06403e-07
-2.03397e-07
8.8215e-07
-1.91871e-07
8.75014e-07
-1.77186e-07
8.65674e-07
-1.55896e-07
8.45867e-07
-1.34672e-07
8.28413e-07
-1.1815e-07
8.24964e-07
-1.03217e-07
8.32025e-07
-8.97361e-08
8.3786e-07
-7.90412e-08
8.34479e-07
-7.12768e-08
8.23449e-07
-6.37346e-08
8.10596e-07
-5.48295e-08
8.00514e-07
-4.43339e-08
7.94367e-07
-3.41228e-08
7.91293e-07
-2.48839e-08
7.89962e-07
-1.75727e-08
7.89411e-07
-1.19681e-08
7.89098e-07
-8.12011e-09
7.88821e-07
-5.51427e-09
7.88518e-07
-3.87572e-09
7.88189e-07
-2.97365e-09
7.87862e-07
-2.40057e-09
7.87531e-07
-2.39242e-09
7.87245e-07
-2.2536e-09
-2.85293e-09
1.04925e-06
1.3016e-07
1.07377e-06
1.17886e-07
1.09374e-06
9.51376e-08
1.10997e-06
6.72926e-08
1.12083e-06
3.96874e-08
1.12626e-06
8.26633e-09
1.12903e-06
-2.86314e-08
1.12721e-06
-6.55363e-08
1.11293e-06
-1.01716e-07
1.08554e-06
-1.38738e-07
1.05831e-06
-1.70155e-07
1.03386e-06
-1.87681e-07
1.00164e-06
-1.94784e-07
9.66924e-07
-1.98427e-07
9.4213e-07
-1.9561e-07
9.22505e-07
-1.83773e-07
9.00272e-07
-1.69639e-07
8.80147e-07
-1.57062e-07
8.66804e-07
-1.42553e-07
8.55463e-07
-1.23331e-07
8.4113e-07
-1.03816e-07
8.26772e-07
-8.88587e-08
8.16682e-07
-7.96463e-08
8.11296e-07
-7.36557e-08
8.07726e-07
-6.77065e-08
8.03251e-07
-5.92599e-08
7.97646e-07
-4.92244e-08
7.92089e-07
-3.87765e-08
7.8769e-07
-2.97244e-08
7.84928e-07
-2.21218e-08
7.83653e-07
-1.62974e-08
7.83425e-07
-1.17401e-08
7.83768e-07
-8.46293e-09
7.84337e-07
-6.08393e-09
7.84915e-07
-4.45343e-09
7.85409e-07
-3.46744e-09
7.85777e-07
-2.76916e-09
7.86026e-07
-2.64063e-09
7.86163e-07
-2.39095e-09
-2.81594e-09
1.04079e-06
1.09585e-07
1.06179e-06
9.68862e-08
1.07918e-06
7.77492e-08
1.09181e-06
5.467e-08
1.10239e-06
2.91044e-08
1.10931e-06
1.34515e-09
1.1081e-06
-2.74208e-08
1.1025e-06
-5.99357e-08
1.09362e-06
-9.28401e-08
1.07531e-06
-1.20424e-07
1.04879e-06
-1.4364e-07
1.02363e-06
-1.62515e-07
1.00056e-06
-1.71712e-07
9.73781e-07
-1.71652e-07
9.47136e-07
-1.68964e-07
9.27342e-07
-1.63979e-07
9.10486e-07
-1.52784e-07
8.90196e-07
-1.36771e-07
8.69709e-07
-1.22066e-07
8.56608e-07
-1.1023e-07
8.52045e-07
-9.92523e-08
8.49517e-07
-8.63317e-08
8.42881e-07
-7.30102e-08
8.30956e-07
-6.17304e-08
8.17363e-07
-5.41129e-08
8.06096e-07
-4.79933e-08
7.98697e-07
-4.1825e-08
7.94645e-07
-3.4725e-08
7.92635e-07
-2.7714e-08
7.91624e-07
-2.11107e-08
7.90965e-07
-1.56388e-08
7.9041e-07
-1.11851e-08
7.89851e-07
-7.90346e-09
7.89298e-07
-5.53164e-09
7.88754e-07
-3.90888e-09
7.88234e-07
-2.94802e-09
7.87749e-07
-2.28396e-09
7.87283e-07
-2.17408e-09
7.86867e-07
-1.97501e-09
-2.4489e-09
1.03308e-06
9.06885e-08
1.05107e-06
7.88893e-08
1.06627e-06
6.25513e-08
1.0783e-06
4.26436e-08
1.08635e-06
2.10557e-08
1.09055e-06
-2.85509e-09
1.09204e-06
-2.89154e-08
1.0872e-06
-5.5094e-08
1.07537e-06
-8.10057e-08
1.06104e-06
-1.06103e-07
1.04332e-06
-1.25914e-07
1.01943e-06
-1.38625e-07
9.95117e-07
-1.47401e-07
9.75278e-07
-1.51812e-07
9.55137e-07
-1.48824e-07
9.3181e-07
-1.40651e-07
9.11138e-07
-1.32112e-07
8.97362e-07
-1.22995e-07
8.86503e-07
-1.11207e-07
8.72987e-07
-9.67144e-08
8.56607e-07
-8.28724e-08
8.41982e-07
-7.17061e-08
8.32265e-07
-6.32935e-08
8.26711e-07
-5.61761e-08
8.2219e-07
-4.95922e-08
8.16709e-07
-4.25127e-08
8.10262e-07
-3.53779e-08
8.03833e-07
-2.82955e-08
7.98273e-07
-2.21536e-08
7.9401e-07
-1.68479e-08
7.91026e-07
-1.26553e-08
7.89111e-07
-9.2694e-09
7.87946e-07
-6.73917e-09
7.8728e-07
-4.86531e-09
7.86888e-07
-3.51663e-09
7.86652e-07
-2.71241e-09
7.86469e-07
-2.10132e-09
7.8631e-07
-2.01492e-09
7.86125e-07
-1.7896e-09
-2.17922e-09
1.02607e-06
7.41636e-08
1.04176e-06
6.31946e-08
1.05512e-06
4.91919e-08
1.06542e-06
3.23482e-08
1.07292e-06
1.35567e-08
1.07692e-06
-6.85638e-09
1.0764e-06
-2.83979e-08
1.07228e-06
-5.09706e-08
1.06414e-06
-7.28696e-08
1.0503e-06
-9.22651e-08
1.03323e-06
-1.08845e-07
1.01601e-06
-1.21397e-07
9.96751e-07
-1.28146e-07
9.74864e-07
-1.29925e-07
9.54768e-07
-1.28728e-07
9.38325e-07
-1.24208e-07
9.22079e-07
-1.15867e-07
9.03982e-07
-1.04897e-07
8.86613e-07
-9.38377e-08
8.73185e-07
-8.32873e-08
8.63692e-07
-7.33787e-08
8.55435e-07
-6.34489e-08
8.46178e-07
-5.40368e-08
8.35601e-07
-4.55989e-08
8.24871e-07
-3.88624e-08
8.155e-07
-3.31416e-08
8.08179e-07
-2.80571e-08
8.02875e-07
-2.2992e-08
7.99085e-07
-1.83629e-08
7.96338e-07
-1.41012e-08
7.94239e-07
-1.05562e-08
7.92594e-07
-7.62502e-09
7.91246e-07
-5.39117e-09
7.90141e-07
-3.75971e-09
7.89207e-07
-2.58295e-09
7.88415e-07
-1.92009e-09
7.87728e-07
-1.41487e-09
7.87107e-07
-1.3936e-09
7.86555e-07
-1.23726e-09
-1.6768e-09
1.01977e-06
5.90731e-08
1.03369e-06
4.92669e-08
1.04559e-06
3.72988e-08
1.05489e-06
2.30473e-08
1.06124e-06
7.19989e-09
1.06447e-06
-1.00779e-08
1.06451e-06
-2.84473e-08
1.06053e-06
-4.69842e-08
1.05265e-06
-6.49888e-08
1.04188e-06
-8.15017e-08
1.02799e-06
-9.49473e-08
1.01118e-06
-1.04591e-07
9.93825e-07
-1.1079e-07
9.77069e-07
-1.1317e-07
9.59609e-07
-1.11267e-07
9.41268e-07
-1.05867e-07
9.24155e-07
-9.87538e-08
9.09515e-07
-9.02571e-08
8.96238e-07
-8.05605e-08
8.82929e-07
-6.99782e-08
8.69347e-07
-5.9797e-08
8.56471e-07
-5.05734e-08
8.45392e-07
-4.29572e-08
8.36273e-07
-3.64799e-08
8.2848e-07
-3.10695e-08
8.21297e-07
-2.59584e-08
8.14527e-07
-2.12873e-08
8.08377e-07
-1.68421e-08
8.03048e-07
-1.30342e-08
7.98688e-07
-9.74042e-09
7.95256e-07
-7.1248e-09
7.92671e-07
-5.03962e-09
7.90756e-07
-3.47622e-09
7.89374e-07
-2.37809e-09
7.88351e-07
-1.55943e-09
7.87598e-07
-1.1673e-09
7.86994e-07
-8.11056e-10
7.86512e-07
-9.11062e-10
7.86063e-07
-7.88566e-10
-1.21992e-09
1.01422e-06
4.5356e-08
1.02673e-06
3.67527e-08
1.03739e-06
2.6646e-08
1.0457e-06
1.47315e-08
1.05148e-06
1.42362e-09
1.0543e-06
-1.28955e-08
1.05401e-06
-2.81599e-08
1.05064e-06
-4.36169e-08
1.04406e-06
-5.84096e-08
1.03425e-06
-7.16927e-08
1.02211e-06
-8.2807e-08
1.00854e-06
-9.10153e-08
9.93416e-07
-9.56687e-08
9.77059e-07
-9.68133e-08
9.608e-07
-9.5008e-08
9.45365e-07
-9.04329e-08
9.30122e-07
-8.35108e-08
9.14625e-07
-7.47603e-08
8.9942e-07
-6.53547e-08
8.85402e-07
-5.59608e-08
8.72899e-07
-4.72934e-08
8.61671e-07
-3.93457e-08
8.51064e-07
-3.23503e-08
8.40831e-07
-2.62466e-08
8.31024e-07
-2.12625e-08
8.22142e-07
-1.7077e-08
8.1455e-07
-1.36949e-08
8.08376e-07
-1.0668e-08
8.03454e-07
-8.11225e-09
7.99594e-07
-5.88106e-09
7.96544e-07
-4.07446e-09
7.94155e-07
-2.65085e-09
7.92242e-07
-1.56295e-09
7.90719e-07
-8.55383e-10
7.89483e-07
-3.2351e-10
7.88474e-07
-1.57879e-10
7.87637e-07
2.57955e-11
7.86896e-07
-1.69458e-10
7.86246e-07
-1.3912e-10
-6.20037e-10
1.00934e-06
3.26774e-08
1.02075e-06
2.53369e-08
1.03049e-06
1.69114e-08
1.03806e-06
7.1607e-09
1.04312e-06
-3.63935e-09
1.04564e-06
-1.54158e-08
1.04544e-06
-2.79612e-08
1.04233e-06
-4.05014e-08
1.03642e-06
-5.25015e-08
1.02813e-06
-6.34038e-08
1.0176e-06
-7.22799e-08
1.00508e-06
-7.84899e-08
9.91424e-07
-8.20157e-08
9.77305e-07
-8.26942e-08
9.62595e-07
-8.02979e-08
9.47238e-07
-7.50761e-08
9.31764e-07
-6.80362e-08
9.16871e-07
-5.9868e-08
9.02666e-07
-5.11491e-08
8.88958e-07
-4.22535e-08
8.75654e-07
-3.39892e-08
8.62937e-07
-2.66289e-08
8.51191e-07
-2.06042e-08
8.40682e-07
-1.57368e-08
8.31422e-07
-1.20026e-08
8.23361e-07
-9.0167e-09
8.16247e-07
-6.58027e-09
8.10061e-07
-4.48198e-09
8.04769e-07
-2.82065e-09
8.00379e-07
-1.49091e-09
7.96787e-07
-4.82588e-10
7.93937e-07
1.9882e-10
7.91732e-07
6.42408e-10
7.90052e-07
8.24187e-10
7.88749e-07
9.79872e-10
7.87749e-07
8.4216e-10
7.86936e-07
8.38604e-10
7.86283e-07
4.83543e-10
7.85701e-07
4.43471e-10
-6.20175e-11
1.00449e-06
2.08185e-08
1.01503e-06
1.47967e-08
1.02389e-06
8.04964e-09
1.0308e-06
2.47472e-10
1.03536e-06
-8.1993e-09
1.03749e-06
-1.75419e-08
1.03706e-06
-2.75309e-08
1.03407e-06
-3.75172e-08
1.02857e-06
-4.70009e-08
1.02069e-06
-5.5517e-08
1.01078e-06
-6.23717e-08
9.99295e-07
-6.70056e-08
9.86444e-07
-6.91647e-08
9.72399e-07
-6.86492e-08
9.5758e-07
-6.54791e-08
9.42509e-07
-6.00053e-08
9.27371e-07
-5.28983e-08
9.12221e-07
-4.47183e-08
8.97245e-07
-3.61727e-08
8.82826e-07
-2.78342e-08
8.69322e-07
-2.04852e-08
8.56986e-07
-1.4293e-08
8.45763e-07
-9.38136e-09
8.35589e-07
-5.56325e-09
8.26408e-07
-2.82108e-09
8.18264e-07
-8.72777e-10
8.11282e-07
4.01732e-10
8.05464e-07
1.33546e-09
8.00711e-07
1.93235e-09
7.96919e-07
2.30165e-09
7.9392e-07
2.51591e-09
7.91587e-07
2.53222e-09
7.89713e-07
2.5166e-09
7.8824e-07
2.29641e-09
7.87057e-07
2.16363e-09
7.86115e-07
1.78345e-09
7.85332e-07
1.62159e-09
7.84678e-07
1.13801e-09
7.84096e-07
1.02503e-09
4.72389e-10
9.94827e-07
9.49698e-09
1.00458e-06
5.04691e-09
1.01243e-06
2.0151e-10
1.01824e-06
-5.56288e-09
1.02176e-06
-1.17279e-08
1.02276e-06
-1.85328e-08
1.0211e-06
-2.58726e-08
1.01673e-06
-3.31468e-08
1.00972e-06
-3.99955e-08
1.00031e-06
-4.61107e-08
9.88749e-07
-5.08059e-08
9.75236e-07
-5.34924e-08
9.60147e-07
-5.40763e-08
9.44023e-07
-5.25253e-08
9.2723e-07
-4.86856e-08
9.10138e-07
-4.29139e-08
8.93189e-07
-3.59491e-08
8.76898e-07
-2.84269e-08
8.61644e-07
-2.09192e-08
8.47732e-07
-1.39222e-08
8.35223e-07
-7.97576e-09
8.24152e-07
-3.22221e-09
8.14508e-07
2.63254e-10
8.06226e-07
2.7184e-09
7.99245e-07
4.15965e-09
7.93466e-07
4.90642e-09
7.88647e-07
5.22055e-09
7.84721e-07
5.26203e-09
7.81548e-07
5.10471e-09
7.79042e-07
4.80817e-09
7.77094e-07
4.4631e-09
7.75614e-07
4.01276e-09
7.74517e-07
3.61382e-09
7.73714e-07
3.09913e-09
7.73138e-07
2.73994e-09
7.72704e-07
2.21715e-09
7.7238e-07
1.94604e-09
7.72088e-07
1.4295e-09
7.71833e-07
1.2799e-09
7.80664e-10
9.46327e-07
1.05568e-11
9.53607e-07
-2.23379e-09
9.58637e-07
-4.8279e-09
9.60937e-07
-7.86331e-09
9.60402e-07
-1.11924e-08
9.56713e-07
-1.48442e-08
9.49572e-07
-1.87317e-08
9.38982e-07
-2.25562e-08
9.25102e-07
-2.61159e-08
9.08132e-07
-2.91406e-08
8.88536e-07
-3.12104e-08
8.67064e-07
-3.20203e-08
8.44395e-07
-3.14071e-08
8.21169e-07
-2.92993e-08
7.98312e-07
-2.58285e-08
7.76764e-07
-2.13655e-08
7.57174e-07
-1.63593e-08
7.39994e-07
-1.12472e-08
7.25543e-07
-6.46764e-09
7.13997e-07
-2.3768e-09
7.05252e-07
7.69464e-10
6.99043e-07
2.98718e-09
6.94855e-07
4.45075e-09
6.92298e-07
5.27581e-09
6.90877e-07
5.58066e-09
6.90236e-07
5.54711e-09
6.90169e-07
5.28758e-09
6.90535e-07
4.89571e-09
6.91195e-07
4.44543e-09
6.92034e-07
3.96831e-09
6.92979e-07
3.5185e-09
6.93933e-07
3.05832e-09
6.94875e-07
2.67181e-09
6.95718e-07
2.25637e-09
6.96503e-07
1.95545e-09
6.97138e-07
1.58225e-09
6.9771e-07
1.37359e-09
6.9811e-07
1.02994e-09
6.9847e-07
9.19439e-10
5.96827e-10
6.63169e-07
6.60935e-07
6.56107e-07
6.48244e-07
6.37052e-07
6.22207e-07
6.03476e-07
5.80919e-07
5.54804e-07
5.25663e-07
4.94453e-07
4.62432e-07
4.31025e-07
4.01726e-07
3.75897e-07
3.54532e-07
3.38172e-07
3.26925e-07
3.20458e-07
3.18081e-07
3.1885e-07
3.21837e-07
3.26288e-07
3.31564e-07
3.37145e-07
3.42692e-07
3.47979e-07
3.52875e-07
3.5732e-07
3.61289e-07
3.64807e-07
3.67866e-07
3.70537e-07
3.72794e-07
3.74749e-07
3.76331e-07
3.77705e-07
3.78735e-07
3.79654e-07
)
;

boundaryField
{
    inlet
    {
        type            calculated;
        value           nonuniform List<scalar> 
20
(
-1e-06
-1e-06
-1e-06
-1e-06
-1e-06
-1e-06
-1e-06
-1e-06
-1e-06
-1e-06
-1e-06
-1e-06
-1e-06
-1e-06
-1e-06
-1e-06
-1e-06
-1e-06
-1e-06
-1e-06
)
;
    }
    outlet
    {
        type            calculated;
        value           nonuniform List<scalar> 
27
(
7.89009e-07
7.88571e-07
7.88585e-07
7.87842e-07
7.88173e-07
7.87089e-07
7.87599e-07
7.8651e-07
7.8702e-07
7.86126e-07
7.865e-07
7.85855e-07
7.86052e-07
7.85606e-07
7.85646e-07
7.85143e-07
7.83562e-07
7.71525e-07
6.98654e-07
3.80251e-07
3.60753e-07
6.6817e-07
7.39844e-07
7.50769e-07
7.51826e-07
7.51787e-07
7.51533e-07
)
;
    }
    lowerWall
    {
        type            calculated;
        value           uniform 0;
    }
    upperWall
    {
        type            calculated;
        value           uniform 0;
    }
    defaultFaces
    {
        type            empty;
        value           nonuniform List<scalar> 0();
    }
}


// ************************************************************************* //
