/*--------------------------------*- C++ -*----------------------------------*\
| =========                 |                                                 |
| \\      /  F ield         | OpenFOAM: The Open Source CFD Toolbox           |
|  \\    /   O peration     | Version:  2112                                  |
|   \\  /    A nd           | Website:  www.openfoam.com                      |
|    \\/     M anipulation  |                                                 |
\*---------------------------------------------------------------------------*/
FoamFile
{
    version     2.0;
    format      ascii;
    arch        "LSB;label=32;scalar=64";
    class       volVectorField;
    location    "0.26";
    object      U;
}
// * * * * * * * * * * * * * * * * * * * * * * * * * * * * * * * * * * * * * //

dimensions      [0 1 -1 0 0 0 0];

internalField   nonuniform List<vector> 
1880
(
(0.0990136 0.000613328 0)
(0.0984336 0.00114261 0)
(0.0973659 0.00131658 0)
(0.0958891 0.00131663 0)
(0.0940893 0.00135017 0)
(0.0925179 0.00135274 0)
(0.0905478 0.00146305 0)
(0.0889672 0.00140621 0)
(0.0869489 0.00142793 0)
(0.0854382 0.0013478 0)
(0.0832229 0.00143032 0)
(0.081821 0.0013977 0)
(0.0794418 0.00143818 0)
(0.0779228 0.00135145 0)
(0.0754397 0.00127332 0)
(0.0741287 0.00137885 0)
(0.0714868 0.00136692 0)
(0.0700112 0.00168429 0)
(0.0669762 0.00123058 0)
(0.065516 0.00173116 0)
(0.0623102 0.000561216 0)
(0.0614033 0.00193891 0)
(0.0575583 -0.000192581 0)
(0.0579791 0.00258985 0)
(0.0520645 -0.000204964 0)
(0.0540544 0.00293592 0)
(0.0450245 0.00151777 0)
(0.0473569 0.00282683 0)
(0.0346013 0.0039344 0)
(0.0360179 0.00649829 0)
(0.0999575 0.000716391 0)
(0.100368 0.00138601 0)
(0.100581 0.00168195 0)
(0.101109 0.00171586 0)
(0.100906 0.0018881 0)
(0.10155 0.00182413 0)
(0.100789 0.0021556 0)
(0.101661 0.00197129 0)
(0.100501 0.0023533 0)
(0.101612 0.00200848 0)
(0.0999156 0.00243868 0)
(0.101273 0.00210265 0)
(0.0994538 0.00264029 0)
(0.100605 0.0023354 0)
(0.0985683 0.00275858 0)
(0.0994903 0.00224129 0)
(0.0977387 0.00304215 0)
(0.0978427 0.00237331 0)
(0.0971769 0.00359752 0)
(0.095239 0.00253606 0)
(0.096677 0.00379789 0)
(0.0919007 0.00250533 0)
(0.0948635 0.00389 0)
(0.0890065 0.00258383 0)
(0.0908598 0.00439464 0)
(0.085906 0.00414068 0)
(0.0856474 0.00494645 0)
(0.079846 0.00802645 0)
(0.0795402 0.00816882 0)
(0.0693752 0.0108925 0)
(0.0999716 0.000255753 0)
(0.100244 0.000666708 0)
(0.100462 0.000973433 0)
(0.100922 0.00113984 0)
(0.100962 0.00131711 0)
(0.101566 0.00132939 0)
(0.101231 0.00161697 0)
(0.101946 0.00148647 0)
(0.101506 0.0019243 0)
(0.102295 0.00159924 0)
(0.101632 0.00216769 0)
(0.102295 0.00178681 0)
(0.102149 0.00230735 0)
(0.102026 0.00221894 0)
(0.102466 0.00237148 0)
(0.101502 0.00249341 0)
(0.102636 0.00278857 0)
(0.101011 0.00256719 0)
(0.102273 0.00368752 0)
(0.100566 0.00256469 0)
(0.101588 0.0040479 0)
(0.0996938 0.00338126 0)
(0.10005 0.00375858 0)
(0.0981382 0.0049283 0)
(0.0972924 0.00498023 0)
(0.095716 0.00559052 0)
(0.0943221 0.00980451 0)
(0.0909494 0.00665751 0)
(0.0919462 0.0152031 0)
(0.0859977 0.0148502 0)
(0.0999716 0.000238849 0)
(0.100141 0.00062496 0)
(0.100234 0.00097371 0)
(0.100569 0.0011478 0)
(0.100586 0.00138548 0)
(0.101143 0.00137394 0)
(0.100856 0.00169294 0)
(0.101519 0.00150417 0)
(0.10114 0.00204948 0)
(0.101978 0.00160364 0)
(0.10119 0.00242083 0)
(0.1022 0.00166026 0)
(0.101615 0.00273716 0)
(0.102253 0.00192458 0)
(0.101904 0.00305484 0)
(0.101912 0.00229259 0)
(0.102369 0.00334076 0)
(0.101458 0.00271933 0)
(0.102444 0.00379826 0)
(0.101171 0.00330154 0)
(0.102008 0.00435936 0)
(0.10086 0.00420208 0)
(0.100839 0.00512142 0)
(0.0995894 0.0055503 0)
(0.0995176 0.00674259 0)
(0.0972689 0.00721497 0)
(0.0976395 0.0101526 0)
(0.0954697 0.0102275 0)
(0.0945913 0.0143882 0)
(0.0938051 0.0165971 0)
(0.0999721 0.000150606 0)
(0.100098 0.000410424 0)
(0.100146 0.000667322 0)
(0.100406 0.000835002 0)
(0.100417 0.00104478 0)
(0.100913 0.00108655 0)
(0.100707 0.00133493 0)
(0.101218 0.00125476 0)
(0.10106 0.00164218 0)
(0.101608 0.00145112 0)
(0.101215 0.00194824 0)
(0.101752 0.00168713 0)
(0.101687 0.00214867 0)
(0.101872 0.00209257 0)
(0.101864 0.00246831 0)
(0.10186 0.00247995 0)
(0.102071 0.00309056 0)
(0.10186 0.00257845 0)
(0.101923 0.00409453 0)
(0.101707 0.00284363 0)
(0.101704 0.00496026 0)
(0.10132 0.00403733 0)
(0.101089 0.00575838 0)
(0.100567 0.0057273 0)
(0.0999596 0.00791526 0)
(0.0995822 0.0071694 0)
(0.0985298 0.0117475 0)
(0.09862 0.0102197 0)
(0.0972405 0.0156644 0)
(0.0977217 0.0162088 0)
(0.0999708 0.000125909 0)
(0.100086 0.000351389 0)
(0.100105 0.000582151 0)
(0.100331 0.000751229 0)
(0.100306 0.000958802 0)
(0.100789 0.00102507 0)
(0.100567 0.00125853 0)
(0.101072 0.00120334 0)
(0.100915 0.00157914 0)
(0.10148 0.00139038 0)
(0.101083 0.0019381 0)
(0.101626 0.00159897 0)
(0.101601 0.00222724 0)
(0.101731 0.00197767 0)
(0.101904 0.00256429 0)
(0.10164 0.00253382 0)
(0.102302 0.00298143 0)
(0.101677 0.0030389 0)
(0.102166 0.00369229 0)
(0.101835 0.00356812 0)
(0.101753 0.00477493 0)
(0.101914 0.00457474 0)
(0.101349 0.0061065 0)
(0.101305 0.00632212 0)
(0.101087 0.00805537 0)
(0.100569 0.00840637 0)
(0.100388 0.0113535 0)
(0.100466 0.0114104 0)
(0.099827 0.0151629 0)
(0.100408 0.0165953 0)
(0.0999714 9.52073e-05 0)
(0.100073 0.000277132 0)
(0.10008 0.000449088 0)
(0.100274 0.00060227 0)
(0.100244 0.000760847 0)
(0.100688 0.00086171 0)
(0.100504 0.00101922 0)
(0.100938 0.00106303 0)
(0.100885 0.00128835 0)
(0.101338 0.0013083 0)
(0.101098 0.00158537 0)
(0.101501 0.00160072 0)
(0.101609 0.00185136 0)
(0.101722 0.00199217 0)
(0.101845 0.0022847 0)
(0.101829 0.00242962 0)
(0.1022 0.00297841 0)
(0.102003 0.00275938 0)
(0.102222 0.00391581 0)
(0.102111 0.00331521 0)
(0.102143 0.00494785 0)
(0.102272 0.00458804 0)
(0.101951 0.00622545 0)
(0.10219 0.0063536 0)
(0.101889 0.00839463 0)
(0.101985 0.00829266 0)
(0.101903 0.0115212 0)
(0.102231 0.0112863 0)
(0.102058 0.0149825 0)
(0.102986 0.0157522 0)
(0.0999722 7.30588e-05 0)
(0.100066 0.00022327 0)
(0.10007 0.000355969 0)
(0.100247 0.000494987 0)
(0.100216 0.000624296 0)
(0.10064 0.000739527 0)
(0.100473 0.000865241 0)
(0.100881 0.000943412 0)
(0.10087 0.0011242 0)
(0.101287 0.0011973 0)
(0.101128 0.00141913 0)
(0.101451 0.00150514 0)
(0.101706 0.00168987 0)
(0.101679 0.00193337 0)
(0.102029 0.00208448 0)
(0.101828 0.00248575 0)
(0.102444 0.00267546 0)
(0.102172 0.00300197 0)
(0.102458 0.00355039 0)
(0.102513 0.00358717 0)
(0.102483 0.00473932 0)
(0.102802 0.00470476 0)
(0.102694 0.00615047 0)
(0.10282 0.00651962 0)
(0.103054 0.00806589 0)
(0.103087 0.00863541 0)
(0.10335 0.0108819 0)
(0.103879 0.0113966 0)
(0.104084 0.0140729 0)
(0.104954 0.0153023 0)
(0.0999742 5.29911e-05 0)
(0.10006 0.000173858 0)
(0.100071 0.000266998 0)
(0.10023 0.000389976 0)
(0.100212 0.000479981 0)
(0.100608 0.000607801 0)
(0.100477 0.000682465 0)
(0.100847 0.000808888 0)
(0.100894 0.00090374 0)
(0.101272 0.00107704 0)
(0.101177 0.00117136 0)
(0.101483 0.00139632 0)
(0.101766 0.0014557 0)
(0.101799 0.00178449 0)
(0.102095 0.00192624 0)
(0.102057 0.00225274 0)
(0.102573 0.00262384 0)
(0.102484 0.00275209 0)
(0.102747 0.00348639 0)
(0.102874 0.00345586 0)
(0.102986 0.00453326 0)
(0.103331 0.0046671 0)
(0.103357 0.00590429 0)
(0.103675 0.0063475 0)
(0.103972 0.00785415 0)
(0.104223 0.00832306 0)
(0.104719 0.0104108 0)
(0.105323 0.0109248 0)
(0.105811 0.0132999 0)
(0.106838 0.0142727 0)
(0.0999765 3.44412e-05 0)
(0.100056 0.000124645 0)
(0.100076 0.000182403 0)
(0.100222 0.000283166 0)
(0.100224 0.000341624 0)
(0.100599 0.000465944 0)
(0.100504 0.000510551 0)
(0.100844 0.00065184 0)
(0.100944 0.000703627 0)
(0.101289 0.000917733 0)
(0.101265 0.000952307 0)
(0.101532 0.00124505 0)
(0.101898 0.0012232 0)
(0.101903 0.00164242 0)
(0.102271 0.0016716 0)
(0.102255 0.00214211 0)
(0.102796 0.00233696 0)
(0.102819 0.00269479 0)
(0.103054 0.00317708 0)
(0.103309 0.00339502 0)
(0.103501 0.0042258 0)
(0.103834 0.0045429 0)
(0.104137 0.00552985 0)
(0.104378 0.00619786 0)
(0.104926 0.00729372 0)
(0.105297 0.00809343 0)
(0.105896 0.0096288 0)
(0.10664 0.0104314 0)
(0.107371 0.0122042 0)
(0.108374 0.0133486 0)
(0.0999793 1.62091e-05 0)
(0.100053 7.42176e-05 0)
(0.100088 9.75785e-05 0)
(0.100222 0.000173113 0)
(0.10025 0.000200478 0)
(0.100607 0.000315326 0)
(0.100552 0.000331215 0)
(0.100869 0.000479032 0)
(0.101017 0.00049217 0)
(0.101345 0.000730582 0)
(0.101365 0.000723054 0)
(0.10164 0.0010416 0)
(0.102025 0.00099891 0)
(0.102086 0.00139893 0)
(0.102431 0.00146435 0)
(0.102522 0.0018614 0)
(0.103032 0.00212782 0)
(0.103171 0.00243557 0)
(0.103418 0.00290027 0)
(0.10374 0.00318386 0)
(0.10402 0.00384991 0)
(0.104406 0.00428656 0)
(0.1048 0.00510843 0)
(0.105149 0.00577596 0)
(0.105776 0.00679564 0)
(0.106269 0.0075262 0)
(0.10698 0.00886574 0)
(0.107821 0.00966 0)
(0.10867 0.0111546 0)
(0.109746 0.0121564 0)
(0.0999821 -2.54981e-06 0)
(0.100052 2.04826e-05 0)
(0.100103 1.05791e-05 0)
(0.100229 5.69769e-05 0)
(0.100288 5.87534e-05 0)
(0.100631 0.00015788 0)
(0.100619 0.000156709 0)
(0.100915 0.000298932 0)
(0.101114 0.000291301 0)
(0.101424 0.000533766 0)
(0.101492 0.000502253 0)
(0.101768 0.000832927 0)
(0.102188 0.000765108 0)
(0.102283 0.00117271 0)
(0.102633 0.00120572 0)
(0.102803 0.00162526 0)
(0.103303 0.00183454 0)
(0.10354 0.00220882 0)
(0.103803 0.00256578 0)
(0.104177 0.00294093 0)
(0.104562 0.00345486 0)
(0.104945 0.00397695 0)
(0.10548 0.00460888 0)
(0.10587 0.00535871 0)
(0.106562 0.00614798 0)
(0.107185 0.0069444 0)
(0.107942 0.00799918 0)
(0.108844 0.00884289 0)
(0.109823 0.00998497 0)
(0.110904 0.0109836 0)
(0.099985 -2.36297e-05 0)
(0.100053 -4.21944e-05 0)
(0.100124 -8.96545e-05 0)
(0.100249 -8.10174e-05 0)
(0.100343 -0.000108397 0)
(0.10068 -3.60713e-05 0)
(0.100711 -5.60852e-05 0)
(0.100996 6.54864e-05 0)
(0.101238 4.12219e-05 0)
(0.10154 0.000264505 0)
(0.101642 0.000224813 0)
(0.101936 0.000533099 0)
(0.102373 0.000475054 0)
(0.10252 0.000836667 0)
(0.102859 0.000889627 0)
(0.10311 0.00126238 0)
(0.103604 0.00147904 0)
(0.10392 0.00184916 0)
(0.104214 0.00215519 0)
(0.104636 0.00256344 0)
(0.105084 0.00297885 0)
(0.105517 0.00350627 0)
(0.1061 0.00405934 0)
(0.106566 0.0047402 0)
(0.107292 0.00546562 0)
(0.107993 0.0061859 0)
(0.108793 0.00708527 0)
(0.109748 0.00787632 0)
(0.110781 0.00882248 0)
(0.111895 0.00969095 0)
(0.0999874 -4.69616e-05 0)
(0.100055 -0.000109302 0)
(0.100147 -0.00019265 0)
(0.100275 -0.000217178 0)
(0.100407 -0.000262808 0)
(0.100742 -0.000208908 0)
(0.100817 -0.000234848 0)
(0.101095 -0.000129195 0)
(0.10138 -0.000156422 0)
(0.101678 4.54587e-05 0)
(0.101816 8.60252e-06 0)
(0.102131 0.000294705 0)
(0.102588 0.000248709 0)
(0.102782 0.000574233 0)
(0.103118 0.000624629 0)
(0.10344 0.000970496 0)
(0.103939 0.00116547 0)
(0.104316 0.00153955 0)
(0.104652 0.00179204 0)
(0.105105 0.00221793 0)
(0.105623 0.0025525 0)
(0.10609 0.00308195 0)
(0.106717 0.00353227 0)
(0.107248 0.00418536 0)
(0.107981 0.00478647 0)
(0.108745 0.00546028 0)
(0.109574 0.00618782 0)
(0.110536 0.00692416 0)
(0.11162 0.0076591 0)
(0.11274 0.00843767 0)
(0.0999901 -8.1207e-05 0)
(0.100066 -0.000210051 0)
(0.10019 -0.000349347 0)
(0.100338 -0.000424668 0)
(0.100517 -0.000497969 0)
(0.100859 -0.00047549 0)
(0.100977 -0.00051269 0)
(0.101255 -0.000435297 0)
(0.101575 -0.000468523 0)
(0.10187 -0.000307929 0)
(0.102037 -0.000341516 0)
(0.102378 -9.5586e-05 0)
(0.102849 -0.000128542 0)
(0.103084 0.000137419 0)
(0.103415 0.000189122 0)
(0.103794 0.000494746 0)
(0.104303 0.000682645 0)
(0.10473 0.00103749 0)
(0.105113 0.00125634 0)
(0.105607 0.00166163 0)
(0.106173 0.00195058 0)
(0.106682 0.00243358 0)
(0.107318 0.00284393 0)
(0.107886 0.00342513 0)
(0.108616 0.00396847 0)
(0.109397 0.00457968 0)
(0.110236 0.00519382 0)
(0.111201 0.00585714 0)
(0.112294 0.00646285 0)
(0.113423 0.00711576 0)
(0.099992 -0.00010998 0)
(0.100079 -0.000288004 0)
(0.100239 -0.000458042 0)
(0.100422 -0.000555984 0)
(0.100653 -0.000631278 0)
(0.101008 -0.000624117 0)
(0.101171 -0.000663036 0)
(0.101456 -0.000610417 0)
(0.101806 -0.000646473 0)
(0.1021 -0.000523319 0)
(0.1023 -0.000550651 0)
(0.102668 -0.000338006 0)
(0.103152 -0.000359588 0)
(0.103428 -0.000140507 0)
(0.103774 -8.47008e-05 0)
(0.104206 0.000188867 0)
(0.104729 0.000361547 0)
(0.105186 0.000684298 0)
(0.105618 0.000877112 0)
(0.106147 0.00126896 0)
(0.10677 0.00153783 0)
(0.107321 0.00199811 0)
(0.107971 0.00236795 0)
(0.108567 0.0028901 0)
(0.109286 0.00334985 0)
(0.110052 0.00387589 0)
(0.110894 0.00435618 0)
(0.111816 0.00491051 0)
(0.112908 0.00536368 0)
(0.114013 0.00588938 0)
(0.0999948 -0.000202815 0)
(0.10012 -0.000533079 0)
(0.100342 -0.000793316 0)
(0.100581 -0.000936858 0)
(0.100865 -0.00101971 0)
(0.101228 -0.00103157 0)
(0.101425 -0.00107608 0)
(0.101722 -0.00105411 0)
(0.102097 -0.00109156 0)
(0.10239 -0.001003 0)
(0.102621 -0.00100927 0)
(0.103018 -0.000831474 0)
(0.103519 -0.000849243 0)
(0.103835 -0.000687353 0)
(0.104191 -0.000629661 0)
(0.104642 -0.000381047 0)
(0.105169 -0.000226438 0)
(0.105649 4.26504e-05 0)
(0.106167 0.000189584 0)
(0.106748 0.000523777 0)
(0.107438 0.000764544 0)
(0.108 0.00118265 0)
(0.108645 0.00154456 0)
(0.109191 0.00202847 0)
(0.109882 0.00245558 0)
(0.110562 0.00293385 0)
(0.111399 0.00334094 0)
(0.112246 0.00381509 0)
(0.11335 0.00417729 0)
(0.114406 0.00459102 0)
(0.0999958 -0.000232072 0)
(0.100223 -0.000595375 0)
(0.100582 -0.00084473 0)
(0.100935 -0.000983061 0)
(0.10128 -0.00104801 0)
(0.101654 -0.00108118 0)
(0.101871 -0.00114512 0)
(0.102176 -0.00116317 0)
(0.10254 -0.00118846 0)
(0.102838 -0.00113543 0)
(0.103067 -0.00114168 0)
(0.103472 -0.00103106 0)
(0.103923 -0.00106099 0)
(0.104251 -0.000935355 0)
(0.104593 -0.000856331 0)
(0.10504 -0.00064407 0)
(0.105526 -0.000544477 0)
(0.105968 -0.000371774 0)
(0.106508 -0.000245175 0)
(0.107086 8.76935e-05 0)
(0.107829 0.000388871 0)
(0.1084 0.000844008 0)
(0.109094 0.00123743 0)
(0.109611 0.00168884 0)
(0.110336 0.00205383 0)
(0.110936 0.00241621 0)
(0.111809 0.00268367 0)
(0.112565 0.00300024 0)
(0.113699 0.00320228 0)
(0.114677 0.00346332 0)
(0.0999955 -0.000693491 0)
(0.100323 -0.00135357 0)
(0.10074 -0.0015746 0)
(0.101076 -0.00163601 0)
(0.101321 -0.00166649 0)
(0.101563 -0.0017065 0)
(0.101623 -0.00178007 0)
(0.101777 -0.00180726 0)
(0.101883 -0.00179914 0)
(0.101993 -0.00173692 0)
(0.101941 -0.00169263 0)
(0.102192 -0.00163123 0)
(0.102272 -0.00167537 0)
(0.102396 -0.00160454 0)
(0.102332 -0.00147102 0)
(0.102579 -0.00126259 0)
(0.102696 -0.00115693 0)
(0.10302 -0.00107576 0)
(0.103243 -0.00100872 0)
(0.103689 -0.000789591 0)
(0.104063 -0.000546551 0)
(0.104558 -0.0001497 0)
(0.105039 0.000250915 0)
(0.105713 0.000693659 0)
(0.106444 0.0010627 0)
(0.107363 0.00139943 0)
(0.108339 0.00163099 0)
(0.109487 0.00186909 0)
(0.110706 0.00199671 0)
(0.112068 0.00215119 0)
(0.0990263 -0.000605038 0)
(0.0984442 -0.00113775 0)
(0.0974606 -0.00128467 0)
(0.095984 -0.00129115 0)
(0.0943586 -0.00128629 0)
(0.0927934 -0.00131241 0)
(0.0911351 -0.00135943 0)
(0.0895339 -0.00133822 0)
(0.0879972 -0.00127897 0)
(0.0864687 -0.00123263 0)
(0.084921 -0.00121663 0)
(0.0835644 -0.00120057 0)
(0.0820813 -0.00116982 0)
(0.0806719 -0.00106082 0)
(0.0793033 -0.000931179 0)
(0.0782972 -0.000873486 0)
(0.0771697 -0.000910746 0)
(0.076208 -0.000924588 0)
(0.0750871 -0.000830928 0)
(0.0743655 -0.000638304 0)
(0.0736293 -0.000392225 0)
(0.0734517 -0.000109843 0)
(0.0733394 0.000129156 0)
(0.0738344 0.000334754 0)
(0.0743272 0.000466535 0)
(0.075361 0.000560138 0)
(0.0762365 0.000615803 0)
(0.0776175 0.000666165 0)
(0.078713 0.000684608 0)
(0.0803255 0.000708016 0)
(0.0169508 0.00220976 0)
(0.0568921 0.0201952 0)
(0.0398121 0.0198388 0)
(0.0712329 0.0310472 8.44799e-22)
(0.0561717 0.0243747 7.011e-22)
(0.0837181 0.0330403 0)
(0.0726506 0.031156 2.53328e-22)
(0.0998241 0.045 -4.38242e-23)
(0.0933817 0.0452741 7.08917e-22)
(0.125211 0.0441855 0)
(0.0704404 0.0178476 0)
(0.0816344 0.0254255 0)
(0.0827961 0.0260338 0)
(0.0913076 0.033818 0)
(0.0972316 0.0388722 0)
(0.105634 0.0474717 1.59344e-22)
(0.109412 0.0434154 3.88592e-23)
(0.114374 0.04528 -1.05193e-22)
(0.123837 0.0404512 -5.66008e-22)
(0.143993 0.0650934 -5.13481e-22)
(0.085688 0.0194033 0)
(0.090592 0.0234173 0)
(0.0945796 0.0371091 0)
(0.0974395 0.0310343 0)
(0.102601 0.0335454 0)
(0.10959 0.0363961 -1.59342e-22)
(0.116287 0.0442056 -3.88587e-23)
(0.123118 0.0455247 1.05192e-22)
(0.125565 0.0384261 3.02591e-22)
(0.13391 0.0341644 5.13494e-22)
(0.0935107 0.0218282 -3.98431e-22)
(0.0937248 0.022983 0)
(0.0989349 0.0282227 -3.11859e-22)
(0.105393 0.0312615 -2.48141e-22)
(0.107757 0.0331655 -1.78625e-22)
(0.111555 0.0365774 0)
(0.117765 0.0382809 0)
(0.12579 0.0400643 1.45059e-22)
(0.13314 0.0397288 2.98865e-22)
(0.137654 0.0352778 4.4797e-22)
(0.0968539 0.0215299 3.98432e-22)
(0.100315 0.022264 0)
(0.102193 0.029057 3.1186e-22)
(0.107134 0.0280731 2.48142e-22)
(0.109758 0.0309997 1.78626e-22)
(0.114524 0.0311377 0)
(0.120644 0.0346855 0)
(0.126479 0.0350074 -1.45059e-22)
(0.132519 0.0343452 -2.98873e-22)
(0.139237 0.0256243 -4.47974e-22)
(0.100486 0.0202916 0)
(0.10264 0.0216883 -2.84276e-22)
(0.105477 0.025338 0)
(0.11 0.0260284 -1.81361e-22)
(0.113112 0.0287724 0)
(0.11732 0.0293816 0)
(0.122193 0.0313383 0)
(0.127401 0.030728 -1.59202e-22)
(0.134641 0.031382 0)
(0.139179 0.0261889 0)
(0.103091 0.0195979 2.82647e-22)
(0.105593 0.0199424 5.36392e-22)
(0.108141 0.0240093 2.09166e-22)
(0.111852 0.0238026 1.81361e-22)
(0.114864 0.0260585 0)
(0.118822 0.0260749 -2.49486e-23)
(0.123672 0.0283098 0)
(0.128832 0.026564 1.59203e-22)
(0.133715 0.0263803 0)
(0.137906 0.0215983 0)
(0.105675 0.0180576 -2.82648e-22)
(0.107768 0.0188494 -2.52116e-22)
(0.110297 0.0214411 -2.09166e-22)
(0.113745 0.0217517 0)
(0.116872 0.02378 0)
(0.120419 0.0235299 2.49486e-23)
(0.124804 0.0246715 0)
(0.129363 0.0235835 0)
(0.13373 0.0241503 0)
(0.137584 0.0201963 0)
(0.107676 0.0167642 0)
(0.109719 0.0172538 -2.01118e-22)
(0.112179 0.0196211 0)
(0.115214 0.0195936 -1.15349e-22)
(0.118191 0.02113 0)
(0.121626 0.0209042 0)
(0.125482 0.0222542 7.1735e-23)
(0.129437 0.0203575 1.52411e-22)
(0.133276 0.0199964 0)
(0.137102 0.0170668 3.17471e-22)
(0.109466 0.0152016 0)
(0.111326 0.0157791 2.01118e-22)
(0.113707 0.0174501 0)
(0.11652 0.0176632 1.1535e-22)
(0.119368 0.0189119 0)
(0.122428 0.0184627 0)
(0.126041 0.0191221 -7.17352e-23)
(0.129805 0.0179491 -1.52412e-22)
(0.133041 0.0178742 0)
(0.136074 0.0151859 -3.17472e-22)
(0.110932 0.0137071 9.47132e-23)
(0.112715 0.0141883 0)
(0.114956 0.0156113 0)
(0.117527 0.0156152 4.41928e-23)
(0.120248 0.0165641 0)
(0.123189 0.0162242 0)
(0.12633 0.0168337 0)
(0.12952 0.0153963 -6.97177e-23)
(0.132577 0.0149532 0)
(0.135561 0.0128196 0)
(0.112176 0.0121726 -7.56914e-24)
(0.113856 0.0126287 0)
(0.115989 0.0136763 5.88822e-23)
(0.118406 0.0137756 -4.84602e-24)
(0.120923 0.0144869 0)
(0.123592 0.0140779 0)
(0.126551 0.0143557 -3.58481e-23)
(0.129517 0.0132955 6.97178e-23)
(0.132183 0.0128922 -9.69291e-23)
(0.134723 0.0109963 -1.28667e-22)
(0.113201 0.0106705 -6.29493e-24)
(0.114821 0.0110424 0)
(0.116815 0.0119117 -4.97113e-24)
(0.119051 0.0119198 -3.79663e-24)
(0.121444 0.0124385 1.48243e-23)
(0.123969 0.012092 8.68368e-24)
(0.126605 0.0122637 1.15197e-24)
(0.129222 0.0112228 -6.2542e-23)
(0.131725 0.0107269 5.85057e-24)
(0.134103 0.0091251 8.18919e-24)
(0.114053 0.00919608 -8.08495e-23)
(0.115609 0.00951621 0)
(0.117484 0.0101736 -5.39112e-23)
(0.119589 0.0101927 -3.55503e-23)
(0.12182 0.0105625 -1.48244e-23)
(0.124148 0.0102158 -1.77487e-23)
(0.126605 0.0102329 3.46962e-23)
(0.129021 0.00937784 6.25421e-23)
(0.131293 0.00890472 9.10787e-23)
(0.13344 0.00752436 1.20479e-22)
(0.114739 0.00773465 0)
(0.11624 0.00798547 0)
(0.11801 0.00850913 0)
(0.119973 0.00850166 0)
(0.122083 0.00874775 0)
(0.12427 0.00843424 9.06502e-24)
(0.12653 0.00838252 0)
(0.128739 0.00762253 0)
(0.130864 0.0071519 0)
(0.132864 0.00598343 0)
(0.115314 0.00634896 0)
(0.116746 0.00654361 0)
(0.118433 0.00692643 0)
(0.120264 0.00691156 0)
(0.122264 0.00706111 0)
(0.124295 0.00676933 4.25767e-24)
(0.126422 0.00664965 0)
(0.128478 0.00600807 0)
(0.13047 0.00557264 0)
(0.132323 0.00459563 0)
(0.115744 0.00493974 0)
(0.117083 0.00508242 0)
(0.118745 0.00535325 2.12696e-23)
(0.120416 0.00533265 0)
(0.12236 0.00540342 5.47228e-24)
(0.124219 0.00514658 -4.25768e-24)
(0.126263 0.00499748 0)
(0.128135 0.00445704 -2.50942e-23)
(0.130057 0.00406066 0)
(0.13174 0.00326735 0)
(0.116052 0.0036661 0)
(0.117158 0.00374232 0)
(0.118848 0.00389393 -2.12697e-23)
(0.12023 0.0038584 0)
(0.122186 0.00385183 -5.47229e-24)
(0.123716 0.00362602 0)
(0.12576 0.00344396 0)
(0.127279 0.00299662 2.50943e-23)
(0.129192 0.00263403 0)
(0.130474 0.00201141 0)
(0.113485 0.00223967 -7.9018e-24)
(0.114209 0.00226596 -6.6168e-24)
(0.115884 0.00230544 -5.12074e-24)
(0.11674 0.0022669 0)
(0.118638 0.00220344 -1.43636e-24)
(0.11952 0.00204018 0)
(0.121481 0.00185838 3.14457e-24)
(0.122192 0.00154664 0)
(0.123992 0.00124442 8.44739e-24)
(0.124255 0.000830131 1.12699e-23)
(0.0815611 0.0006846 7.90091e-24)
(0.0823634 0.000634129 6.616e-24)
(0.0837347 0.000579483 5.12009e-24)
(0.0845147 0.000513894 0)
(0.0859387 0.000424112 1.43616e-24)
(0.0865308 0.000321259 0)
(0.0878178 0.000181938 -3.14407e-24)
(0.0879557 3.21052e-05 0)
(0.0888562 -0.00014812 -8.44588e-24)
(0.0882033 -0.000326006 -1.12678e-23)
(0.00534645 0.00296819 0)
(0.00443314 0.0019202 0)
(-0.00388069 0.00620332 0)
(-0.0256298 0.0112546 0)
(-0.0751679 0.0165238 0)
(-0.099501 0.0102208 0)
(-0.123335 0.00817938 0)
(-0.132055 0.00347747 0)
(-0.13243 -2.82505e-05 0)
(-0.12248 -0.00383007 0)
(-0.104891 -0.00635869 0)
(-0.0816952 -0.00836193 0)
(-0.0552074 -0.00800429 0)
(-0.0305596 -0.0076407 0)
(-0.00610033 -0.00666036 0)
(0.0138846 -0.00528118 0)
(0.0303855 -0.00382985 0)
(0.0428358 -0.00242907 0)
(0.0518155 -0.00120699 0)
(0.0577584 -0.000204482 0)
(0.061221 0.000535825 0)
(0.0627352 0.00100105 0)
(0.0628787 0.00123715 0)
(0.0621788 0.00129764 0)
(0.0610086 0.00122773 0)
(0.0596215 0.00108649 0)
(0.0581906 0.000913534 0)
(0.0568429 0.00073585 0)
(0.0556266 0.000573823 0)
(0.054592 0.00043737 0)
(0.0537068 0.00032948 0)
(0.0529986 0.000246873 0)
(0.052398 0.000186738 0)
(0.0519403 0.000141346 0)
(0.0515439 0.000109911 0)
(0.0512537 8.32351e-05 0)
(0.0510018 6.69716e-05 0)
(0.0508108 4.8278e-05 0)
(0.0506768 4.15717e-05 0)
(0.0505195 2.69388e-05 0)
(0.00460911 -0.0107361 0)
(0.0050192 0.00448728 0)
(-0.0129536 0.0164379 0)
(-0.0587497 0.0382106 0)
(-0.0894292 0.0341626 0)
(-0.110086 0.0235469 0)
(-0.126014 0.0159376 0)
(-0.131765 0.00417421 0)
(-0.126508 -0.00658684 0)
(-0.114648 -0.0162626 0)
(-0.0932975 -0.0235692 0)
(-0.0714873 -0.0279249 0)
(-0.0442797 -0.0299473 0)
(-0.0190249 -0.0273418 0)
(0.00571462 -0.0248439 0)
(0.026385 -0.0207487 0)
(0.0437828 -0.0165761 0)
(0.0574944 -0.012614 0)
(0.0679851 -0.00914997 0)
(0.0756728 -0.00622825 0)
(0.0811627 -0.00388008 0)
(0.0850677 -0.00209684 0)
(0.0878765 -0.000830711 0)
(0.0899778 2.76132e-05 0)
(0.0915354 0.000574776 0)
(0.0927117 0.000892304 0)
(0.0935072 0.00103597 0)
(0.0940585 0.00105987 0)
(0.0943319 0.00100502 0)
(0.0944893 0.000906082 0)
(0.0944601 0.000791727 0)
(0.0944224 0.000668993 0)
(0.0942668 0.000562107 0)
(0.0941706 0.000456681 0)
(0.0939967 0.000379146 0)
(0.0939061 0.000296449 0)
(0.0937669 0.000247987 0)
(0.0936965 0.000181744 0)
(0.093617 0.000157995 0)
(0.0935523 0.000102285 0)
(0.000457009 -0.00277015 0)
(-0.0234342 0.0163061 0)
(-0.0426633 0.0502605 0)
(-0.0636622 0.05934 0)
(-0.0765737 0.051475 0)
(-0.090487 0.0370497 0)
(-0.101194 0.0240653 0)
(-0.102465 0.00593339 0)
(-0.095896 -0.0126022 0)
(-0.0803572 -0.0281396 0)
(-0.0640311 -0.0385588 0)
(-0.0416663 -0.0449364 0)
(-0.0216636 -0.0469456 0)
(0.000710502 -0.0448723 0)
(0.0210081 -0.0401487 0)
(0.0387472 -0.0334596 0)
(0.0535152 -0.0265857 0)
(0.0654561 -0.0200974 0)
(0.0750775 -0.0143662 0)
(0.0822463 -0.0096546 0)
(0.086992 -0.00619198 0)
(0.0899952 -0.00386056 0)
(0.0920678 -0.0023577 0)
(0.0938816 -0.00137495 0)
(0.0955798 -0.000725736 0)
(0.0972316 -0.00028454 0)
(0.0986752 8.47978e-06 0)
(0.0999692 0.000204115 0)
(0.10096 0.000325683 0)
(0.101794 0.000390123 0)
(0.102337 0.000417563 0)
(0.102797 0.000408492 0)
(0.103028 0.000389633 0)
(0.103263 0.000344869 0)
(0.103327 0.00031103 0)
(0.103455 0.000252864 0)
(0.10345 0.000222141 0)
(0.103534 0.000161138 0)
(0.103515 0.000142891 0)
(0.103582 8.35571e-05 0)
(0.0034064 0.00475685 0)
(-0.0149639 0.0363773 0)
(-0.0227799 0.0499675 0)
(-0.0364449 0.0637641 0)
(-0.0480412 0.0543899 0)
(-0.0585946 0.0411042 0)
(-0.0646849 0.0246182 0)
(-0.059489 0.00253614 0)
(-0.0500063 -0.022032 0)
(-0.0336973 -0.0398382 0)
(-0.0169542 -0.0514229 0)
(-0.00223629 -0.0586993 0)
(0.0137467 -0.0612928 0)
(0.0281653 -0.0584501 0)
(0.0418312 -0.0524356 0)
(0.0542629 -0.0442097 0)
(0.0645364 -0.0357015 0)
(0.0721602 -0.028112 0)
(0.0790555 -0.0211538 0)
(0.0859807 -0.0145642 0)
(0.0916939 -0.00912607 0)
(0.0952402 -0.00549147 0)
(0.0969057 -0.00348486 0)
(0.0977278 -0.00243413 0)
(0.0983763 -0.00182321 0)
(0.0992245 -0.00136006 0)
(0.100152 -0.000968996 0)
(0.101166 -0.000623952 0)
(0.102025 -0.000340406 0)
(0.102823 -0.000121351 0)
(0.103381 3.74223e-05 0)
(0.10389 0.000137675 0)
(0.10418 0.000202298 0)
(0.104485 0.000219881 0)
(0.104609 0.000228092 0)
(0.104804 0.000196603 0)
(0.104842 0.000182288 0)
(0.104985 0.000127802 0)
(0.104988 0.000114442 0)
(0.105111 5.03846e-05 0)
(-0.00653519 0.00667204 0)
(-0.00569972 0.0331455 0)
(-0.0149567 0.0585237 0)
(-0.00989756 0.0724831 0)
(-0.0117054 0.0673088 0)
(-0.0147149 0.0505126 0)
(-0.0160196 0.026016 0)
(-0.00838437 -0.00204039 0)
(0.00049948 -0.0300152 0)
(0.0133718 -0.0506665 0)
(0.0269531 -0.060431 0)
(0.0409975 -0.0658901 0)
(0.0491165 -0.0684743 0)
(0.0571555 -0.0658286 0)
(0.0641567 -0.059015 0)
(0.0706047 -0.049702 0)
(0.0774695 -0.038923 0)
(0.0810963 -0.0300492 0)
(0.0818733 -0.0240595 0)
(0.0838665 -0.0186751 0)
(0.0882815 -0.0129252 0)
(0.093366 -0.00778656 0)
(0.0972349 -0.00432884 0)
(0.0994655 -0.00254828 0)
(0.100473 -0.0018473 0)
(0.101025 -0.00156951 0)
(0.101464 -0.00137589 0)
(0.102045 -0.00112621 0)
(0.102607 -0.000847718 0)
(0.103221 -0.000569962 0)
(0.103672 -0.000334412 0)
(0.104114 -0.00015788 0)
(0.104363 -3.32498e-05 0)
(0.10464 3.28182e-05 0)
(0.104747 7.77686e-05 0)
(0.104934 7.74845e-05 0)
(0.104969 8.63142e-05 0)
(0.105118 5.07244e-05 0)
(0.105123 4.95818e-05 0)
(0.105257 -7.38101e-06 0)
(0.00892038 0.0117753 0)
(0.0140522 0.047325 0)
(0.0250318 0.0553007 0)
(0.0335707 0.0660125 0)
(0.0328505 0.0585703 0)
(0.0360048 0.0429664 0)
(0.037713 0.0191827 0)
(0.0419737 -0.00914345 0)
(0.0465951 -0.0373071 0)
(0.0499926 -0.0589124 0)
(0.0568413 -0.0703116 0)
(0.0670341 -0.0727035 0)
(0.0740297 -0.0724206 0)
(0.0764877 -0.0693874 0)
(0.0788205 -0.0623101 0)
(0.0794063 -0.0543874 0)
(0.0830031 -0.0436535 0)
(0.088548 -0.0310372 0)
(0.0892273 -0.0225145 0)
(0.0862625 -0.0185444 0)
(0.0849701 -0.0155129 0)
(0.0872501 -0.0116721 0)
(0.0916025 -0.00774483 0)
(0.0960386 -0.00470025 0)
(0.0992956 -0.0028963 0)
(0.101277 -0.00202997 0)
(0.10228 -0.00167022 0)
(0.10288 -0.00143318 0)
(0.103254 -0.00118523 0)
(0.103654 -0.000889816 0)
(0.103945 -0.000600599 0)
(0.104278 -0.000353312 0)
(0.104463 -0.000165751 0)
(0.104699 -4.84164e-05 0)
(0.104787 2.9185e-05 0)
(0.104957 4.72539e-05 0)
(0.104986 6.1863e-05 0)
(0.105124 2.31153e-05 0)
(0.105125 1.83582e-05 0)
(0.105252 -4.94585e-05 0)
(-0.0419923 -0.00818731 0)
(0.00517149 0.0165937 0)
(0.0130614 0.0413283 0)
(0.0574463 0.0642205 0)
(0.0733011 0.0678054 0)
(0.0860188 0.0520731 0)
(0.09012 0.0249048 0)
(0.0914241 -0.00486643 0)
(0.0902116 -0.0329555 0)
(0.0882786 -0.0574365 0)
(0.0868543 -0.0735837 0)
(0.090918 -0.0788418 0)
(0.097084 -0.0754228 0)
(0.0965004 -0.0687865 0)
(0.093698 -0.0594383 0)
(0.0891967 -0.0513496 0)
(0.0842096 -0.0450125 0)
(0.0857155 -0.0346534 0)
(0.0900506 -0.0227672 0)
(0.0904543 -0.0156243 0)
(0.0876477 -0.0134002 0)
(0.0858439 -0.0123988 0)
(0.0869812 -0.0105655 0)
(0.0904654 -0.00800351 0)
(0.0946668 -0.00556107 0)
(0.0984068 -0.00370413 0)
(0.101042 -0.00253729 0)
(0.102694 -0.00183647 0)
(0.103552 -0.00140826 0)
(0.104057 -0.00107438 0)
(0.10429 -0.00079279 0)
(0.104516 -0.000547857 0)
(0.104614 -0.000353533 0)
(0.104778 -0.000217146 0)
(0.104821 -0.00012019 0)
(0.104955 -7.84038e-05 0)
(0.104967 -4.25132e-05 0)
(0.105091 -5.95862e-05 0)
(0.105092 -4.94665e-05 0)
(0.105215 -0.000106328 0)
(0.115234 0.0360125 0)
(0.0730878 0.017145 0)
(0.0577838 0.0165431 0)
(0.0724757 0.0242533 0)
(0.0879958 0.0363463 0)
(0.108337 0.0316519 0)
(0.119301 0.0146724 0)
(0.122996 -0.00749632 0)
(0.123365 -0.0342286 0)
(0.121951 -0.0584429 0)
(0.121917 -0.0738837 0)
(0.119535 -0.0809263 0)
(0.116734 -0.0781836 0)
(0.113254 -0.0689732 0)
(0.10782 -0.0579092 0)
(0.10308 -0.0467672 0)
(0.095671 -0.0395915 0)
(0.0889077 -0.0338852 0)
(0.0883209 -0.0253065 0)
(0.0910611 -0.0166918 0)
(0.0925867 -0.012046 0)
(0.0920716 -0.0109905 0)
(0.0911144 -0.0109705 0)
(0.0913067 -0.0102172 0)
(0.0929863 -0.00860061 0)
(0.0957067 -0.00660082 0)
(0.098594 -0.00475282 0)
(0.101092 -0.00325389 0)
(0.102809 -0.00217973 0)
(0.103888 -0.00142423 0)
(0.104402 -0.000916879 0)
(0.104696 -0.000562694 0)
(0.104777 -0.000322673 0)
(0.104892 -0.00016894 0)
(0.104903 -7.33369e-05 0)
(0.105007 -4.19309e-05 0)
(0.105007 -2.19308e-05 0)
(0.10511 -5.78419e-05 0)
(0.105102 -6.07898e-05 0)
(0.105202 -0.000136929 0)
(0.147258 0.0467199 0)
(0.137194 0.0425827 0)
(0.127263 0.0409743 0)
(0.125738 0.03606 0)
(0.124538 0.036483 0)
(0.137817 0.0272413 0)
(0.148262 0.0117699 0)
(0.151706 -0.00714444 0)
(0.154243 -0.0319659 0)
(0.153977 -0.0562681 0)
(0.151027 -0.0703354 0)
(0.145907 -0.0729823 0)
(0.132117 -0.0696425 0)
(0.117438 -0.0616355 0)
(0.108066 -0.0523238 0)
(0.103317 -0.0436229 0)
(0.100664 -0.0357071 0)
(0.0968169 -0.0295321 0)
(0.093426 -0.0241049 0)
(0.0932239 -0.0185876 0)
(0.0957094 -0.0141162 0)
(0.098835 -0.0113144 0)
(0.100803 -0.00988411 0)
(0.101008 -0.00916689 0)
(0.100144 -0.00862297 0)
(0.099472 -0.00774223 0)
(0.0996249 -0.0064443 0)
(0.10061 -0.00488175 0)
(0.10189 -0.0034141 0)
(0.103118 -0.00222328 0)
(0.10396 -0.00139522 0)
(0.104516 -0.000854809 0)
(0.104748 -0.000536623 0)
(0.104901 -0.000352708 0)
(0.104907 -0.000240668 0)
(0.104977 -0.000187136 0)
(0.104961 -0.000143141 0)
(0.105047 -0.000153133 0)
(0.105043 -0.000137865 0)
(0.105143 -0.000195375 0)
(0.152207 0.0361629 0)
(0.152316 0.0374636 0)
(0.150652 0.0333693 0)
(0.158393 0.0266084 0)
(0.15984 0.027719 0)
(0.17113 0.0187342 0)
(0.179007 0.00597477 0)
(0.179369 -0.00861091 0)
(0.179418 -0.0314903 0)
(0.174982 -0.0544248 0)
(0.161087 -0.0680149 0)
(0.146983 -0.0679488 0)
(0.133725 -0.0596379 0)
(0.118174 -0.052561 0)
(0.108173 -0.0465982 0)
(0.103572 -0.0402224 0)
(0.100801 -0.034472 0)
(0.0997534 -0.0288545 0)
(0.100143 -0.0230881 0)
(0.100561 -0.0186247 0)
(0.100529 -0.0163828 0)
(0.10113 -0.0150124 0)
(0.103243 -0.0129495 0)
(0.106104 -0.0101431 0)
(0.107946 -0.00774987 0)
(0.10793 -0.00635448 0)
(0.106594 -0.00568349 0)
(0.105104 -0.00504692 0)
(0.104112 -0.00416533 0)
(0.103819 -0.00305502 0)
(0.103925 -0.00198816 0)
(0.104249 -0.00113417 0)
(0.104511 -0.000568175 0)
(0.104764 -0.000243612 0)
(0.104879 -8.82337e-05 0)
(0.105004 -4.82379e-05 0)
(0.105021 -4.20667e-05 0)
(0.105094 -9.48986e-05 0)
(0.105082 -0.000109739 0)
(0.105146 -0.000203087 0)
(0.147731 0.0372669 0)
(0.14847 0.0387663 0)
(0.155871 0.0303194 0)
(0.162326 0.0248388 0)
(0.166928 0.0249834 0)
(0.17883 0.0137831 0)
(0.183208 0.00524683 0)
(0.185562 -0.00562274 0)
(0.185033 -0.0273992 0)
(0.175984 -0.0444015 0)
(0.159842 -0.0518168 0)
(0.139779 -0.0538011 0)
(0.128398 -0.0488663 0)
(0.123184 -0.0432322 0)
(0.117666 -0.0413128 0)
(0.113579 -0.0375217 0)
(0.109587 -0.0320831 0)
(0.104955 -0.0283282 0)
(0.103476 -0.0242876 0)
(0.105778 -0.0185378 0)
(0.107242 -0.0141432 0)
(0.104984 -0.0130423 0)
(0.101322 -0.0133022 0)
(0.0997275 -0.0123104 0)
(0.101035 -0.00974343 0)
(0.103919 -0.00669592 0)
(0.106499 -0.0043305 0)
(0.10778 -0.00293671 0)
(0.107723 -0.00230068 0)
(0.106975 -0.00195016 0)
(0.10607 -0.0016492 0)
(0.105415 -0.0013044 0)
(0.105003 -0.000973609 0)
(0.10485 -0.00068806 0)
(0.104776 -0.000472887 0)
(0.104823 -0.000339892 0)
(0.104841 -0.000248988 0)
(0.104931 -0.0002331 0)
(0.104953 -0.000206069 0)
(0.105046 -0.000261482 0)
(0.143694 0.0302522 0)
(0.148898 0.0322939 0)
(0.157005 0.0243115 0)
(0.158537 0.0197776 0)
(0.165767 0.0154802 0)
(0.173119 0.00716567 0)
(0.175372 0.00122002 0)
(0.180108 -0.00846268 0)
(0.177127 -0.0239169 0)
(0.166825 -0.0377873 0)
(0.158627 -0.0431567 0)
(0.146885 -0.0449055 0)
(0.134019 -0.0466841 0)
(0.12803 -0.0442878 0)
(0.1229 -0.0398579 0)
(0.116613 -0.0350225 0)
(0.113238 -0.0289056 0)
(0.110448 -0.0250108 0)
(0.106446 -0.0242632 0)
(0.104605 -0.0218888 0)
(0.105914 -0.0161924 0)
(0.106584 -0.0108751 0)
(0.104042 -0.00918299 0)
(0.0998145 -0.0101655 0)
(0.0966498 -0.0111921 0)
(0.0959873 -0.0106753 0)
(0.0975471 -0.00873261 0)
(0.100208 -0.00612818 0)
(0.102762 -0.00374683 0)
(0.104591 -0.00197666 0)
(0.105527 -0.00090399 0)
(0.105829 -0.000327749 0)
(0.105749 -8.32943e-05 0)
(0.105583 -4.97526e-06 0)
(0.105388 -3.9332e-06 0)
(0.105273 -4.30914e-05 0)
(0.105165 -7.49849e-05 0)
(0.105132 -0.000141374 0)
(0.105086 -0.000161363 0)
(0.10509 -0.000256639 0)
(0.1403 0.0283212 0)
(0.147762 0.0278424 0)
(0.153788 0.0215946 0)
(0.156491 0.0163206 0)
(0.162146 0.0121004 0)
(0.165612 0.00634151 0)
(0.16823 -7.81958e-05 0)
(0.171015 -0.00675449 0)
(0.169752 -0.017476 0)
(0.161474 -0.0308257 0)
(0.151851 -0.0371239 0)
(0.145729 -0.035461 0)
(0.137424 -0.0351741 0)
(0.127954 -0.0357622 0)
(0.121108 -0.0330167 0)
(0.114918 -0.0297552 0)
(0.111106 -0.0266982 0)
(0.11122 -0.0224717 0)
(0.110721 -0.0190063 0)
(0.106804 -0.0171845 0)
(0.102954 -0.0148735 0)
(0.10235 -0.0112172 0)
(0.104313 -0.00791754 0)
(0.106371 -0.00625042 0)
(0.106672 -0.00615721 0)
(0.105134 -0.00666176 0)
(0.102991 -0.00691712 0)
(0.101457 -0.00641661 0)
(0.100965 -0.00527558 0)
(0.101304 -0.0038204 0)
(0.10202 -0.00250152 0)
(0.102798 -0.00149457 0)
(0.103441 -0.000852193 0)
(0.103936 -0.000483439 0)
(0.104269 -0.000298898 0)
(0.104515 -0.000226531 0)
(0.104666 -0.00019247 0)
(0.104796 -0.000216447 0)
(0.104859 -0.000213052 0)
(0.104945 -0.000287085 0)
(0.140803 0.0230613 0)
(0.146916 0.0223109 0)
(0.151268 0.0176058 0)
(0.154684 0.0129075 0)
(0.157893 0.00894905 0)
(0.160464 0.00368932 0)
(0.161786 -0.00235085 0)
(0.16266 -0.00829276 0)
(0.16422 -0.015499 0)
(0.159706 -0.0239269 0)
(0.148485 -0.0312725 0)
(0.141284 -0.0341584 0)
(0.137844 -0.0335274 0)
(0.13097 -0.0323992 0)
(0.124361 -0.03011 0)
(0.121266 -0.0272298 0)
(0.117862 -0.026179 0)
(0.113792 -0.0252941 0)
(0.111734 -0.021792 0)
(0.111035 -0.0167538 0)
(0.109683 -0.0132101 0)
(0.107863 -0.0122079 0)
(0.107058 -0.0125758 0)
(0.108024 -0.0124102 0)
(0.11029 -0.0109712 0)
(0.112524 -0.00876361 0)
(0.113538 -0.00673037 0)
(0.112943 -0.00513557 0)
(0.111251 -0.0038867 0)
(0.109315 -0.00281554 0)
(0.107706 -0.00195308 0)
(0.106598 -0.00128286 0)
(0.105918 -0.000828924 0)
(0.105531 -0.000534897 0)
(0.105316 -0.00036258 0)
(0.105196 -0.000277326 0)
(0.105121 -0.000228192 0)
(0.105073 -0.000239249 0)
(0.10504 -0.000230165 0)
(0.105013 -0.00029919 0)
(0.140205 0.019728 0)
(0.144434 0.0191229 0)
(0.14904 0.0152696 0)
(0.151663 0.0108187 0)
(0.15371 0.00753257 0)
(0.156836 0.0036946 0)
(0.157909 -0.00164905 0)
(0.157068 -0.00849233 0)
(0.156502 -0.0148113 0)
(0.154937 -0.0191224 0)
(0.149431 -0.0238909 0)
(0.141239 -0.0280014 0)
(0.135294 -0.0277737 0)
(0.13085 -0.0261293 0)
(0.125455 -0.0264792 0)
(0.121534 -0.025531 0)
(0.119505 -0.0213592 0)
(0.116055 -0.0177145 0)
(0.1114 -0.0166378 0)
(0.108971 -0.0154853 0)
(0.109771 -0.0124306 0)
(0.111083 -0.00898069 0)
(0.109836 -0.0075134 0)
(0.105915 -0.00804503 0)
(0.10169 -0.00883105 0)
(0.0991082 -0.00839723 0)
(0.0984377 -0.00670358 0)
(0.0990116 -0.00447907 0)
(0.100128 -0.00258647 0)
(0.101266 -0.00131193 0)
(0.102244 -0.000628372 0)
(0.103002 -0.000298998 0)
(0.103583 -0.000177871 0)
(0.103995 -0.000138012 0)
(0.1043 -0.000135655 0)
(0.104502 -0.000154145 0)
(0.104654 -0.0001643 0)
(0.104749 -0.000207399 0)
(0.104817 -0.000213772 0)
(0.104868 -0.000291691 0)
(0.139461 0.0168169 0)
(0.142964 0.0154246 0)
(0.146657 0.0123964 0)
(0.148975 0.00925302 0)
(0.150967 0.00527186 0)
(0.152575 0.00121254 0)
(0.154208 -0.00211921 0)
(0.154907 -0.00678367 0)
(0.152225 -0.0133202 0)
(0.148964 -0.0184192 0)
(0.146878 -0.0207626 0)
(0.141836 -0.0231779 0)
(0.134751 -0.0256207 0)
(0.130851 -0.0250669 0)
(0.128315 -0.0229482 0)
(0.123226 -0.0223048 0)
(0.118305 -0.021614 0)
(0.116737 -0.0189052 0)
(0.116403 -0.0161398 0)
(0.114244 -0.0151725 0)
(0.111128 -0.0146339 0)
(0.109611 -0.0124928 0)
(0.110248 -0.00927249 0)
(0.111527 -0.00684425 0)
(0.111824 -0.0061238 0)
(0.110666 -0.00638661 0)
(0.108858 -0.00659895 0)
(0.107233 -0.00617757 0)
(0.106182 -0.00526405 0)
(0.105609 -0.00410817 0)
(0.105374 -0.00301346 0)
(0.105263 -0.00209495 0)
(0.105232 -0.00142106 0)
(0.105183 -0.000949861 0)
(0.105161 -0.00064318 0)
(0.105102 -0.000459747 0)
(0.105076 -0.000343557 0)
(0.105014 -0.000305881 0)
(0.104994 -0.000270219 0)
(0.104936 -0.000310942 0)
(0.138554 0.0141418 0)
(0.141529 0.0129672 0)
(0.144351 0.010526 0)
(0.146743 0.00736509 0)
(0.148585 0.00472164 0)
(0.149738 0.00143299 0)
(0.150446 -0.0031777 0)
(0.15077 -0.00685898 0)
(0.150152 -0.0101074 0)
(0.147191 -0.0150286 0)
(0.142951 -0.0189234 0)
(0.139831 -0.0194712 0)
(0.136321 -0.0199316 0)
(0.13115 -0.0215995 0)
(0.126898 -0.0211832 0)
(0.124352 -0.018498 0)
(0.12155 -0.0169451 0)
(0.118355 -0.0167889 0)
(0.11618 -0.0153458 0)
(0.11484 -0.0119975 0)
(0.113154 -0.00900299 0)
(0.111024 -0.00798123 0)
(0.109304 -0.0084429 0)
(0.108354 -0.00882164 0)
(0.107905 -0.00820195 0)
(0.107421 -0.00656109 0)
(0.106738 -0.00461981 0)
(0.105932 -0.00293343 0)
(0.105255 -0.00177425 0)
(0.104761 -0.00104623 0)
(0.104525 -0.000644792 0)
(0.104425 -0.000412522 0)
(0.10447 -0.00029301 0)
(0.104519 -0.000223825 0)
(0.104625 -0.000187905 0)
(0.104675 -0.000179846 0)
(0.104759 -0.000172314 0)
(0.104775 -0.000202324 0)
(0.104823 -0.000203177 0)
(0.104816 -0.000272198 0)
(0.137786 0.0119208 0)
(0.140129 0.0105953 0)
(0.142655 0.00849318 0)
(0.144565 0.00605892 0)
(0.146019 0.00321299 0)
(0.147521 0.000253302 0)
(0.148106 -0.00260113 0)
(0.147542 -0.00636232 0)
(0.146804 -0.0103144 0)
(0.145285 -0.0128123 0)
(0.141992 -0.0151875 0)
(0.1382 -0.0180066 0)
(0.1352 -0.0188855 0)
(0.131931 -0.0179776 0)
(0.12794 -0.0178715 0)
(0.124714 -0.0181647 0)
(0.122575 -0.0168171 0)
(0.120137 -0.0143597 0)
(0.117104 -0.0128439 0)
(0.114666 -0.0124258 0)
(0.113643 -0.0117421 0)
(0.11345 -0.00993831 0)
(0.113004 -0.00765546 0)
(0.111689 -0.00593662 0)
(0.109837 -0.00523168 0)
(0.108065 -0.00509847 0)
(0.106833 -0.00499871 0)
(0.106097 -0.00460186 0)
(0.10576 -0.00397427 0)
(0.10557 -0.00321104 0)
(0.105499 -0.00247542 0)
(0.105401 -0.00182165 0)
(0.105356 -0.00130697 0)
(0.105254 -0.000918438 0)
(0.105212 -0.000643114 0)
(0.105109 -0.000465691 0)
(0.105078 -0.000343653 0)
(0.104979 -0.000295087 0)
(0.10496 -0.000252116 0)
(0.104866 -0.000278875 0)
(0.13685 0.00995259 0)
(0.138964 0.00872306 0)
(0.14103 0.00697551 0)
(0.142816 0.00480692 0)
(0.144218 0.00254074 0)
(0.145093 -6.23214e-06 0)
(0.145644 -0.00296759 0)
(0.145683 -0.00572586 0)
(0.144516 -0.00842576 0)
(0.142678 -0.0114302 0)
(0.140738 -0.0136027 0)
(0.137893 -0.0145793 0)
(0.134314 -0.0155832 0)
(0.131364 -0.0163971 0)
(0.128919 -0.015881 0)
(0.125882 -0.0146166 0)
(0.12262 -0.0138254 0)
(0.120287 -0.0131913 0)
(0.118902 -0.0118314 0)
(0.117416 -0.00981762 0)
(0.115304 -0.00811338 0)
(0.11304 -0.0072019 0)
(0.111391 -0.00681404 0)
(0.110462 -0.00639547 0)
(0.109916 -0.00568716 0)
(0.109272 -0.00466299 0)
(0.108472 -0.00355872 0)
(0.107558 -0.00253666 0)
(0.106762 -0.00174763 0)
(0.106078 -0.00116786 0)
(0.105631 -0.000785183 0)
(0.105285 -0.000524603 0)
(0.105124 -0.000362107 0)
(0.104976 -0.000258125 0)
(0.10495 -0.000193869 0)
(0.104873 -0.000167547 0)
(0.10489 -0.000147066 0)
(0.104825 -0.000167217 0)
(0.104847 -0.000163373 0)
(0.104779 -0.000221979 0)
(0.136059 0.00818145 0)
(0.13789 0.00702541 0)
(0.139698 0.00550831 0)
(0.141231 0.00368827 0)
(0.142432 0.00165072 0)
(0.143366 -0.000554035 0)
(0.143718 -0.00286507 0)
(0.143435 -0.00537358 0)
(0.142773 -0.00782074 0)
(0.141364 -0.00985762 0)
(0.139106 -0.0116727 0)
(0.136786 -0.0131544 0)
(0.134483 -0.0138158 0)
(0.131598 -0.0138753 0)
(0.128553 -0.0138408 0)
(0.126156 -0.0134943 0)
(0.124135 -0.0125299 0)
(0.121773 -0.0112485 0)
(0.119226 -0.010185 0)
(0.117105 -0.00933276 0)
(0.11567 -0.00841118 0)
(0.114583 -0.00721484 0)
(0.113474 -0.00593987 0)
(0.112116 -0.00485584 0)
(0.110658 -0.00415885 0)
(0.109259 -0.00371092 0)
(0.108159 -0.00336292 0)
(0.107308 -0.0029658 0)
(0.106749 -0.0025356 0)
(0.106302 -0.00206992 0)
(0.106023 -0.00163161 0)
(0.105746 -0.00123326 0)
(0.10559 -0.000906578 0)
(0.105389 -0.000650988 0)
(0.105299 -0.000458623 0)
(0.105139 -0.000334322 0)
(0.105092 -0.000241608 0)
(0.104955 -0.000210166 0)
(0.104934 -0.000175742 0)
(0.104807 -0.000203916 0)
(0.135278 0.00662173 0)
(0.136949 0.00557552 0)
(0.138539 0.0042816 0)
(0.139916 0.00273811 0)
(0.14099 0.00102735 0)
(0.141731 -0.000852695 0)
(0.14207 -0.002877 0)
(0.141899 -0.00489169 0)
(0.141131 -0.00685537 0)
(0.139904 -0.00869859 0)
(0.138284 -0.0101526 0)
(0.136158 -0.0111582 0)
(0.133769 -0.0118647 0)
(0.131497 -0.0121561 0)
(0.129244 -0.0118931 0)
(0.126777 -0.0112926 0)
(0.124311 -0.0106283 0)
(0.122157 -0.00981193 0)
(0.120342 -0.00873506 0)
(0.118604 -0.00747382 0)
(0.11681 -0.0063179 0)
(0.114981 -0.00542599 0)
(0.113362 -0.0047852 0)
(0.112011 -0.0042261 0)
(0.110936 -0.00365414 0)
(0.109938 -0.00300852 0)
(0.109031 -0.00236652 0)
(0.108136 -0.00175888 0)
(0.107396 -0.00126017 0)
(0.106718 -0.000862945 0)
(0.106238 -0.000578362 0)
(0.105804 -0.000374724 0)
(0.105554 -0.000239383 0)
(0.105294 -0.000154872 0)
(0.105189 -9.98911e-05 0)
(0.105022 -8.2714e-05 0)
(0.10499 -6.65086e-05 0)
(0.104862 -8.91983e-05 0)
(0.104863 -8.68551e-05 0)
(0.104746 -0.000139877 0)
(0.134591 0.00517711 0)
(0.136125 0.00425333 0)
(0.137554 0.00315093 0)
(0.138777 0.00184745 0)
(0.139737 0.000399589 0)
(0.140417 -0.00117673 0)
(0.140676 -0.00285067 0)
(0.140481 -0.00456131 0)
(0.139891 -0.00619271 0)
(0.138819 -0.00764648 0)
(0.137288 -0.00888674 0)
(0.135543 -0.00979612 0)
(0.133648 -0.0102797 0)
(0.131492 -0.0104201 0)
(0.129224 -0.010307 0)
(0.127096 -0.00987239 0)
(0.125092 -0.0091177 0)
(0.123012 -0.00818284 0)
(0.120903 -0.00726232 0)
(0.118912 -0.00639011 0)
(0.117164 -0.00555452 0)
(0.115587 -0.00469441 0)
(0.114157 -0.00386303 0)
(0.112753 -0.0031184 0)
(0.111427 -0.00254822 0)
(0.110142 -0.00212522 0)
(0.109059 -0.00180642 0)
(0.108113 -0.00151544 0)
(0.107414 -0.0012534 0)
(0.106803 -0.000999248 0)
(0.106391 -0.000771194 0)
(0.105992 -0.000570356 0)
(0.105758 -0.000405094 0)
(0.105483 -0.000280599 0)
(0.105357 -0.000181318 0)
(0.105153 -0.000126382 0)
(0.105093 -7.78085e-05 0)
(0.104926 -7.72232e-05 0)
(0.104904 -5.94076e-05 0)
(0.104752 -9.72948e-05 0)
(0.133964 0.00387764 0)
(0.135405 0.00307797 0)
(0.136713 0.00215425 0)
(0.137829 0.00107213 0)
(0.138694 -0.000124014 0)
(0.13928 -0.00143559 0)
(0.139516 -0.00282797 0)
(0.139349 -0.00421455 0)
(0.138783 -0.00554878 0)
(0.137851 -0.00676026 0)
(0.136587 -0.00773209 0)
(0.135014 -0.00842287 0)
(0.133224 -0.00885139 0)
(0.131343 -0.00896257 0)
(0.129414 -0.00871597 0)
(0.127392 -0.00819512 0)
(0.12531 -0.00754068 0)
(0.123244 -0.006762 0)
(0.121291 -0.00586021 0)
(0.119426 -0.00488324 0)
(0.117639 -0.00396807 0)
(0.115872 -0.00318084 0)
(0.11423 -0.00256762 0)
(0.112717 -0.00208213 0)
(0.111421 -0.00168975 0)
(0.110248 -0.0013209 0)
(0.109269 -0.000987971 0)
(0.108355 -0.00068332 0)
(0.107626 -0.000434868 0)
(0.106945 -0.000237621 0)
(0.106459 -9.58647e-05 0)
(0.10599 -9.55215e-07 0)
(0.105707 6.18795e-05 0)
(0.1054 8.77939e-05 0)
(0.105262 0.000103868 0)
(0.105052 8.65766e-05 0)
(0.104998 8.0492e-05 0)
(0.104837 3.70255e-05 0)
(0.104826 2.70381e-05 0)
(0.104684 -3.14988e-05 0)
(0.133322 0.00265203 0)
(0.1347 0.00198763 0)
(0.135915 0.00123971 0)
(0.13693 0.000372863 0)
(0.137713 -0.000597038 0)
(0.138229 -0.00165671 0)
(0.138406 -0.00278527 0)
(0.13822 -0.00391806 0)
(0.137698 -0.00498948 0)
(0.13682 -0.00594797 0)
(0.135599 -0.0067439 0)
(0.134143 -0.0073015 0)
(0.132519 -0.00756291 0)
(0.130702 -0.0075434 0)
(0.128735 -0.00728112 0)
(0.126719 -0.00678499 0)
(0.124713 -0.00609013 0)
(0.122682 -0.00525076 0)
(0.120652 -0.00437406 0)
(0.118658 -0.00353867 0)
(0.116789 -0.00280235 0)
(0.115041 -0.00214686 0)
(0.113477 -0.00158088 0)
(0.11203 -0.00110268 0)
(0.110763 -0.00073934 0)
(0.109581 -0.000473758 0)
(0.108593 -0.000299931 0)
(0.107707 -0.000178916 0)
(0.107043 -9.65948e-05 0)
(0.106442 -3.42303e-05 0)
(0.106039 1.5076e-05 0)
(0.105643 5.00742e-05 0)
(0.105418 8.28365e-05 0)
(0.105146 9.45716e-05 0)
(0.10503 0.000110124 0)
(0.104832 9.72445e-05 0)
(0.104782 0.000100643 0)
(0.104624 6.82363e-05 0)
(0.104611 6.79403e-05 0)
(0.104472 2.06751e-05 0)
(0.132015 0.00148464 0)
(0.133341 0.000943444 0)
(0.134471 0.000345187 0)
(0.135369 -0.000326803 0)
(0.136006 -0.00106051 0)
(0.136353 -0.00187142 0)
(0.136364 -0.00274469 0)
(0.136007 -0.00360917 0)
(0.135277 -0.00443093 0)
(0.134185 -0.00517992 0)
(0.132767 -0.00576173 0)
(0.131075 -0.00612384 0)
(0.129141 -0.00627988 0)
(0.127027 -0.00619318 0)
(0.124815 -0.00581878 0)
(0.122547 -0.00519672 0)
(0.120267 -0.00444142 0)
(0.118026 -0.0036294 0)
(0.115905 -0.00280635 0)
(0.113938 -0.00201123 0)
(0.112176 -0.00130947 0)
(0.110583 -0.000730691 0)
(0.109201 -0.000301383 0)
(0.107983 -4.09149e-06 0)
(0.106982 0.00017849 0)
(0.106109 0.000295596 0)
(0.105435 0.00037545 0)
(0.104829 0.000431691 0)
(0.104395 0.000461883 0)
(0.103982 0.000468623 0)
(0.103731 0.000459546 0)
(0.103462 0.000428677 0)
(0.103343 0.000394072 0)
(0.10317 0.000340886 0)
(0.103134 0.000301083 0)
(0.103016 0.000241612 0)
(0.103022 0.000208693 0)
(0.10293 0.000148912 0)
(0.102946 0.000129509 0)
(0.102866 7.09015e-05 0)
(0.125609 0.00046221 0)
(0.126696 0.000100601 0)
(0.127508 -0.000298657 0)
(0.128011 -0.000754167 0)
(0.12816 -0.00124399 0)
(0.127908 -0.00178028 0)
(0.127223 -0.00236052 0)
(0.126078 -0.00294028 0)
(0.124465 -0.00348155 0)
(0.122404 -0.00395688 0)
(0.119941 -0.00432477 0)
(0.11716 -0.00454529 0)
(0.114169 -0.00458096 0)
(0.111074 -0.00440561 0)
(0.107976 -0.00403775 0)
(0.104999 -0.00351334 0)
(0.102247 -0.00287372 0)
(0.0997866 -0.00217151 0)
(0.0976656 -0.00147426 0)
(0.0959194 -0.000844288 0)
(0.0945597 -0.000330346 0)
(0.0935526 6.52678e-05 0)
(0.0928685 0.000350001 0)
(0.0924139 0.000539743 0)
(0.0921677 0.000647574 0)
(0.0920229 0.000693248 0)
(0.0920018 0.000684516 0)
(0.0920023 0.000643241 0)
(0.0921019 0.000586107 0)
(0.0921761 0.000522594 0)
(0.0923335 0.000463529 0)
(0.0924271 0.000402866 0)
(0.0925954 0.000355344 0)
(0.0926771 0.000302274 0)
(0.0928269 0.00026719 0)
(0.0928861 0.000218392 0)
(0.0930003 0.000194158 0)
(0.0930415 0.000146919 0)
(0.0931072 0.000133809 0)
(0.0931462 8.84526e-05 0)
(0.0884421 -0.000460995 0)
(0.0883391 -0.000566033 0)
(0.0878755 -0.000690878 0)
(0.0870356 -0.000840821 0)
(0.0857881 -0.00101224 0)
(0.0840765 -0.00120883 0)
(0.0818614 -0.00140576 0)
(0.0791312 -0.00158314 0)
(0.0758927 -0.00173997 0)
(0.0721883 -0.00185276 0)
(0.06812 -0.00188525 0)
(0.063842 -0.00181886 0)
(0.0595436 -0.00165237 0)
(0.0554398 -0.00139155 0)
(0.05173 -0.00105684 0)
(0.0485685 -0.000690641 0)
(0.0460523 -0.000337218 0)
(0.044224 -2.80009e-05 0)
(0.0430614 0.000217124 0)
(0.0424944 0.000388921 0)
(0.0424045 0.000493942 0)
(0.042669 0.000544703 0)
(0.0431741 0.000547998 0)
(0.0438308 0.000519591 0)
(0.0445626 0.000472699 0)
(0.045309 0.000417694 0)
(0.0460389 0.000367266 0)
(0.0467163 0.000325688 0)
(0.047348 0.000289574 0)
(0.0479016 0.000255773 0)
(0.0484126 0.000224027 0)
(0.0488387 0.000192948 0)
(0.0492359 0.000164403 0)
(0.0495487 0.000136206 0)
(0.0498457 0.000112981 0)
(0.0500672 8.92009e-05 0)
(0.0502742 7.34897e-05 0)
(0.0504332 5.39056e-05 0)
(0.0505494 4.63194e-05 0)
(0.0506875 2.93958e-05 0)
)
;

boundaryField
{
    inlet
    {
        type            fixedValue;
        value           uniform (0.1 0 0);
    }
    outlet
    {
        type            zeroGradient;
    }
    lowerWall
    {
        type            noSlip;
    }
    upperWall
    {
        type            noSlip;
    }
    defaultFaces
    {
        type            empty;
    }
}


// ************************************************************************* //
