0.0001	0
0.0002	1
0.0003	1
0.0004	1
0.0005	1
0.0006	1
0.0007	1
0.0008	1
0.0009	1
0.001	1
0.0011	1
0.0012	1
0.0013	1
0.0014	1
0.0015	1
0.0016	1
0.0017	1
0.0018	1
0.0019	1
0.002	1
0.0021	1
0.0022	1
0.0023	1
0.0024	1
0.0025	1
0.0026	1
0.0027	1
0.0028	1
0.0029	1
0.003	1
0.0031	1
0.0032	1
0.0033	1
0.0034	1
0.0035	1
0.0036	1
0.0037	1
0.0038	1
0.0039	1
0.004	1
0.0041	1
0.0042	1
0.0043	1
0.0044	1
0.0045	1
0.0046	1
0.0047	1
0.0048	1
0.0049	1
0.005	1
0.0051	1
0.0052	1
0.0053	1
0.0054	1
0.0055	1
0.0056	1
0.0057	1
0.0058	1
0.0059	1
0.006	1
0.0061	1
0.0062	1
0.0063	1
0.0064	1
0.0065	1
0.0066	1
0.0067	1
0.0068	2
0.0069	2
0.007	2
0.0071	2
0.0072	2
0.0073	2
0.0074	2
0.0075	2
0.0076	2
0.0077	2
0.0078	2
0.0079	2
0.008	2
0.0081	2
0.0082	2
0.0083	2
0.0084	2
0.0085	2
0.0086	2
0.0087	2
0.0088	2
0.0089	2
0.009	2
0.0091	2
0.0092	2
0.0093	2
0.0094	2
0.0095	2
0.0096	2
0.0097	2
0.0098	2
0.0099	2
0.01	2
0.0101	2
0.0102	2
0.0103	2
0.0104	2
0.0105	2
0.0106	2
0.0107	2
0.0108	2
0.0109	2
0.011	2
0.0111	2
0.0112	2
0.0113	2
0.0114	2
0.0115	2
0.0116	2
0.0117	2
0.0118	2
0.0119	2
0.012	2
0.0121	2
0.0122	2
0.0123	2
0.0124	2
0.0125	2
0.0126	2
0.0127	2
0.0128	2
0.0129	2
0.013	2
0.0131	2
0.0132	2
0.0133	2
0.0134	2
0.0135	2
0.0136	2
0.0137	2
0.0138	3
0.0139	3
0.014	3
0.0141	3
0.0142	3
0.0143	3
0.0144	3
0.0145	3
0.0146	3
0.0147	3
0.0148	3
0.0149	3
0.015	3
0.0151	3
0.0152	3
0.0153	3
0.0154	3
0.0155	3
0.0156	3
0.0157	3
0.0158	3
0.0159	3
0.016	3
0.0161	3
0.0162	3
0.0163	3
0.0164	3
0.0165	3
0.0166	3
0.0167	3
0.0168	3
0.0169	3
0.017	3
0.0171	3
0.0172	3
0.0173	3
0.0174	3
0.0175	3
0.0176	3
0.0177	3
0.0178	3
0.0179	3
0.018	3
0.0181	3
0.0182	3
0.0183	3
0.0184	3
0.0185	3
0.0186	3
0.0187	3
0.0188	3
0.0189	3
0.019	3
0.0191	3
0.0192	3
0.0193	3
0.0194	3
0.0195	3
0.0196	3
0.0197	3
0.0198	3
0.0199	4
0.02	4
0.0201	4
0.0202	4
0.0203	4
0.0204	4
0.0205	4
0.0206	4
0.0207	4
0.0208	4
0.0209	4
0.021	4
0.0211	4
0.0212	4
0.0213	4
0.0214	4
0.0215	4
0.0216	4
0.0217	4
0.0218	4
0.0219	4
0.022	4
0.0221	4
0.0222	4
0.0223	4
0.0224	4
0.0225	4
0.0226	4
0.0227	4
0.0228	4
0.0229	4
0.023	4
0.0231	4
0.0232	4
0.0233	4
0.0234	4
0.0235	4
0.0236	4
0.0237	4
0.0238	4
0.0239	4
0.024	4
0.0241	4
0.0242	4
0.0243	4
0.0244	4
0.0245	4
0.0246	4
0.0247	4
0.0248	4
0.0249	4
0.025	4
0.0251	4
0.0252	4
0.0253	4
0.0254	4
0.0255	4
0.0256	4
0.0257	4
0.0258	4
0.0259	4
0.026	5
0.0261	5
0.0262	5
0.0263	5
0.0264	5
0.0265	5
0.0266	5
0.0267	5
0.0268	5
0.0269	5
0.027	5
0.0271	5
0.0272	5
0.0273	5
0.0274	5
0.0275	5
0.0276	5
0.0277	5
0.0278	5
0.0279	5
0.028	5
0.0281	5
0.0282	5
0.0283	5
0.0284	5
0.0285	5
0.0286	5
0.0287	5
0.0288	5
0.0289	5
0.029	5
0.0291	5
0.0292	5
0.0293	5
0.0294	5
0.0295	5
0.0296	5
0.0297	5
0.0298	5
0.0299	5
0.03	5
0.0301	5
0.0302	5
0.0303	5
0.0304	5
0.0305	5
0.0306	5
0.0307	5
0.0308	5
0.0309	5
0.031	5
0.0311	5
0.0312	5
0.0313	5
0.0314	5
0.0315	5
0.0316	5
0.0317	5
0.0318	5
0.0319	5
0.032	5
0.0321	6
0.0322	6
0.0323	6
0.0324	6
0.0325	6
0.0326	6
0.0327	6
0.0328	6
0.0329	6
0.033	6
0.0331	6
0.0332	6
0.0333	6
0.0334	6
0.0335	6
0.0336	6
0.0337	6
0.0338	6
0.0339	6
0.034	6
0.0341	6
0.0342	6
0.0343	6
0.0344	6
0.0345	6
0.0346	6
0.0347	6
0.0348	6
0.0349	6
0.035	6
0.0351	6
0.0352	6
0.0353	6
0.0354	6
0.0355	6
0.0356	6
0.0357	6
0.0358	6
0.0359	6
0.036	6
0.0361	6
0.0362	6
0.0363	6
0.0364	6
0.0365	6
0.0366	6
0.0367	6
0.0368	6
0.0369	6
0.037	6
0.0371	6
0.0372	6
0.0373	6
0.0374	6
0.0375	6
0.0376	6
0.0377	6
0.0378	6
0.0379	6
0.038	7
0.0381	7
0.0382	7
0.0383	7
0.0384	7
0.0385	7
0.0386	7
0.0387	7
0.0388	7
0.0389	7
0.039	7
0.0391	7
0.0392	7
0.0393	7
0.0394	7
0.0395	7
0.0396	7
0.0397	7
0.0398	7
0.0399	7
0.04	7
0.0401	7
0.0402	7
0.0403	7
0.0404	7
0.0405	7
0.0406	7
0.0407	7
0.0408	7
0.0409	7
0.041	7
0.0411	7
0.0412	7
0.0413	7
0.0414	7
0.0415	7
0.0416	7
0.0417	7
0.0418	7
0.0419	7
0.042	7
0.0421	7
0.0422	7
0.0423	7
0.0424	7
0.0425	7
0.0426	7
0.0427	7
0.0428	7
0.0429	7
0.043	7
0.0431	7
0.0432	7
0.0433	8
0.0434	8
0.0435	8
0.0436	8
0.0437	8
0.0438	8
0.0439	8
0.044	8
0.0441	8
0.0442	8
0.0443	8
0.0444	8
0.0445	8
0.0446	8
0.0447	8
0.0448	8
0.0449	8
0.045	8
0.0451	8
0.0452	8
0.0453	8
0.0454	8
0.0455	8
0.0456	8
0.0457	8
0.0458	8
0.0459	8
0.046	8
0.0461	8
0.0462	8
0.0463	8
0.0464	8
0.0465	8
0.0466	8
0.0467	8
0.0468	8
0.0469	8
0.047	8
0.0471	8
0.0472	8
0.0473	8
0.0474	8
0.0475	8
0.0476	8
0.0477	8
0.0478	8
0.0479	8
0.048	8
0.0481	8
0.0482	8
0.0483	8
0.0484	8
0.0485	8
0.0486	8
0.0487	8
0.0488	8
0.0489	8
0.049	8
0.0491	8
0.0492	8
0.0493	8
0.0494	8
0.0495	9
0.0496	9
0.0497	9
0.0498	9
0.0499	9
0.05	9
0.0501	9
0.0502	9
0.0503	9
0.0504	9
0.0505	9
0.0506	9
0.0507	9
0.0508	9
0.0509	9
0.051	9
0.0511	9
0.0512	9
0.0513	9
0.0514	9
0.0515	9
0.0516	9
0.0517	9
0.0518	9
0.0519	9
0.052	9
0.0521	9
0.0522	9
0.0523	9
0.0524	9
0.0525	9
0.0526	9
0.0527	9
0.0528	9
0.0529	9
0.053	9
