0.0001	4.96665e-06
0.0002	1.94916e-05
0.0003	1.05762e-05
0.0004	5.29933e-06
0.0005	4.71513e-06
0.0006	4.76201e-06
0.0007	5.37016e-06
0.0008	6.45652e-06
0.0009	7.57893e-06
0.001	8.96994e-06
0.0011	1.05889e-05
0.0012	1.25172e-05
0.0013	1.47905e-05
0.0014	1.74823e-05
0.0015	2.06648e-05
0.0016	2.44288e-05
0.0017	2.8881e-05
0.0018	3.41467e-05
0.0019	4.03693e-05
0.002	4.77186e-05
0.0021	5.64233e-05
0.0022	6.67014e-05
0.0023	7.88648e-05
0.0024	9.32405e-05
0.0025	0.00011023
0.0026	0.000130318
0.0027	0.000154084
0.0028	0.000182197
0.0029	0.000215433
0.003	0.000254822
0.0031	0.000301374
0.0032	0.000356273
0.0033	0.00042133
0.0034	0.00049821
0.0035	0.000589195
0.0036	0.000696806
0.0037	0.000824069
0.0038	0.000974596
0.0039	0.00115279
0.004	0.00136346
0.0041	0.00161264
0.0042	0.00190711
0.0043	0.00225489
0.0044	0.00266564
0.0045	0.00315048
0.0046	0.00372106
0.0047	0.00438881
0.0048	0.00516255
0.0049	0.0060464
0.005	0.00701793
0.0051	0.00802143
0.0052	0.00892704
0.0053	0.00960973
0.0054	0.0099214
0.0055	0.00957788
0.0056	0.00860653
0.0057	0.00756461
0.0058	0.0063567
0.0059	0.00499951
0.006	0.00368847
0.0061	0.00276986
0.0062	0.00221265
0.0063	0.00186731
0.0064	0.0016667
0.0065	0.00156476
0.0066	0.00153891
0.0067	0.0015576
0.0068	0.00161419
0.0069	0.00169718
0.007	0.00179536
0.0071	0.00190266
0.0072	0.00201455
0.0073	0.00212872
0.0074	0.00224328
0.0075	0.00235696
0.0076	0.00246829
0.0077	0.00257593
0.0078	0.002678
0.0079	0.0027729
0.008	0.0028589
0.0081	0.00293533
0.0082	0.00300027
0.0083	0.00305421
0.0084	0.00309687
0.0085	0.00312589
0.0086	0.00314163
0.0087	0.0031448
0.0088	0.00313728
0.0089	0.00312083
0.009	0.00309611
0.0091	0.00306577
0.0092	0.00303095
0.0093	0.00299362
0.0094	0.00295547
0.0095	0.0029182
0.0096	0.00288312
0.0097	0.00285138
0.0098	0.00282382
0.0099	0.00280122
0.01	0.00278385
0.0101	0.00277196
0.0102	0.00276563
0.0103	0.00276487
0.0104	0.00276935
0.0105	0.00277877
0.0106	0.00279247
0.0107	0.00280982
0.0108	0.00283039
0.0109	0.00285332
0.011	0.00287789
0.0111	0.00290337
0.0112	0.00292906
0.0113	0.0029541
0.0114	0.00297773
0.0115	0.00299924
0.0116	0.00301804
0.0117	0.00303361
0.0118	0.00304533
0.0119	0.00305286
0.012	0.00305604
0.0121	0.00305489
0.0122	0.00304963
0.0123	0.00304059
0.0124	0.0030283
0.0125	0.00301321
0.0126	0.00299598
0.0127	0.00297728
0.0128	0.00295776
0.0129	0.00293814
0.013	0.00291911
0.0131	0.00290129
0.0132	0.00288522
0.0133	0.00287136
0.0134	0.00286005
0.0135	0.00285152
0.0136	0.00284595
0.0137	0.0028434
0.0138	0.00284397
0.0139	0.00284738
0.014	0.00285346
0.0141	0.00286204
0.0142	0.00287274
0.0143	0.00288513
0.0144	0.00289878
0.0145	0.00291323
0.0146	0.00292802
0.0147	0.00294268
0.0148	0.00295676
0.0149	0.00296981
0.015	0.00298141
0.0151	0.00299119
0.0152	0.0029989
0.0153	0.00300434
0.0154	0.00300735
0.0155	0.00300784
0.0156	0.00300592
0.0157	0.0030017
0.0158	0.00299536
0.0159	0.00298722
0.016	0.00297763
0.0161	0.00296692
0.0162	0.0029555
0.0163	0.00294374
0.0164	0.00293207
0.0165	0.00292086
0.0166	0.00291047
0.0167	0.00290122
0.0168	0.00289338
0.0169	0.00288713
0.017	0.0028826
0.0171	0.00287998
0.0172	0.00287924
0.0173	0.00288032
0.0174	0.00288312
0.0175	0.00288752
0.0176	0.00289335
0.0177	0.0029004
0.0178	0.00290839
0.0179	0.00291705
0.018	0.00292608
0.0181	0.00293517
0.0182	0.00294404
0.0183	0.00295241
0.0184	0.00296001
0.0185	0.00296662
0.0186	0.00297204
0.0187	0.00297611
0.0188	0.00297873
0.0189	0.00297986
0.019	0.00297947
0.0191	0.00297766
0.0192	0.00297449
0.0193	0.00297011
0.0194	0.00296469
0.0195	0.00295847
0.0196	0.00295169
0.0197	0.00294457
0.0198	0.00293735
0.0199	0.00293027
0.02	0.00292357
0.0201	0.00291745
0.0202	0.00291209
0.0203	0.00290765
0.0204	0.00290426
0.0205	0.00290199
0.0206	0.00290086
0.0207	0.00290088
0.0208	0.002902
0.0209	0.00290418
0.021	0.0029073
0.0211	0.00291124
0.0212	0.00291587
0.0213	0.00292103
0.0214	0.00292651
0.0215	0.00293213
0.0216	0.0029377
0.0217	0.00294306
0.0218	0.00294802
0.0219	0.00295245
0.022	0.00295619
0.0221	0.00295915
0.0222	0.00296126
0.0223	0.00296246
0.0224	0.00296274
0.0225	0.00296211
0.0226	0.00296063
0.0227	0.00295834
0.0228	0.00295536
0.0229	0.00295181
0.023	0.00294781
0.0231	0.00294352
0.0232	0.00293908
0.0233	0.00293465
0.0234	0.00293037
0.0235	0.00292638
0.0236	0.00292281
0.0237	0.00291975
0.0238	0.00291728
0.0239	0.00291548
0.024	0.00291437
0.0241	0.00291397
0.0242	0.00291428
0.0243	0.00291526
0.0244	0.00291687
0.0245	0.00291904
0.0246	0.00292167
0.0247	0.00292468
0.0248	0.00292796
0.0249	0.00293139
0.025	0.00293487
0.0251	0.00293826
0.0252	0.00294147
0.0253	0.0029444
0.0254	0.00294695
0.0255	0.00294905
0.0256	0.00295064
0.0257	0.0029517
0.0258	0.00295219
0.0259	0.00295212
0.026	0.0029515
0.0261	0.00295036
0.0262	0.00294876
0.0263	0.00294677
0.0264	0.00294445
0.0265	0.0029419
0.0266	0.00293921
0.0267	0.00293647
0.0268	0.00293377
0.0269	0.0029312
0.027	0.00292884
0.0271	0.00292677
0.0272	0.00292503
0.0273	0.00292367
0.0274	0.00292274
0.0275	0.00292224
0.0276	0.00292218
0.0277	0.00292256
0.0278	0.00292333
0.0279	0.00292449
0.028	0.00292596
0.0281	0.0029277
0.0282	0.00292964
0.0283	0.00293171
0.0284	0.00293385
0.0285	0.00293598
0.0286	0.00293803
0.0287	0.00293994
0.0288	0.00294165
0.0289	0.0029431
0.029	0.00294427
0.0291	0.00294511
0.0292	0.00294561
0.0293	0.00294575
0.0294	0.00294556
0.0295	0.00294503
0.0296	0.0029442
0.0297	0.00294311
0.0298	0.00294179
0.0299	0.00294029
0.03	0.00293868
0.0301	0.002937
0.0302	0.00293532
0.0303	0.00293368
0.0304	0.00293215
0.0305	0.00293076
0.0306	0.00292956
0.0307	0.00292859
0.0308	0.00292786
0.0309	0.0029274
0.031	0.00292721
0.0311	0.00292729
0.0312	0.00292764
0.0313	0.00292822
0.0314	0.00292902
0.0315	0.00293001
0.0316	0.00293114
0.0317	0.00293238
0.0318	0.00293368
0.0319	0.00293501
0.032	0.00293631
0.0321	0.00293754
0.0322	0.00293866
0.0323	0.00293965
0.0324	0.00294047
0.0325	0.0029411
0.0326	0.00294153
0.0327	0.00294174
0.0328	0.00294174
0.0329	0.00294153
0.033	0.00294112
0.0331	0.00294053
0.0332	0.00293979
0.0333	0.00293893
0.0334	0.00293797
0.0335	0.00293696
0.0336	0.00293592
0.0337	0.00293489
0.0338	0.0029339
0.0339	0.00293299
0.034	0.00293219
0.0341	0.0029315
0.0342	0.00293097
0.0343	0.00293059
0.0344	0.00293038
0.0345	0.00293033
0.0346	0.00293045
0.0347	0.00293073
0.0348	0.00293115
0.0349	0.0029317
0.035	0.00293235
0.0351	0.00293308
0.0352	0.00293387
0.0353	0.00293468
0.0354	0.00293549
0.0355	0.00293628
0.0356	0.00293701
0.0357	0.00293767
0.0358	0.00293824
0.0359	0.0029387
0.036	0.00293903
0.0361	0.00293923
0.0362	0.00293931
0.0363	0.00293925
0.0364	0.00293906
0.0365	0.00293876
0.0366	0.00293836
0.0367	0.00293787
0.0368	0.00293731
0.0369	0.0029367
0.037	0.00293606
0.0371	0.00293542
0.0372	0.0029348
0.0373	0.00293421
0.0374	0.00293367
0.0375	0.00293321
0.0376	0.00293282
0.0377	0.00293253
0.0378	0.00293234
0.0379	0.00293226
0.038	0.00293228
0.0381	0.00293239
0.0382	0.0029326
0.0383	0.0029329
0.0384	0.00293327
0.0385	0.00293369
0.0386	0.00293416
0.0387	0.00293465
0.0388	0.00293516
0.0389	0.00293565
0.039	0.00293613
0.0391	0.00293656
0.0392	0.00293694
0.0393	0.00293726
0.0394	0.00293751
0.0395	0.00293769
0.0396	0.00293778
0.0397	0.00293779
0.0398	0.00293772
0.0399	0.00293757
0.04	0.00293736
0.0401	0.00293708
0.0402	0.00293676
0.0403	0.0029364
0.0404	0.00293601
0.0405	0.00293562
0.0406	0.00293523
0.0407	0.00293485
0.0408	0.0029345
0.0409	0.00293419
0.041	0.00293392
0.0411	0.00293371
0.0412	0.00293356
0.0413	0.00293347
0.0414	0.00293344
0.0415	0.00293348
0.0416	0.00293358
0.0417	0.00293373
0.0418	0.00293393
0.0419	0.00293418
0.042	0.00293445
0.0421	0.00293475
0.0422	0.00293506
0.0423	0.00293537
0.0424	0.00293567
0.0425	0.00293595
0.0426	0.00293621
0.0427	0.00293643
0.0428	0.00293661
0.0429	0.00293674
0.043	0.00293682
0.0431	0.00293686
0.0432	0.00293684
0.0433	0.00293678
0.0434	0.00293667
0.0435	0.00293652
0.0436	0.00293634
0.0437	0.00293613
0.0438	0.0029359
0.0439	0.00293566
0.044	0.00293541
0.0441	0.00293517
0.0442	0.00293495
0.0443	0.00293474
0.0444	0.00293456
0.0445	0.00293441
0.0446	0.00293429
0.0447	0.00293422
0.0448	0.00293418
0.0449	0.00293418
0.045	0.00293422
0.0451	0.0029343
0.0452	0.0029344
0.0453	0.00293454
0.0454	0.0029347
0.0455	0.00293488
0.0456	0.00293506
0.0457	0.00293526
0.0458	0.00293544
0.0459	0.00293563
0.046	0.00293579
0.0461	0.00293594
0.0462	0.00293607
0.0463	0.00293617
0.0464	0.00293623
0.0465	0.00293627
0.0466	0.00293628
0.0467	0.00293626
0.0468	0.00293621
0.0469	0.00293613
0.047	0.00293603
0.0471	0.00293591
0.0472	0.00293577
0.0473	0.00293562
0.0474	0.00293547
0.0475	0.00293532
0.0476	0.00293518
0.0477	0.00293505
0.0478	0.00293492
0.0479	0.00293482
0.048	0.00293474
0.0481	0.00293468
0.0482	0.00293464
0.0483	0.00293463
0.0484	0.00293464
0.0485	0.00293467
0.0486	0.00293473
0.0487	0.0029348
0.0488	0.00293489
0.0489	0.002935
0.049	0.00293511
0.0491	0.00293523
0.0492	0.00293534
0.0493	0.00293546
0.0494	0.00293557
0.0495	0.00293567
0.0496	0.00293575
0.0497	0.00293582
0.0498	0.00293588
0.0499	0.00293591
0.05	0.00293593
0.0501	0.00293592
0.0502	0.0029359
0.0503	0.00293586
0.0504	0.00293581
0.0505	0.00293574
0.0506	0.00293566
0.0507	0.00293557
0.0508	0.00293548
0.0509	0.00293539
0.051	0.0029353
0.0511	0.00293521
0.0512	0.00293513
0.0513	0.00293506
0.0514	0.002935
0.0515	0.00293496
0.0516	0.00293492
0.0517	0.00293491
0.0518	0.00293491
0.0519	0.00293492
0.052	0.00293495
0.0521	0.00293499
0.0522	0.00293504
0.0523	0.0029351
0.0524	0.00293516
0.0525	0.00293523
0.0526	0.00293531
0.0527	0.00293538
0.0528	0.00293545
0.0529	0.00293551
0.053	0.00293557
