0.0001	2.15012e-08
0.0002	1.16917e-08
0.0003	1.15313e-09
0.0004	2.14432e-10
0.0005	9.57833e-10
0.0006	2.98422e-10
0.0007	6.61361e-10
0.0008	5.83931e-10
0.0009	7.6852e-10
0.001	8.68469e-10
0.0011	1.04173e-09
0.0012	1.22296e-09
0.0013	1.44821e-09
0.0014	1.71002e-09
0.0015	2.02194e-09
0.0016	2.3899e-09
0.0017	2.82573e-09
0.0018	3.34097e-09
0.0019	3.95126e-09
0.002	4.67233e-09
0.0021	5.52686e-09
0.0022	6.53971e-09
0.0023	7.73562e-09
0.0024	9.15328e-09
0.0025	1.08325e-08
0.0026	1.28229e-08
0.0027	1.51795e-08
0.0028	1.79754e-08
0.0029	2.12941e-08
0.003	2.52303e-08
0.0031	2.98951e-08
0.0032	3.54588e-08
0.0033	4.20705e-08
0.0034	4.99485e-08
0.0035	5.93379e-08
0.0036	7.05376e-08
0.0037	8.39196e-08
0.0038	9.99536e-08
0.0039	1.19159e-07
0.004	1.42208e-07
0.0041	1.69877e-07
0.0042	2.03072e-07
0.0043	1.86297e-07
0.0044	2.2119e-07
0.0045	2.62075e-07
0.0046	3.09222e-07
0.0047	3.62562e-07
0.0048	4.20897e-07
0.0049	4.80897e-07
0.005	5.34677e-07
0.0051	8.32141e-07
0.0052	8.76542e-07
0.0053	9.2625e-07
0.0054	1.03618e-06
0.0055	9.27858e-07
0.0056	9.05603e-07
0.0057	8.41613e-07
0.0058	6.98014e-07
0.0059	5.64586e-07
0.006	4.39822e-07
0.0061	3.48618e-07
0.0062	2.95616e-07
0.0063	2.64546e-07
0.0064	1.69829e-07
0.0065	1.69915e-07
0.0066	1.68481e-07
0.0067	1.68705e-07
0.0068	1.69908e-07
0.0069	1.71099e-07
0.007	2.03495e-07
0.0071	2.091e-07
0.0072	2.1697e-07
0.0073	2.26659e-07
0.0074	2.37911e-07
0.0075	2.50398e-07
0.0076	2.24771e-07
0.0077	2.36772e-07
0.0078	2.48831e-07
0.0079	2.607e-07
0.008	2.72171e-07
0.0081	2.82936e-07
0.0082	2.92752e-07
0.0083	3.01433e-07
0.0084	3.08811e-07
0.0085	3.14923e-07
0.0086	3.19631e-07
0.0087	3.22915e-07
0.0088	3.24771e-07
0.0089	3.25233e-07
0.009	3.24541e-07
0.0091	3.22832e-07
0.0092	3.20333e-07
0.0093	3.17316e-07
0.0094	3.13959e-07
0.0095	3.10456e-07
0.0096	3.06965e-07
0.0097	3.03646e-07
0.0098	3.00596e-07
0.0099	2.97924e-07
0.01	2.95715e-07
0.0101	2.94019e-07
0.0102	2.92811e-07
0.0103	2.92112e-07
0.0104	2.91912e-07
0.0105	2.92177e-07
0.0106	2.92888e-07
0.0107	2.93997e-07
0.0108	2.9546e-07
0.0109	2.97228e-07
0.011	2.99253e-07
0.0111	3.01475e-07
0.0112	3.03829e-07
0.0113	3.06238e-07
0.0114	3.08626e-07
0.0115	3.10912e-07
0.0116	3.13024e-07
0.0117	3.14892e-07
0.0118	3.16453e-07
0.0119	3.17646e-07
0.012	3.18439e-07
0.0121	3.18829e-07
0.0122	3.18792e-07
0.0123	3.18331e-07
0.0124	3.17476e-07
0.0125	3.16283e-07
0.0126	3.1482e-07
0.0127	3.13146e-07
0.0128	3.11324e-07
0.0129	3.09429e-07
0.013	3.07526e-07
0.0131	3.05685e-07
0.0132	3.03967e-07
0.0133	3.02421e-07
0.0134	3.01096e-07
0.0135	3.00024e-07
0.0136	2.99215e-07
0.0137	2.98689e-07
0.0138	2.98443e-07
0.0139	2.98471e-07
0.014	2.98769e-07
0.0141	2.99322e-07
0.0142	3.00102e-07
0.0143	3.01079e-07
0.0144	3.02219e-07
0.0145	3.03484e-07
0.0146	3.04836e-07
0.0147	3.06232e-07
0.0148	3.07627e-07
0.0149	3.08976e-07
0.015	3.10236e-07
0.0151	3.11368e-07
0.0152	3.12333e-07
0.0153	3.13111e-07
0.0154	3.13671e-07
0.0155	3.13995e-07
0.0156	3.14072e-07
0.0157	3.13905e-07
0.0158	3.13506e-07
0.0159	3.12903e-07
0.016	3.1212e-07
0.0161	3.11193e-07
0.0162	3.10156e-07
0.0163	3.0905e-07
0.0164	3.07915e-07
0.0165	3.06791e-07
0.0166	3.05716e-07
0.0167	3.04723e-07
0.0168	3.03842e-07
0.0169	3.03097e-07
0.017	3.02507e-07
0.0171	3.02084e-07
0.0172	3.01832e-07
0.0173	3.01752e-07
0.0174	3.01844e-07
0.0175	3.02099e-07
0.0176	3.02503e-07
0.0177	3.03044e-07
0.0178	3.03702e-07
0.0179	3.04451e-07
0.018	3.05266e-07
0.0181	3.0612e-07
0.0182	3.06984e-07
0.0183	3.07832e-07
0.0184	3.08637e-07
0.0185	3.09376e-07
0.0186	3.10025e-07
0.0187	3.10564e-07
0.0188	3.10974e-07
0.0189	3.11243e-07
0.019	3.11367e-07
0.0191	3.11343e-07
0.0192	3.11176e-07
0.0193	3.10877e-07
0.0194	3.10461e-07
0.0195	3.09943e-07
0.0196	3.09346e-07
0.0197	3.08693e-07
0.0198	3.08008e-07
0.0199	3.07314e-07
0.02	3.06635e-07
0.0201	3.05994e-07
0.0202	3.0541e-07
0.0203	3.04899e-07
0.0204	3.04476e-07
0.0205	3.04151e-07
0.0206	3.0393e-07
0.0207	3.03817e-07
0.0208	3.03812e-07
0.0209	3.03914e-07
0.021	3.04114e-07
0.0211	3.04405e-07
0.0212	3.04774e-07
0.0213	3.05209e-07
0.0214	3.05693e-07
0.0215	3.06211e-07
0.0216	3.06746e-07
0.0217	3.0728e-07
0.0218	3.07795e-07
0.0219	3.08276e-07
0.022	3.08706e-07
0.0221	3.09074e-07
0.0222	3.09367e-07
0.0223	3.09579e-07
0.0224	3.09702e-07
0.0225	3.09736e-07
0.0226	3.09681e-07
0.0227	3.09543e-07
0.0228	3.09327e-07
0.0229	3.09044e-07
0.023	3.08705e-07
0.0231	3.08323e-07
0.0232	3.07913e-07
0.0233	3.07488e-07
0.0234	3.07064e-07
0.0235	3.06654e-07
0.0236	3.06272e-07
0.0237	3.05928e-07
0.0238	3.05634e-07
0.0239	3.05396e-07
0.024	3.0522e-07
0.0241	3.05111e-07
0.0242	3.05069e-07
0.0243	3.05095e-07
0.0244	3.05185e-07
0.0245	3.05335e-07
0.0246	3.05538e-07
0.0247	3.05786e-07
0.0248	3.06071e-07
0.0249	3.06382e-07
0.025	3.06709e-07
0.0251	3.0704e-07
0.0252	3.07366e-07
0.0253	3.07675e-07
0.0254	3.07958e-07
0.0255	3.08206e-07
0.0256	3.08412e-07
0.0257	3.0857e-07
0.0258	3.08675e-07
0.0259	3.08726e-07
0.026	3.08722e-07
0.0261	3.08665e-07
0.0262	3.08558e-07
0.0263	3.08407e-07
0.0264	3.08218e-07
0.0265	3.07997e-07
0.0266	3.07754e-07
0.0267	3.07497e-07
0.0268	3.07234e-07
0.0269	3.06976e-07
0.027	3.06729e-07
0.0271	3.06503e-07
0.0272	3.06303e-07
0.0273	3.06135e-07
0.0274	3.06004e-07
0.0275	3.05912e-07
0.0276	3.05862e-07
0.0277	3.05854e-07
0.0278	3.05888e-07
0.0279	3.0596e-07
0.028	3.06068e-07
0.0281	3.06206e-07
0.0282	3.06371e-07
0.0283	3.06555e-07
0.0284	3.06753e-07
0.0285	3.06957e-07
0.0286	3.07161e-07
0.0287	3.07358e-07
0.0288	3.07542e-07
0.0289	3.07708e-07
0.029	3.07849e-07
0.0291	3.07963e-07
0.0292	3.08045e-07
0.0293	3.08095e-07
0.0294	3.08111e-07
0.0295	3.08095e-07
0.0296	3.08046e-07
0.0297	3.07968e-07
0.0298	3.07864e-07
0.0299	3.07738e-07
0.03	3.07596e-07
0.0301	3.07442e-07
0.0302	3.07282e-07
0.0303	3.0712e-07
0.0304	3.06964e-07
0.0305	3.06816e-07
0.0306	3.06683e-07
0.0307	3.06567e-07
0.0308	3.06473e-07
0.0309	3.06402e-07
0.031	3.06357e-07
0.0311	3.06337e-07
0.0312	3.06344e-07
0.0313	3.06375e-07
0.0314	3.06429e-07
0.0315	3.06505e-07
0.0316	3.06598e-07
0.0317	3.06705e-07
0.0318	3.06823e-07
0.0319	3.06948e-07
0.032	3.07074e-07
0.0321	3.07199e-07
0.0322	3.07317e-07
0.0323	3.07426e-07
0.0324	3.07522e-07
0.0325	3.07602e-07
0.0326	3.07663e-07
0.0327	3.07705e-07
0.0328	3.07727e-07
0.0329	3.07728e-07
0.033	3.07709e-07
0.0331	3.07671e-07
0.0332	3.07615e-07
0.0333	3.07545e-07
0.0334	3.07463e-07
0.0335	3.07372e-07
0.0336	3.07275e-07
0.0337	3.07175e-07
0.0338	3.07076e-07
0.0339	3.06982e-07
0.034	3.06894e-07
0.0341	3.06816e-07
0.0342	3.06751e-07
0.0343	3.06699e-07
0.0344	3.06662e-07
0.0345	3.0664e-07
0.0346	3.06635e-07
0.0347	3.06646e-07
0.0348	3.06672e-07
0.0349	3.06711e-07
0.035	3.06763e-07
0.0351	3.06825e-07
0.0352	3.06894e-07
0.0353	3.06969e-07
0.0354	3.07047e-07
0.0355	3.07125e-07
0.0356	3.072e-07
0.0357	3.07271e-07
0.0358	3.07335e-07
0.0359	3.07389e-07
0.036	3.07434e-07
0.0361	3.07467e-07
0.0362	3.07487e-07
0.0363	3.07495e-07
0.0364	3.0749e-07
0.0365	3.07473e-07
0.0366	3.07445e-07
0.0367	3.07406e-07
0.0368	3.0736e-07
0.0369	3.07306e-07
0.037	3.07248e-07
0.0371	3.07188e-07
0.0372	3.07126e-07
0.0373	3.07066e-07
0.0374	3.07009e-07
0.0375	3.06958e-07
0.0376	3.06913e-07
0.0377	3.06876e-07
0.0378	3.06848e-07
0.0379	3.06829e-07
0.038	3.0682e-07
0.0381	3.06821e-07
0.0382	3.06832e-07
0.0383	3.06852e-07
0.0384	3.0688e-07
0.0385	3.06914e-07
0.0386	3.06955e-07
0.0387	3.06999e-07
0.0388	3.07047e-07
0.0389	3.07095e-07
0.039	3.07142e-07
0.0391	3.07188e-07
0.0392	3.0723e-07
0.0393	3.07267e-07
0.0394	3.07298e-07
0.0395	3.07322e-07
0.0396	3.07339e-07
0.0397	3.07348e-07
0.0398	3.07349e-07
0.0399	3.07343e-07
0.04	3.07329e-07
0.0401	3.07309e-07
0.0402	3.07283e-07
0.0403	3.07253e-07
0.0404	3.07218e-07
0.0405	3.07182e-07
0.0406	3.07144e-07
0.0407	3.07106e-07
0.0408	3.0707e-07
0.0409	3.07036e-07
0.041	3.07006e-07
0.0411	3.0698e-07
0.0412	3.0696e-07
0.0413	3.06945e-07
0.0414	3.06936e-07
0.0415	3.06933e-07
0.0416	3.06937e-07
0.0417	3.06946e-07
0.0418	3.0696e-07
0.0419	3.06979e-07
0.042	3.07002e-07
0.0421	3.07029e-07
0.0422	3.07057e-07
0.0423	3.07086e-07
0.0424	3.07116e-07
0.0425	3.07145e-07
0.0426	3.07172e-07
0.0427	3.07197e-07
0.0428	3.07218e-07
0.0429	3.07235e-07
0.043	3.07248e-07
0.0431	3.07257e-07
0.0432	3.0726e-07
0.0433	3.07259e-07
0.0434	3.07253e-07
0.0435	3.07243e-07
0.0436	3.07229e-07
0.0437	3.07211e-07
0.0438	3.07191e-07
0.0439	3.0717e-07
0.044	3.07147e-07
0.0441	3.07123e-07
0.0442	3.071e-07
0.0443	3.07078e-07
0.0444	3.07059e-07
0.0445	3.07041e-07
0.0446	3.07027e-07
0.0447	3.07015e-07
0.0448	3.07008e-07
0.0449	3.07004e-07
0.045	3.07004e-07
0.0451	3.07008e-07
0.0452	3.07015e-07
0.0453	3.07025e-07
0.0454	3.07038e-07
0.0455	3.07053e-07
0.0456	3.0707e-07
0.0457	3.07088e-07
0.0458	3.07106e-07
0.0459	3.07124e-07
0.046	3.07142e-07
0.0461	3.07158e-07
0.0462	3.07172e-07
0.0463	3.07184e-07
0.0464	3.07194e-07
0.0465	3.072e-07
0.0466	3.07204e-07
0.0467	3.07205e-07
0.0468	3.07203e-07
0.0469	3.07198e-07
0.047	3.07191e-07
0.0471	3.07181e-07
0.0472	3.0717e-07
0.0473	3.07157e-07
0.0474	3.07143e-07
0.0475	3.07129e-07
0.0476	3.07114e-07
0.0477	3.071e-07
0.0478	3.07088e-07
0.0479	3.07076e-07
0.048	3.07066e-07
0.0481	3.07058e-07
0.0482	3.07052e-07
0.0483	3.07048e-07
0.0484	3.07047e-07
0.0485	3.07048e-07
0.0486	3.07051e-07
0.0487	3.07056e-07
0.0488	3.07063e-07
0.0489	3.07072e-07
0.049	3.07082e-07
0.0491	3.07092e-07
0.0492	3.07104e-07
0.0493	3.07115e-07
0.0494	3.07126e-07
0.0495	3.07136e-07
0.0496	3.07146e-07
0.0497	3.07154e-07
0.0498	3.07161e-07
0.0499	3.07166e-07
0.05	3.0717e-07
0.0501	3.07171e-07
0.0502	3.07171e-07
0.0503	3.07169e-07
0.0504	3.07165e-07
0.0505	3.0716e-07
0.0506	3.07153e-07
0.0507	3.07146e-07
0.0508	3.07138e-07
0.0509	3.07129e-07
0.051	3.0712e-07
0.0511	3.07111e-07
0.0512	3.07103e-07
0.0513	3.07095e-07
0.0514	3.07089e-07
0.0515	3.07083e-07
0.0516	3.07078e-07
0.0517	3.07075e-07
0.0518	3.07074e-07
0.0519	3.07074e-07
0.052	3.07075e-07
0.0521	3.07077e-07
0.0522	3.07081e-07
0.0523	3.07086e-07
0.0524	3.07092e-07
0.0525	3.07098e-07
0.0526	3.07105e-07
0.0527	3.07112e-07
0.0528	3.07119e-07
0.0529	3.07125e-07
0.053	3.07131e-07
