0.0001	8.3638e-08
0.0002	-7.6162e-09
0.0003	6.04661e-07
0.0004	1.57817e-06
0.0005	1.64032e-06
0.0006	1.59037e-06
0.0007	1.54183e-06
0.0008	1.47719e-06
0.0009	1.40365e-06
0.001	1.31575e-06
0.0011	1.21252e-06
0.0012	1.09041e-06
0.0013	9.46276e-07
0.0014	7.75942e-07
0.0015	5.74715e-07
0.0016	3.36919e-07
0.0017	5.58842e-08
0.0018	-2.76259e-07
0.0019	-6.6887e-07
0.002	-1.13309e-06
0.0021	-1.68166e-06
0.0022	-2.32982e-06
0.0023	-3.09609e-06
0.0024	-4.00178e-06
0.0025	-5.07227e-06
0.0026	-6.33754e-06
0.0027	-7.8329e-06
0.0028	-9.60011e-06
0.0029	-1.16882e-05
0.003	-1.4155e-05
0.0031	-1.70711e-05
0.0032	-2.05151e-05
0.0033	-2.45824e-05
0.0034	-2.93843e-05
0.0035	-3.5052e-05
0.0036	-4.17405e-05
0.0037	-4.96272e-05
0.0038	-5.89215e-05
0.0039	-6.98662e-05
0.004	-8.27388e-05
0.0041	-9.78568e-05
0.0042	-0.000115576
0.0043	-0.00013629
0.0044	-0.000160412
0.0045	-0.000188359
0.0046	-0.000220503
0.0047	-0.000257091
0.0048	-0.000298113
0.0049	-0.000343107
0.005	-0.000390933
0.0051	-0.000439831
0.0052	-0.00048803
0.0053	-0.000534942
0.0054	-0.000581116
0.0055	-0.000625013
0.0056	-0.00066674
0.0057	-0.000699863
0.0058	-0.000722436
0.0059	-0.000739386
0.006	-0.000745211
0.0061	-0.00073091
0.0062	-0.000702404
0.0063	-0.000671168
0.0064	-0.000642602
0.0065	-0.00061742
0.0066	-0.000595289
0.0067	-0.000576097
0.0068	-0.000559864
0.0069	-0.000546472
0.007	-0.000535655
0.0071	-0.00052708
0.0072	-0.000520406
0.0073	-0.000515342
0.0074	-0.000511657
0.0075	-0.000509163
0.0076	-0.000507718
0.0077	-0.000507206
0.0078	-0.000507535
0.0079	-0.000508631
0.008	-0.00051042
0.0081	-0.000512832
0.0082	-0.000515808
0.0083	-0.000519288
0.0084	-0.000523211
0.0085	-0.000527515
0.0086	-0.000532137
0.0087	-0.000537019
0.0088	-0.000542107
0.0089	-0.000547348
0.009	-0.000552698
0.0091	-0.000558113
0.0092	-0.000563562
0.0093	-0.000569021
0.0094	-0.000574473
0.0095	-0.000579909
0.0096	-0.000585333
0.0097	-0.000590749
0.0098	-0.000596172
0.0099	-0.000601621
0.01	-0.000607116
0.0101	-0.000612679
0.0102	-0.000618333
0.0103	-0.000624099
0.0104	-0.000629996
0.0105	-0.000636042
0.0106	-0.000642251
0.0107	-0.000648633
0.0108	-0.000655195
0.0109	-0.000661941
0.011	-0.000668874
0.0111	-0.000675991
0.0112	-0.000683285
0.0113	-0.000690749
0.0114	-0.000698371
0.0115	-0.000706138
0.0116	-0.000714034
0.0117	-0.000722041
0.0118	-0.00073014
0.0119	-0.00073831
0.012	-0.00074653
0.0121	-0.00075478
0.0122	-0.000763038
0.0123	-0.000771286
0.0124	-0.000779507
0.0125	-0.000787684
0.0126	-0.000795807
0.0127	-0.000803865
0.0128	-0.000811852
0.0129	-0.000819766
0.013	-0.000827608
0.0131	-0.000835383
0.0132	-0.000843096
0.0133	-0.000850759
0.0134	-0.000858382
0.0135	-0.000865979
0.0136	-0.000873563
0.0137	-0.000881148
0.0138	-0.000888749
0.0139	-0.000896377
0.014	-0.000904045
0.0141	-0.000911762
0.0142	-0.000919539
0.0143	-0.00092738
0.0144	-0.000935292
0.0145	-0.000943276
0.0146	-0.000951333
0.0147	-0.000959463
0.0148	-0.000967661
0.0149	-0.000975923
0.015	-0.000984241
0.0151	-0.000992608
0.0152	-0.00100101
0.0153	-0.00100945
0.0154	-0.0010179
0.0155	-0.00102636
0.0156	-0.00103481
0.0157	-0.00104325
0.0158	-0.00105166
0.0159	-0.00106004
0.016	-0.00106838
0.0161	-0.00107668
0.0162	-0.00108492
0.0163	-0.00109311
0.0164	-0.00110125
0.0165	-0.00110933
0.0166	-0.00111738
0.0167	-0.00112537
0.0168	-0.00113334
0.0169	-0.00114128
0.017	-0.00114919
0.0171	-0.0011571
0.0172	-0.00116501
0.0173	-0.00117292
0.0174	-0.00118085
0.0175	-0.0011888
0.0176	-0.00119677
0.0177	-0.00120479
0.0178	-0.00121283
0.0179	-0.00122092
0.018	-0.00122905
0.0181	-0.00123723
0.0182	-0.00124544
0.0183	-0.00125369
0.0184	-0.00126198
0.0185	-0.00127029
0.0186	-0.00127863
0.0187	-0.001287
0.0188	-0.00129537
0.0189	-0.00130375
0.019	-0.00131212
0.0191	-0.00132049
0.0192	-0.00132885
0.0193	-0.00133719
0.0194	-0.0013455
0.0195	-0.00135378
0.0196	-0.00136204
0.0197	-0.00137026
0.0198	-0.00137845
0.0199	-0.0013866
0.02	-0.00139473
0.0201	-0.00140283
0.0202	-0.0014109
0.0203	-0.00141895
0.0204	-0.00142699
0.0205	-0.00143502
0.0206	-0.00144304
0.0207	-0.00145106
0.0208	-0.00145909
0.0209	-0.00146713
0.021	-0.00147518
0.0211	-0.00148325
0.0212	-0.00149135
0.0213	-0.00149946
0.0214	-0.0015076
0.0215	-0.00151577
0.0216	-0.00152396
0.0217	-0.00153218
0.0218	-0.00154042
0.0219	-0.00154868
0.022	-0.00155696
0.0221	-0.00156525
0.0222	-0.00157355
0.0223	-0.00158185
0.0224	-0.00159016
0.0225	-0.00159847
0.0226	-0.00160676
0.0227	-0.00161505
0.0228	-0.00162333
0.0229	-0.00163158
0.023	-0.00163982
0.0231	-0.00164804
0.0232	-0.00165624
0.0233	-0.00166442
0.0234	-0.00167258
0.0235	-0.00168072
0.0236	-0.00168885
0.0237	-0.00169696
0.0238	-0.00170506
0.0239	-0.00171315
0.024	-0.00172124
0.0241	-0.00172932
0.0242	-0.00173741
0.0243	-0.0017455
0.0244	-0.0017536
0.0245	-0.00176171
0.0246	-0.00176983
0.0247	-0.00177796
0.0248	-0.00178611
0.0249	-0.00179428
0.025	-0.00180246
0.0251	-0.00181066
0.0252	-0.00181887
0.0253	-0.00182709
0.0254	-0.00183533
0.0255	-0.00184358
0.0256	-0.00185183
0.0257	-0.00186009
0.0258	-0.00186835
0.0259	-0.00187661
0.026	-0.00188486
0.0261	-0.00189312
0.0262	-0.00190136
0.0263	-0.0019096
0.0264	-0.00191782
0.0265	-0.00192603
0.0266	-0.00193424
0.0267	-0.00194242
0.0268	-0.0019506
0.0269	-0.00195876
0.027	-0.00196692
0.0271	-0.00197506
0.0272	-0.0019832
0.0273	-0.00199133
0.0274	-0.00199945
0.0275	-0.00200758
0.0276	-0.0020157
0.0277	-0.00202383
0.0278	-0.00203195
0.0279	-0.00204009
0.028	-0.00204823
0.0281	-0.00205638
0.0282	-0.00206454
0.0283	-0.0020727
0.0284	-0.00208088
0.0285	-0.00208907
0.0286	-0.00209726
0.0287	-0.00210547
0.0288	-0.00211368
0.0289	-0.0021219
0.029	-0.00213012
0.0291	-0.00213835
0.0292	-0.00214658
0.0293	-0.00215481
0.0294	-0.00216304
0.0295	-0.00217127
0.0296	-0.00217949
0.0297	-0.00218771
0.0298	-0.00219593
0.0299	-0.00220413
0.03	-0.00221233
0.0301	-0.00222052
0.0302	-0.00222871
0.0303	-0.00223688
0.0304	-0.00224505
0.0305	-0.00225321
0.0306	-0.00226137
0.0307	-0.00226952
0.0308	-0.00227767
0.0309	-0.00228582
0.031	-0.00229397
0.0311	-0.00230211
0.0312	-0.00231026
0.0313	-0.00231841
0.0314	-0.00232657
0.0315	-0.00233473
0.0316	-0.00234289
0.0317	-0.00235106
0.0318	-0.00235924
0.0319	-0.00236742
0.032	-0.00237561
0.0321	-0.0023838
0.0322	-0.002392
0.0323	-0.0024002
0.0324	-0.00240841
0.0325	-0.00241662
0.0326	-0.00242483
0.0327	-0.00243304
0.0328	-0.00244126
0.0329	-0.00244947
0.033	-0.00245768
0.0331	-0.00246589
0.0332	-0.00247409
0.0333	-0.00248229
0.0334	-0.00249049
0.0335	-0.00249868
0.0336	-0.00250686
0.0337	-0.00251505
0.0338	-0.00252322
0.0339	-0.0025314
0.034	-0.00253956
0.0341	-0.00254773
0.0342	-0.00255589
0.0343	-0.00256406
0.0344	-0.00257222
0.0345	-0.00258038
0.0346	-0.00258854
0.0347	-0.0025967
0.0348	-0.00260487
0.0349	-0.00261303
0.035	-0.0026212
0.0351	-0.00262938
0.0352	-0.00263755
0.0353	-0.00264573
0.0354	-0.00265392
0.0355	-0.00266211
0.0356	-0.0026703
0.0357	-0.00267849
0.0358	-0.00268669
0.0359	-0.00269489
0.036	-0.00270309
0.0361	-0.00271129
0.0362	-0.00271949
0.0363	-0.00272769
0.0364	-0.00273589
0.0365	-0.00274409
0.0366	-0.00275229
0.0367	-0.00276049
0.0368	-0.00276868
0.0369	-0.00277687
0.037	-0.00278506
0.0371	-0.00279324
0.0372	-0.00280142
0.0373	-0.0028096
0.0374	-0.00281778
0.0375	-0.00282595
0.0376	-0.00283412
0.0377	-0.00284229
0.0378	-0.00285046
0.0379	-0.00285863
0.038	-0.0028668
0.0381	-0.00287497
0.0382	-0.00288314
0.0383	-0.00289132
0.0384	-0.00289949
0.0385	-0.00290767
0.0386	-0.00291584
0.0387	-0.00292403
0.0388	-0.00293221
0.0389	-0.00294039
0.039	-0.00294858
0.0391	-0.00295677
0.0392	-0.00296496
0.0393	-0.00297315
0.0394	-0.00298135
0.0395	-0.00298954
0.0396	-0.00299774
0.0397	-0.00300593
0.0398	-0.00301413
0.0399	-0.00302232
0.04	-0.00303051
0.0401	-0.0030387
0.0402	-0.00304689
0.0403	-0.00305508
0.0404	-0.00306327
0.0405	-0.00307145
0.0406	-0.00307964
0.0407	-0.00308782
0.0408	-0.003096
0.0409	-0.00310418
0.041	-0.00311235
0.0411	-0.00312053
0.0412	-0.00312871
0.0413	-0.00313688
0.0414	-0.00314506
0.0415	-0.00315323
0.0416	-0.00316141
0.0417	-0.00316958
0.0418	-0.00317776
0.0419	-0.00318594
0.042	-0.00319412
0.0421	-0.0032023
0.0422	-0.00321048
0.0423	-0.00321867
0.0424	-0.00322685
0.0425	-0.00323504
0.0426	-0.00324323
0.0427	-0.00325141
0.0428	-0.0032596
0.0429	-0.00326779
0.043	-0.00327598
0.0431	-0.00328417
0.0432	-0.00329237
0.0433	-0.00330056
0.0434	-0.00330875
0.0435	-0.00331693
0.0436	-0.00332512
0.0437	-0.00333331
0.0438	-0.0033415
0.0439	-0.00334968
0.044	-0.00335787
0.0441	-0.00336605
0.0442	-0.00337423
0.0443	-0.00338241
0.0444	-0.00339059
0.0445	-0.00339877
0.0446	-0.00340695
0.0447	-0.00341513
0.0448	-0.00342331
0.0449	-0.00343148
0.045	-0.00343966
0.0451	-0.00344784
0.0452	-0.00345602
0.0453	-0.0034642
0.0454	-0.00347238
0.0455	-0.00348056
0.0456	-0.00348875
0.0457	-0.00349693
0.0458	-0.00350511
0.0459	-0.0035133
0.046	-0.00352148
0.0461	-0.00352967
0.0462	-0.00353786
0.0463	-0.00354605
0.0464	-0.00355423
0.0465	-0.00356242
0.0466	-0.00357061
0.0467	-0.0035788
0.0468	-0.00358698
0.0469	-0.00359517
0.047	-0.00360336
0.0471	-0.00361155
0.0472	-0.00361973
0.0473	-0.00362792
0.0474	-0.0036361
0.0475	-0.00364428
0.0476	-0.00365247
0.0477	-0.00366065
0.0478	-0.00366883
0.0479	-0.00367701
0.048	-0.00368519
0.0481	-0.00369337
0.0482	-0.00370155
0.0483	-0.00370973
0.0484	-0.00371792
0.0485	-0.0037261
0.0486	-0.00373428
0.0487	-0.00374246
0.0488	-0.00375064
0.0489	-0.00375882
0.049	-0.003767
0.0491	-0.00377519
0.0492	-0.00378337
0.0493	-0.00379156
0.0494	-0.00379974
0.0495	-0.00380793
0.0496	-0.00381611
0.0497	-0.0038243
0.0498	-0.00383248
0.0499	-0.00384067
0.05	-0.00384886
0.0501	-0.00385704
0.0502	-0.00386523
0.0503	-0.00387341
0.0504	-0.0038816
0.0505	-0.00388979
0.0506	-0.00389797
0.0507	-0.00390616
0.0508	-0.00391434
0.0509	-0.00392252
0.051	-0.00393071
0.0511	-0.00393889
0.0512	-0.00394707
0.0513	-0.00395526
0.0514	-0.00396344
0.0515	-0.00397162
0.0516	-0.0039798
0.0517	-0.00398798
0.0518	-0.00399616
0.0519	-0.00400435
0.052	-0.00401253
0.0521	-0.00402071
0.0522	-0.00402889
0.0523	-0.00403708
0.0524	-0.00404526
0.0525	-0.00405344
0.0526	-0.00406163
0.0527	-0.00406981
0.0528	-0.00407799
0.0529	-0.00408618
0.053	-0.00409436
