0.0001	8.37934e-08
0.0002	-9.09525e-08
0.0003	6.12242e-07
0.0004	9.73509e-07
0.0005	6.21429e-08
0.0006	-4.99454e-08
0.0007	-4.85622e-08
0.0008	-6.46531e-08
0.0009	-7.35618e-08
0.001	-8.79266e-08
0.0011	-1.03261e-07
0.0012	-1.22134e-07
0.0013	-1.4418e-07
0.0014	-1.70381e-07
0.0015	-2.01283e-07
0.0016	-2.37863e-07
0.0017	-2.81113e-07
0.0018	-3.32236e-07
0.0019	-3.9272e-07
0.002	-4.64352e-07
0.0021	-5.48723e-07
0.0022	-6.48335e-07
0.0023	-7.66489e-07
0.0024	-9.05942e-07
0.0025	-1.07078e-06
0.0026	-1.26562e-06
0.0027	-1.49578e-06
0.0028	-1.7677e-06
0.0029	-2.08869e-06
0.003	-2.46751e-06
0.0031	-2.91686e-06
0.0032	-3.44497e-06
0.0033	-4.06839e-06
0.0034	-4.80329e-06
0.0035	-5.66925e-06
0.0036	-6.69033e-06
0.0037	-7.8889e-06
0.0038	-9.29694e-06
0.0039	-1.09477e-05
0.004	-1.28762e-05
0.0041	-1.51222e-05
0.0042	-1.77245e-05
0.0043	-2.07186e-05
0.0044	-2.41279e-05
0.0045	-2.79534e-05
0.0046	-3.21522e-05
0.0047	-3.6597e-05
0.0048	-4.10315e-05
0.0049	-4.50038e-05
0.005	-4.7836e-05
0.0051	-4.89036e-05
0.0052	-4.81976e-05
0.0053	-4.68957e-05
0.0054	-4.61447e-05
0.0055	-4.38792e-05
0.0056	-4.17231e-05
0.0057	-3.31233e-05
0.0058	-2.25678e-05
0.0059	-1.69523e-05
0.006	-5.82853e-06
0.0061	1.42972e-05
0.0062	2.85012e-05
0.0063	3.12303e-05
0.0064	2.85605e-05
0.0065	2.51771e-05
0.0066	2.21279e-05
0.0067	1.91893e-05
0.0068	1.62311e-05
0.0069	1.33906e-05
0.007	1.08154e-05
0.0071	8.57287e-06
0.0072	6.67293e-06
0.0073	5.06155e-06
0.0074	3.68362e-06
0.0075	2.49149e-06
0.0076	1.44252e-06
0.0077	5.09452e-07
0.0078	-3.31738e-07
0.0079	-1.09872e-06
0.008	-1.79159e-06
0.0081	-2.41513e-06
0.0082	-2.97998e-06
0.0083	-3.48364e-06
0.0084	-3.92634e-06
0.0085	-4.30844e-06
0.0086	-4.62595e-06
0.0087	-4.88596e-06
0.0088	-5.09232e-06
0.0089	-5.24478e-06
0.009	-5.35443e-06
0.0091	-5.41946e-06
0.0092	-5.45325e-06
0.0093	-5.46304e-06
0.0094	-5.45603e-06
0.0095	-5.44042e-06
0.0096	-5.42767e-06
0.0097	-5.42002e-06
0.0098	-5.4275e-06
0.0099	-5.45261e-06
0.01	-5.49899e-06
0.0101	-5.56708e-06
0.0102	-5.65798e-06
0.0103	-5.77002e-06
0.0104	-5.90156e-06
0.0105	-6.04944e-06
0.0106	-6.21246e-06
0.0107	-6.38607e-06
0.0108	-6.56568e-06
0.0109	-6.75083e-06
0.011	-6.93689e-06
0.0111	-7.12086e-06
0.0112	-7.29791e-06
0.0113	-7.46756e-06
0.0114	-7.62635e-06
0.0115	-7.7714e-06
0.0116	-7.90013e-06
0.0117	-8.01129e-06
0.0118	-8.10314e-06
0.0119	-8.17414e-06
0.012	-8.22448e-06
0.0121	-8.25386e-06
0.0122	-8.26278e-06
0.0123	-8.25234e-06
0.0124	-8.22461e-06
0.0125	-8.18209e-06
0.0126	-8.12666e-06
0.0127	-8.06219e-06
0.0128	-7.99175e-06
0.0129	-7.91799e-06
0.013	-7.84631e-06
0.0131	-7.77848e-06
0.0132	-7.7177e-06
0.0133	-7.66668e-06
0.0134	-7.62734e-06
0.0135	-7.6009e-06
0.0136	-7.58816e-06
0.0137	-7.58943e-06
0.0138	-7.60426e-06
0.0139	-7.63222e-06
0.014	-7.67184e-06
0.0141	-7.72176e-06
0.0142	-7.78031e-06
0.0143	-7.8456e-06
0.0144	-7.91543e-06
0.0145	-7.98819e-06
0.0146	-8.06169e-06
0.0147	-8.13362e-06
0.0148	-8.20244e-06
0.0149	-8.26585e-06
0.015	-8.32249e-06
0.0151	-8.37094e-06
0.0152	-8.41002e-06
0.0153	-8.43844e-06
0.0154	-8.45617e-06
0.0155	-8.46269e-06
0.0156	-8.45813e-06
0.0157	-8.44297e-06
0.0158	-8.41802e-06
0.0159	-8.38437e-06
0.016	-8.3435e-06
0.0161	-8.29692e-06
0.0162	-8.24653e-06
0.0163	-8.19426e-06
0.0164	-8.14201e-06
0.0165	-8.09155e-06
0.0166	-8.04481e-06
0.0167	-8.00349e-06
0.0168	-7.96857e-06
0.0169	-7.94128e-06
0.017	-7.92208e-06
0.0171	-7.91169e-06
0.0172	-7.90993e-06
0.0173	-7.91662e-06
0.0174	-7.9314e-06
0.0175	-7.95336e-06
0.0176	-7.98166e-06
0.0177	-8.01507e-06
0.0178	-8.05263e-06
0.0179	-8.093e-06
0.018	-8.13475e-06
0.0181	-8.17665e-06
0.0182	-8.21732e-06
0.0183	-8.25563e-06
0.0184	-8.29039e-06
0.0185	-8.32065e-06
0.0186	-8.34558e-06
0.0187	-8.36449e-06
0.0188	-8.37694e-06
0.0189	-8.38268e-06
0.019	-8.38166e-06
0.0191	-8.37409e-06
0.0192	-8.36036e-06
0.0193	-8.34105e-06
0.0194	-8.31695e-06
0.0195	-8.28899e-06
0.0196	-8.25822e-06
0.0197	-8.22573e-06
0.0198	-8.1927e-06
0.0199	-8.16026e-06
0.02	-8.1295e-06
0.0201	-8.10142e-06
0.0202	-8.07682e-06
0.0203	-8.05659e-06
0.0204	-8.04122e-06
0.0205	-8.03098e-06
0.0206	-8.02611e-06
0.0207	-8.02658e-06
0.0208	-8.0322e-06
0.0209	-8.04255e-06
0.021	-8.05729e-06
0.0211	-8.07578e-06
0.0212	-8.09723e-06
0.0213	-8.1209e-06
0.0214	-8.14598e-06
0.0215	-8.17164e-06
0.0216	-8.19704e-06
0.0217	-8.2214e-06
0.0218	-8.24395e-06
0.0219	-8.26404e-06
0.022	-8.28108e-06
0.0221	-8.29461e-06
0.0222	-8.30427e-06
0.0223	-8.30984e-06
0.0224	-8.31126e-06
0.0225	-8.30855e-06
0.0226	-8.30192e-06
0.0227	-8.29167e-06
0.0228	-8.27823e-06
0.0229	-8.26213e-06
0.023	-8.24396e-06
0.0231	-8.22439e-06
0.0232	-8.2041e-06
0.0233	-8.1838e-06
0.0234	-8.16416e-06
0.0235	-8.14583e-06
0.0236	-8.12937e-06
0.0237	-8.11529e-06
0.0238	-8.10398e-06
0.0239	-8.09573e-06
0.024	-8.09072e-06
0.0241	-8.08902e-06
0.0242	-8.09058e-06
0.0243	-8.09525e-06
0.0244	-8.10278e-06
0.0245	-8.11284e-06
0.0246	-8.12502e-06
0.0247	-8.13888e-06
0.0248	-8.15392e-06
0.0249	-8.16962e-06
0.025	-8.18546e-06
0.0251	-8.20092e-06
0.0252	-8.21552e-06
0.0253	-8.22881e-06
0.0254	-8.2404e-06
0.0255	-8.24997e-06
0.0256	-8.25725e-06
0.0257	-8.26206e-06
0.0258	-8.26431e-06
0.0259	-8.264e-06
0.026	-8.26119e-06
0.0261	-8.25604e-06
0.0262	-8.24879e-06
0.0263	-8.23971e-06
0.0264	-8.22916e-06
0.0265	-8.21753e-06
0.0266	-8.20522e-06
0.0267	-8.19268e-06
0.0268	-8.18031e-06
0.0269	-8.16852e-06
0.027	-8.15769e-06
0.0271	-8.14815e-06
0.0272	-8.14018e-06
0.0273	-8.13399e-06
0.0274	-8.12974e-06
0.0275	-8.1275e-06
0.0276	-8.1273e-06
0.0277	-8.12908e-06
0.0278	-8.13272e-06
0.0279	-8.13805e-06
0.028	-8.14485e-06
0.0281	-8.15285e-06
0.0282	-8.16176e-06
0.0283	-8.17126e-06
0.0284	-8.18103e-06
0.0285	-8.19075e-06
0.0286	-8.20011e-06
0.0287	-8.2088e-06
0.0288	-8.21658e-06
0.0289	-8.2232e-06
0.029	-8.22849e-06
0.0291	-8.23232e-06
0.0292	-8.23458e-06
0.0293	-8.23526e-06
0.0294	-8.23436e-06
0.0295	-8.23196e-06
0.0296	-8.22819e-06
0.0297	-8.22319e-06
0.0298	-8.21716e-06
0.0299	-8.21033e-06
0.03	-8.20295e-06
0.0301	-8.19527e-06
0.0302	-8.18756e-06
0.0303	-8.18007e-06
0.0304	-8.17303e-06
0.0305	-8.16668e-06
0.0306	-8.1612e-06
0.0307	-8.15675e-06
0.0308	-8.15344e-06
0.0309	-8.15135e-06
0.031	-8.15051e-06
0.0311	-8.15091e-06
0.0312	-8.15251e-06
0.0313	-8.15522e-06
0.0314	-8.15891e-06
0.0315	-8.16345e-06
0.0316	-8.16865e-06
0.0317	-8.17433e-06
0.0318	-8.1803e-06
0.0319	-8.18634e-06
0.032	-8.19227e-06
0.0321	-8.19789e-06
0.0322	-8.20303e-06
0.0323	-8.20753e-06
0.0324	-8.21127e-06
0.0325	-8.21414e-06
0.0326	-8.21608e-06
0.0327	-8.21704e-06
0.0328	-8.21702e-06
0.0329	-8.21605e-06
0.033	-8.21418e-06
0.0331	-8.2115e-06
0.0332	-8.20813e-06
0.0333	-8.20417e-06
0.0334	-8.19979e-06
0.0335	-8.19514e-06
0.0336	-8.19038e-06
0.0337	-8.18567e-06
0.0338	-8.18116e-06
0.0339	-8.17699e-06
0.034	-8.1733e-06
0.0341	-8.17018e-06
0.0342	-8.16774e-06
0.0343	-8.16602e-06
0.0344	-8.16506e-06
0.0345	-8.16487e-06
0.0346	-8.16544e-06
0.0347	-8.16673e-06
0.0348	-8.16868e-06
0.0349	-8.17119e-06
0.035	-8.17418e-06
0.0351	-8.17754e-06
0.0352	-8.18113e-06
0.0353	-8.18485e-06
0.0354	-8.18857e-06
0.0355	-8.19216e-06
0.0356	-8.19551e-06
0.0357	-8.19852e-06
0.0358	-8.2011e-06
0.0359	-8.20318e-06
0.036	-8.2047e-06
0.0361	-8.20563e-06
0.0362	-8.20596e-06
0.0363	-8.20568e-06
0.0364	-8.20483e-06
0.0365	-8.20346e-06
0.0366	-8.2016e-06
0.0367	-8.19935e-06
0.0368	-8.19679e-06
0.0369	-8.194e-06
0.037	-8.1911e-06
0.0371	-8.18816e-06
0.0372	-8.1853e-06
0.0373	-8.1826e-06
0.0374	-8.18015e-06
0.0375	-8.17802e-06
0.0376	-8.17627e-06
0.0377	-8.17495e-06
0.0378	-8.1741e-06
0.0379	-8.17371e-06
0.038	-8.1738e-06
0.0381	-8.17435e-06
0.0382	-8.17532e-06
0.0383	-8.17668e-06
0.0384	-8.17837e-06
0.0385	-8.18032e-06
0.0386	-8.18247e-06
0.0387	-8.18473e-06
0.0388	-8.18703e-06
0.0389	-8.1893e-06
0.039	-8.19146e-06
0.0391	-8.19344e-06
0.0392	-8.19519e-06
0.0393	-8.19665e-06
0.0394	-8.19779e-06
0.0395	-8.19857e-06
0.0396	-8.19898e-06
0.0397	-8.19901e-06
0.0398	-8.19869e-06
0.0399	-8.19802e-06
0.04	-8.19703e-06
0.0401	-8.19578e-06
0.0402	-8.1943e-06
0.0403	-8.19265e-06
0.0404	-8.19089e-06
0.0405	-8.18908e-06
0.0406	-8.18728e-06
0.0407	-8.18556e-06
0.0408	-8.18395e-06
0.0409	-8.18252e-06
0.041	-8.18131e-06
0.0411	-8.18034e-06
0.0412	-8.17965e-06
0.0413	-8.17925e-06
0.0414	-8.17914e-06
0.0415	-8.17932e-06
0.0416	-8.17978e-06
0.0417	-8.18048e-06
0.0418	-8.18142e-06
0.0419	-8.18253e-06
0.042	-8.18379e-06
0.0421	-8.18515e-06
0.0422	-8.18657e-06
0.0423	-8.18798e-06
0.0424	-8.18936e-06
0.0425	-8.19065e-06
0.0426	-8.19181e-06
0.0427	-8.19282e-06
0.0428	-8.19363e-06
0.0429	-8.19424e-06
0.043	-8.19462e-06
0.0431	-8.19477e-06
0.0432	-8.1947e-06
0.0433	-8.1944e-06
0.0434	-8.1939e-06
0.0435	-8.19321e-06
0.0436	-8.19238e-06
0.0437	-8.19141e-06
0.0438	-8.19036e-06
0.0439	-8.18926e-06
0.044	-8.18814e-06
0.0441	-8.18705e-06
0.0442	-8.18601e-06
0.0443	-8.18507e-06
0.0444	-8.18424e-06
0.0445	-8.18356e-06
0.0446	-8.18303e-06
0.0447	-8.18268e-06
0.0448	-8.18251e-06
0.0449	-8.18253e-06
0.045	-8.18271e-06
0.0451	-8.18306e-06
0.0452	-8.18356e-06
0.0453	-8.18419e-06
0.0454	-8.18492e-06
0.0455	-8.18573e-06
0.0456	-8.18659e-06
0.0457	-8.18746e-06
0.0458	-8.18833e-06
0.0459	-8.18916e-06
0.046	-8.18992e-06
0.0461	-8.1906e-06
0.0462	-8.19117e-06
0.0463	-8.19162e-06
0.0464	-8.19193e-06
0.0465	-8.19211e-06
0.0466	-8.19214e-06
0.0467	-8.19203e-06
0.0468	-8.19179e-06
0.0469	-8.19143e-06
0.047	-8.19096e-06
0.0471	-8.19041e-06
0.0472	-8.18979e-06
0.0473	-8.18913e-06
0.0474	-8.18844e-06
0.0475	-8.18775e-06
0.0476	-8.18709e-06
0.0477	-8.18647e-06
0.0478	-8.18592e-06
0.0479	-8.18545e-06
0.048	-8.18507e-06
0.0481	-8.18479e-06
0.0482	-8.18462e-06
0.0483	-8.18457e-06
0.0484	-8.18462e-06
0.0485	-8.18478e-06
0.0486	-8.18504e-06
0.0487	-8.18538e-06
0.0488	-8.1858e-06
0.0489	-8.18628e-06
0.049	-8.18679e-06
0.0491	-8.18733e-06
0.0492	-8.18787e-06
0.0493	-8.18839e-06
0.0494	-8.18889e-06
0.0495	-8.18934e-06
0.0496	-8.18973e-06
0.0497	-8.19005e-06
0.0498	-8.19029e-06
0.0499	-8.19045e-06
0.05	-8.19051e-06
0.0501	-8.1905e-06
0.0502	-8.19039e-06
0.0503	-8.19021e-06
0.0504	-8.18996e-06
0.0505	-8.18965e-06
0.0506	-8.18929e-06
0.0507	-8.18889e-06
0.0508	-8.18847e-06
0.0509	-8.18805e-06
0.051	-8.18763e-06
0.0511	-8.18723e-06
0.0512	-8.18687e-06
0.0513	-8.18655e-06
0.0514	-8.18628e-06
0.0515	-8.18607e-06
0.0516	-8.18593e-06
0.0517	-8.18586e-06
0.0518	-8.18585e-06
0.0519	-8.18591e-06
0.052	-8.18604e-06
0.0521	-8.18622e-06
0.0522	-8.18646e-06
0.0523	-8.18673e-06
0.0524	-8.18703e-06
0.0525	-8.18736e-06
0.0526	-8.18769e-06
0.0527	-8.18802e-06
0.0528	-8.18834e-06
0.0529	-8.18864e-06
0.053	-8.1889e-06
