0.0001	0.005
0.0002	0.0286833
0.0003	0.0259931
0.0004	0.0247941
0.0005	0.0250954
0.0006	0.0248107
0.0007	0.0247853
0.0008	0.0247259
0.0009	0.0246922
0.001	0.024601
0.0011	0.0244797
0.0012	0.0243216
0.0013	0.0241294
0.0014	0.0238995
0.0015	0.0236285
0.0016	0.0233093
0.0017	0.0229401
0.0018	0.0226236
0.0019	0.0222559
0.002	0.0218164
0.0021	0.0223384
0.0022	0.023462
0.0023	0.0248069
0.0024	0.0264158
0.0025	0.0288752
0.0026	0.0329137
0.0027	0.0378252
0.0028	0.0441172
0.0029	0.0515761
0.003	0.0604245
0.0031	0.0709217
0.0032	0.0833661
0.0033	0.0981393
0.0034	0.11569
0.0035	0.136558
0.0036	0.161398
0.0037	0.191013
0.0038	0.226363
0.0039	0.268639
0.004	0.319301
0.0041	0.38017
0.0042	0.454375
0.0043	0.545074
0.0044	0.656139
0.0045	0.793057
0.0046	0.96308
0.0047	1.17571
0.0048	1.44359
0.0049	1.78132
0.005	2.22417
0.0051	2.83514
0.0052	3.6862
0.0053	4.61069
0.0054	6.17728
0.0055	7.88187
0.0056	9.39518
0.0057	10.5444
0.0058	11.2257
0.0059	11.4351
0.006	11.3219
0.0061	10.9302
0.0062	10.2293
0.0063	9.48512
0.0064	8.77637
0.0065	8.10978
0.0066	7.54243
0.0067	7.05683
0.0068	6.64147
0.0069	6.28446
0.007	5.97526
0.0071	5.70563
0.0072	5.46933
0.0073	5.26188
0.0074	5.08024
0.0075	4.92221
0.0076	4.78616
0.0077	4.67074
0.0078	4.57475
0.0079	4.51197
0.008	4.47618
0.0081	4.4554
0.0082	4.4475
0.0083	4.45012
0.0084	4.46074
0.0085	4.47672
0.0086	4.49528
0.0087	4.51374
0.0088	4.52968
0.0089	4.541
0.009	4.54606
0.0091	4.54366
0.0092	4.53313
0.0093	4.5144
0.0094	4.48771
0.0095	4.46544
0.0096	4.43809
0.0097	4.40366
0.0098	4.3636
0.0099	4.31944
0.01	4.27272
0.0101	4.22492
0.0102	4.17744
0.0103	4.1315
0.0104	4.08821
0.0105	4.04848
0.0106	4.01307
0.0107	3.98259
0.0108	3.95746
0.0109	3.93802
0.011	3.9244
0.0111	3.91663
0.0112	3.9146
0.0113	3.91934
0.0114	3.93219
0.0115	3.94925
0.0116	3.96982
0.0117	3.99312
0.0118	4.01827
0.0119	4.04433
0.012	4.07032
0.0121	4.09528
0.0122	4.11829
0.0123	4.1385
0.0124	4.15518
0.0125	4.16778
0.0126	4.17588
0.0127	4.17927
0.0128	4.17796
0.0129	4.17559
0.013	4.16908
0.0131	4.15855
0.0132	4.1445
0.0133	4.12754
0.0134	4.10833
0.0135	4.08758
0.0136	4.06603
0.0137	4.04439
0.0138	4.02331
0.0139	4.00342
0.014	3.98528
0.0141	3.96934
0.0142	3.956
0.0143	3.94556
0.0144	3.93822
0.0145	3.93411
0.0146	3.93345
0.0147	3.93842
0.0148	3.94625
0.0149	3.95664
0.015	3.96922
0.0151	3.98354
0.0152	3.9991
0.0153	4.01538
0.0154	4.0318
0.0155	4.04781
0.0156	4.06286
0.0157	4.07646
0.0158	4.08816
0.0159	4.09758
0.016	4.10446
0.0161	4.10861
0.0162	4.10996
0.0163	4.10855
0.0164	4.10569
0.0165	4.10135
0.0166	4.09469
0.0167	4.08604
0.0168	4.07574
0.0169	4.06419
0.017	4.05181
0.0171	4.03905
0.0172	4.02632
0.0173	4.01404
0.0174	4.00256
0.0175	3.99224
0.0176	3.98335
0.0177	3.97612
0.0178	3.97074
0.0179	3.96731
0.018	3.96588
0.0181	3.9681
0.0182	3.9722
0.0183	3.97797
0.0184	3.98522
0.0185	3.99366
0.0186	4.00301
0.0187	4.01294
0.0188	4.02311
0.0189	4.03319
0.019	4.04283
0.0191	4.05173
0.0192	4.05959
0.0193	4.06619
0.0194	4.07132
0.0195	4.07484
0.0196	4.07669
0.0197	4.07684
0.0198	4.07534
0.0199	4.07308
0.02	4.06987
0.0201	4.06533
0.0202	4.05963
0.0203	4.05301
0.0204	4.04573
0.0205	4.03803
0.0206	4.03019
0.0207	4.02245
0.0208	4.01508
0.0209	4.00829
0.021	4.00228
0.0211	3.99722
0.0212	3.99325
0.0213	3.99045
0.0214	3.98889
0.0215	3.98942
0.0216	3.99135
0.0217	3.9944
0.0218	3.99843
0.0219	4.00329
0.022	4.0088
0.0221	4.01478
0.0222	4.02101
0.0223	4.02728
0.0224	4.0334
0.0225	4.03914
0.0226	4.04435
0.0227	4.04885
0.0228	4.05251
0.0229	4.05524
0.023	4.05696
0.0231	4.05764
0.0232	4.0573
0.0233	4.05597
0.0234	4.05419
0.0235	4.05186
0.0236	4.04876
0.0237	4.04501
0.0238	4.04075
0.0239	4.03614
0.024	4.03134
0.0241	4.02651
0.0242	4.02182
0.0243	4.0174
0.0244	4.0134
0.0245	4.00993
0.0246	4.00708
0.0247	4.00493
0.0248	4.00353
0.0249	4.00341
0.025	4.00421
0.0251	4.00572
0.0252	4.00789
0.0253	4.01063
0.0254	4.01383
0.0255	4.01738
0.0256	4.02116
0.0257	4.02503
0.0258	4.02887
0.0259	4.03255
0.026	4.03595
0.0261	4.03897
0.0262	4.04152
0.0263	4.04353
0.0264	4.04494
0.0265	4.04572
0.0266	4.04586
0.0267	4.04539
0.0268	4.04432
0.0269	4.04285
0.027	4.04121
0.0271	4.03912
0.0272	4.03667
0.0273	4.03394
0.0274	4.03104
0.0275	4.02806
0.0276	4.0251
0.0277	4.02227
0.0278	4.01964
0.0279	4.0173
0.028	4.01531
0.0281	4.01374
0.0282	4.01264
0.0283	4.01238
0.0284	4.01261
0.0285	4.0133
0.0286	4.01442
0.0287	4.01593
0.0288	4.01776
0.0289	4.01984
0.029	4.02211
0.0291	4.02447
0.0292	4.02686
0.0293	4.02919
0.0294	4.03139
0.0295	4.03339
0.0296	4.03513
0.0297	4.03656
0.0298	4.03763
0.0299	4.03833
0.03	4.03864
0.0301	4.03856
0.0302	4.03811
0.0303	4.03731
0.0304	4.03619
0.0305	4.03491
0.0306	4.03352
0.0307	4.03192
0.0308	4.03019
0.0309	4.02837
0.031	4.02653
0.0311	4.02473
0.0312	4.02303
0.0313	4.02148
0.0314	4.02013
0.0315	4.01901
0.0316	4.01838
0.0317	4.01805
0.0318	4.01802
0.0319	4.01829
0.032	4.01884
0.0321	4.01964
0.0322	4.02067
0.0323	4.02187
0.0324	4.02321
0.0325	4.02464
0.0326	4.02611
0.0327	4.02758
0.0328	4.02899
0.0329	4.03029
0.033	4.03146
0.0331	4.03245
0.0332	4.03323
0.0333	4.0338
0.0334	4.03412
0.0335	4.03421
0.0336	4.03406
0.0337	4.03368
0.0338	4.0331
0.0339	4.03234
0.034	4.03143
0.0341	4.0304
0.0342	4.02929
0.0343	4.02816
0.0344	4.02703
0.0345	4.0259
0.0346	4.02481
0.0347	4.02387
0.0348	4.02305
0.0349	4.02239
0.035	4.0219
0.0351	4.02159
0.0352	4.02147
0.0353	4.02154
0.0354	4.02178
0.0355	4.02219
0.0356	4.02275
0.0357	4.02343
0.0358	4.02421
0.0359	4.02507
0.036	4.02597
0.0361	4.02688
0.0362	4.02777
0.0363	4.02861
0.0364	4.02938
0.0365	4.03005
0.0366	4.03061
0.0367	4.03104
0.0368	4.03132
0.0369	4.03146
0.037	4.03145
0.0371	4.03129
0.0372	4.03101
0.0373	4.0306
0.0374	4.03008
0.0375	4.02949
0.0376	4.02883
0.0377	4.02813
0.0378	4.02741
0.0379	4.02671
0.038	4.02603
0.0381	4.02541
0.0382	4.02486
0.0383	4.0244
0.0384	4.02404
0.0385	4.02378
0.0386	4.02364
0.0387	4.02362
0.0388	4.02371
0.0389	4.0239
0.039	4.0242
0.0391	4.02458
0.0392	4.02503
0.0393	4.02553
0.0394	4.02608
0.0395	4.02663
0.0396	4.02719
0.0397	4.02773
0.0398	4.02823
0.0399	4.02868
0.04	4.02907
0.0401	4.02938
0.0402	4.0296
0.0403	4.02974
0.0404	4.02978
0.0405	4.02974
0.0406	4.02961
0.0407	4.02939
0.0408	4.02911
0.0409	4.02877
0.041	4.02839
0.0411	4.02797
0.0412	4.02753
0.0413	4.02709
0.0414	4.02666
0.0415	4.02626
0.0416	4.02589
0.0417	4.02557
0.0418	4.02531
0.0419	4.02512
0.042	4.02499
0.0421	4.02494
0.0422	4.02495
0.0423	4.02504
0.0424	4.02519
0.0425	4.02539
0.0426	4.02565
0.0427	4.02594
0.0428	4.02627
0.0429	4.02661
0.043	4.02695
0.0431	4.02729
0.0432	4.02762
0.0433	4.02791
0.0434	4.02817
0.0435	4.02839
0.0436	4.02856
0.0437	4.02867
0.0438	4.02873
0.0439	4.02874
0.044	4.02868
0.0441	4.02858
0.0442	4.02843
0.0443	4.02824
0.0444	4.02802
0.0445	4.02777
0.0446	4.0275
0.0447	4.02723
0.0448	4.02696
0.0449	4.02671
0.045	4.02647
0.0451	4.02625
0.0452	4.02607
0.0453	4.02593
0.0454	4.02583
0.0455	4.02577
0.0456	4.02575
0.0457	4.02578
0.0458	4.02585
0.0459	4.02596
0.046	4.0261
0.0461	4.02627
0.0462	4.02646
0.0463	4.02666
0.0464	4.02688
0.0465	4.02709
0.0466	4.02729
0.0467	4.02749
0.0468	4.02766
0.0469	4.02781
0.047	4.02793
0.0471	4.02802
0.0472	4.02808
0.0473	4.0281
0.0474	4.02809
0.0475	4.02804
0.0476	4.02796
0.0477	4.02786
0.0478	4.02773
0.0479	4.02759
0.048	4.02743
0.0481	4.02726
0.0482	4.0271
0.0483	4.02693
0.0484	4.02678
0.0485	4.02664
0.0486	4.02651
0.0487	4.02641
0.0488	4.02633
0.0489	4.02628
0.049	4.02626
0.0491	4.02626
0.0492	4.02629
0.0493	4.02634
0.0494	4.02642
0.0495	4.02651
0.0496	4.02662
0.0497	4.02675
0.0498	4.02687
0.0499	4.02701
0.05	4.02714
0.0501	4.02726
0.0502	4.02737
0.0503	4.02748
0.0504	4.02756
0.0505	4.02763
0.0506	4.02767
0.0507	4.0277
0.0508	4.0277
0.0509	4.02769
0.051	4.02765
0.0511	4.02759
0.0512	4.02752
0.0513	4.02744
0.0514	4.02735
0.0515	4.02725
0.0516	4.02714
0.0517	4.02704
0.0518	4.02694
0.0519	4.02685
0.052	4.02677
0.0521	4.0267
0.0522	4.02664
0.0523	4.0266
0.0524	4.02657
0.0525	4.02657
0.0526	4.02658
0.0527	4.0266
0.0528	4.02664
0.0529	4.02669
0.053	4.02675
0.0531	4.02683
