0.0001	0.04
0.0002	0.04
0.0003	0.05
0.0004	0.05
0.0005	0.06
0.0006	0.06
0.0007	0.07
0.0008	0.08
0.0009	0.08
0.001	0.09
0.0011	0.09
0.0012	0.1
0.0013	0.12
0.0014	0.12
0.0015	0.13
0.0016	0.14
0.0017	0.14
0.0018	0.15
0.0019	0.15
0.002	0.17
0.0021	0.18
0.0022	0.18
0.0023	0.19
0.0024	0.2
0.0025	0.21
0.0026	0.21
0.0027	0.22
0.0028	0.23
0.0029	0.23
0.003	0.24
0.0031	0.25
0.0032	0.25
0.0033	0.26
0.0034	0.26
0.0035	0.27
0.0036	0.28
0.0037	0.29
0.0038	0.29
0.0039	0.31
0.004	0.32
0.0041	0.33
0.0042	0.34
0.0043	0.35
0.0044	0.36
0.0045	0.36
0.0046	0.37
0.0047	0.38
0.0048	0.39
0.0049	0.4
0.005	0.41
0.0051	0.41
0.0052	0.42
0.0053	0.43
0.0054	0.43
0.0055	0.44
0.0056	0.44
0.0057	0.45
0.0058	0.46
0.0059	0.46
0.006	0.49
0.0061	0.5
0.0062	0.52
0.0063	0.53
0.0064	0.54
0.0065	0.55
0.0066	0.56
0.0067	0.57
0.0068	0.57
0.0069	0.58
0.007	0.6
0.0071	0.6
0.0072	0.61
0.0073	0.62
0.0074	0.62
0.0075	0.63
0.0076	0.63
0.0077	0.64
0.0078	0.65
0.0079	0.65
0.008	0.68
0.0081	0.69
0.0082	0.7
0.0083	0.71
0.0084	0.72
0.0085	0.72
0.0086	0.73
0.0087	0.74
0.0088	0.74
0.0089	0.75
0.009	0.75
0.0091	0.76
0.0092	0.77
0.0093	0.77
0.0094	0.78
0.0095	0.78
0.0096	0.79
0.0097	0.8
0.0098	0.81
0.0099	0.82
0.01	0.83
0.0101	0.84
0.0102	0.85
0.0103	0.85
0.0104	0.87
0.0105	0.88
0.0106	0.88
0.0107	0.89
0.0108	0.9
0.0109	0.9
0.011	0.91
0.0111	0.92
0.0112	0.92
0.0113	0.93
0.0114	0.93
0.0115	0.94
0.0116	0.95
0.0117	0.96
0.0118	0.97
0.0119	0.97
0.012	0.99
0.0121	1
0.0122	1
0.0123	1.01
0.0124	1.02
0.0125	1.02
0.0126	1.03
0.0127	1.05
0.0128	1.05
0.0129	1.06
0.013	1.06
0.0131	1.07
0.0132	1.08
0.0133	1.08
0.0134	1.09
0.0135	1.09
0.0136	1.1
0.0137	1.11
0.0138	1.13
0.0139	1.14
0.014	1.16
0.0141	1.18
0.0142	1.18
0.0143	1.19
0.0144	1.19
0.0145	1.2
0.0146	1.21
0.0147	1.21
0.0148	1.22
0.0149	1.23
0.015	1.23
0.0151	1.24
0.0152	1.24
0.0153	1.25
0.0154	1.26
0.0155	1.27
0.0156	1.28
0.0157	1.29
0.0158	1.3
0.0159	1.31
0.016	1.32
0.0161	1.33
0.0162	1.34
0.0163	1.35
0.0164	1.36
0.0165	1.36
0.0166	1.37
0.0167	1.37
0.0168	1.38
0.0169	1.39
0.017	1.4
0.0171	1.4
0.0172	1.41
0.0173	1.42
0.0174	1.43
0.0175	1.43
0.0176	1.44
0.0177	1.45
0.0178	1.46
0.0179	1.46
0.018	1.49
0.0181	1.5
0.0182	1.51
0.0183	1.52
0.0184	1.52
0.0185	1.53
0.0186	1.54
0.0187	1.54
0.0188	1.55
0.0189	1.56
0.019	1.56
0.0191	1.57
0.0192	1.59
0.0193	1.59
0.0194	1.6
0.0195	1.61
0.0196	1.62
0.0197	1.62
0.0198	1.63
0.0199	1.63
0.02	1.66
0.0201	1.67
0.0202	1.68
0.0203	1.69
0.0204	1.7
0.0205	1.71
0.0206	1.71
0.0207	1.72
0.0208	1.73
0.0209	1.73
0.021	1.74
0.0211	1.74
0.0212	1.75
0.0213	1.75
0.0214	1.76
0.0215	1.77
0.0216	1.77
0.0217	1.78
0.0218	1.79
0.0219	1.8
0.022	1.82
0.0221	1.83
0.0222	1.84
0.0223	1.85
0.0224	1.85
0.0225	1.86
0.0226	1.87
0.0227	1.87
0.0228	1.88
0.0229	1.89
0.023	1.9
0.0231	1.9
0.0232	1.91
0.0233	1.91
0.0234	1.92
0.0235	1.93
0.0236	1.93
0.0237	1.94
0.0238	1.96
0.0239	1.96
0.024	1.98
0.0241	1.99
0.0242	1.99
0.0243	2
0.0244	2.01
0.0245	2.02
0.0246	2.04
0.0247	2.04
0.0248	2.05
0.0249	2.06
0.025	2.07
0.0251	2.07
0.0252	2.08
0.0253	2.09
0.0254	2.09
0.0255	2.1
0.0256	2.11
0.0257	2.11
0.0258	2.12
0.0259	2.13
0.026	2.14
0.0261	2.15
0.0262	2.17
0.0263	2.17
0.0264	2.18
0.0265	2.19
0.0266	2.19
0.0267	2.2
0.0268	2.21
0.0269	2.22
0.027	2.23
0.0271	2.23
0.0272	2.24
0.0273	2.25
0.0274	2.26
0.0275	2.28
0.0276	2.29
0.0277	2.29
0.0278	2.3
0.0279	2.31
0.028	2.33
0.0281	2.34
0.0282	2.35
0.0283	2.36
0.0284	2.36
0.0285	2.38
0.0286	2.39
0.0287	2.4
0.0288	2.4
0.0289	2.41
0.029	2.42
0.0291	2.42
0.0292	2.43
0.0293	2.44
0.0294	2.45
0.0295	2.46
0.0296	2.46
0.0297	2.47
0.0298	2.48
0.0299	2.48
0.03	2.51
0.0301	2.52
0.0302	2.53
0.0303	2.54
0.0304	2.55
0.0305	2.55
0.0306	2.56
0.0307	2.56
0.0308	2.57
0.0309	2.58
0.031	2.58
0.0311	2.6
0.0312	2.61
0.0313	2.62
0.0314	2.62
0.0315	2.63
0.0316	2.64
0.0317	2.64
0.0318	2.65
0.0319	2.66
0.032	2.67
0.0321	2.69
0.0322	2.7
0.0323	2.71
0.0324	2.72
0.0325	2.73
0.0326	2.74
0.0327	2.75
0.0328	2.76
0.0329	2.76
0.033	2.77
0.0331	2.78
0.0332	2.79
0.0333	2.79
0.0334	2.8
0.0335	2.81
0.0336	2.82
0.0337	2.83
0.0338	2.83
0.0339	2.84
0.034	2.87
0.0341	2.88
0.0342	2.89
0.0343	2.9
0.0344	2.9
0.0345	2.91
0.0346	2.92
0.0347	2.93
0.0348	2.94
0.0349	2.95
0.035	2.95
0.0351	2.96
0.0352	2.97
0.0353	2.97
0.0354	2.98
0.0355	2.99
0.0356	2.99
0.0357	3
0.0358	3.01
0.0359	3.01
0.036	3.04
0.0361	3.05
0.0362	3.06
0.0363	3.07
0.0364	3.08
0.0365	3.1
0.0366	3.1
0.0367	3.11
0.0368	3.12
0.0369	3.13
0.037	3.14
0.0371	3.14
0.0372	3.15
0.0373	3.16
0.0374	3.16
0.0375	3.17
0.0376	3.18
0.0377	3.19
0.0378	3.19
0.0379	3.2
0.038	3.23
0.0381	3.24
0.0382	3.25
0.0383	3.26
0.0384	3.26
0.0385	3.27
0.0386	3.28
0.0387	3.29
0.0388	3.3
0.0389	3.3
0.039	3.31
0.0391	3.32
0.0392	3.32
0.0393	3.33
0.0394	3.33
0.0395	3.34
0.0396	3.35
0.0397	3.35
0.0398	3.36
0.0399	3.37
0.04	3.4
0.0401	3.4
0.0402	3.41
0.0403	3.42
0.0404	3.43
0.0405	3.44
0.0406	3.45
0.0407	3.45
0.0408	3.46
0.0409	3.47
0.041	3.48
0.0411	3.49
0.0412	3.5
0.0413	3.51
0.0414	3.53
0.0415	3.54
0.0416	3.55
0.0417	3.56
0.0418	3.57
0.0419	3.57
0.042	3.59
0.0421	3.61
0.0422	3.62
0.0423	3.63
0.0424	3.64
0.0425	3.65
0.0426	3.65
0.0427	3.66
0.0428	3.67
0.0429	3.67
0.043	3.68
0.0431	3.69
0.0432	3.69
0.0433	3.7
0.0434	3.71
0.0435	3.72
0.0436	3.73
0.0437	3.74
0.0438	3.75
0.0439	3.75
0.044	3.78
0.0441	3.79
0.0442	3.8
0.0443	3.8
0.0444	3.81
0.0445	3.82
0.0446	3.82
0.0447	3.83
0.0448	3.84
0.0449	3.84
0.045	3.85
0.0451	3.86
0.0452	3.87
0.0453	3.88
0.0454	3.89
0.0455	3.9
0.0456	3.9
0.0457	3.91
0.0458	3.92
0.0459	3.93
0.046	3.95
0.0461	3.96
0.0462	3.97
0.0463	3.98
0.0464	3.98
0.0465	3.99
0.0466	4
0.0467	4
0.0468	4.01
0.0469	4.02
0.047	4.03
0.0471	4.04
0.0472	4.04
0.0473	4.05
0.0474	4.05
0.0475	4.06
0.0476	4.07
0.0477	4.07
0.0478	4.08
0.0479	4.08
0.048	4.1
0.0481	4.11
0.0482	4.12
0.0483	4.14
0.0484	4.15
0.0485	4.15
0.0486	4.16
0.0487	4.17
0.0488	4.17
0.0489	4.18
0.049	4.19
0.0491	4.2
0.0492	4.2
0.0493	4.21
0.0494	4.22
0.0495	4.23
0.0496	4.24
0.0497	4.25
0.0498	4.26
0.0499	4.27
0.05	4.28
0.0501	4.29
0.0502	4.31
0.0503	4.32
0.0504	4.33
0.0505	4.33
0.0506	4.34
0.0507	4.35
0.0508	4.35
0.0509	4.36
0.051	4.37
0.0511	4.38
0.0512	4.38
0.0513	4.39
0.0514	4.4
0.0515	4.4
0.0516	4.41
0.0517	4.42
0.0518	4.43
0.0519	4.43
0.052	4.46
0.0521	4.47
0.0522	4.49
0.0523	4.49
0.0524	4.5
0.0525	4.51
0.0526	4.52
0.0527	4.52
0.0528	4.53
0.0529	4.54
0.053	4.54
