0.0001	1
0.0002	0.100974
0.0003	0.667833
0.0004	0.352088
0.0005	0.653341
0.0006	0.483076
0.0007	0.617575
0.0008	0.684028
0.0009	0.787853
0.001	0.876666
0.0011	0.886089
0.0012	0.838909
0.0013	0.802816
0.0014	0.775588
0.0015	0.754343
0.0016	0.737604
0.0017	0.724168
0.0018	0.713318
0.0019	0.704473
0.002	0.697173
0.0021	0.69115
0.0022	0.686155
0.0023	0.682017
0.0024	0.67854
0.0025	0.675632
0.0026	0.67319
0.0027	0.671125
0.0028	0.66934
0.0029	0.667807
0.003	0.666519
0.0031	0.665395
0.0032	0.664316
0.0033	0.663424
0.0034	0.662641
0.0035	0.66193
0.0036	0.661278
0.0037	0.66067
0.0038	0.660076
0.0039	0.659497
0.004	0.658897
0.0041	0.658259
0.0042	0.657783
0.0043	0.657259
0.0044	0.656649
0.0045	0.655638
0.0046	0.654281
0.0047	0.652498
0.0048	0.650349
0.0049	0.647618
0.005	0.644066
0.0051	0.637461
0.0052	0.626963
0.0053	0.613596
0.0054	0.595069
0.0055	0.572315
0.0056	0.537205
0.0057	0.502279
0.0058	0.474828
0.0059	0.447032
0.006	0.422165
0.0061	0.399899
0.0062	0.381768
0.0063	0.369428
0.0064	0.367863
0.0065	0.374526
0.0066	0.386079
0.0067	0.403957
0.0068	0.42492
0.0069	0.44743
0.007	0.469869
0.0071	0.491625
0.0072	0.511054
0.0073	0.527822
0.0074	0.542326
0.0075	0.554373
0.0076	0.564408
0.0077	0.572382
0.0078	0.578775
0.0079	0.583939
0.008	0.587899
0.0081	0.591031
0.0082	0.593576
0.0083	0.595369
0.0084	0.596571
0.0085	0.597322
0.0086	0.597687
0.0087	0.597788
0.0088	0.597709
0.0089	0.597469
0.009	0.597054
0.0091	0.596659
0.0092	0.596436
0.0093	0.596407
0.0094	0.596489
0.0095	0.596723
0.0096	0.597111
0.0097	0.597654
0.0098	0.598345
0.0099	0.599178
0.01	0.600125
0.0101	0.601161
0.0102	0.602276
0.0103	0.603461
0.0104	0.604722
0.0105	0.605948
0.0106	0.607103
0.0107	0.608186
0.0108	0.609177
0.0109	0.610059
0.011	0.61082
0.0111	0.611454
0.0112	0.611963
0.0113	0.612336
0.0114	0.612578
0.0115	0.612697
0.0116	0.612691
0.0117	0.612541
0.0118	0.612281
0.0119	0.611928
0.012	0.611501
0.0121	0.611016
0.0122	0.610498
0.0123	0.610059
0.0124	0.609616
0.0125	0.609184
0.0126	0.608792
0.0127	0.608463
0.0128	0.608208
0.0129	0.608029
0.013	0.607931
0.0131	0.607917
0.0132	0.607986
0.0133	0.608134
0.0134	0.608357
0.0135	0.608644
0.0136	0.608983
0.0137	0.609363
0.0138	0.609776
0.0139	0.610209
0.014	0.610645
0.0141	0.611126
0.0142	0.611575
0.0143	0.611983
0.0144	0.612339
0.0145	0.612632
0.0146	0.612858
0.0147	0.613014
0.0148	0.613098
0.0149	0.61311
0.015	0.613051
0.0151	0.612927
0.0152	0.61274
0.0153	0.612498
0.0154	0.612213
0.0155	0.611904
0.0156	0.611619
0.0157	0.611323
0.0158	0.611025
0.0159	0.610736
0.016	0.610467
0.0161	0.610226
0.0162	0.610018
0.0163	0.609855
0.0164	0.60974
0.0165	0.609675
0.0166	0.609662
0.0167	0.609701
0.0168	0.609787
0.0169	0.609917
0.017	0.610085
0.0171	0.610284
0.0172	0.610507
0.0173	0.610745
0.0174	0.610989
0.0175	0.611231
0.0176	0.611463
0.0177	0.611713
0.0178	0.611937
0.0179	0.612129
0.018	0.612282
0.0181	0.612393
0.0182	0.61246
0.0183	0.612484
0.0184	0.612463
0.0185	0.6124
0.0186	0.612297
0.0187	0.612159
0.0188	0.611991
0.0189	0.611833
0.019	0.611659
0.0191	0.611475
0.0192	0.611287
0.0193	0.611102
0.0194	0.610927
0.0195	0.610767
0.0196	0.610627
0.0197	0.610512
0.0198	0.610422
0.0199	0.610362
0.02	0.610334
0.0201	0.610337
0.0202	0.610371
0.0203	0.610433
0.0204	0.61052
0.0205	0.610629
0.0206	0.610756
0.0207	0.610894
0.0208	0.611039
0.0209	0.611186
0.021	0.611331
0.0211	0.611469
0.0212	0.611597
0.0213	0.611713
0.0214	0.61182
0.0215	0.611903
0.0216	0.611959
0.0217	0.611988
0.0218	0.611989
0.0219	0.611963
0.022	0.611912
0.0221	0.611849
0.0222	0.611773
0.0223	0.611681
0.0224	0.611577
0.0225	0.611466
0.0226	0.611351
0.0227	0.611235
0.0228	0.611124
0.0229	0.611019
0.023	0.610926
0.0231	0.610847
0.0232	0.610783
0.0233	0.610736
0.0234	0.610708
0.0235	0.610699
0.0236	0.610709
0.0237	0.610737
0.0238	0.610782
0.0239	0.61084
0.024	0.610911
0.0241	0.610991
0.0242	0.611078
0.0243	0.611168
0.0244	0.611259
0.0245	0.611347
0.0246	0.611429
0.0247	0.611504
0.0248	0.611569
0.0249	0.611622
0.025	0.611662
0.0251	0.611688
0.0252	0.6117
0.0253	0.611697
0.0254	0.61168
0.0255	0.611649
0.0256	0.611608
0.0257	0.611555
0.0258	0.611495
0.0259	0.611429
0.026	0.611359
0.0261	0.611287
0.0262	0.611217
0.0263	0.61115
0.0264	0.611089
0.0265	0.611035
0.0266	0.61099
0.0267	0.610955
0.0268	0.610932
0.0269	0.61092
0.027	0.610919
0.0271	0.61093
0.0272	0.610951
0.0273	0.610983
0.0274	0.611022
0.0275	0.611068
0.0276	0.61112
0.0277	0.611174
0.0278	0.61123
0.0279	0.611285
0.028	0.611339
0.0281	0.611388
0.0282	0.611431
0.0283	0.611469
0.0284	0.611498
0.0285	0.611519
0.0286	0.611531
0.0287	0.611534
0.0288	0.611528
0.0289	0.611514
0.029	0.611492
0.0291	0.611463
0.0292	0.611429
0.0293	0.61139
0.0294	0.611347
0.0295	0.611304
0.0296	0.61126
0.0297	0.611217
0.0298	0.611177
0.0299	0.611142
0.03	0.611111
0.0301	0.611086
0.0302	0.611067
0.0303	0.611056
0.0304	0.611051
0.0305	0.611054
0.0306	0.611064
0.0307	0.611079
0.0308	0.611101
0.0309	0.611127
0.031	0.611157
0.0311	0.61119
0.0312	0.611224
0.0313	0.611258
0.0314	0.611292
0.0315	0.611324
0.0316	0.611353
0.0317	0.611378
0.0318	0.611399
0.0319	0.611415
0.032	0.611426
0.0321	0.611431
0.0322	0.61143
0.0323	0.611424
0.0324	0.611413
0.0325	0.611398
0.0326	0.611378
0.0327	0.611356
0.0328	0.611331
0.0329	0.611304
0.033	0.611277
0.0331	0.61125
0.0332	0.611225
0.0333	0.611201
0.0334	0.61118
0.0335	0.611163
0.0336	0.611149
0.0337	0.611139
0.0338	0.611134
0.0339	0.611133
0.034	0.611137
0.0341	0.611145
0.0342	0.611156
0.0343	0.61117
0.0344	0.611188
0.0345	0.611207
0.0346	0.611228
0.0347	0.611249
0.0348	0.61127
0.0349	0.61129
0.035	0.611309
0.0351	0.611326
0.0352	0.611341
0.0353	0.611352
0.0354	0.611361
0.0355	0.611366
0.0356	0.611368
0.0357	0.611366
0.0358	0.611361
0.0359	0.611353
0.036	0.611342
0.0361	0.611329
0.0362	0.611314
0.0363	0.611298
0.0364	0.611282
0.0365	0.611265
0.0366	0.611249
0.0367	0.611233
0.0368	0.61122
0.0369	0.611208
0.037	0.611198
0.0371	0.61119
0.0372	0.611186
0.0373	0.611184
0.0374	0.611184
0.0375	0.611188
0.0376	0.611193
0.0377	0.611201
0.0378	0.611211
0.0379	0.611222
0.038	0.611235
0.0381	0.611247
0.0382	0.611261
0.0383	0.611273
0.0384	0.611286
0.0385	0.611297
0.0386	0.611307
0.0387	0.611315
0.0388	0.611321
0.0389	0.611326
0.039	0.611328
0.0391	0.611328
0.0392	0.611326
0.0393	0.611322
0.0394	0.611316
0.0395	0.611309
0.0396	0.6113
0.0397	0.611291
0.0398	0.611281
0.0399	0.611271
0.04	0.61126
0.0401	0.611251
0.0402	0.611242
0.0403	0.611233
0.0404	0.611227
0.0405	0.611221
0.0406	0.611217
0.0407	0.611215
0.0408	0.611215
0.0409	0.611216
0.041	0.611219
0.0411	0.611223
0.0412	0.611228
0.0413	0.611235
0.0414	0.611242
0.0415	0.61125
0.0416	0.611258
0.0417	0.611266
0.0418	0.611273
0.0419	0.611281
0.042	0.611287
0.0421	0.611293
0.0422	0.611298
0.0423	0.611301
0.0424	0.611303
0.0425	0.611304
0.0426	0.611303
0.0427	0.611301
0.0428	0.611299
0.0429	0.611295
0.043	0.61129
0.0431	0.611284
0.0432	0.611278
0.0433	0.611272
0.0434	0.611266
0.0435	0.611259
0.0436	0.611253
0.0437	0.611248
0.0438	0.611243
0.0439	0.61124
0.044	0.611237
0.0441	0.611235
0.0442	0.611234
0.0443	0.611234
0.0444	0.611235
0.0445	0.611237
0.0446	0.61124
0.0447	0.611244
0.0448	0.611248
0.0449	0.611253
0.045	0.611257
0.0451	0.611262
0.0452	0.611267
0.0453	0.611272
0.0454	0.611276
0.0455	0.61128
0.0456	0.611283
0.0457	0.611286
0.0458	0.611288
0.0459	0.611289
0.046	0.611289
0.0461	0.611288
0.0462	0.611287
0.0463	0.611285
0.0464	0.611282
0.0465	0.611279
0.0466	0.611275
0.0467	0.611271
0.0468	0.611267
0.0469	0.611264
0.047	0.61126
0.0471	0.611256
0.0472	0.611253
0.0473	0.61125
0.0474	0.611248
0.0475	0.611247
0.0476	0.611246
0.0477	0.611246
0.0478	0.611246
0.0479	0.611247
0.048	0.611248
0.0481	0.61125
0.0482	0.611253
0.0483	0.611256
0.0484	0.611258
0.0485	0.611262
0.0486	0.611265
0.0487	0.611268
0.0488	0.61127
0.0489	0.611273
0.049	0.611275
0.0491	0.611277
0.0492	0.611278
0.0493	0.611279
0.0494	0.61128
0.0495	0.611279
0.0496	0.611279
0.0497	0.611278
0.0498	0.611276
0.0499	0.611274
0.05	0.611272
0.0501	0.61127
0.0502	0.611268
0.0503	0.611265
0.0504	0.611263
0.0505	0.611261
0.0506	0.611259
0.0507	0.611257
0.0508	0.611255
0.0509	0.611254
0.051	0.611253
0.0511	0.611253
0.0512	0.611253
0.0513	0.611253
0.0514	0.611254
0.0515	0.611255
0.0516	0.611256
0.0517	0.611258
0.0518	0.61126
0.0519	0.611262
0.052	0.611264
0.0521	0.611265
0.0522	0.611267
0.0523	0.611269
0.0524	0.61127
0.0525	0.611272
0.0526	0.611273
0.0527	0.611273
0.0528	0.611274
0.0529	0.611274
0.053	0.611274
