0.0001	0.00837423
0.0002	0.0210756
0.0003	0.117778
0.0004	0.314228
0.0005	0.0895057
0.0006	0.222355
0.0007	0.200193
0.0008	0.212179
0.0009	0.214459
0.001	0.220233
0.0011	0.224025
0.0012	0.227905
0.0013	0.231086
0.0014	0.233942
0.0015	0.236386
0.0016	0.238499
0.0017	0.240311
0.0018	0.241866
0.0019	0.243186
0.002	0.244305
0.0021	0.245256
0.0022	0.246055
0.0023	0.246739
0.0024	0.247308
0.0025	0.247781
0.0026	0.248169
0.0027	0.248481
0.0028	0.248726
0.0029	0.248908
0.003	0.24907
0.0031	0.249204
0.0032	0.249241
0.0033	0.249267
0.0034	0.249251
0.0035	0.249189
0.0036	0.249089
0.0037	0.248943
0.0038	0.248735
0.0039	0.248472
0.004	0.248131
0.0041	0.247755
0.0042	0.247304
0.0043	0.246726
0.0044	0.245982
0.0045	0.244984
0.0046	0.243659
0.0047	0.241987
0.0048	0.239829
0.0049	0.236975
0.005	0.23334
0.0051	0.227652
0.0052	0.220014
0.0053	0.211339
0.0054	0.201794
0.0055	0.194627
0.0056	0.187781
0.0057	0.183555
0.0058	0.182877
0.0059	0.184703
0.006	0.187134
0.0061	0.189917
0.0062	0.191742
0.0063	0.193068
0.0064	0.194746
0.0065	0.196866
0.0066	0.198967
0.0067	0.201721
0.0068	0.204852
0.0069	0.207979
0.007	0.210606
0.0071	0.212946
0.0072	0.214811
0.0073	0.216216
0.0074	0.217292
0.0075	0.218086
0.0076	0.218637
0.0077	0.219015
0.0078	0.219225
0.0079	0.219297
0.008	0.219235
0.0081	0.219137
0.0082	0.219003
0.0083	0.218795
0.0084	0.218534
0.0085	0.218237
0.0086	0.217919
0.0087	0.217605
0.0088	0.217309
0.0089	0.217052
0.009	0.216819
0.0091	0.216642
0.0092	0.216567
0.0093	0.216578
0.0094	0.216643
0.0095	0.216764
0.0096	0.216933
0.0097	0.217144
0.0098	0.217387
0.0099	0.217652
0.01	0.21793
0.0101	0.218212
0.0102	0.218489
0.0103	0.218779
0.0104	0.219067
0.0105	0.219329
0.0106	0.219561
0.0107	0.219757
0.0108	0.219914
0.0109	0.220027
0.011	0.2201
0.0111	0.220135
0.0112	0.220137
0.0113	0.220102
0.0114	0.220034
0.0115	0.219935
0.0116	0.219809
0.0117	0.219658
0.0118	0.219489
0.0119	0.21931
0.012	0.219125
0.0121	0.218945
0.0122	0.218777
0.0123	0.218657
0.0124	0.218558
0.0125	0.21848
0.0126	0.218423
0.0127	0.218391
0.0128	0.218387
0.0129	0.218413
0.013	0.218464
0.0131	0.218537
0.0132	0.21863
0.0133	0.218737
0.0134	0.218855
0.0135	0.218981
0.0136	0.219109
0.0137	0.219235
0.0138	0.219355
0.0139	0.219465
0.014	0.219571
0.0141	0.219677
0.0142	0.219763
0.0143	0.219832
0.0144	0.219879
0.0145	0.219903
0.0146	0.219904
0.0147	0.219883
0.0148	0.219839
0.0149	0.219777
0.015	0.219698
0.0151	0.219606
0.0152	0.219505
0.0153	0.219396
0.0154	0.219283
0.0155	0.21917
0.0156	0.219079
0.0157	0.218997
0.0158	0.218928
0.0159	0.218872
0.016	0.21883
0.0161	0.218804
0.0162	0.218794
0.0163	0.218798
0.0164	0.218818
0.0165	0.218852
0.0166	0.218898
0.0167	0.218954
0.0168	0.219019
0.0169	0.219089
0.017	0.219163
0.0171	0.219238
0.0172	0.21931
0.0173	0.219379
0.0174	0.219441
0.0175	0.219496
0.0176	0.219549
0.0177	0.219597
0.0178	0.219633
0.0179	0.219655
0.018	0.219662
0.0181	0.219656
0.0182	0.219635
0.0183	0.219603
0.0184	0.219558
0.0185	0.219505
0.0186	0.219444
0.0187	0.219377
0.0188	0.219308
0.0189	0.219243
0.019	0.219186
0.0191	0.219133
0.0192	0.219087
0.0193	0.219049
0.0194	0.219018
0.0195	0.218997
0.0196	0.218985
0.0197	0.218982
0.0198	0.218989
0.0199	0.219004
0.02	0.219028
0.0201	0.219059
0.0202	0.219095
0.0203	0.219136
0.0204	0.21918
0.0205	0.219225
0.0206	0.219271
0.0207	0.219314
0.0208	0.219355
0.0209	0.219391
0.021	0.219422
0.0211	0.219447
0.0212	0.21947
0.0213	0.219488
0.0214	0.219498
0.0215	0.219499
0.0216	0.219491
0.0217	0.219474
0.0218	0.219451
0.0219	0.219421
0.022	0.219385
0.0221	0.219346
0.0222	0.219307
0.0223	0.219271
0.0224	0.219235
0.0225	0.219201
0.0226	0.219171
0.0227	0.219145
0.0228	0.219123
0.0229	0.219107
0.023	0.219097
0.0231	0.219092
0.0232	0.219093
0.0233	0.219099
0.0234	0.219111
0.0235	0.219127
0.0236	0.219148
0.0237	0.219171
0.0238	0.219197
0.0239	0.219225
0.024	0.219253
0.0241	0.21928
0.0242	0.219306
0.0243	0.21933
0.0244	0.219351
0.0245	0.219369
0.0246	0.219383
0.0247	0.219392
0.0248	0.219398
0.0249	0.219399
0.025	0.219396
0.0251	0.219388
0.0252	0.219377
0.0253	0.219362
0.0254	0.219344
0.0255	0.219324
0.0256	0.219302
0.0257	0.21928
0.0258	0.219258
0.0259	0.219236
0.026	0.219217
0.0261	0.219199
0.0262	0.219185
0.0263	0.219173
0.0264	0.219164
0.0265	0.219159
0.0266	0.219158
0.0267	0.21916
0.0268	0.219165
0.0269	0.219174
0.027	0.219185
0.0271	0.219198
0.0272	0.219214
0.0273	0.21923
0.0274	0.219247
0.0275	0.219264
0.0276	0.219281
0.0277	0.219297
0.0278	0.219311
0.0279	0.219323
0.028	0.219333
0.0281	0.21934
0.0282	0.219345
0.0283	0.219347
0.0284	0.219346
0.0285	0.219342
0.0286	0.219337
0.0287	0.219329
0.0288	0.219319
0.0289	0.219307
0.029	0.219294
0.0291	0.219281
0.0292	0.219267
0.0293	0.219254
0.0294	0.219241
0.0295	0.21923
0.0296	0.21922
0.0297	0.219212
0.0298	0.219205
0.0299	0.219201
0.03	0.219199
0.0301	0.219199
0.0302	0.219201
0.0303	0.219205
0.0304	0.219211
0.0305	0.219219
0.0306	0.219228
0.0307	0.219237
0.0308	0.219248
0.0309	0.219258
0.031	0.219269
0.0311	0.219279
0.0312	0.219288
0.0313	0.219296
0.0314	0.219303
0.0315	0.219308
0.0316	0.219312
0.0317	0.219314
0.0318	0.219315
0.0319	0.219314
0.032	0.219311
0.0321	0.219306
0.0322	0.219301
0.0323	0.219294
0.0324	0.219287
0.0325	0.219279
0.0326	0.21927
0.0327	0.219262
0.0328	0.219254
0.0329	0.219247
0.033	0.21924
0.0331	0.219234
0.0332	0.21923
0.0333	0.219226
0.0334	0.219224
0.0335	0.219224
0.0336	0.219224
0.0337	0.219226
0.0338	0.219229
0.0339	0.219233
0.034	0.219238
0.0341	0.219244
0.0342	0.21925
0.0343	0.219257
0.0344	0.219263
0.0345	0.21927
0.0346	0.219276
0.0347	0.219281
0.0348	0.219286
0.0349	0.21929
0.035	0.219292
0.0351	0.219294
0.0352	0.219295
0.0353	0.219295
0.0354	0.219294
0.0355	0.219292
0.0356	0.219289
0.0357	0.219285
0.0358	0.219281
0.0359	0.219276
0.036	0.219271
0.0361	0.219266
0.0362	0.219261
0.0363	0.219256
0.0364	0.219251
0.0365	0.219248
0.0366	0.219244
0.0367	0.219242
0.0368	0.21924
0.0369	0.219239
0.037	0.219239
0.0371	0.21924
0.0372	0.219241
0.0373	0.219244
0.0374	0.219246
0.0375	0.21925
0.0376	0.219253
0.0377	0.219257
0.0378	0.219261
0.0379	0.219265
0.038	0.219269
0.0381	0.219273
0.0382	0.219276
0.0383	0.219278
0.0384	0.219281
0.0385	0.219282
0.0386	0.219283
0.0387	0.219283
0.0388	0.219283
0.0389	0.219282
0.039	0.21928
0.0391	0.219278
0.0392	0.219276
0.0393	0.219273
0.0394	0.21927
0.0395	0.219267
0.0396	0.219264
0.0397	0.219261
0.0398	0.219258
0.0399	0.219255
0.04	0.219253
0.0401	0.219251
0.0402	0.21925
0.0403	0.219249
0.0404	0.219249
0.0405	0.219249
0.0406	0.219249
0.0407	0.21925
0.0408	0.219252
0.0409	0.219254
0.041	0.219256
0.0411	0.219258
0.0412	0.219261
0.0413	0.219263
0.0414	0.219266
0.0415	0.219268
0.0416	0.21927
0.0417	0.219272
0.0418	0.219273
0.0419	0.219275
0.042	0.219275
0.0421	0.219276
0.0422	0.219276
0.0423	0.219275
0.0424	0.219275
0.0425	0.219273
0.0426	0.219272
0.0427	0.21927
0.0428	0.219269
0.0429	0.219267
0.043	0.219265
0.0431	0.219263
0.0432	0.219261
0.0433	0.219259
0.0434	0.219258
0.0435	0.219257
0.0436	0.219256
0.0437	0.219255
0.0438	0.219254
0.0439	0.219254
0.044	0.219255
0.0441	0.219255
0.0442	0.219256
0.0443	0.219257
0.0444	0.219258
0.0445	0.21926
0.0446	0.219261
0.0447	0.219263
0.0448	0.219264
0.0449	0.219266
0.045	0.219267
0.0451	0.219268
0.0452	0.219269
0.0453	0.21927
0.0454	0.219271
0.0455	0.219271
0.0456	0.219271
0.0457	0.219271
0.0458	0.219271
0.0459	0.21927
0.046	0.219269
0.0461	0.219268
0.0462	0.219267
0.0463	0.219266
0.0464	0.219265
0.0465	0.219264
0.0466	0.219263
0.0467	0.219262
0.0468	0.219261
0.0469	0.21926
0.047	0.219259
0.0471	0.219258
0.0472	0.219258
0.0473	0.219258
0.0474	0.219258
0.0475	0.219258
0.0476	0.219259
0.0477	0.219259
0.0478	0.21926
0.0479	0.219261
0.048	0.219262
0.0481	0.219263
0.0482	0.219263
0.0483	0.219264
0.0484	0.219265
0.0485	0.219266
0.0486	0.219267
0.0487	0.219267
0.0488	0.219268
0.0489	0.219268
0.049	0.219268
0.0491	0.219268
0.0492	0.219268
0.0493	0.219268
0.0494	0.219268
0.0495	0.219267
0.0496	0.219266
0.0497	0.219266
0.0498	0.219265
0.0499	0.219264
0.05	0.219264
0.0501	0.219263
0.0502	0.219262
0.0503	0.219262
0.0504	0.219261
0.0505	0.219261
0.0506	0.21926
0.0507	0.21926
0.0508	0.21926
0.0509	0.21926
0.051	0.21926
0.0511	0.219261
0.0512	0.219261
0.0513	0.219262
0.0514	0.219262
0.0515	0.219263
0.0516	0.219263
0.0517	0.219264
0.0518	0.219264
0.0519	0.219265
0.052	0.219265
0.0521	0.219266
0.0522	0.219266
0.0523	0.219266
0.0524	0.219267
0.0525	0.219267
0.0526	0.219267
0.0527	0.219266
0.0528	0.219266
0.0529	0.219266
0.053	0.219266
