0.0001	9.78164e-07
0.0002	6.86418e-07
0.0003	7.99698e-07
0.0004	6.00871e-07
0.0005	8.22461e-07
0.0006	5.30892e-07
0.0007	9.01103e-07
0.0008	7.15986e-07
0.0009	8.07188e-07
0.001	7.93351e-07
0.0011	8.19472e-07
0.0012	8.28331e-07
0.0013	8.41599e-07
0.0014	8.51168e-07
0.0015	8.60345e-07
0.0016	8.6797e-07
0.0017	8.74743e-07
0.0018	8.80535e-07
0.0019	8.85688e-07
0.002	8.90007e-07
0.0021	8.94005e-07
0.0022	8.97754e-07
0.0023	9.00745e-07
0.0024	9.03615e-07
0.0025	9.06281e-07
0.0026	9.08872e-07
0.0027	9.11202e-07
0.0028	9.13587e-07
0.0029	9.16058e-07
0.003	9.18592e-07
0.0031	9.21169e-07
0.0032	9.24447e-07
0.0033	9.27938e-07
0.0034	9.31947e-07
0.0035	9.36414e-07
0.0036	9.41424e-07
0.0037	9.47143e-07
0.0038	9.53867e-07
0.0039	9.61461e-07
0.004	9.70105e-07
0.0041	9.79745e-07
0.0042	9.90193e-07
0.0043	7.68107e-07
0.0044	7.71338e-07
0.0045	7.7329e-07
0.0046	7.72689e-07
0.0047	7.68451e-07
0.0048	7.58751e-07
0.0049	7.40908e-07
0.005	7.10012e-07
0.0051	9.66417e-07
0.0052	9.12661e-07
0.0053	8.97592e-07
0.0054	9.81892e-07
0.0055	9.03724e-07
0.0056	9.47841e-07
0.0057	9.87738e-07
0.0058	9.57342e-07
0.0059	9.38575e-07
0.006	9.06299e-07
0.0061	8.93265e-07
0.0062	9.26886e-07
0.0063	9.8357e-07
0.0064	7.19736e-07
0.0065	7.88512e-07
0.0066	8.26764e-07
0.0067	8.50015e-07
0.0068	8.58518e-07
0.0069	8.52252e-07
0.007	9.87016e-07
0.0071	9.79884e-07
0.0072	9.77237e-07
0.0073	9.78459e-07
0.0074	9.8357e-07
0.0075	9.91699e-07
0.0076	8.53789e-07
0.0077	8.64144e-07
0.0078	8.74601e-07
0.0079	8.84861e-07
0.008	8.94813e-07
0.0081	9.04032e-07
0.0082	9.12341e-07
0.0083	9.1964e-07
0.0084	9.25893e-07
0.0085	9.31546e-07
0.0086	9.36387e-07
0.0087	9.40464e-07
0.0088	9.43676e-07
0.0089	9.45882e-07
0.009	9.47386e-07
0.0091	9.48252e-07
0.0092	9.48653e-07
0.0093	9.48856e-07
0.0094	9.48868e-07
0.0095	9.4877e-07
0.0096	9.48554e-07
0.0097	9.48317e-07
0.0098	9.47991e-07
0.0099	9.47646e-07
0.01	9.47348e-07
0.0101	9.47115e-07
0.0102	9.46786e-07
0.0103	9.46404e-07
0.0104	9.45954e-07
0.0105	9.45407e-07
0.0106	9.4481e-07
0.0107	9.44153e-07
0.0108	9.43459e-07
0.0109	9.42742e-07
0.011	9.42079e-07
0.0111	9.4152e-07
0.0112	9.41088e-07
0.0113	9.40774e-07
0.0114	9.40576e-07
0.0115	9.4048e-07
0.0116	9.40475e-07
0.0117	9.40527e-07
0.0118	9.40616e-07
0.0119	9.40697e-07
0.012	9.40764e-07
0.0121	9.40852e-07
0.0122	9.40897e-07
0.0123	9.40865e-07
0.0124	9.40753e-07
0.0125	9.40603e-07
0.0126	9.4045e-07
0.0127	9.40296e-07
0.0128	9.40135e-07
0.0129	9.39988e-07
0.013	9.39847e-07
0.0131	9.3973e-07
0.0132	9.39645e-07
0.0133	9.39586e-07
0.0134	9.39572e-07
0.0135	9.3959e-07
0.0136	9.39603e-07
0.0137	9.39619e-07
0.0138	9.39606e-07
0.0139	9.39555e-07
0.014	9.39487e-07
0.0141	9.39413e-07
0.0142	9.39326e-07
0.0143	9.39226e-07
0.0144	9.3912e-07
0.0145	9.39018e-07
0.0146	9.38935e-07
0.0147	9.38872e-07
0.0148	9.38831e-07
0.0149	9.38816e-07
0.015	9.38824e-07
0.0151	9.38853e-07
0.0152	9.38892e-07
0.0153	9.38972e-07
0.0154	9.39052e-07
0.0155	9.39119e-07
0.0156	9.3916e-07
0.0157	9.39167e-07
0.0158	9.39146e-07
0.0159	9.39117e-07
0.016	9.39076e-07
0.0161	9.39034e-07
0.0162	9.38989e-07
0.0163	9.38944e-07
0.0164	9.38904e-07
0.0165	9.38874e-07
0.0166	9.38857e-07
0.0167	9.3885e-07
0.0168	9.38857e-07
0.0169	9.38872e-07
0.017	9.38894e-07
0.0171	9.38916e-07
0.0172	9.38928e-07
0.0173	9.38924e-07
0.0174	9.38909e-07
0.0175	9.38886e-07
0.0176	9.38852e-07
0.0177	9.3882e-07
0.0178	9.38793e-07
0.0179	9.38767e-07
0.018	9.38745e-07
0.0181	9.38728e-07
0.0182	9.38719e-07
0.0183	9.38717e-07
0.0184	9.38723e-07
0.0185	9.3875e-07
0.0186	9.38788e-07
0.0187	9.38831e-07
0.0188	9.38873e-07
0.0189	9.38908e-07
0.019	9.38934e-07
0.0191	9.38949e-07
0.0192	9.38951e-07
0.0193	9.38946e-07
0.0194	9.38935e-07
0.0195	9.38919e-07
0.0196	9.389e-07
0.0197	9.38882e-07
0.0198	9.38867e-07
0.0199	9.38855e-07
0.02	9.38847e-07
0.0201	9.38844e-07
0.0202	9.38848e-07
0.0203	9.38855e-07
0.0204	9.38863e-07
0.0205	9.38869e-07
0.0206	9.38873e-07
0.0207	9.38871e-07
0.0208	9.38865e-07
0.0209	9.38857e-07
0.021	9.38846e-07
0.0211	9.38833e-07
0.0212	9.38818e-07
0.0213	9.38803e-07
0.0214	9.38792e-07
0.0215	9.38784e-07
0.0216	9.38782e-07
0.0217	9.38785e-07
0.0218	9.38795e-07
0.0219	9.38809e-07
0.022	9.38826e-07
0.0221	9.38845e-07
0.0222	9.38865e-07
0.0223	9.38883e-07
0.0224	9.38897e-07
0.0225	9.38907e-07
0.0226	9.38911e-07
0.0227	9.38913e-07
0.0228	9.38911e-07
0.0229	9.38908e-07
0.023	9.38903e-07
0.0231	9.38895e-07
0.0232	9.38889e-07
0.0233	9.38883e-07
0.0234	9.38878e-07
0.0235	9.38876e-07
0.0236	9.38875e-07
0.0237	9.38874e-07
0.0238	9.38875e-07
0.0239	9.38875e-07
0.024	9.38874e-07
0.0241	9.38873e-07
0.0242	9.38869e-07
0.0243	9.38865e-07
0.0244	9.38861e-07
0.0245	9.38855e-07
0.0246	9.38849e-07
0.0247	9.38843e-07
0.0248	9.38839e-07
0.0249	9.38836e-07
0.025	9.38834e-07
0.0251	9.38836e-07
0.0252	9.38839e-07
0.0253	9.38845e-07
0.0254	9.38853e-07
0.0255	9.38862e-07
0.0256	9.38871e-07
0.0257	9.3888e-07
0.0258	9.38887e-07
0.0259	9.38893e-07
0.026	9.38897e-07
0.0261	9.38899e-07
0.0262	9.389e-07
0.0263	9.38899e-07
0.0264	9.38898e-07
0.0265	9.38896e-07
0.0266	9.38894e-07
0.0267	9.38891e-07
0.0268	9.38889e-07
0.0269	9.38886e-07
0.027	9.38884e-07
0.0271	9.38883e-07
0.0272	9.38882e-07
0.0273	9.38881e-07
0.0274	9.38879e-07
0.0275	9.38877e-07
0.0276	9.38874e-07
0.0277	9.38872e-07
0.0278	9.3887e-07
0.0279	9.38867e-07
0.028	9.38864e-07
0.0281	9.38862e-07
0.0282	9.3886e-07
0.0283	9.38859e-07
0.0284	9.38858e-07
0.0285	9.38859e-07
0.0286	9.3886e-07
0.0287	9.38863e-07
0.0288	9.38867e-07
0.0289	9.38871e-07
0.029	9.38875e-07
0.0291	9.38879e-07
0.0292	9.38883e-07
0.0293	9.38887e-07
0.0294	9.38889e-07
0.0295	9.38892e-07
0.0296	9.38893e-07
0.0297	9.38893e-07
0.0298	9.38893e-07
0.0299	9.38892e-07
0.03	9.38892e-07
0.0301	9.38891e-07
0.0302	9.3889e-07
0.0303	9.38888e-07
0.0304	9.38887e-07
0.0305	9.38886e-07
0.0306	9.38884e-07
0.0307	9.38883e-07
0.0308	9.38881e-07
0.0309	9.38879e-07
0.031	9.38878e-07
0.0311	9.38877e-07
0.0312	9.38875e-07
0.0313	9.38874e-07
0.0314	9.38872e-07
0.0315	9.38871e-07
0.0316	9.3887e-07
0.0317	9.38869e-07
0.0318	9.38869e-07
0.0319	9.38869e-07
0.032	9.3887e-07
0.0321	9.38871e-07
0.0322	9.38873e-07
0.0323	9.38875e-07
0.0324	9.38877e-07
0.0325	9.3888e-07
0.0326	9.38882e-07
0.0327	9.38884e-07
0.0328	9.38886e-07
0.0329	9.38887e-07
0.033	9.38888e-07
0.0331	9.38889e-07
0.0332	9.38889e-07
0.0333	9.38889e-07
0.0334	9.38889e-07
0.0335	9.38888e-07
0.0336	9.38887e-07
0.0337	9.38887e-07
0.0338	9.38886e-07
0.0339	9.38885e-07
0.034	9.38884e-07
0.0341	9.38883e-07
0.0342	9.38882e-07
0.0343	9.38881e-07
0.0344	9.3888e-07
0.0345	9.38879e-07
0.0346	9.38878e-07
0.0347	9.38877e-07
0.0348	9.38876e-07
0.0349	9.38876e-07
0.035	9.38875e-07
0.0351	9.38875e-07
0.0352	9.38874e-07
0.0353	9.38874e-07
0.0354	9.38875e-07
0.0355	9.38875e-07
0.0356	9.38876e-07
0.0357	9.38877e-07
0.0358	9.38878e-07
0.0359	9.3888e-07
0.036	9.38881e-07
0.0361	9.38882e-07
0.0362	9.38884e-07
0.0363	9.38885e-07
0.0364	9.38886e-07
0.0365	9.38886e-07
0.0366	9.38887e-07
0.0367	9.38887e-07
0.0368	9.38887e-07
0.0369	9.38886e-07
0.037	9.38886e-07
0.0371	9.38886e-07
0.0372	9.38885e-07
0.0373	9.38885e-07
0.0374	9.38884e-07
0.0375	9.38883e-07
0.0376	9.38883e-07
0.0377	9.38882e-07
0.0378	9.38881e-07
0.0379	9.38881e-07
0.038	9.3888e-07
0.0381	9.38879e-07
0.0382	9.38879e-07
0.0383	9.38878e-07
0.0384	9.38878e-07
0.0385	9.38878e-07
0.0386	9.38878e-07
0.0387	9.38878e-07
0.0388	9.38878e-07
0.0389	9.38878e-07
0.039	9.38878e-07
0.0391	9.38879e-07
0.0392	9.3888e-07
0.0393	9.3888e-07
0.0394	9.38881e-07
0.0395	9.38882e-07
0.0396	9.38883e-07
0.0397	9.38883e-07
0.0398	9.38884e-07
0.0399	9.38884e-07
0.04	9.38885e-07
0.0401	9.38885e-07
0.0402	9.38885e-07
0.0403	9.38885e-07
0.0404	9.38885e-07
0.0405	9.38885e-07
0.0406	9.38884e-07
0.0407	9.38884e-07
0.0408	9.38884e-07
0.0409	9.38883e-07
0.041	9.38883e-07
0.0411	9.38882e-07
0.0412	9.38882e-07
0.0413	9.38881e-07
0.0414	9.38881e-07
0.0415	9.38881e-07
0.0416	9.3888e-07
0.0417	9.3888e-07
0.0418	9.3888e-07
0.0419	9.38879e-07
0.042	9.38879e-07
0.0421	9.38879e-07
0.0422	9.38879e-07
0.0423	9.3888e-07
0.0424	9.3888e-07
0.0425	9.3888e-07
0.0426	9.3888e-07
0.0427	9.38881e-07
0.0428	9.38881e-07
0.0429	9.38882e-07
0.043	9.38882e-07
0.0431	9.38883e-07
0.0432	9.38883e-07
0.0433	9.38883e-07
0.0434	9.38884e-07
0.0435	9.38884e-07
0.0436	9.38884e-07
0.0437	9.38884e-07
0.0438	9.38884e-07
0.0439	9.38884e-07
0.044	9.38884e-07
0.0441	9.38883e-07
0.0442	9.38883e-07
0.0443	9.38883e-07
0.0444	9.38883e-07
0.0445	9.38882e-07
0.0446	9.38882e-07
0.0447	9.38882e-07
0.0448	9.38882e-07
0.0449	9.38881e-07
0.045	9.38881e-07
0.0451	9.38881e-07
0.0452	9.38881e-07
0.0453	9.38881e-07
0.0454	9.3888e-07
0.0455	9.3888e-07
0.0456	9.3888e-07
0.0457	9.3888e-07
0.0458	9.38881e-07
0.0459	9.38881e-07
0.046	9.38881e-07
0.0461	9.38881e-07
0.0462	9.38881e-07
0.0463	9.38882e-07
0.0464	9.38882e-07
0.0465	9.38882e-07
0.0466	9.38882e-07
0.0467	9.38883e-07
0.0468	9.38883e-07
0.0469	9.38883e-07
0.047	9.38883e-07
0.0471	9.38883e-07
0.0472	9.38883e-07
0.0473	9.38883e-07
0.0474	9.38883e-07
0.0475	9.38883e-07
0.0476	9.38883e-07
0.0477	9.38883e-07
0.0478	9.38883e-07
0.0479	9.38882e-07
0.048	9.38882e-07
0.0481	9.38882e-07
0.0482	9.38882e-07
0.0483	9.38882e-07
0.0484	9.38881e-07
0.0485	9.38881e-07
0.0486	9.38881e-07
0.0487	9.38881e-07
0.0488	9.38881e-07
0.0489	9.38881e-07
0.049	9.38881e-07
0.0491	9.38881e-07
0.0492	9.38881e-07
0.0493	9.38881e-07
0.0494	9.38881e-07
0.0495	9.38881e-07
0.0496	9.38882e-07
0.0497	9.38882e-07
0.0498	9.38882e-07
0.0499	9.38882e-07
0.05	9.38882e-07
0.0501	9.38882e-07
0.0502	9.38882e-07
0.0503	9.38883e-07
0.0504	9.38883e-07
0.0505	9.38883e-07
0.0506	9.38883e-07
0.0507	9.38883e-07
0.0508	9.38883e-07
0.0509	9.38883e-07
0.051	9.38883e-07
0.0511	9.38883e-07
0.0512	9.38882e-07
0.0513	9.38882e-07
0.0514	9.38882e-07
0.0515	9.38882e-07
0.0516	9.38882e-07
0.0517	9.38882e-07
0.0518	9.38882e-07
0.0519	9.38882e-07
0.052	9.38882e-07
0.0521	9.38881e-07
0.0522	9.38881e-07
0.0523	9.38881e-07
0.0524	9.38881e-07
0.0525	9.38881e-07
0.0526	9.38881e-07
0.0527	9.38881e-07
0.0528	9.38882e-07
0.0529	9.38882e-07
0.053	9.38882e-07
