0.0001	9.42054e-06
0.0002	7.8076e-06
0.0003	7.52601e-06
0.0004	6.76807e-06
0.0005	5.29822e-06
0.0006	5.48446e-06
0.0007	6.29278e-06
0.0008	6.72231e-06
0.0009	7.72458e-06
0.001	8.80005e-06
0.0011	5.11255e-06
0.0012	5.93431e-06
0.0013	6.91593e-06
0.0014	8.06736e-06
0.0015	9.40891e-06
0.0016	5.5203e-06
0.0017	6.41151e-06
0.0018	7.42319e-06
0.0019	8.56129e-06
0.002	9.83214e-06
0.0021	5.67016e-06
0.0022	6.43664e-06
0.0023	7.25695e-06
0.0024	8.11587e-06
0.0025	8.98247e-06
0.0026	9.8438e-06
0.0027	5.40677e-06
0.0028	5.81767e-06
0.0029	6.20255e-06
0.003	6.5616e-06
0.0031	6.89142e-06
0.0032	7.18834e-06
0.0033	7.45457e-06
0.0034	7.68841e-06
0.0035	7.8921e-06
0.0036	8.0626e-06
0.0037	8.20087e-06
0.0038	8.31215e-06
0.0039	8.40064e-06
0.004	8.46864e-06
0.0041	8.51993e-06
0.0042	8.55547e-06
0.0043	8.57269e-06
0.0044	8.56794e-06
0.0045	8.53625e-06
0.0046	8.46461e-06
0.0047	8.32599e-06
0.0048	8.08499e-06
0.0049	7.68103e-06
0.005	7.05347e-06
0.0051	6.18097e-06
0.0052	5.18119e-06
0.0053	8.51156e-06
0.0054	6.86961e-06
0.0055	5.51837e-06
0.0056	8.83537e-06
0.0057	5.98668e-06
0.0058	5.89369e-06
0.0059	9.99583e-06
0.006	6.61373e-06
0.0061	7.39245e-06
0.0062	8.96063e-06
0.0063	7.84596e-06
0.0064	4.77377e-06
0.0065	7.33098e-06
0.0066	8.66354e-06
0.0067	7.06893e-06
0.0068	7.74706e-06
0.0069	8.84103e-06
0.007	5.14529e-06
0.0071	5.88595e-06
0.0072	6.69146e-06
0.0073	7.54797e-06
0.0074	8.43896e-06
0.0075	9.34947e-06
0.0076	5.15914e-06
0.0077	5.59798e-06
0.0078	6.0166e-06
0.0079	6.40566e-06
0.008	6.75782e-06
0.0081	7.06536e-06
0.0082	7.325e-06
0.0083	7.53672e-06
0.0084	7.7021e-06
0.0085	7.82346e-06
0.0086	7.90541e-06
0.0087	7.95343e-06
0.0088	7.97366e-06
0.0089	7.97299e-06
0.009	7.95851e-06
0.0091	7.9361e-06
0.0092	7.91207e-06
0.0093	7.89127e-06
0.0094	7.87733e-06
0.0095	7.8752e-06
0.0096	7.88762e-06
0.0097	7.91662e-06
0.0098	7.96342e-06
0.0099	8.02836e-06
0.01	8.11107e-06
0.0101	8.21126e-06
0.0102	8.32678e-06
0.0103	8.45537e-06
0.0104	8.59417e-06
0.0105	8.74012e-06
0.0106	8.8901e-06
0.0107	9.04045e-06
0.0108	9.18761e-06
0.0109	9.32775e-06
0.011	9.45753e-06
0.0111	9.57377e-06
0.0112	9.67405e-06
0.0113	9.75636e-06
0.0114	9.82002e-06
0.0115	9.86409e-06
0.0116	9.88882e-06
0.0117	9.89496e-06
0.0118	9.88386e-06
0.0119	9.85739e-06
0.012	9.81789e-06
0.0121	9.76771e-06
0.0122	9.70951e-06
0.0123	9.64634e-06
0.0124	9.58117e-06
0.0125	9.51658e-06
0.0126	9.45537e-06
0.0127	9.39961e-06
0.0128	9.35156e-06
0.0129	9.31277e-06
0.013	9.28468e-06
0.0131	9.26815e-06
0.0132	9.26373e-06
0.0133	9.27146e-06
0.0134	9.291e-06
0.0135	9.3217e-06
0.0136	9.36256e-06
0.0137	9.41227e-06
0.0138	9.46924e-06
0.0139	9.5318e-06
0.014	9.59793e-06
0.0141	9.6653e-06
0.0142	9.73178e-06
0.0143	9.79554e-06
0.0144	9.85448e-06
0.0145	9.90703e-06
0.0146	9.95166e-06
0.0147	9.98725e-06
0.0148	4.9822e-06
0.0149	4.99011e-06
0.015	4.9929e-06
0.0151	4.99074e-06
0.0152	4.98382e-06
0.0153	9.98887e-06
0.0154	9.95734e-06
0.0155	9.91951e-06
0.0156	9.87693e-06
0.0157	9.83123e-06
0.0158	9.78409e-06
0.0159	9.73716e-06
0.016	9.69199e-06
0.0161	9.65006e-06
0.0162	9.61253e-06
0.0163	9.58055e-06
0.0164	9.55505e-06
0.0165	9.53658e-06
0.0166	9.52575e-06
0.0167	9.5227e-06
0.0168	9.52735e-06
0.0169	9.53934e-06
0.017	9.55816e-06
0.0171	9.58304e-06
0.0172	9.61307e-06
0.0173	9.6471e-06
0.0174	9.68399e-06
0.0175	9.72256e-06
0.0176	9.76134e-06
0.0177	9.79909e-06
0.0178	9.83467e-06
0.0179	9.86696e-06
0.018	9.89499e-06
0.0181	9.91798e-06
0.0182	9.9353e-06
0.0183	9.94659e-06
0.0184	9.95163e-06
0.0185	9.95043e-06
0.0186	9.94319e-06
0.0187	9.93031e-06
0.0188	9.91239e-06
0.0189	9.8902e-06
0.019	9.86463e-06
0.0191	9.83663e-06
0.0192	9.8072e-06
0.0193	9.77736e-06
0.0194	9.74809e-06
0.0195	9.72033e-06
0.0196	9.69494e-06
0.0197	9.67263e-06
0.0198	9.65406e-06
0.0199	9.63973e-06
0.02	9.62996e-06
0.0201	9.62499e-06
0.0202	9.62486e-06
0.0203	9.62943e-06
0.0204	9.63844e-06
0.0205	9.65147e-06
0.0206	9.66801e-06
0.0207	9.68742e-06
0.0208	9.70903e-06
0.0209	9.73201e-06
0.021	9.75556e-06
0.0211	9.77896e-06
0.0212	9.80144e-06
0.0213	9.8223e-06
0.0214	9.84087e-06
0.0215	9.85663e-06
0.0216	9.86913e-06
0.0217	9.87804e-06
0.0218	9.88317e-06
0.0219	9.88444e-06
0.022	9.88192e-06
0.0221	9.8758e-06
0.0222	9.86639e-06
0.0223	9.85409e-06
0.0224	9.8394e-06
0.0225	9.82286e-06
0.0226	9.80507e-06
0.0227	9.78666e-06
0.0228	9.76825e-06
0.0229	9.75044e-06
0.023	9.7338e-06
0.0231	9.71883e-06
0.0232	9.70596e-06
0.0233	9.69553e-06
0.0234	9.68785e-06
0.0235	9.68308e-06
0.0236	9.6813e-06
0.0237	9.68248e-06
0.0238	9.68651e-06
0.0239	9.69316e-06
0.024	9.70217e-06
0.0241	9.71318e-06
0.0242	9.72576e-06
0.0243	9.73945e-06
0.0244	9.75379e-06
0.0245	9.76831e-06
0.0246	9.78252e-06
0.0247	9.79596e-06
0.0248	9.80821e-06
0.0249	9.81891e-06
0.025	9.82774e-06
0.0251	9.83447e-06
0.0252	9.83892e-06
0.0253	9.84102e-06
0.0254	9.84076e-06
0.0255	9.83821e-06
0.0256	9.83352e-06
0.0257	9.82691e-06
0.0258	9.81864e-06
0.0259	9.80904e-06
0.026	9.79846e-06
0.0261	9.78728e-06
0.0262	9.77587e-06
0.0263	9.76463e-06
0.0264	9.7539e-06
0.0265	9.74403e-06
0.0266	9.73531e-06
0.0267	9.728e-06
0.0268	9.72229e-06
0.0269	9.71832e-06
0.027	9.71618e-06
0.0271	9.71588e-06
0.0272	9.71739e-06
0.0273	9.7206e-06
0.0274	9.72536e-06
0.0275	9.73147e-06
0.0276	9.73871e-06
0.0277	9.7468e-06
0.0278	9.75547e-06
0.0279	9.7644e-06
0.028	9.7733e-06
0.0281	9.78188e-06
0.0282	9.78987e-06
0.0283	9.79703e-06
0.0284	9.80314e-06
0.0285	9.80802e-06
0.0286	9.81156e-06
0.0287	9.81367e-06
0.0288	9.81432e-06
0.0289	9.81353e-06
0.029	9.81137e-06
0.0291	9.80794e-06
0.0292	9.8034e-06
0.0293	9.79792e-06
0.0294	9.79172e-06
0.0295	9.785e-06
0.0296	9.77801e-06
0.0297	9.77099e-06
0.0298	9.76417e-06
0.0299	9.75775e-06
0.03	9.75195e-06
0.0301	9.74692e-06
0.0302	9.74283e-06
0.0303	9.73976e-06
0.0304	9.7378e-06
0.0305	9.73697e-06
0.0306	9.73728e-06
0.0307	9.73868e-06
0.0308	9.74109e-06
0.0309	9.74441e-06
0.031	9.74851e-06
0.0311	9.75323e-06
0.0312	9.7584e-06
0.0313	9.76384e-06
0.0314	9.76936e-06
0.0315	9.77479e-06
0.0316	9.77994e-06
0.0317	9.78466e-06
0.0318	9.7888e-06
0.0319	9.79225e-06
0.032	9.7949e-06
0.0321	9.7967e-06
0.0322	9.79761e-06
0.0323	9.79762e-06
0.0324	9.79675e-06
0.0325	9.79507e-06
0.0326	9.79265e-06
0.0327	9.78958e-06
0.0328	9.78599e-06
0.0329	9.78201e-06
0.033	9.77778e-06
0.0331	9.77344e-06
0.0332	9.76914e-06
0.0333	9.76503e-06
0.0334	9.76122e-06
0.0335	9.75784e-06
0.0336	9.75497e-06
0.0337	9.75272e-06
0.0338	9.75112e-06
0.0339	9.75021e-06
0.034	9.75001e-06
0.0341	9.7505e-06
0.0342	9.75164e-06
0.0343	9.75338e-06
0.0344	9.75565e-06
0.0345	9.75836e-06
0.0346	9.76141e-06
0.0347	9.76469e-06
0.0348	9.76808e-06
0.0349	9.77147e-06
0.035	9.77476e-06
0.0351	9.77783e-06
0.0352	9.78059e-06
0.0353	9.78297e-06
0.0354	9.78488e-06
0.0355	9.78629e-06
0.0356	9.78716e-06
0.0357	9.78748e-06
0.0358	9.78725e-06
0.0359	9.78649e-06
0.036	9.78525e-06
0.0361	9.78357e-06
0.0362	9.78153e-06
0.0363	9.7792e-06
0.0364	9.77667e-06
0.0365	9.77402e-06
0.0366	9.77134e-06
0.0367	9.76873e-06
0.0368	9.76626e-06
0.0369	9.76402e-06
0.037	9.76207e-06
0.0371	9.76046e-06
0.0372	9.75924e-06
0.0373	9.75844e-06
0.0374	9.75807e-06
0.0375	9.75813e-06
0.0376	9.75861e-06
0.0377	9.75948e-06
0.0378	9.76071e-06
0.0379	9.76223e-06
0.038	9.764e-06
0.0381	9.76595e-06
0.0382	9.76801e-06
0.0383	9.77012e-06
0.0384	9.77219e-06
0.0385	9.77417e-06
0.0386	9.77598e-06
0.0387	9.77759e-06
0.0388	9.77893e-06
0.0389	9.77998e-06
0.039	9.78071e-06
0.0391	9.7811e-06
0.0392	9.78114e-06
0.0393	9.78085e-06
0.0394	9.78025e-06
0.0395	9.77936e-06
0.0396	9.77823e-06
0.0397	9.77688e-06
0.0398	9.77539e-06
0.0399	9.77379e-06
0.04	9.77214e-06
0.0401	9.7705e-06
0.0402	9.76892e-06
0.0403	9.76745e-06
0.0404	9.76614e-06
0.0405	9.76503e-06
0.0406	9.76414e-06
0.0407	9.76349e-06
0.0408	9.76312e-06
0.0409	9.763e-06
0.041	9.76316e-06
0.0411	9.76356e-06
0.0412	9.7642e-06
0.0413	9.76504e-06
0.0414	9.76605e-06
0.0415	9.7672e-06
0.0416	9.76843e-06
0.0417	9.76972e-06
0.0418	9.77102e-06
0.0419	9.77227e-06
0.042	9.77345e-06
0.0421	9.77452e-06
0.0422	9.77545e-06
0.0423	9.7762e-06
0.0424	9.77676e-06
0.0425	9.77712e-06
0.0426	9.77726e-06
0.0427	9.7772e-06
0.0428	9.77694e-06
0.0429	9.77649e-06
0.043	9.77587e-06
0.0431	9.77511e-06
0.0432	9.77423e-06
0.0433	9.77328e-06
0.0434	9.77227e-06
0.0435	9.77126e-06
0.0436	9.77026e-06
0.0437	9.76931e-06
0.0438	9.76844e-06
0.0439	9.76768e-06
0.044	9.76705e-06
0.0441	9.76657e-06
0.0442	9.76625e-06
0.0443	9.76608e-06
0.0444	9.76609e-06
0.0445	9.76625e-06
0.0446	9.76656e-06
0.0447	9.76701e-06
0.0448	9.76758e-06
0.0449	9.76824e-06
0.045	9.76898e-06
0.0451	9.76976e-06
0.0452	9.77056e-06
0.0453	9.77135e-06
0.0454	9.77211e-06
0.0455	9.77281e-06
0.0456	9.77343e-06
0.0457	9.77396e-06
0.0458	9.77437e-06
0.0459	9.77466e-06
0.046	9.77482e-06
0.0461	9.77486e-06
0.0462	9.77477e-06
0.0463	9.77455e-06
0.0464	9.77423e-06
0.0465	9.7738e-06
0.0466	9.7733e-06
0.0467	9.77274e-06
0.0468	9.77213e-06
0.0469	9.77151e-06
0.047	9.77088e-06
0.0471	9.77028e-06
0.0472	9.76971e-06
0.0473	9.76921e-06
0.0474	9.76877e-06
0.0475	9.76842e-06
0.0476	9.76816e-06
0.0477	9.76801e-06
0.0478	9.76795e-06
0.0479	9.768e-06
0.048	9.76814e-06
0.0481	9.76837e-06
0.0482	9.76868e-06
0.0483	9.76906e-06
0.0484	9.76949e-06
0.0485	9.76996e-06
0.0486	9.77045e-06
0.0487	9.77094e-06
0.0488	9.77142e-06
0.0489	9.77187e-06
0.049	9.77229e-06
0.0491	9.77265e-06
0.0492	9.77294e-06
0.0493	9.77316e-06
0.0494	9.77331e-06
0.0495	9.77338e-06
0.0496	9.77336e-06
0.0497	9.77327e-06
0.0498	9.77311e-06
0.0499	9.77288e-06
0.05	9.7726e-06
0.0501	9.77227e-06
0.0502	9.77191e-06
0.0503	9.77153e-06
0.0504	9.77114e-06
0.0505	9.77076e-06
0.0506	9.7704e-06
0.0507	9.77006e-06
0.0508	9.76977e-06
0.0509	9.76952e-06
0.051	9.76933e-06
0.0511	9.7692e-06
0.0512	9.76913e-06
0.0513	9.76912e-06
0.0514	9.76918e-06
0.0515	9.76929e-06
0.0516	9.76945e-06
0.0517	9.76966e-06
0.0518	9.76991e-06
0.0519	9.77019e-06
0.052	9.77049e-06
0.0521	9.77079e-06
0.0522	9.77109e-06
0.0523	9.77138e-06
0.0524	9.77165e-06
0.0525	9.77189e-06
0.0526	9.7721e-06
0.0527	9.77226e-06
0.0528	9.77238e-06
0.0529	9.77245e-06
0.053	9.77246e-06
0.0531	9.77243e-06
