0.0001	1
0.0002	0.585595
0.0003	0.44829
0.0004	0.225427
0.0005	0.15477
0.0006	0.166402
0.0007	0.17938
0.0008	0.208032
0.0009	0.238582
0.001	0.273751
0.0011	0.312691
0.0012	0.355433
0.0013	0.401163
0.0014	0.449177
0.0015	0.497452
0.0016	0.54143
0.0017	0.580966
0.0018	0.614742
0.0019	0.64283
0.002	0.665309
0.0021	0.683175
0.0022	0.697522
0.0023	0.708995
0.0024	0.718141
0.0025	0.725317
0.0026	0.730866
0.0027	0.735093
0.0028	0.738273
0.0029	0.740689
0.003	0.742465
0.0031	0.743714
0.0032	0.744433
0.0033	0.744802
0.0034	0.744857
0.0035	0.744595
0.0036	0.74407
0.0037	0.743321
0.0038	0.742298
0.0039	0.740993
0.004	0.739344
0.0041	0.737288
0.0042	0.734733
0.0043	0.731605
0.0044	0.727694
0.0045	0.722747
0.0046	0.716477
0.0047	0.708453
0.0048	0.698013
0.0049	0.684301
0.005	0.665966
0.0051	0.641427
0.0052	0.608503
0.0053	0.564808
0.0054	0.510405
0.0055	0.447496
0.0056	0.380428
0.0057	0.316155
0.0058	0.25998
0.0059	0.209601
0.006	0.164588
0.0061	0.128671
0.0062	0.10346
0.0063	0.0888392
0.0064	0.0816382
0.0065	0.0789539
0.0066	0.0793888
0.0067	0.0823608
0.0068	0.0873549
0.0069	0.0940911
0.007	0.102277
0.0071	0.111779
0.0072	0.122296
0.0073	0.133493
0.0074	0.14509
0.0075	0.15687
0.0076	0.168598
0.0077	0.180078
0.0078	0.191056
0.0079	0.20128
0.008	0.210619
0.0081	0.219014
0.0082	0.226347
0.0083	0.232569
0.0084	0.237641
0.0085	0.241574
0.0086	0.244403
0.0087	0.246231
0.0088	0.247192
0.0089	0.247396
0.009	0.247025
0.0091	0.246266
0.0092	0.245237
0.0093	0.244072
0.0094	0.242912
0.0095	0.241869
0.0096	0.241024
0.0097	0.240468
0.0098	0.24024
0.0099	0.240376
0.01	0.240897
0.0101	0.241799
0.0102	0.243069
0.0103	0.244677
0.0104	0.246591
0.0105	0.248769
0.0106	0.251149
0.0107	0.25367
0.0108	0.256266
0.0109	0.258883
0.011	0.261458
0.0111	0.263913
0.0112	0.266194
0.0113	0.268239
0.0114	0.270016
0.0115	0.271494
0.0116	0.27265
0.0117	0.273464
0.0118	0.273927
0.0119	0.274043
0.012	0.273833
0.0121	0.27332
0.0122	0.272544
0.0123	0.271549
0.0124	0.270383
0.0125	0.269102
0.0126	0.267763
0.0127	0.26642
0.0128	0.265126
0.0129	0.263924
0.013	0.262857
0.0131	0.261961
0.0132	0.261263
0.0133	0.260782
0.0134	0.260533
0.0135	0.260521
0.0136	0.260739
0.0137	0.261176
0.0138	0.261813
0.0139	0.262628
0.014	0.263592
0.0141	0.264673
0.0142	0.265838
0.0143	0.267047
0.0144	0.268264
0.0145	0.269448
0.0146	0.270564
0.0147	0.271581
0.0148	0.272467
0.0149	0.273201
0.015	0.273764
0.0151	0.274143
0.0152	0.274329
0.0153	0.274324
0.0154	0.274132
0.0155	0.273768
0.0156	0.273247
0.0157	0.272592
0.0158	0.271832
0.0159	0.270997
0.016	0.270115
0.0161	0.269219
0.0162	0.268337
0.0163	0.2675
0.0164	0.266736
0.0165	0.266068
0.0166	0.265515
0.0167	0.265091
0.0168	0.264807
0.0169	0.264669
0.017	0.264677
0.0171	0.264827
0.0172	0.265109
0.0173	0.265512
0.0174	0.26602
0.0175	0.266612
0.0176	0.267269
0.0177	0.267969
0.0178	0.268686
0.0179	0.269398
0.018	0.270081
0.0181	0.270712
0.0182	0.271275
0.0183	0.271754
0.0184	0.272135
0.0185	0.272408
0.0186	0.272567
0.0187	0.272609
0.0188	0.272537
0.0189	0.272356
0.019	0.272075
0.0191	0.271706
0.0192	0.271263
0.0193	0.270763
0.0194	0.270225
0.0195	0.269669
0.0196	0.269111
0.0197	0.268571
0.0198	0.268066
0.0199	0.267612
0.02	0.267224
0.0201	0.26691
0.0202	0.26668
0.0203	0.266538
0.0204	0.266486
0.0205	0.266525
0.0206	0.266649
0.0207	0.266852
0.0208	0.267126
0.0209	0.26746
0.021	0.267841
0.0211	0.268257
0.0212	0.268693
0.0213	0.269133
0.0214	0.269563
0.0215	0.269969
0.0216	0.270339
0.0217	0.270662
0.0218	0.270929
0.0219	0.271132
0.022	0.271268
0.0221	0.271332
0.0222	0.271325
0.0223	0.271248
0.0224	0.271107
0.0225	0.270908
0.0226	0.270658
0.0227	0.270367
0.0228	0.270047
0.0229	0.269708
0.023	0.269362
0.0231	0.269021
0.0232	0.268695
0.0233	0.268396
0.0234	0.268132
0.0235	0.267911
0.0236	0.267738
0.0237	0.267619
0.0238	0.267555
0.0239	0.267547
0.024	0.267593
0.0241	0.267691
0.0242	0.267836
0.0243	0.268021
0.0244	0.268241
0.0245	0.268487
0.0246	0.26875
0.0247	0.269021
0.0248	0.26929
0.0249	0.26955
0.025	0.269792
0.0251	0.270008
0.0252	0.270192
0.0253	0.27034
0.0254	0.270447
0.0255	0.270511
0.0256	0.27053
0.0257	0.270507
0.0258	0.270441
0.0259	0.270338
0.026	0.2702
0.0261	0.270034
0.0262	0.269846
0.0263	0.269643
0.0264	0.269431
0.0265	0.269217
0.0266	0.26901
0.0267	0.268816
0.0268	0.26864
0.0269	0.268488
0.027	0.268364
0.0271	0.268271
0.0272	0.268212
0.0273	0.268188
0.0274	0.268197
0.0275	0.26824
0.0276	0.268313
0.0277	0.268414
0.0278	0.268539
0.0279	0.268682
0.028	0.268839
0.0281	0.269004
0.0282	0.269172
0.0283	0.269336
0.0284	0.269492
0.0285	0.269635
0.0286	0.26976
0.0287	0.269864
0.0288	0.269944
0.0289	0.269999
0.029	0.270026
0.0291	0.270026
0.0292	0.27
0.0293	0.269949
0.0294	0.269876
0.0295	0.269783
0.0296	0.269674
0.0297	0.269553
0.0298	0.269425
0.0299	0.269293
0.03	0.269162
0.0301	0.269037
0.0302	0.268922
0.0303	0.26882
0.0304	0.268733
0.0305	0.268665
0.0306	0.268617
0.0307	0.268589
0.0308	0.268583
0.0309	0.268598
0.031	0.268633
0.0311	0.268686
0.0312	0.268755
0.0313	0.268838
0.0314	0.26893
0.0315	0.26903
0.0316	0.269133
0.0317	0.269235
0.0318	0.269335
0.0319	0.269428
0.032	0.269512
0.0321	0.269584
0.0322	0.269642
0.0323	0.269684
0.0324	0.26971
0.0325	0.26972
0.0326	0.269713
0.0327	0.26969
0.0328	0.269652
0.0329	0.269601
0.033	0.269539
0.0331	0.269469
0.0332	0.269392
0.0333	0.269311
0.0334	0.26923
0.0335	0.26915
0.0336	0.269076
0.0337	0.269008
0.0338	0.268948
0.0339	0.2689
0.034	0.268863
0.0341	0.268839
0.0342	0.268828
0.0343	0.26883
0.0344	0.268844
0.0345	0.268871
0.0346	0.268908
0.0347	0.268955
0.0348	0.269009
0.0349	0.269068
0.035	0.26913
0.0351	0.269194
0.0352	0.269257
0.0353	0.269317
0.0354	0.269372
0.0355	0.269421
0.0356	0.269461
0.0357	0.269493
0.0358	0.269515
0.0359	0.269527
0.036	0.269528
0.0361	0.269519
0.0362	0.269501
0.0363	0.269474
0.0364	0.269439
0.0365	0.269399
0.0366	0.269353
0.0367	0.269304
0.0368	0.269254
0.0369	0.269205
0.037	0.269157
0.0371	0.269112
0.0372	0.269072
0.0373	0.269039
0.0374	0.269012
0.0375	0.268992
0.0376	0.268981
0.0377	0.268978
0.0378	0.268982
0.0379	0.268995
0.038	0.269014
0.0381	0.26904
0.0382	0.269071
0.0383	0.269105
0.0384	0.269143
0.0385	0.269182
0.0386	0.269221
0.0387	0.269259
0.0388	0.269295
0.0389	0.269328
0.039	0.269355
0.0391	0.269378
0.0392	0.269395
0.0393	0.269406
0.0394	0.26941
0.0395	0.269408
0.0396	0.2694
0.0397	0.269387
0.0398	0.269368
0.0399	0.269345
0.04	0.269318
0.0401	0.269289
0.0402	0.269259
0.0403	0.269228
0.0404	0.269197
0.0405	0.269169
0.0406	0.269142
0.0407	0.269119
0.0408	0.2691
0.0409	0.269086
0.041	0.269076
0.0411	0.269071
0.0412	0.269071
0.0413	0.269076
0.0414	0.269086
0.0415	0.2691
0.0416	0.269117
0.0417	0.269137
0.0418	0.269159
0.0419	0.269183
0.042	0.269207
0.0421	0.269231
0.0422	0.269254
0.0423	0.269275
0.0424	0.269294
0.0425	0.26931
0.0426	0.269323
0.0427	0.269332
0.0428	0.269336
0.0429	0.269337
0.043	0.269335
0.0431	0.269328
0.0432	0.269318
0.0433	0.269305
0.0434	0.26929
0.0435	0.269273
0.0436	0.269255
0.0437	0.269236
0.0438	0.269217
0.0439	0.269198
0.044	0.269181
0.0441	0.269166
0.0442	0.269153
0.0443	0.269142
0.0444	0.269134
0.0445	0.26913
0.0446	0.269128
0.0447	0.269129
0.0448	0.269134
0.0449	0.269141
0.045	0.26915
0.0451	0.269162
0.0452	0.269175
0.0453	0.269189
0.0454	0.269204
0.0455	0.269219
0.0456	0.269233
0.0457	0.269247
0.0458	0.26926
0.0459	0.26927
0.046	0.269279
0.0461	0.269286
0.0462	0.26929
0.0463	0.269292
0.0464	0.269292
0.0465	0.269289
0.0466	0.269284
0.0467	0.269277
0.0468	0.269269
0.0469	0.269259
0.047	0.269248
0.0471	0.269236
0.0472	0.269225
0.0473	0.269213
0.0474	0.269202
0.0475	0.269192
0.0476	0.269183
0.0477	0.269175
0.0478	0.26917
0.0479	0.269166
0.048	0.269164
0.0481	0.269163
0.0482	0.269165
0.0483	0.269169
0.0484	0.269174
0.0485	0.26918
0.0486	0.269187
0.0487	0.269196
0.0488	0.269205
0.0489	0.269214
0.049	0.269223
0.0491	0.269232
0.0492	0.26924
0.0493	0.269248
0.0494	0.269254
0.0495	0.269259
0.0496	0.269262
0.0497	0.269264
0.0498	0.269265
0.0499	0.269264
0.05	0.269262
0.0501	0.269258
0.0502	0.269253
0.0503	0.269248
0.0504	0.269241
0.0505	0.269234
0.0506	0.269227
0.0507	0.26922
0.0508	0.269213
0.0509	0.269206
0.051	0.2692
0.0511	0.269195
0.0512	0.269191
0.0513	0.269188
0.0514	0.269186
0.0515	0.269185
0.0516	0.269185
0.0517	0.269187
0.0518	0.26919
0.0519	0.269193
0.052	0.269197
0.0521	0.269202
0.0522	0.269208
0.0523	0.269213
0.0524	0.269219
0.0525	0.269224
0.0526	0.26923
0.0527	0.269235
0.0528	0.269239
0.0529	0.269242
0.053	0.269245
0.0531	0.269247
