0.0001	8.40464e-06
0.0002	5.27727e-06
0.0003	8.76571e-06
0.0004	5.95274e-06
0.0005	8.34341e-06
0.0006	5.70863e-06
0.0007	6.37582e-06
0.0008	7.64644e-06
0.0009	8.75147e-06
0.001	5.28696e-06
0.0011	6.04222e-06
0.0012	6.87582e-06
0.0013	7.76255e-06
0.0014	8.69352e-06
0.0015	9.62857e-06
0.0016	5.49921e-06
0.0017	5.90089e-06
0.0018	6.24418e-06
0.0019	6.52966e-06
0.002	6.7582e-06
0.0021	6.94047e-06
0.0022	7.08746e-06
0.0023	7.20621e-06
0.0024	7.30093e-06
0.0025	7.37609e-06
0.0026	7.43516e-06
0.0027	7.48163e-06
0.0028	7.51764e-06
0.0029	7.5466e-06
0.003	7.57005e-06
0.0031	7.58861e-06
0.0032	7.60241e-06
0.0033	7.61455e-06
0.0034	7.62474e-06
0.0035	7.63328e-06
0.0036	7.64097e-06
0.0037	7.64838e-06
0.0038	7.65532e-06
0.0039	7.66179e-06
0.004	7.66728e-06
0.0041	7.671e-06
0.0042	7.67163e-06
0.0043	7.6671e-06
0.0044	7.65329e-06
0.0045	7.6234e-06
0.0046	7.567e-06
0.0047	7.46653e-06
0.0048	7.29282e-06
0.0049	7.00296e-06
0.005	6.54561e-06
0.0051	5.89796e-06
0.0052	9.87401e-06
0.0053	8.31267e-06
0.0054	6.86441e-06
0.0055	5.59999e-06
0.0056	8.75061e-06
0.0057	8.53995e-06
0.0058	6.5816e-06
0.0059	8.70638e-06
0.006	6.24485e-06
0.0061	6.08608e-06
0.0062	5.88417e-06
0.0063	5.46422e-06
0.0064	6.43464e-06
0.0065	5.51094e-06
0.0066	9.39042e-06
0.0067	9.79914e-06
0.0068	5.7492e-06
0.0069	6.61487e-06
0.007	7.65212e-06
0.0071	8.84015e-06
0.0072	5.28817e-06
0.0073	6.02342e-06
0.0074	6.79826e-06
0.0075	7.59877e-06
0.0076	8.40694e-06
0.0077	9.20716e-06
0.0078	9.97938e-06
0.0079	5.55901e-06
0.008	5.90164e-06
0.0081	6.20837e-06
0.0082	6.47461e-06
0.0083	6.69931e-06
0.0084	6.88149e-06
0.0085	7.0221e-06
0.0086	7.12365e-06
0.0087	7.19018e-06
0.0088	7.22804e-06
0.0089	7.24142e-06
0.009	7.23809e-06
0.0091	7.22403e-06
0.0092	7.20396e-06
0.0093	7.18266e-06
0.0094	7.16451e-06
0.0095	7.153e-06
0.0096	7.15086e-06
0.0097	7.16041e-06
0.0098	7.18288e-06
0.0099	7.21921e-06
0.01	7.26955e-06
0.0101	7.33331e-06
0.0102	7.40963e-06
0.0103	7.49698e-06
0.0104	7.59371e-06
0.0105	7.69774e-06
0.0106	7.80641e-06
0.0107	7.91704e-06
0.0108	8.0269e-06
0.0109	8.13378e-06
0.011	8.2351e-06
0.0111	8.32798e-06
0.0112	8.41054e-06
0.0113	8.48094e-06
0.0114	8.53811e-06
0.0115	8.58145e-06
0.0116	8.61056e-06
0.0117	8.62549e-06
0.0118	8.62681e-06
0.0119	8.61555e-06
0.012	8.59311e-06
0.0121	8.56109e-06
0.0122	8.52148e-06
0.0123	8.47637e-06
0.0124	8.42776e-06
0.0125	8.37786e-06
0.0126	8.32877e-06
0.0127	8.28235e-06
0.0128	8.24034e-06
0.0129	8.2042e-06
0.013	8.17515e-06
0.0131	8.15416e-06
0.0132	8.14178e-06
0.0133	8.13838e-06
0.0134	8.14401e-06
0.0135	8.15843e-06
0.0136	8.18108e-06
0.0137	8.21115e-06
0.0138	8.24758e-06
0.0139	8.28925e-06
0.014	8.33482e-06
0.0141	8.3828e-06
0.0142	8.43169e-06
0.0143	8.47998e-06
0.0144	8.52622e-06
0.0145	8.56894e-06
0.0146	8.60694e-06
0.0147	8.63918e-06
0.0148	8.66472e-06
0.0149	8.68302e-06
0.015	8.69375e-06
0.0151	8.69685e-06
0.0152	8.6924e-06
0.0153	8.6809e-06
0.0154	8.66297e-06
0.0155	8.63949e-06
0.0156	8.61141e-06
0.0157	8.57989e-06
0.0158	8.54612e-06
0.0159	8.51131e-06
0.016	8.47668e-06
0.0161	8.44331e-06
0.0162	8.41232e-06
0.0163	8.38468e-06
0.0164	8.36123e-06
0.0165	8.34262e-06
0.0166	8.32931e-06
0.0167	8.32161e-06
0.0168	8.31964e-06
0.0169	8.3233e-06
0.017	8.33236e-06
0.0171	8.34638e-06
0.0172	8.36482e-06
0.0173	8.38695e-06
0.0174	8.412e-06
0.0175	8.4391e-06
0.0176	8.46731e-06
0.0177	8.49571e-06
0.0178	8.52336e-06
0.0179	8.54939e-06
0.018	8.57297e-06
0.0181	8.59335e-06
0.0182	8.61002e-06
0.0183	8.62253e-06
0.0184	8.63058e-06
0.0185	8.63404e-06
0.0186	8.63293e-06
0.0187	8.62741e-06
0.0188	8.6178e-06
0.0189	8.60453e-06
0.019	8.58816e-06
0.0191	8.56934e-06
0.0192	8.54872e-06
0.0193	8.52707e-06
0.0194	8.50513e-06
0.0195	8.48362e-06
0.0196	8.46322e-06
0.0197	8.44455e-06
0.0198	8.4282e-06
0.0199	8.41464e-06
0.02	8.40424e-06
0.0201	8.39722e-06
0.0202	8.39374e-06
0.0203	8.39381e-06
0.0204	8.39733e-06
0.0205	8.4041e-06
0.0206	8.41381e-06
0.0207	8.42606e-06
0.0208	8.44041e-06
0.0209	8.45633e-06
0.021	8.47325e-06
0.0211	8.49061e-06
0.0212	8.50783e-06
0.0213	8.52434e-06
0.0214	8.53963e-06
0.0215	8.55319e-06
0.0216	8.56464e-06
0.0217	8.57368e-06
0.0218	8.58008e-06
0.0219	8.5837e-06
0.022	8.58449e-06
0.0221	8.58251e-06
0.0222	8.57791e-06
0.0223	8.57091e-06
0.0224	8.56181e-06
0.0225	8.55096e-06
0.0226	8.53876e-06
0.0227	8.52567e-06
0.0228	8.51214e-06
0.0229	8.49862e-06
0.023	8.48556e-06
0.0231	8.47333e-06
0.0232	8.46235e-06
0.0233	8.45293e-06
0.0234	8.44535e-06
0.0235	8.43978e-06
0.0236	8.43636e-06
0.0237	8.43514e-06
0.0238	8.43611e-06
0.0239	8.43915e-06
0.024	8.44413e-06
0.0241	8.45083e-06
0.0242	8.45899e-06
0.0243	8.4683e-06
0.0244	8.47842e-06
0.0245	8.48901e-06
0.0246	8.4997e-06
0.0247	8.51015e-06
0.0248	8.52002e-06
0.0249	8.52901e-06
0.025	8.53681e-06
0.0251	8.54323e-06
0.0252	8.54808e-06
0.0253	8.55127e-06
0.0254	8.55272e-06
0.0255	8.55245e-06
0.0256	8.5505e-06
0.0257	8.54699e-06
0.0258	8.54207e-06
0.0259	8.53595e-06
0.026	8.52886e-06
0.0261	8.52107e-06
0.0262	8.51284e-06
0.0263	8.50446e-06
0.0264	8.4962e-06
0.0265	8.48832e-06
0.0266	8.48108e-06
0.0267	8.47469e-06
0.0268	8.46935e-06
0.0269	8.46519e-06
0.027	8.46232e-06
0.0271	8.4608e-06
0.0272	8.46063e-06
0.0273	8.46179e-06
0.0274	8.46421e-06
0.0275	8.46777e-06
0.0276	8.47232e-06
0.0277	8.47768e-06
0.0278	8.48367e-06
0.0279	8.49007e-06
0.028	8.49666e-06
0.0281	8.50321e-06
0.0282	8.50952e-06
0.0283	8.51539e-06
0.0284	8.52063e-06
0.0285	8.52508e-06
0.0286	8.52863e-06
0.0287	8.53118e-06
0.0288	8.53267e-06
0.0289	8.5331e-06
0.029	8.53247e-06
0.0291	8.53084e-06
0.0292	8.52828e-06
0.0293	8.52491e-06
0.0294	8.52085e-06
0.0295	8.51627e-06
0.0296	8.51132e-06
0.0297	8.50619e-06
0.0298	8.50102e-06
0.0299	8.496e-06
0.03	8.49129e-06
0.0301	8.48704e-06
0.0302	8.48336e-06
0.0303	8.48037e-06
0.0304	8.47815e-06
0.0305	8.47674e-06
0.0306	8.47616e-06
0.0307	8.47642e-06
0.0308	8.47748e-06
0.0309	8.47929e-06
0.031	8.48177e-06
0.0311	8.48481e-06
0.0312	8.48831e-06
0.0313	8.49213e-06
0.0314	8.49614e-06
0.0315	8.50021e-06
0.0316	8.50421e-06
0.0317	8.50799e-06
0.0318	8.51145e-06
0.0319	8.51448e-06
0.032	8.517e-06
0.0321	8.51892e-06
0.0322	8.52021e-06
0.0323	8.52085e-06
0.0324	8.52082e-06
0.0325	8.52016e-06
0.0326	8.5189e-06
0.0327	8.51709e-06
0.0328	8.51482e-06
0.0329	8.51216e-06
0.033	8.50923e-06
0.0331	8.50611e-06
0.0332	8.50291e-06
0.0333	8.49975e-06
0.0334	8.49673e-06
0.0335	8.49393e-06
0.0336	8.49145e-06
0.0337	8.48936e-06
0.0338	8.48772e-06
0.0339	8.48656e-06
0.034	8.48591e-06
0.0341	8.48579e-06
0.0342	8.48617e-06
0.0343	8.48703e-06
0.0344	8.48833e-06
0.0345	8.49002e-06
0.0346	8.49203e-06
0.0347	8.49428e-06
0.0348	8.4967e-06
0.0349	8.4992e-06
0.035	8.5017e-06
0.0351	8.50412e-06
0.0352	8.50638e-06
0.0353	8.5084e-06
0.0354	8.51014e-06
0.0355	8.51153e-06
0.0356	8.51255e-06
0.0357	8.51318e-06
0.0358	8.51339e-06
0.0359	8.51321e-06
0.036	8.51263e-06
0.0361	8.5117e-06
0.0362	8.51045e-06
0.0363	8.50894e-06
0.0364	8.50722e-06
0.0365	8.50534e-06
0.0366	8.50339e-06
0.0367	8.50142e-06
0.0368	8.4995e-06
0.0369	8.49769e-06
0.037	8.49604e-06
0.0371	8.49461e-06
0.0372	8.49344e-06
0.0373	8.49255e-06
0.0374	8.49198e-06
0.0375	8.49172e-06
0.0376	8.49178e-06
0.0377	8.49214e-06
0.0378	8.4928e-06
0.0379	8.49371e-06
0.038	8.49484e-06
0.0381	8.49615e-06
0.0382	8.4976e-06
0.0383	8.49912e-06
0.0384	8.50067e-06
0.0385	8.50219e-06
0.0386	8.50364e-06
0.0387	8.50498e-06
0.0388	8.50615e-06
0.0389	8.50714e-06
0.039	8.5079e-06
0.0391	8.50842e-06
0.0392	8.5087e-06
0.0393	8.50872e-06
0.0394	8.5085e-06
0.0395	8.50805e-06
0.0396	8.50738e-06
0.0397	8.50654e-06
0.0398	8.50554e-06
0.0399	8.50443e-06
0.04	8.50325e-06
0.0401	8.50204e-06
0.0402	8.50083e-06
0.0403	8.49967e-06
0.0404	8.49859e-06
0.0405	8.49763e-06
0.0406	8.49682e-06
0.0407	8.49617e-06
0.0408	8.49571e-06
0.0409	8.49543e-06
0.041	8.49536e-06
0.0411	8.49548e-06
0.0412	8.49579e-06
0.0413	8.49626e-06
0.0414	8.49689e-06
0.0415	8.49764e-06
0.0416	8.49849e-06
0.0417	8.4994e-06
0.0418	8.50035e-06
0.0419	8.50131e-06
0.042	8.50223e-06
0.0421	8.5031e-06
0.0422	8.50388e-06
0.0423	8.50455e-06
0.0424	8.5051e-06
0.0425	8.50551e-06
0.0426	8.50577e-06
0.0427	8.50587e-06
0.0428	8.50582e-06
0.0429	8.50561e-06
0.043	8.50528e-06
0.0431	8.50482e-06
0.0432	8.50425e-06
0.0433	8.50361e-06
0.0434	8.5029e-06
0.0435	8.50216e-06
0.0436	8.50141e-06
0.0437	8.50067e-06
0.0438	8.49998e-06
0.0439	8.49934e-06
0.044	8.49879e-06
0.0441	8.49833e-06
0.0442	8.49798e-06
0.0443	8.49774e-06
0.0444	8.49763e-06
0.0445	8.49763e-06
0.0446	8.49776e-06
0.0447	8.498e-06
0.0448	8.49833e-06
0.0449	8.49875e-06
0.045	8.49924e-06
0.0451	8.49979e-06
0.0452	8.50036e-06
0.0453	8.50095e-06
0.0454	8.50154e-06
0.0455	8.50209e-06
0.0456	8.50261e-06
0.0457	8.50306e-06
0.0458	8.50345e-06
0.0459	8.50375e-06
0.046	8.50396e-06
0.0461	8.50407e-06
0.0462	8.50409e-06
0.0463	8.50402e-06
0.0464	8.50386e-06
0.0465	8.50362e-06
0.0466	8.5033e-06
0.0467	8.50293e-06
0.0468	8.50252e-06
0.0469	8.50207e-06
0.047	8.50161e-06
0.0471	8.50115e-06
0.0472	8.5007e-06
0.0473	8.50029e-06
0.0474	8.49992e-06
0.0475	8.4996e-06
0.0476	8.49934e-06
0.0477	8.49916e-06
0.0478	8.49904e-06
0.0479	8.49901e-06
0.048	8.49904e-06
0.0481	8.49915e-06
0.0482	8.49933e-06
0.0483	8.49956e-06
0.0484	8.49984e-06
0.0485	8.50016e-06
0.0486	8.5005e-06
0.0487	8.50086e-06
0.0488	8.50122e-06
0.0489	8.50158e-06
0.049	8.50191e-06
0.0491	8.50221e-06
0.0492	8.50248e-06
0.0493	8.50269e-06
0.0494	8.50285e-06
0.0495	8.50296e-06
0.0496	8.503e-06
0.0497	8.50299e-06
0.0498	8.50292e-06
0.0499	8.5028e-06
0.05	8.50263e-06
0.0501	8.50242e-06
0.0502	8.50218e-06
0.0503	8.50191e-06
0.0504	8.50163e-06
0.0505	8.50134e-06
0.0506	8.50106e-06
0.0507	8.5008e-06
0.0508	8.50055e-06
0.0509	8.50034e-06
0.051	8.50016e-06
0.0511	8.50002e-06
0.0512	8.49992e-06
0.0513	8.49987e-06
0.0514	8.49987e-06
0.0515	8.49991e-06
0.0516	8.5e-06
0.0517	8.50012e-06
0.0518	8.50028e-06
0.0519	8.50046e-06
0.052	8.50067e-06
0.0521	8.50088e-06
0.0522	8.50111e-06
0.0523	8.50133e-06
0.0524	8.50154e-06
0.0525	8.50174e-06
0.0526	8.50192e-06
0.0527	8.50207e-06
0.0528	8.50219e-06
0.0529	8.50227e-06
0.053	8.50232e-06
0.0531	8.50233e-06
