/*--------------------------------*- C++ -*----------------------------------*\
| =========                 |                                                 |
| \\      /  F ield         | OpenFOAM: The Open Source CFD Toolbox           |
|  \\    /   O peration     | Version:  2112                                  |
|   \\  /    A nd           | Website:  www.openfoam.com                      |
|    \\/     M anipulation  |                                                 |
\*---------------------------------------------------------------------------*/
FoamFile
{
    version     2.0;
    format      ascii;
    arch        "LSB;label=32;scalar=64";
    class       surfaceScalarField;
    location    "0.03";
    object      phi;
}
// * * * * * * * * * * * * * * * * * * * * * * * * * * * * * * * * * * * * * //

dimensions      [0 3 -1 0 0 0 0];

oriented        oriented;

internalField   nonuniform List<scalar> 
3653
(
9.91835e-07
8.16493e-09
9.78904e-07
1.29314e-08
9.67269e-07
1.16349e-08
9.59289e-07
7.97995e-09
9.54116e-07
5.17233e-09
9.50653e-07
3.46383e-09
9.48259e-07
2.39411e-09
9.46478e-07
1.78097e-09
9.44974e-07
1.50391e-09
9.43557e-07
1.41624e-09
9.4212e-07
1.43721e-09
9.40583e-07
1.53735e-09
9.38877e-07
1.70632e-09
9.36934e-07
1.94286e-09
9.34685e-07
2.24854e-09
9.3205e-07
2.63469e-09
9.28933e-07
3.11696e-09
9.25218e-07
3.71575e-09
9.20754e-07
4.46421e-09
9.15351e-07
5.40242e-09
9.08748e-07
6.60308e-09
9.00627e-07
8.12083e-09
8.90397e-07
1.02307e-08
8.7765e-07
1.27468e-08
8.60322e-07
1.73278e-08
8.39099e-07
2.12228e-08
8.04366e-07
3.47331e-08
7.64665e-07
3.9701e-08
6.78669e-07
8.59956e-08
9.87679e-08
5.79902e-07
1.00313e-06
5.03567e-09
1.00652e-06
9.5448e-09
1.00803e-06
1.0117e-08
1.00771e-06
8.30041e-09
1.00663e-06
6.25376e-09
1.00537e-06
4.72825e-09
1.00405e-06
3.7079e-09
1.00274e-06
3.09827e-09
1.00143e-06
2.80619e-09
1.00011e-06
2.7358e-09
9.98724e-07
2.82813e-09
9.97206e-07
3.0548e-09
9.95509e-07
3.40324e-09
9.93573e-07
3.8794e-09
9.9133e-07
4.4914e-09
9.88705e-07
5.25967e-09
9.85606e-07
6.21557e-09
9.81922e-07
7.40008e-09
9.77511e-07
8.8746e-09
9.72195e-07
1.07188e-08
9.65744e-07
1.30542e-08
9.57839e-07
1.60254e-08
9.48102e-07
1.99678e-08
9.35867e-07
2.49819e-08
9.20692e-07
3.25027e-08
9.00906e-07
4.10092e-08
8.77097e-07
5.85419e-08
8.46457e-07
7.03407e-08
8.14905e-07
1.17548e-07
1.32198e-07
7.81475e-07
1.00217e-06
2.86985e-09
1.00481e-06
6.89747e-09
1.00651e-06
8.42094e-09
1.00682e-06
7.98472e-09
1.00631e-06
6.77253e-09
1.00545e-06
5.58573e-09
1.00445e-06
4.71035e-09
1.00338e-06
4.16641e-09
1.00227e-06
3.91544e-09
1.0011e-06
3.90224e-09
9.99846e-07
4.08408e-09
9.98459e-07
4.44219e-09
9.96894e-07
4.96797e-09
9.95104e-07
5.67023e-09
9.93029e-07
6.5658e-09
9.90605e-07
7.68372e-09
9.87753e-07
9.06748e-09
9.84377e-07
1.07764e-08
9.80361e-07
1.28901e-08
9.75564e-07
1.55161e-08
9.69807e-07
1.88115e-08
9.62861e-07
2.29708e-08
9.54488e-07
2.83414e-08
9.44279e-07
3.5191e-08
9.32191e-07
4.45899e-08
9.17028e-07
5.61725e-08
9.01115e-07
7.44555e-08
8.78334e-07
9.31214e-08
8.62946e-07
1.32936e-07
1.59522e-07
8.35623e-07
1.00102e-06
1.84985e-09
1.00268e-06
5.23435e-09
1.00401e-06
7.09511e-09
1.00466e-06
7.33636e-09
1.00472e-06
6.7099e-09
1.00439e-06
5.91376e-09
1.00382e-06
5.28194e-09
1.00309e-06
4.90035e-09
1.00224e-06
4.76586e-09
1.00128e-06
4.85944e-09
1.0002e-06
5.15912e-09
9.98989e-07
5.65656e-09
9.97602e-07
6.35523e-09
9.96006e-07
7.26637e-09
9.94157e-07
8.41501e-09
9.91998e-07
9.84216e-09
9.8947e-07
1.15959e-08
9.865e-07
1.37466e-08
9.82999e-07
1.63904e-08
9.78866e-07
1.96498e-08
9.73984e-07
2.36932e-08
9.68217e-07
2.87374e-08
9.61446e-07
3.51125e-08
9.53487e-07
4.31501e-08
9.44431e-07
5.36463e-08
9.33956e-07
6.66471e-08
9.23502e-07
8.49102e-08
9.11674e-07
1.04949e-07
9.06488e-07
1.38121e-07
1.63653e-07
9.02357e-07
1.00062e-06
1.23113e-09
1.00179e-06
4.05952e-09
1.00288e-06
6.01182e-09
1.00356e-06
6.65281e-09
1.00382e-06
6.44839e-09
1.00375e-06
5.98706e-09
1.00344e-06
5.59341e-09
1.00295e-06
5.38774e-09
1.00232e-06
5.39246e-09
1.00157e-06
5.60959e-09
1.0007e-06
6.03656e-09
9.99682e-07
6.67042e-09
9.98512e-07
7.52539e-09
9.97154e-07
8.62364e-09
9.95579e-07
9.99074e-09
9.9375e-07
1.16712e-08
9.91621e-07
1.37243e-08
9.89141e-07
1.62267e-08
9.86255e-07
1.92766e-08
9.82904e-07
2.30003e-08
9.79031e-07
2.75664e-08
9.74579e-07
3.31898e-08
9.69535e-07
4.01561e-08
9.63887e-07
4.87986e-08
9.57911e-07
5.96219e-08
9.51564e-07
7.29938e-08
9.46481e-07
8.99931e-08
9.41602e-07
1.09829e-07
9.42815e-07
1.36908e-07
1.63291e-07
9.43177e-07
1.00039e-06
8.45592e-10
1.00125e-06
3.19681e-09
1.00215e-06
5.11505e-09
1.00282e-06
5.97793e-09
1.0032e-06
6.06402e-09
1.00332e-06
5.87016e-09
1.00322e-06
5.69255e-09
1.00295e-06
5.65926e-09
1.00253e-06
5.80935e-09
1.00199e-06
6.15122e-09
1.00133e-06
6.69891e-09
1.00054e-06
7.46449e-09
9.99602e-07
8.45903e-09
9.98518e-07
9.7076e-09
9.9726e-07
1.12485e-08
9.95803e-07
1.31283e-08
9.94121e-07
1.54068e-08
9.92187e-07
1.816e-08
9.89979e-07
2.14851e-08
9.87473e-07
2.55065e-08
9.84659e-07
3.038e-08
9.8155e-07
3.62985e-08
9.78215e-07
4.34913e-08
9.74756e-07
5.22583e-08
9.71498e-07
6.28794e-08
9.68635e-07
7.58569e-08
9.67305e-07
9.13231e-08
9.67315e-07
1.09819e-07
9.72078e-07
1.32145e-07
1.55536e-07
9.79834e-07
1.00027e-06
5.71348e-10
1.00096e-06
2.51443e-09
1.00173e-06
4.33861e-09
1.0024e-06
5.3144e-09
1.00286e-06
5.60166e-09
1.00311e-06
5.61655e-09
1.00318e-06
5.62471e-09
1.0031e-06
5.74331e-09
1.00288e-06
6.02511e-09
1.00254e-06
6.49184e-09
1.00209e-06
7.15276e-09
1.00153e-06
8.0251e-09
1.00085e-06
9.1313e-09
1.00006e-06
1.05002e-08
9.99138e-07
1.21712e-08
9.98078e-07
1.41883e-08
9.96873e-07
1.66116e-08
9.95516e-07
1.95172e-08
9.94005e-07
2.29961e-08
9.9235e-07
2.7161e-08
9.90584e-07
3.2146e-08
9.88768e-07
3.8115e-08
9.87017e-07
4.5242e-08
9.8549e-07
5.37858e-08
9.84523e-07
6.38461e-08
9.84386e-07
7.59941e-08
9.85986e-07
8.97224e-08
9.89442e-07
1.06363e-07
9.971e-07
1.24487e-07
1.4512e-07
1.00752e-06
1.00021e-06
3.57069e-10
1.0008e-06
1.92952e-09
1.00151e-06
3.62292e-09
1.00218e-06
4.64873e-09
1.00271e-06
5.07278e-09
1.00308e-06
5.24431e-09
1.0033e-06
5.40487e-09
1.00338e-06
5.66364e-09
1.00334e-06
6.06512e-09
1.0032e-06
6.63504e-09
1.00296e-06
7.39029e-09
1.00263e-06
8.35167e-09
1.00222e-06
9.54346e-09
1.00173e-06
1.09948e-08
1.00115e-06
1.27444e-08
1.0005e-06
1.48382e-08
9.99782e-07
1.73338e-08
9.98998e-07
2.03008e-08
9.98174e-07
2.38203e-08
9.97344e-07
2.79907e-08
9.96568e-07
3.29224e-08
9.95934e-07
3.8749e-08
9.95582e-07
4.55935e-08
9.95697e-07
5.36714e-08
9.96593e-07
6.29503e-08
9.9857e-07
7.40162e-08
1.00231e-06
8.59784e-08
1.00808e-06
1.00598e-07
1.01739e-06
1.15175e-07
1.32844e-07
1.02967e-06
1.00018e-06
1.72677e-10
1.00072e-06
1.3924e-09
1.00142e-06
2.92177e-09
1.00212e-06
3.94966e-09
1.00273e-06
4.46926e-09
1.0032e-06
4.76909e-09
1.00355e-06
5.05604e-09
1.00378e-06
5.43025e-09
1.00391e-06
5.93458e-09
1.00395e-06
6.59358e-09
1.00392e-06
7.42454e-09
1.00382e-06
8.44895e-09
1.00367e-06
9.69365e-09
1.00348e-06
1.11897e-08
1.00325e-06
1.29724e-08
1.003e-06
1.50861e-08
1.00275e-06
1.75847e-08
1.00252e-06
2.05297e-08
1.00235e-06
2.39915e-08
1.00229e-06
2.80522e-08
1.00241e-06
3.27997e-08
1.00282e-06
3.83387e-08
1.00367e-06
4.47494e-08
1.00514e-06
5.22014e-08
1.0075e-06
6.0584e-08
1.01108e-06
7.04393e-08
1.01633e-06
8.07253e-08
1.02366e-06
9.32706e-08
1.03389e-06
1.04947e-07
1.19906e-07
1.04683e-06
1.00017e-06
9.97136e-13
1.0007e-06
8.61576e-10
1.00143e-06
2.19859e-09
1.00218e-06
3.19809e-09
1.00286e-06
3.78431e-09
1.00344e-06
4.18803e-09
1.00391e-06
4.58437e-09
1.00429e-06
5.05939e-09
1.00457e-06
5.64935e-09
1.00479e-06
6.37813e-09
1.00495e-06
7.264e-09
1.00507e-06
8.32712e-09
1.00517e-06
9.5945e-09
1.00526e-06
1.10964e-08
1.00537e-06
1.2867e-08
1.0055e-06
1.49484e-08
1.0057e-06
1.73885e-08
1.00599e-06
2.02395e-08
1.00642e-06
2.35614e-08
1.00705e-06
2.74204e-08
1.00797e-06
3.18842e-08
1.00928e-06
3.70318e-08
1.01112e-06
4.29085e-08
1.01368e-06
4.9642e-08
1.01718e-06
5.70807e-08
1.02192e-06
6.56951e-08
1.02821e-06
7.44369e-08
1.03647e-06
8.50167e-08
1.04705e-06
9.43658e-08
1.0675e-07
1.0602e-06
1.00017e-06
-1.69929e-10
1.00072e-06
3.084e-10
1.0015e-06
1.4219e-09
1.00233e-06
2.36703e-09
1.00311e-06
3.00537e-09
1.0038e-06
3.50371e-09
1.00438e-06
3.99958e-09
1.00488e-06
4.56375e-09
1.0053e-06
5.22533e-09
1.00567e-06
6.00627e-09
1.00601e-06
6.92518e-09
1.00634e-06
8.0006e-09
1.00667e-06
9.26005e-09
1.00704e-06
1.07326e-08
1.00745e-06
1.24506e-08
1.00795e-06
1.44525e-08
1.00856e-06
1.67792e-08
1.00932e-06
1.94756e-08
1.01029e-06
2.25914e-08
1.01153e-06
2.61782e-08
1.01313e-06
3.02857e-08
1.01519e-06
3.49714e-08
1.01784e-06
4.02554e-08
1.02126e-06
4.62288e-08
1.02561e-06
5.27238e-08
1.03118e-06
6.01309e-08
1.03814e-06
6.74793e-08
1.04688e-06
7.62781e-08
1.05752e-06
8.37257e-08
9.37782e-08
1.07049e-06
1.00018e-06
-3.53281e-10
1.00079e-06
-2.96874e-10
1.00165e-06
5.58841e-10
1.00258e-06
1.43559e-09
1.00346e-06
2.12571e-09
1.00425e-06
2.7209e-09
1.00493e-06
3.31371e-09
1.00554e-06
3.95939e-09
1.00608e-06
4.68136e-09
1.00659e-06
5.49725e-09
1.00709e-06
6.42654e-09
1.0076e-06
7.48967e-09
1.00815e-06
8.71217e-09
1.00876e-06
1.01222e-08
1.00946e-06
1.17506e-08
1.01028e-06
1.36311e-08
1.01126e-06
1.57983e-08
1.01244e-06
1.82907e-08
1.01389e-06
2.11482e-08
1.01566e-06
2.441e-08
1.01783e-06
2.81119e-08
1.02051e-06
3.22919e-08
1.02381e-06
3.69534e-08
1.02788e-06
4.21585e-08
1.03286e-06
4.77403e-08
1.03899e-06
5.401e-08
1.04634e-06
6.01264e-08
1.05528e-06
6.73376e-08
1.06575e-06
7.32555e-08
8.124e-08
1.07829e-06
1.00021e-06
-5.68009e-10
1.0009e-06
-9.8561e-10
1.00189e-06
-4.23683e-10
1.00294e-06
3.84337e-10
1.00392e-06
1.14094e-09
1.00479e-06
1.84896e-09
1.00556e-06
2.54508e-09
1.00625e-06
3.26819e-09
1.0069e-06
4.03955e-09
1.00752e-06
4.8743e-09
1.00815e-06
5.79261e-09
1.00882e-06
6.81874e-09
1.00956e-06
7.97677e-09
1.01039e-06
9.2937e-09
1.01134e-06
1.07984e-08
1.01245e-06
1.25205e-08
1.01376e-06
1.449e-08
1.01531e-06
1.67391e-08
1.01716e-06
1.92991e-08
1.01937e-06
2.21986e-08
1.02202e-06
2.54617e-08
1.0252e-06
2.91126e-08
1.02901e-06
3.31435e-08
1.03357e-06
3.75953e-08
1.039e-06
4.23115e-08
1.04548e-06
4.75343e-08
1.05304e-06
5.25643e-08
1.06199e-06
5.83846e-08
1.07218e-06
6.30645e-08
6.92824e-08
1.08414e-06
1.00027e-06
-8.4228e-10
1.0011e-06
-1.80953e-09
1.00224e-06
-1.56086e-09
1.00342e-06
-8.04742e-10
1.00451e-06
5.51006e-11
1.00545e-06
9.10483e-10
1.00627e-06
1.721e-09
1.00702e-06
2.5206e-09
1.00773e-06
3.32971e-09
1.00844e-06
4.16546e-09
1.00918e-06
5.05152e-09
1.00998e-06
6.01514e-09
1.01088e-06
7.08142e-09
1.0119e-06
8.27683e-09
1.01307e-06
9.6283e-09
1.01443e-06
1.11613e-08
1.01601e-06
1.29024e-08
1.01788e-06
1.48769e-08
1.02007e-06
1.71085e-08
1.02265e-06
1.96192e-08
1.02568e-06
2.24246e-08
1.02926e-06
2.55382e-08
1.03346e-06
2.8945e-08
1.03838e-06
3.267e-08
1.04412e-06
3.65737e-08
1.05081e-06
4.08452e-08
1.05846e-06
4.49163e-08
1.0673e-06
4.95354e-08
1.07717e-06
5.32002e-08
5.79505e-08
1.0885e-06
1.00039e-06
-1.23231e-09
1.00143e-06
-2.84922e-09
1.00277e-06
-2.90298e-09
1.0041e-06
-2.12895e-09
1.00525e-06
-1.09705e-09
1.00621e-06
-5.3788e-11
1.00706e-06
8.76584e-10
1.00782e-06
1.75402e-09
1.00857e-06
2.58695e-09
1.00933e-06
3.40321e-09
1.01015e-06
4.23342e-09
1.01105e-06
5.10853e-09
1.01208e-06
6.05685e-09
1.01325e-06
7.10433e-09
1.0146e-06
8.27566e-09
1.01617e-06
9.59318e-09
1.01799e-06
1.10799e-08
1.02011e-06
1.27563e-08
1.02258e-06
1.46388e-08
1.02546e-06
1.67437e-08
1.0288e-06
1.90805e-08
1.03269e-06
2.1656e-08
1.03718e-06
2.44529e-08
1.04236e-06
2.74848e-08
1.0483e-06
3.06333e-08
1.05511e-06
3.40423e-08
1.06276e-06
3.72621e-08
1.07145e-06
4.0846e-08
1.08099e-06
4.36633e-08
4.72169e-08
1.09172e-06
1.00061e-06
-1.83921e-09
1.00198e-06
-4.22092e-09
1.0036e-06
-4.51962e-09
1.00506e-06
-3.58903e-09
1.00622e-06
-2.26666e-09
1.00717e-06
-9.95051e-10
1.00795e-06
9.43536e-11
1.00866e-06
1.0388e-09
1.00939e-06
1.86252e-09
1.01016e-06
2.62701e-09
1.01103e-06
3.37076e-09
1.01201e-06
4.12922e-09
1.01313e-06
4.93328e-09
1.01443e-06
5.808e-09
1.01593e-06
6.77604e-09
1.01766e-06
7.85698e-09
1.01967e-06
9.06872e-09
1.022e-06
1.04273e-08
1.0247e-06
1.19454e-08
1.02781e-06
1.36343e-08
1.03139e-06
1.54993e-08
1.0355e-06
1.75423e-08
1.04021e-06
1.97467e-08
1.04557e-06
2.21185e-08
1.05164e-06
2.45639e-08
1.0585e-06
2.71862e-08
1.06611e-06
2.96456e-08
1.07463e-06
3.23332e-08
1.08386e-06
3.44332e-08
3.70068e-08
1.09407e-06
1.00103e-06
-2.86736e-09
1.00292e-06
-6.11254e-09
1.00482e-06
-6.41894e-09
1.00631e-06
-5.07836e-09
1.00738e-06
-3.34055e-09
1.00818e-06
-1.7939e-09
1.00883e-06
-5.59026e-10
1.00947e-06
4.02275e-10
1.01015e-06
1.18523e-09
1.01091e-06
1.8646e-09
1.01179e-06
2.49077e-09
1.01282e-06
3.10481e-09
1.01401e-06
3.73958e-09
1.0154e-06
4.41929e-09
1.01701e-06
5.16372e-09
1.01888e-06
5.98954e-09
1.02104e-06
6.91041e-09
1.02353e-06
7.93773e-09
1.02639e-06
9.08111e-09
1.02968e-06
1.03477e-08
1.03344e-06
1.17401e-08
1.03772e-06
1.32584e-08
1.04258e-06
1.48888e-08
1.04806e-06
1.66309e-08
1.05421e-06
1.84181e-08
1.06108e-06
2.03163e-08
1.06864e-06
2.20897e-08
1.07699e-06
2.39829e-08
1.08595e-06
2.5474e-08
2.72205e-08
1.09573e-06
1.00216e-06
-5.02483e-09
1.00505e-06
-9.00087e-09
1.00738e-06
-8.75472e-09
1.00863e-06
-6.32833e-09
1.00922e-06
-3.92877e-09
1.00959e-06
-2.16597e-09
1.00994e-06
-9.04044e-10
1.01035e-06
-6.51938e-12
1.01087e-06
6.65764e-10
1.01155e-06
1.1792e-09
1.01241e-06
1.6316e-09
1.01345e-06
2.06421e-09
1.01469e-06
2.50296e-09
1.01614e-06
2.96692e-09
1.01783e-06
3.47083e-09
1.01979e-06
4.02694e-09
1.02206e-06
4.64478e-09
1.02467e-06
5.33121e-09
1.02766e-06
6.09278e-09
1.03107e-06
6.93422e-09
1.03495e-06
7.85596e-09
1.03935e-06
8.85663e-09
1.04432e-06
9.92739e-09
1.04988e-06
1.1066e-08
1.05607e-06
1.22309e-08
1.06293e-06
1.34534e-08
1.07042e-06
1.46013e-08
1.07864e-06
1.57635e-08
1.08737e-06
1.67422e-08
1.77161e-08
1.09688e-06
1.00313e-06
-8.15687e-09
1.00678e-06
-1.26459e-08
1.00896e-06
-1.09415e-08
1.00963e-06
-6.9913e-09
1.00971e-06
-4.01399e-09
1.00973e-06
-2.18683e-09
1.00983e-06
-9.98607e-10
1.01006e-06
-2.42878e-10
1.01052e-06
2.14179e-10
1.01117e-06
5.25415e-10
1.01202e-06
7.78577e-10
1.01308e-06
1.00846e-09
1.01435e-06
1.23313e-09
1.01585e-06
1.46657e-09
1.0176e-06
1.71785e-09
1.01963e-06
1.99338e-09
1.02198e-06
2.29862e-09
1.02467e-06
2.63711e-09
1.02776e-06
3.01155e-09
1.03127e-06
3.42423e-09
1.03525e-06
3.87528e-09
1.03974e-06
4.36361e-09
1.04478e-06
4.88513e-09
1.05041e-06
5.43763e-09
1.05664e-06
6.00173e-09
1.06351e-06
6.58797e-09
1.07096e-06
7.14496e-09
1.07906e-06
7.66718e-09
1.08767e-06
8.13161e-09
8.43649e-09
1.09695e-06
9.91843e-07
9.79197e-07
9.68256e-07
9.61264e-07
9.5725e-07
9.55064e-07
9.54065e-07
9.53822e-07
9.54036e-07
9.54562e-07
9.5534e-07
9.56349e-07
9.57582e-07
9.59048e-07
9.60766e-07
9.6276e-07
9.65058e-07
9.67695e-07
9.70707e-07
9.74131e-07
9.78006e-07
9.8237e-07
9.87255e-07
9.92693e-07
9.98695e-07
1.00528e-06
1.01243e-06
1.02009e-06
1.02823e-06
1.03666e-06
6.511e-07
-7.11981e-08
7.22995e-07
-7.18956e-08
7.72561e-07
-4.9566e-08
8.1043e-07
-3.78687e-08
8.48991e-07
-3.85607e-08
8.73788e-07
-2.47978e-08
9.71351e-07
-9.75623e-08
9.45291e-07
2.60594e-08
1.22677e-06
-2.81482e-07
-2.28256e-07
1.45503e-06
8.1687e-07
-1.06593e-07
8.4254e-07
-9.75661e-08
8.72893e-07
-7.99189e-08
8.91924e-07
-5.68995e-08
9.41544e-07
-8.81813e-08
9.66141e-07
-4.93947e-08
1.00797e-06
-1.39393e-07
1.17689e-06
-1.42862e-07
1.13133e-06
-2.3592e-07
-3.90181e-07
1.29326e-06
8.56876e-07
-1.27846e-07
8.80072e-07
-1.20763e-07
9.07462e-07
-1.07308e-07
9.46175e-07
-9.56129e-08
9.75582e-07
-1.17588e-07
1.02129e-06
-9.51033e-08
1.08197e-06
-2.00076e-07
1.11107e-06
-1.71957e-07
1.1951e-06
-3.19949e-07
-4.82629e-07
1.28754e-06
9.20882e-07
-1.46371e-07
9.34634e-07
-1.34514e-07
9.53061e-07
-1.25735e-07
9.76179e-07
-1.18731e-07
9.92586e-07
-1.33995e-07
1.04471e-06
-1.47232e-07
1.03948e-06
-1.94836e-07
1.11117e-06
-2.43647e-07
1.13228e-06
-3.41059e-07
-4.47751e-07
1.0974e-06
9.51554e-07
-1.54748e-07
9.61681e-07
-1.44641e-07
9.76422e-07
-1.40477e-07
9.96714e-07
-1.39023e-07
1.02017e-06
-1.57447e-07
1.04126e-06
-1.68327e-07
1.07471e-06
-2.2829e-07
1.09304e-06
-2.61971e-07
1.09921e-06
-3.47233e-07
-4.60897e-07
1.11236e-06
9.86367e-07
-1.61281e-07
9.93884e-07
-1.52158e-07
1.00444e-06
-1.51032e-07
1.01928e-06
-1.53863e-07
1.03008e-06
-1.68245e-07
1.05146e-06
-1.8971e-07
1.05075e-06
-2.27581e-07
1.06417e-06
-2.75386e-07
1.06316e-06
-3.46227e-07
-4.24494e-07
1.02676e-06
1.00883e-06
-1.62596e-07
1.01217e-06
-1.55492e-07
1.01826e-06
-1.57122e-07
1.02633e-06
-1.6194e-07
1.03484e-06
-1.76752e-07
1.04272e-06
-1.97592e-07
1.04942e-06
-2.34281e-07
1.05068e-06
-2.7664e-07
1.03586e-06
-3.31407e-07
-3.97639e-07
1.009e-06
1.02855e-06
-1.61474e-07
1.02926e-06
-1.56211e-07
1.03142e-06
-1.59282e-07
1.03498e-06
-1.65496e-07
1.03639e-06
-1.78165e-07
1.03837e-06
-1.99567e-07
1.03454e-06
-2.30456e-07
1.02606e-06
-2.68162e-07
1.00855e-06
-3.13896e-07
-3.64639e-07
9.75553e-07
1.04259e-06
-1.57234e-07
1.03974e-06
-1.53365e-07
1.03748e-06
-1.5702e-07
1.036e-06
-1.64015e-07
1.03436e-06
-1.7653e-07
1.03093e-06
-1.96131e-07
1.02341e-06
-2.2294e-07
1.01065e-06
-2.55399e-07
9.88602e-07
-2.91852e-07
-3.3177e-07
9.55732e-07
1.05352e-06
-1.50549e-07
1.04794e-06
-1.47785e-07
1.04239e-06
-1.51468e-07
1.03736e-06
-1.58994e-07
1.03159e-06
-1.70754e-07
1.0236e-06
-1.88143e-07
1.01147e-06
-2.10809e-07
9.94111e-07
-2.3804e-07
9.70053e-07
-2.67795e-07
-2.99438e-07
9.37722e-07
1.06144e-06
-1.41498e-07
1.05325e-06
-1.396e-07
1.04505e-06
-1.43266e-07
1.03681e-06
-1.50752e-07
1.02753e-06
-1.61475e-07
1.01597e-06
-1.76587e-07
1.00082e-06
-1.95655e-07
9.81126e-07
-2.18346e-07
9.55807e-07
-2.42475e-07
-2.67713e-07
9.24082e-07
1.06716e-06
-1.30375e-07
1.05681e-06
-1.29243e-07
1.04636e-06
-1.32817e-07
1.03541e-06
-1.39804e-07
1.02325e-06
-1.49314e-07
1.0089e-06
-1.62239e-07
9.91348e-07
-1.78102e-07
9.69804e-07
-1.96802e-07
9.43708e-07
-2.1638e-07
-2.36606e-07
9.12601e-07
1.07125e-06
-1.17479e-07
1.059e-06
-1.16996e-07
1.04658e-06
-1.20399e-07
1.03341e-06
-1.26636e-07
1.01895e-06
-1.34856e-07
1.00246e-06
-1.45745e-07
9.83161e-07
-1.58803e-07
9.60452e-07
-1.74093e-07
9.33973e-07
-1.89901e-07
-2.06091e-07
9.03458e-07
1.07416e-06
-1.03142e-07
1.06032e-06
-1.03151e-07
1.0462e-06
-1.06279e-07
1.03123e-06
-1.11667e-07
1.01497e-06
-1.18599e-07
9.9684e-07
-1.27614e-07
9.76256e-07
-1.38219e-07
9.52738e-07
-1.50574e-07
9.26061e-07
-1.63223e-07
-1.76103e-07
8.96072e-07
1.07624e-06
-8.76569e-08
1.06106e-06
-8.79751e-08
1.04551e-06
-9.07314e-08
1.02911e-06
-9.52608e-08
1.01146e-06
-1.00955e-07
9.92098e-07
-1.08249e-07
9.70581e-07
-1.16701e-07
9.46519e-07
-1.26513e-07
9.19768e-07
-1.36472e-07
-1.4657e-07
8.90235e-07
1.07769e-06
-7.12769e-08
1.06144e-06
-7.1731e-08
1.04476e-06
-7.40516e-08
1.02724e-06
-7.77405e-08
1.00855e-06
-8.2266e-08
9.88278e-07
-8.79739e-08
9.66093e-07
-9.45164e-08
9.41659e-07
-1.02079e-07
9.14902e-07
-1.09715e-07
-1.17411e-07
8.85743e-07
1.07868e-06
-5.42284e-08
1.06164e-06
-5.46863e-08
1.04412e-06
-5.6532e-08
1.02578e-06
-5.93979e-08
1.00633e-06
-6.28151e-08
9.85397e-07
-6.7045e-08
9.62753e-07
-7.18721e-08
9.38064e-07
-7.73902e-08
9.11335e-07
-8.29852e-08
-8.85323e-08
8.82456e-07
1.0793e-06
-3.66541e-08
1.06168e-06
-3.70695e-08
1.0436e-06
-3.84511e-08
1.02471e-06
-4.05039e-08
1.00476e-06
-4.28654e-08
9.83403e-07
-4.56884e-08
9.60451e-07
-4.89203e-08
9.35578e-07
-5.25168e-08
9.08875e-07
-5.62824e-08
-5.97308e-08
8.80073e-07
1.07845e-06
-1.81601e-08
1.06017e-06
-1.87828e-08
1.04155e-06
-1.98299e-08
1.02212e-06
-2.10773e-08
1.00165e-06
-2.2393e-08
9.79841e-07
-2.38825e-08
9.56452e-07
-2.55311e-08
9.31244e-07
-2.7309e-08
9.04197e-07
-2.92357e-08
-3.08348e-08
8.75301e-07
1.0185e-06
9.9972e-07
9.7989e-07
9.58813e-07
9.3642e-07
9.12537e-07
8.87006e-07
8.59697e-07
8.30462e-07
7.99627e-07
-5.77686e-08
5.77686e-08
-3.35612e-08
-2.42075e-08
3.23296e-08
-6.58907e-08
1.36673e-07
-1.04343e-07
2.38095e-07
-1.01422e-07
3.26927e-07
-8.88323e-08
3.98347e-07
-7.14197e-08
4.53259e-07
-5.4912e-08
4.94696e-07
-4.14372e-08
5.2587e-07
-3.11741e-08
5.49471e-07
-2.36006e-08
5.67537e-07
-1.80661e-08
5.81547e-07
-1.40095e-08
5.92552e-07
-1.10052e-08
6.013e-07
-8.74863e-09
6.08329e-07
-7.02909e-09
6.14029e-07
-5.69999e-09
6.18688e-07
-4.65833e-09
6.2252e-07
-3.83222e-09
6.2569e-07
-3.17041e-09
6.28325e-07
-2.63504e-09
6.30524e-07
-2.19831e-09
6.32364e-07
-1.84004e-09
6.33909e-07
-1.5447e-09
6.35208e-07
-1.29971e-09
6.36304e-07
-1.09533e-09
6.37228e-07
-9.24155e-10
6.38008e-07
-7.8039e-10
6.38667e-07
-6.59292e-10
6.39224e-07
-5.5705e-10
6.39695e-07
-4.7052e-10
6.40092e-07
-3.97031e-10
6.40426e-07
-3.34252e-10
6.40707e-07
-2.80372e-10
6.40941e-07
-2.34075e-10
6.41134e-07
-1.92931e-10
6.41295e-07
-1.60903e-10
6.41417e-07
-1.22178e-10
6.41528e-07
-1.11084e-10
-6.51031e-11
-5.45867e-08
1.12355e-07
-3.51461e-08
-4.36481e-08
3.85256e-08
-1.39562e-07
1.57601e-07
-2.23419e-07
2.73412e-07
-2.17233e-07
3.72355e-07
-1.87775e-07
4.50293e-07
-1.49357e-07
5.09626e-07
-1.14246e-07
5.54319e-07
-8.61302e-08
5.88063e-07
-6.49176e-08
6.13772e-07
-4.93093e-08
6.33594e-07
-3.78881e-08
6.4907e-07
-2.94857e-08
6.61299e-07
-2.32345e-08
6.71069e-07
-1.85182e-08
6.78948e-07
-1.49087e-08
6.85357e-07
-1.21086e-08
6.90607e-07
-9.90813e-09
6.94933e-07
-8.15891e-09
6.98518e-07
-6.75467e-09
7.015e-07
-5.61737e-09
7.03991e-07
-4.68904e-09
7.06077e-07
-3.92656e-09
7.0783e-07
-3.29704e-09
7.09304e-07
-2.77451e-09
7.10548e-07
-2.33864e-09
7.11597e-07
-1.97367e-09
7.12484e-07
-1.66713e-09
7.13234e-07
-1.40889e-09
7.13867e-07
-1.19074e-09
7.14403e-07
-1.00596e-09
7.14855e-07
-8.48886e-10
7.15235e-07
-7.14809e-10
7.15554e-07
-5.99743e-10
7.15822e-07
-5.01213e-10
7.16042e-07
-4.13497e-10
7.16227e-07
-3.45373e-10
7.16367e-07
-2.6267e-10
7.16495e-07
-2.38776e-10
-1.39829e-10
-1.54564e-07
2.66919e-07
-1.30361e-07
-6.78509e-08
-4.50679e-10
-2.69473e-07
1.48015e-07
-3.71884e-07
2.82971e-07
-3.52189e-07
3.88239e-07
-2.93043e-07
4.66074e-07
-2.27192e-07
5.22941e-07
-1.71113e-07
5.64841e-07
-1.2803e-07
5.96232e-07
-9.6309e-08
6.20179e-07
-7.32566e-08
6.38752e-07
-5.64612e-08
6.53364e-07
-4.4097e-08
6.64998e-07
-3.48689e-08
6.74358e-07
-2.78777e-08
6.81952e-07
-2.25031e-08
6.88159e-07
-1.83161e-08
6.93265e-07
-1.50142e-08
6.97488e-07
-1.23814e-08
7.00995e-07
-1.02621e-08
7.0392e-07
-8.54222e-09
7.06368e-07
-7.13634e-09
7.08421e-07
-5.97997e-09
7.10148e-07
-5.02377e-09
7.11602e-07
-4.22925e-09
7.1283e-07
-3.56618e-09
7.13867e-07
-3.01071e-09
7.14744e-07
-2.54387e-09
7.15485e-07
-2.15043e-09
7.16113e-07
-1.81797e-09
7.16643e-07
-1.53623e-09
7.17091e-07
-1.29662e-09
7.17468e-07
-1.0921e-09
7.17785e-07
-9.16576e-10
7.1805e-07
-7.66387e-10
7.18269e-07
-6.32604e-10
7.18452e-07
-5.28716e-10
7.18592e-07
-4.0262e-10
7.18719e-07
-3.65711e-10
-2.13818e-10
-1.35852e-07
4.02771e-07
-1.65815e-07
-3.78882e-08
-1.52014e-08
-4.20086e-07
1.55873e-07
-5.42959e-07
3.094e-07
-5.05716e-07
4.19359e-07
-4.03003e-07
4.93857e-07
-3.0169e-07
5.44923e-07
-2.22179e-07
5.81296e-07
-1.64403e-07
6.08293e-07
-1.23306e-07
6.28997e-07
-9.39606e-08
6.45248e-07
-7.27121e-08
6.58209e-07
-5.70588e-08
6.68667e-07
-4.5326e-08
6.77177e-07
-3.63878e-08
6.8415e-07
-2.94766e-08
6.89897e-07
-2.40625e-08
6.94655e-07
-1.97726e-08
6.98612e-07
-1.63383e-08
7.01914e-07
-1.3564e-08
7.04678e-07
-1.1306e-08
7.06997e-07
-9.45602e-09
7.08949e-07
-7.93127e-09
7.10593e-07
-6.66818e-09
7.11981e-07
-5.61713e-09
7.13154e-07
-4.739e-09
7.14146e-07
-4.00274e-09
7.14985e-07
-3.38352e-09
7.15696e-07
-2.8613e-09
7.16298e-07
-2.41972e-09
7.16807e-07
-2.04527e-09
7.17237e-07
-1.72665e-09
7.176e-07
-1.45461e-09
7.17904e-07
-1.22111e-09
7.18159e-07
-1.02132e-09
7.1837e-07
-8.43323e-10
7.18546e-07
-7.05006e-10
7.18681e-07
-5.37282e-10
7.18803e-07
-4.87561e-10
-2.84741e-10
-3.23968e-07
7.26739e-07
-2.36036e-07
-1.25821e-07
9.9191e-09
-6.6604e-07
2.06894e-07
-7.39934e-07
3.66664e-07
-6.65486e-07
4.70746e-07
-5.07085e-07
5.34569e-07
-3.65513e-07
5.7498e-07
-2.62589e-07
6.02889e-07
-1.92312e-07
6.23772e-07
-1.44189e-07
6.40206e-07
-1.10394e-07
6.53488e-07
-8.59949e-08
6.64369e-07
-6.79398e-08
6.73346e-07
-5.43028e-08
6.80785e-07
-4.38266e-08
6.8697e-07
-3.56614e-08
6.92126e-07
-2.92191e-08
6.96437e-07
-2.4083e-08
7.00049e-07
-1.99501e-08
7.03082e-07
-1.65971e-08
7.05634e-07
-1.3858e-08
7.07785e-07
-1.16069e-08
7.096e-07
-9.74703e-09
7.11135e-07
-8.20288e-09
7.12433e-07
-6.91557e-09
7.13533e-07
-5.83852e-09
7.14465e-07
-4.93443e-09
7.15254e-07
-4.17328e-09
7.15924e-07
-3.53077e-09
7.16491e-07
-2.987e-09
7.16971e-07
-2.52554e-09
7.17377e-07
-2.13266e-09
7.1772e-07
-1.79709e-09
7.18008e-07
-1.50897e-09
7.18249e-07
-1.26238e-09
7.18448e-07
-1.04266e-09
7.18615e-07
-8.71772e-10
7.18742e-07
-6.64671e-10
7.18857e-07
-6.02696e-10
-3.51702e-10
-1.07222e-07
8.33961e-07
1.48554e-07
-3.81596e-07
3.25309e-07
-8.42795e-07
4.42882e-07
-8.57507e-07
5.10567e-07
-7.33171e-07
5.59968e-07
-5.56485e-07
5.92042e-07
-3.97587e-07
6.1297e-07
-2.83518e-07
6.28696e-07
-2.08038e-07
6.41804e-07
-1.57297e-07
6.53151e-07
-1.21741e-07
6.63014e-07
-9.58583e-08
6.7153e-07
-7.6456e-08
6.78827e-07
-6.15994e-08
6.85043e-07
-5.00427e-08
6.9032e-07
-4.09389e-08
6.94792e-07
-3.36911e-08
6.98579e-07
-2.7869e-08
7.01783e-07
-2.31549e-08
7.04497e-07
-1.93108e-08
7.06796e-07
-1.61567e-08
7.08744e-07
-1.35552e-08
7.10396e-07
-1.13992e-08
7.11798e-07
-9.60462e-09
7.12988e-07
-8.10541e-09
7.13998e-07
-6.84883e-09
7.14856e-07
-5.79246e-09
7.15585e-07
-4.90197e-09
7.16203e-07
-4.14944e-09
7.16728e-07
-3.51196e-09
7.17173e-07
-2.97048e-09
7.1755e-07
-2.50916e-09
7.17868e-07
-2.11492e-09
7.18135e-07
-1.7763e-09
7.18359e-07
-1.48637e-09
7.18544e-07
-1.22796e-09
7.18699e-07
-1.02683e-09
7.18818e-07
-7.83114e-10
7.18925e-07
-7.09689e-10
-4.13917e-10
4.97039e-07
3.36921e-07
8.05491e-07
-6.90048e-07
9.82606e-07
-1.01991e-06
9.37253e-07
-8.12154e-07
8.04367e-07
-6.00285e-07
7.11059e-07
-4.63177e-07
6.69424e-07
-3.55952e-07
6.56923e-07
-2.71018e-07
6.56538e-07
-2.07652e-07
6.60853e-07
-1.61613e-07
6.66863e-07
-1.27751e-07
6.73224e-07
-1.02219e-07
6.7931e-07
-8.25427e-08
6.84858e-07
-6.71467e-08
6.89781e-07
-5.49659e-08
6.94084e-07
-4.52419e-08
6.9781e-07
-3.74175e-08
7.01019e-07
-3.10773e-08
7.0377e-07
-2.59069e-08
7.06125e-07
-2.16658e-08
7.08138e-07
-1.8169e-08
7.09855e-07
-1.52728e-08
7.1132e-07
-1.28642e-08
7.1257e-07
-1.08537e-08
7.13634e-07
-9.17002e-09
7.14541e-07
-7.75589e-09
7.15314e-07
-6.56501e-09
7.15971e-07
-5.55965e-09
7.16531e-07
-4.70897e-09
7.17007e-07
-3.98752e-09
7.1741e-07
-3.37413e-09
7.17752e-07
-2.85112e-09
7.18041e-07
-2.4039e-09
7.18284e-07
-2.01957e-09
7.18488e-07
-1.69035e-09
7.18657e-07
-1.39681e-09
7.18799e-07
-1.16817e-09
7.18907e-07
-8.91085e-10
7.19004e-07
-8.07203e-10
-4.70602e-10
1.53489e-06
2.57058e-07
1.50972e-06
-6.64875e-07
1.45064e-06
-9.6083e-07
1.33139e-06
-6.92904e-07
1.13599e-06
-4.04886e-07
9.42443e-07
-2.6963e-07
8.15563e-07
-2.29071e-07
7.50906e-07
-2.06361e-07
7.23983e-07
-1.8073e-07
7.15645e-07
-1.53274e-07
7.15351e-07
-1.27457e-07
7.18157e-07
-1.05025e-07
7.21969e-07
-8.63547e-08
7.25934e-07
-7.11118e-08
7.29708e-07
-5.87391e-08
7.33154e-07
-4.86887e-08
7.36234e-07
-4.04968e-08
7.38947e-07
-3.37907e-08
7.41317e-07
-2.82766e-08
7.43374e-07
-2.37229e-08
7.45152e-07
-1.99471e-08
7.46684e-07
-1.68048e-08
7.48001e-07
-1.41811e-08
7.49131e-07
-1.19836e-08
7.50099e-07
-1.01382e-08
7.50927e-07
-8.58446e-09
7.51636e-07
-7.27333e-09
7.52241e-07
-6.16453e-09
7.52757e-07
-5.22492e-09
7.53196e-07
-4.42702e-09
7.5357e-07
-3.74786e-09
7.53887e-07
-3.16824e-09
7.54155e-07
-2.67223e-09
7.54381e-07
-2.24571e-09
7.54571e-07
-1.88014e-09
7.54728e-07
-1.55402e-09
7.5486e-07
-1.29982e-09
7.54961e-07
-9.9167e-10
7.55052e-07
-8.98102e-10
-5.23438e-10
1.45527e-06
9.50436e-08
1.04815e-06
-2.57758e-07
5.56311e-07
-4.68987e-07
4.51038e-07
-5.87631e-07
5.37919e-07
-4.91767e-07
6.32898e-07
-3.64609e-07
6.87312e-07
-2.83485e-07
7.11936e-07
-2.30985e-07
7.21469e-07
-1.90263e-07
7.24857e-07
-1.56662e-07
7.26596e-07
-1.29196e-07
7.28388e-07
-1.06818e-07
7.30554e-07
-8.85204e-08
7.32964e-07
-7.35219e-08
7.35432e-07
-6.12075e-08
7.37822e-07
-5.10786e-08
7.40053e-07
-4.27277e-08
7.42086e-07
-3.58233e-08
7.43907e-07
-3.00979e-08
7.4552e-07
-2.53361e-08
7.46937e-07
-2.13639e-08
7.48174e-07
-1.80414e-08
7.49248e-07
-1.52553e-08
7.50177e-07
-1.29134e-08
7.5098e-07
-1.09406e-08
7.51671e-07
-9.27524e-09
7.52264e-07
-7.86679e-09
7.52773e-07
-6.67344e-09
7.53209e-07
-5.66053e-09
7.53581e-07
-4.79915e-09
7.53898e-07
-4.06508e-09
7.54168e-07
-3.43795e-09
7.54396e-07
-2.90086e-09
7.54589e-07
-2.43869e-09
7.54751e-07
-2.0423e-09
7.54886e-07
-1.68847e-09
7.54999e-07
-1.41249e-09
7.55085e-07
-1.07779e-09
7.55163e-07
-9.7597e-10
-5.68736e-10
1.38009e-06
2.49801e-09
1.30557e-06
-1.83237e-07
1.18329e-06
-3.46709e-07
1.01161e-06
-4.1595e-07
8.97038e-07
-3.77193e-07
8.35146e-07
-3.02717e-07
7.9613e-07
-2.44469e-07
7.69394e-07
-2.04249e-07
7.52934e-07
-1.73802e-07
7.44292e-07
-1.4802e-07
7.40392e-07
-1.25296e-07
7.39078e-07
-1.05503e-07
7.39158e-07
-8.85999e-08
7.39987e-07
-7.4351e-08
7.41198e-07
-6.24186e-08
7.42572e-07
-5.24529e-08
7.43978e-07
-4.41337e-08
7.45339e-07
-3.7184e-08
7.46611e-07
-3.13705e-08
7.47775e-07
-2.64996e-08
7.48822e-07
-2.24111e-08
7.49754e-07
-1.89731e-08
7.50576e-07
-1.60771e-08
7.51296e-07
-1.36335e-08
7.51924e-07
-1.15684e-08
7.52469e-07
-9.82025e-09
7.5294e-07
-8.33826e-09
7.53347e-07
-7.08004e-09
7.53696e-07
-6.01023e-09
7.53996e-07
-5.09909e-09
7.54253e-07
-4.3216e-09
7.54472e-07
-3.65669e-09
7.54657e-07
-3.08674e-09
7.54815e-07
-2.59591e-09
7.54947e-07
-2.17463e-09
7.55057e-07
-1.79832e-09
7.55149e-07
-1.50465e-09
7.55219e-07
-1.14827e-09
7.55283e-07
-1.03975e-09
-6.05881e-10
1.08687e-06
1.3023e-08
1.08109e-06
-1.77459e-07
1.02779e-06
-2.93402e-07
9.30191e-07
-3.18354e-07
8.43969e-07
-2.90971e-07
7.9723e-07
-2.55978e-07
7.76877e-07
-2.24117e-07
7.67017e-07
-1.94389e-07
7.60215e-07
-1.67e-07
7.54811e-07
-1.42617e-07
7.50897e-07
-1.21382e-07
7.48445e-07
-1.03051e-07
7.47171e-07
-8.73256e-08
7.46734e-07
-7.3914e-08
7.46845e-07
-6.253e-08
7.4729e-07
-5.28982e-08
7.47921e-07
-4.4764e-08
7.48637e-07
-3.79e-08
7.49374e-07
-3.21081e-08
7.50093e-07
-2.72189e-08
7.50771e-07
-2.30889e-08
7.51395e-07
-1.95971e-08
7.5196e-07
-1.66422e-08
7.52466e-07
-1.41391e-08
7.52914e-07
-1.20164e-08
7.53308e-07
-1.02144e-08
7.53653e-07
-8.68287e-09
7.53952e-07
-7.3799e-09
7.54212e-07
-6.27e-09
7.54436e-07
-5.32324e-09
7.54629e-07
-4.51429e-09
7.54794e-07
-3.82172e-09
7.54935e-07
-3.22748e-09
7.55054e-07
-2.71531e-09
7.55155e-07
-2.27538e-09
7.55239e-07
-1.88211e-09
7.55309e-07
-1.57506e-09
7.55363e-07
-1.20218e-09
7.55412e-07
-1.08861e-09
-6.34378e-10
1.14676e-06
-2.13752e-08
1.07919e-06
-1.09895e-07
9.80956e-07
-1.95167e-07
9.0748e-07
-2.44877e-07
8.63352e-07
-2.46843e-07
8.3355e-07
-2.26176e-07
8.09385e-07
-1.99952e-07
7.90496e-07
-1.755e-07
7.7696e-07
-1.53464e-07
7.67703e-07
-1.33359e-07
7.61482e-07
-1.15161e-07
7.57378e-07
-9.89479e-08
7.54758e-07
-8.47053e-08
7.53171e-07
-7.23272e-08
7.52294e-07
-6.16531e-08
7.51895e-07
-5.24987e-08
7.51808e-07
-4.46768e-08
7.51917e-07
-3.80095e-08
7.52143e-07
-3.23345e-08
7.52433e-07
-2.75081e-08
7.52749e-07
-2.3405e-08
7.53069e-07
-1.9917e-08
7.53378e-07
-1.69514e-08
7.53668e-07
-1.44291e-08
7.53934e-07
-1.22827e-08
7.54175e-07
-1.04552e-08
7.5439e-07
-8.89806e-09
7.54581e-07
-7.57041e-09
7.54748e-07
-6.43737e-09
7.54894e-07
-5.46932e-09
7.55021e-07
-4.64106e-09
7.5513e-07
-3.93115e-09
7.55224e-07
-3.32142e-09
7.55304e-07
-2.79544e-09
7.55372e-07
-2.34328e-09
7.55429e-07
-1.93879e-09
7.55477e-07
-1.62285e-09
7.55513e-07
-1.23883e-09
7.55547e-07
-1.12191e-09
-6.53848e-10
1.021e-06
-1.5621e-08
1.00996e-06
-9.88515e-08
9.76035e-07
-1.61241e-07
9.24139e-07
-1.92981e-07
8.77045e-07
-1.99749e-07
8.41539e-07
-1.9067e-07
8.17153e-07
-1.75566e-07
7.99877e-07
-1.58223e-07
7.87062e-07
-1.40649e-07
7.77491e-07
-1.23789e-07
7.7044e-07
-1.0811e-07
7.65337e-07
-9.38448e-08
7.61711e-07
-8.10797e-08
7.59184e-07
-6.98002e-08
7.5746e-07
-5.99289e-08
7.56313e-07
-5.13522e-08
7.55577e-07
-4.39401e-08
7.55126e-07
-3.75593e-08
7.54874e-07
-3.20816e-08
7.54754e-07
-2.73885e-08
7.54722e-07
-2.33733e-08
7.54747e-07
-1.99415e-08
7.54805e-07
-1.70099e-08
7.54883e-07
-1.45063e-08
7.54968e-07
-1.23685e-08
7.55056e-07
-1.05429e-08
7.55141e-07
-8.98337e-09
7.55222e-07
-7.65075e-09
7.55296e-07
-6.51133e-09
7.55363e-07
-5.53625e-09
7.55422e-07
-4.70084e-09
7.55475e-07
-3.98396e-09
7.55521e-07
-3.36762e-09
7.55561e-07
-2.83544e-09
7.55596e-07
-2.37759e-09
7.55625e-07
-1.9677e-09
7.55649e-07
-1.64743e-09
7.55668e-07
-1.25779e-09
7.55685e-07
-1.13923e-09
-6.64039e-10
1.0156e-06
-2.22158e-08
9.92073e-07
-7.53293e-08
9.53513e-07
-1.22682e-07
9.13763e-07
-1.5323e-07
8.78455e-07
-1.64442e-07
8.50042e-07
-1.62257e-07
8.27579e-07
-1.53102e-07
8.101e-07
-1.40744e-07
7.96612e-07
-1.27161e-07
7.86276e-07
-1.13454e-07
7.78416e-07
-1.0025e-07
7.72485e-07
-8.79129e-08
7.68041e-07
-7.66359e-08
7.64735e-07
-6.64941e-08
7.6229e-07
-5.74845e-08
7.60493e-07
-4.95549e-08
7.59178e-07
-4.2625e-08
7.5822e-07
-3.66013e-08
7.57525e-07
-3.13867e-08
7.57023e-07
-2.68867e-08
7.56663e-07
-2.30126e-08
7.56405e-07
-1.96835e-08
7.56221e-07
-1.68265e-08
7.56092e-07
-1.43768e-08
7.56001e-07
-1.22779e-08
7.55938e-07
-1.048e-08
7.55895e-07
-8.94036e-09
7.55866e-07
-7.62182e-09
7.55847e-07
-6.49231e-09
7.55835e-07
-5.52416e-09
7.55828e-07
-4.69357e-09
7.55824e-07
-3.97997e-09
7.55822e-07
-3.36582e-09
7.55822e-07
-2.83504e-09
7.55822e-07
-2.37805e-09
7.55823e-07
-1.96861e-09
7.55824e-07
-1.64859e-09
7.55825e-07
-1.25886e-09
7.55826e-07
-1.14041e-09
-6.64836e-10
9.73767e-07
-2.04298e-08
9.6105e-07
-6.26117e-08
9.3685e-07
-9.84818e-08
9.07527e-07
-1.23908e-07
8.79034e-07
-1.35949e-07
8.54273e-07
-1.37496e-07
8.33808e-07
-1.32637e-07
8.17265e-07
-1.24202e-07
8.04039e-07
-1.13934e-07
7.93538e-07
-1.02953e-07
7.85259e-07
-9.19705e-08
7.78772e-07
-8.14262e-08
7.73716e-07
-7.15797e-08
7.6979e-07
-6.25678e-08
7.66748e-07
-5.4443e-08
7.64395e-07
-4.72013e-08
7.62573e-07
-4.08034e-08
7.61161e-07
-3.51896e-08
7.60065e-07
-3.02903e-08
7.59211e-07
-2.60326e-08
7.58543e-07
-2.23449e-08
7.58019e-07
-1.91594e-08
7.57606e-07
-1.64132e-08
7.57278e-07
-1.40493e-08
7.57017e-07
-1.2017e-08
7.56809e-07
-1.02712e-08
7.56641e-07
-8.77237e-09
7.56505e-07
-7.48603e-09
7.56395e-07
-6.38206e-09
7.56305e-07
-5.43432e-09
7.56231e-07
-4.62014e-09
7.56171e-07
-3.91983e-09
7.56122e-07
-3.31648e-09
7.56081e-07
-2.79457e-09
7.56048e-07
-2.34487e-09
7.56021e-07
-1.94166e-09
7.55999e-07
-1.62643e-09
7.55982e-07
-1.24213e-09
7.55967e-07
-1.12549e-09
-6.56261e-10
9.5509e-07
-1.97877e-08
9.43681e-07
-5.1202e-08
9.24474e-07
-7.92751e-08
9.01176e-07
-1.00609e-07
8.77812e-07
-1.12586e-07
8.56586e-07
-1.16271e-07
8.38239e-07
-1.14289e-07
8.22804e-07
-1.08768e-07
8.10036e-07
-1.01166e-07
7.99587e-07
-9.25038e-08
7.91102e-07
-8.34853e-08
7.84253e-07
-7.45775e-08
7.7875e-07
-6.60764e-08
7.7434e-07
-5.81585e-08
7.70813e-07
-5.09154e-08
7.67991e-07
-4.43799e-08
7.65733e-07
-3.85448e-08
7.63921e-07
-3.33784e-08
7.62465e-07
-2.88342e-08
7.61291e-07
-2.48585e-08
7.60341e-07
-2.1395e-08
7.5957e-07
-1.8388e-08
7.58941e-07
-1.57844e-08
7.58427e-07
-1.35348e-08
7.58004e-07
-1.15944e-08
7.57656e-07
-9.92287e-09
7.57368e-07
-8.48437e-09
7.57129e-07
-7.24722e-09
7.5693e-07
-6.18356e-09
7.56765e-07
-5.26903e-09
7.56627e-07
-4.48235e-09
7.56512e-07
-3.80493e-09
7.56417e-07
-3.22071e-09
7.56337e-07
-2.71488e-09
7.56271e-07
-2.27874e-09
7.56217e-07
-1.88739e-09
7.56171e-07
-1.58138e-09
7.56137e-07
-1.2079e-09
7.56106e-07
-1.09475e-09
-6.38473e-10
9.35833e-07
-1.7899e-08
9.27323e-07
-4.26917e-08
9.12822e-07
-6.47742e-08
8.94609e-07
-8.23966e-08
8.75509e-07
-9.34858e-08
8.57382e-07
-9.81435e-08
8.41077e-07
-9.7984e-08
8.26871e-07
-9.4562e-08
8.14746e-07
-8.90408e-08
8.04539e-07
-8.22963e-08
7.96027e-07
-7.49731e-08
7.88976e-07
-6.75269e-08
7.83165e-07
-6.02652e-08
7.78391e-07
-5.33843e-08
7.74476e-07
-4.70004e-08
7.71267e-07
-4.11714e-08
7.68637e-07
-3.59147e-08
7.66479e-07
-3.12201e-08
7.64705e-07
-2.70602e-08
7.63244e-07
-2.33974e-08
7.62038e-07
-2.01889e-08
7.61039e-07
-1.73899e-08
7.60211e-07
-1.49562e-08
7.59522e-07
-1.2846e-08
7.58948e-07
-1.10201e-08
7.58468e-07
-9.44307e-09
7.58067e-07
-8.08272e-09
7.5773e-07
-6.91045e-09
7.57447e-07
-5.90086e-09
7.5721e-07
-5.03156e-09
7.5701e-07
-4.28285e-09
7.56843e-07
-3.63741e-09
7.56702e-07
-3.08022e-09
7.56585e-07
-2.59739e-09
7.56487e-07
-2.18079e-09
7.56406e-07
-1.80671e-09
7.56339e-07
-1.51418e-09
7.56288e-07
-1.15672e-09
7.56242e-07
-1.04868e-09
-6.11759e-10
9.22021e-07
-1.58386e-08
9.14988e-07
-3.56581e-08
9.03432e-07
-5.32185e-08
8.88758e-07
-6.77227e-08
8.72891e-07
-7.76185e-08
8.57311e-07
-8.25636e-08
8.42832e-07
-8.35051e-08
8.29828e-07
-8.15578e-08
8.18415e-07
-7.76279e-08
8.08557e-07
-7.24387e-08
8.00138e-07
-6.65543e-08
7.93006e-07
-6.0394e-08
7.86997e-07
-5.42566e-08
7.81956e-07
-4.83435e-08
7.77739e-07
-4.27828e-08
7.74215e-07
-3.7648e-08
7.71274e-07
-3.29731e-08
7.68818e-07
-2.87642e-08
7.66766e-07
-2.50088e-08
7.65051e-07
-2.16823e-08
7.63616e-07
-1.87532e-08
7.62412e-07
-1.61865e-08
7.61402e-07
-1.39461e-08
7.60553e-07
-1.1997e-08
7.59839e-07
-1.03056e-08
7.59237e-07
-8.84105e-09
7.58729e-07
-7.57498e-09
7.583e-07
-6.4819e-09
7.57938e-07
-5.53903e-09
7.57633e-07
-4.72606e-09
7.57375e-07
-4.02504e-09
7.57158e-07
-3.42006e-09
7.56975e-07
-2.89732e-09
7.56821e-07
-2.44398e-09
7.56693e-07
-2.05259e-09
7.56587e-07
-1.7009e-09
7.56499e-07
-1.42587e-09
7.56432e-07
-1.0894e-09
7.56371e-07
-9.87975e-10
-5.76529e-10
9.1068e-07
-1.39182e-08
9.04869e-07
-2.98472e-08
8.95496e-07
-4.38452e-08
8.83485e-07
-5.57118e-08
8.70165e-07
-6.42979e-08
8.56694e-07
-6.90933e-08
8.43813e-07
-7.0624e-08
8.3193e-07
-6.96746e-08
8.21237e-07
-6.69352e-08
8.11786e-07
-6.29868e-08
8.03538e-07
-5.83064e-08
7.96408e-07
-5.32642e-08
7.90287e-07
-4.81356e-08
7.85059e-07
-4.31155e-08
7.8061e-07
-3.8334e-08
7.76834e-07
-3.38722e-08
7.73635e-07
-2.9774e-08
7.70928e-07
-2.60566e-08
7.68637e-07
-2.27184e-08
7.667e-07
-1.97452e-08
7.65062e-07
-1.71147e-08
7.63675e-07
-1.48e-08
7.62501e-07
-1.27724e-08
7.61507e-07
-1.1003e-08
7.60665e-07
-9.46339e-09
7.59951e-07
-8.12715e-09
7.59346e-07
-6.9697e-09
7.58833e-07
-5.96869e-09
7.58398e-07
-5.10396e-09
7.58029e-07
-4.35744e-09
7.57717e-07
-3.71299e-09
7.57453e-07
-3.15628e-09
7.57231e-07
-2.67484e-09
7.57044e-07
-2.25701e-09
7.56887e-07
-1.89606e-09
7.56758e-07
-1.57153e-09
7.5665e-07
-1.31776e-09
7.56567e-07
-1.00691e-09
7.56493e-07
-9.13534e-10
-5.33302e-10
9.01682e-07
-1.21425e-08
8.96759e-07
-2.49237e-08
8.88956e-07
-3.60427e-08
8.78912e-07
-4.56671e-08
8.6756e-07
-5.29463e-08
8.558e-07
-5.73334e-08
8.44277e-07
-5.91008e-08
8.33396e-07
-5.87932e-08
8.23386e-07
-5.69257e-08
8.14354e-07
-5.39547e-08
8.06319e-07
-5.02719e-08
7.99249e-07
-4.61939e-08
7.93078e-07
-4.19641e-08
7.87724e-07
-3.77621e-08
7.83103e-07
-3.37127e-08
7.79128e-07
-2.98975e-08
7.75719e-07
-2.6365e-08
7.72802e-07
-2.3139e-08
7.70308e-07
-2.02253e-08
7.6818e-07
-1.7617e-08
7.66365e-07
-1.52995e-08
7.64818e-07
-1.32526e-08
7.63499e-07
-1.14538e-08
7.62376e-07
-9.87967e-09
7.61419e-07
-8.50669e-09
7.60605e-07
-7.31253e-09
7.59911e-07
-6.27628e-09
7.59321e-07
-5.37871e-09
7.58819e-07
-4.60232e-09
7.58393e-07
-3.93128e-09
7.58032e-07
-3.35139e-09
7.57725e-07
-2.85e-09
7.57467e-07
-2.41607e-09
7.57249e-07
-2.03922e-09
7.57066e-07
-1.71351e-09
7.56915e-07
-1.4205e-09
7.56789e-07
-1.19141e-09
7.56692e-07
-9.10438e-10
7.56605e-07
-8.26415e-10
-4.827e-10
8.94474e-07
-1.05438e-08
8.90238e-07
-2.0688e-08
8.83597e-07
-2.9402e-08
8.75022e-07
-3.70915e-08
8.6519e-07
-4.31146e-08
8.54802e-07
-4.69449e-08
8.44409e-07
-4.8708e-08
8.34395e-07
-4.87793e-08
8.25004e-07
-4.75353e-08
8.16376e-07
-4.53262e-08
8.0857e-07
-4.24656e-08
8.01592e-07
-3.92159e-08
7.95412e-07
-3.57847e-08
7.8998e-07
-3.233e-08
7.85233e-07
-2.89656e-08
7.81104e-07
-2.57687e-08
7.77527e-07
-2.27876e-08
7.74437e-07
-2.00488e-08
7.71774e-07
-1.75624e-08
7.69484e-07
-1.53269e-08
7.67517e-07
-1.3333e-08
7.65831e-07
-1.15663e-08
7.64386e-07
-1.00093e-08
7.6315e-07
-8.64331e-09
7.62093e-07
-7.44937e-09
7.61189e-07
-6.40901e-09
7.60418e-07
-5.5048e-09
7.59759e-07
-4.72053e-09
7.59199e-07
-4.04136e-09
7.58721e-07
-3.45374e-09
7.58315e-07
-2.94547e-09
7.57971e-07
-2.50565e-09
7.57679e-07
-2.12474e-09
7.57434e-07
-1.79375e-09
7.57228e-07
-1.50755e-09
7.57057e-07
-1.24996e-09
7.56915e-07
-1.04861e-09
7.56806e-07
-8.01353e-10
7.56707e-07
-7.27832e-10
-4.2543e-10
8.8879e-07
-9.09883e-09
8.85066e-07
-1.69638e-08
8.79281e-07
-2.36167e-08
8.71799e-07
-2.96098e-08
8.63128e-07
-3.44437e-08
8.5382e-07
-3.76369e-08
8.44347e-07
-3.92347e-08
8.35061e-07
-3.94939e-08
8.26209e-07
-3.86833e-08
8.17948e-07
-3.70645e-08
8.10364e-07
-3.48815e-08
8.03492e-07
-3.23443e-08
7.97331e-07
-2.96236e-08
7.91853e-07
-2.68524e-08
7.87017e-07
-2.41292e-08
7.82771e-07
-2.15226e-08
7.79061e-07
-1.90774e-08
7.75831e-07
-1.68193e-08
7.73029e-07
-1.47604e-08
7.70604e-07
-1.29024e-08
7.68511e-07
-1.12398e-08
7.66708e-07
-9.76259e-09
7.65156e-07
-8.45761e-09
7.63823e-07
-7.31031e-09
7.62679e-07
-6.30568e-09
7.61699e-07
-5.42889e-09
7.6086e-07
-4.66584e-09
7.60143e-07
-4.00325e-09
7.5953e-07
-3.42887e-09
7.59008e-07
-2.93147e-09
7.58564e-07
-2.50089e-09
7.58186e-07
-2.12804e-09
7.57866e-07
-1.80494e-09
7.57596e-07
-1.52405e-09
7.5737e-07
-1.28108e-09
7.57182e-07
-1.0623e-09
7.57025e-07
-8.91365e-10
7.56905e-07
-6.81161e-10
7.56796e-07
-6.19132e-10
-3.62269e-10
8.84409e-07
-7.76549e-09
8.81052e-07
-1.36065e-08
8.7589e-07
-1.84543e-08
8.69213e-07
-2.29333e-08
8.61413e-07
-2.66439e-08
8.52937e-07
-2.91609e-08
8.44191e-07
-3.04884e-08
8.35497e-07
-3.07996e-08
8.27094e-07
-3.02804e-08
8.19148e-07
-2.9119e-08
8.11765e-07
-2.74979e-08
8.04999e-07
-2.55784e-08
7.9887e-07
-2.34943e-08
7.93369e-07
-2.13517e-08
7.88471e-07
-1.9231e-08
7.84137e-07
-1.71893e-08
7.80325e-07
-1.52646e-08
7.76985e-07
-1.348e-08
7.74072e-07
-1.18471e-08
7.71539e-07
-1.03692e-08
7.69342e-07
-9.04331e-09
7.67442e-07
-7.86262e-09
7.65802e-07
-6.81755e-09
7.64389e-07
-5.89721e-09
7.63173e-07
-5.09011e-09
7.62129e-07
-4.38485e-09
7.61234e-07
-3.77041e-09
7.60467e-07
-3.23638e-09
7.59811e-07
-2.77306e-09
7.59251e-07
-2.37153e-09
7.58774e-07
-2.02372e-09
7.58369e-07
-1.72236e-09
7.58025e-07
-1.46109e-09
7.57734e-07
-1.23386e-09
7.57491e-07
-1.03723e-09
7.57288e-07
-8.6013e-10
7.57119e-07
-7.21818e-10
7.56989e-07
-5.5151e-10
7.56872e-07
-5.01768e-10
-2.94034e-10
8.81182e-07
-6.4915e-09
8.78062e-07
-1.04868e-08
8.73334e-07
-1.37265e-08
8.67232e-07
-1.68308e-08
8.60064e-07
-1.94762e-08
8.52205e-07
-2.13023e-08
8.44011e-07
-2.22939e-08
8.35775e-07
-2.25638e-08
8.27728e-07
-2.22333e-08
8.20039e-07
-2.14301e-08
8.12824e-07
-2.02824e-08
8.06152e-07
-1.89065e-08
8.00058e-07
-1.74001e-08
7.94548e-07
-1.58416e-08
7.89608e-07
-1.42914e-08
7.85211e-07
-1.27928e-08
7.81322e-07
-1.13753e-08
7.77899e-07
-1.00572e-08
7.749e-07
-8.84816e-09
7.72283e-07
-7.75154e-09
7.70005e-07
-6.76596e-09
7.6803e-07
-5.88686e-09
7.6632e-07
-5.10765e-09
7.64843e-07
-4.42056e-09
7.6357e-07
-3.81738e-09
7.62475e-07
-3.28982e-09
7.61535e-07
-2.82984e-09
7.60728e-07
-2.42978e-09
7.60038e-07
-2.08247e-09
7.59447e-07
-1.78131e-09
7.58944e-07
-1.52031e-09
7.58516e-07
-1.29406e-09
7.58152e-07
-1.09784e-09
7.57846e-07
-9.27129e-10
7.57588e-07
-7.79342e-10
7.57374e-07
-6.46228e-10
7.57194e-07
-5.42284e-10
7.57057e-07
-4.14164e-10
7.56932e-07
-3.77268e-10
-2.21551e-10
8.78858e-07
-5.27589e-09
8.75914e-07
-7.54287e-09
8.71485e-07
-9.29769e-09
8.65769e-07
-1.11143e-08
8.59028e-07
-1.27352e-08
8.51594e-07
-1.38685e-08
8.43788e-07
-1.44882e-08
8.35883e-07
-1.46582e-08
8.28097e-07
-1.44478e-08
8.20601e-07
-1.39341e-08
8.13516e-07
-1.31973e-08
8.06921e-07
-1.23114e-08
8.0086e-07
-1.13394e-08
7.9535e-07
-1.03317e-08
7.90386e-07
-9.32745e-09
7.85949e-07
-8.35512e-09
7.82008e-07
-7.43408e-09
7.78527e-07
-6.57653e-09
7.75468e-07
-5.78905e-09
7.7279e-07
-5.07405e-09
7.70455e-07
-4.43086e-09
7.68425e-07
-3.85667e-09
7.66665e-07
-3.34732e-09
7.65142e-07
-2.89789e-09
7.63828e-07
-2.5031e-09
7.62696e-07
-2.15763e-09
7.61722e-07
-1.85629e-09
7.60886e-07
-1.59409e-09
7.6017e-07
-1.36639e-09
7.59558e-07
-1.16887e-09
7.59035e-07
-9.97628e-10
7.5859e-07
-8.49154e-10
7.58213e-07
-7.20345e-10
7.57894e-07
-6.08247e-10
7.57626e-07
-5.11139e-10
7.57403e-07
-4.23709e-10
7.57216e-07
-3.55345e-10
7.57073e-07
-2.7115e-10
7.56943e-07
-2.47275e-10
-1.45704e-10
8.745e-07
-4.47442e-09
8.71895e-07
-4.93771e-09
8.67725e-07
-5.12863e-09
8.62251e-07
-5.63943e-09
8.5575e-07
-6.23456e-09
8.4856e-07
-6.67838e-09
8.40993e-07
-6.92097e-09
8.33307e-07
-6.97223e-09
8.25713e-07
-6.85415e-09
8.18377e-07
-6.5984e-09
8.11421e-07
-6.2411e-09
8.04926e-07
-5.81628e-09
7.98939e-07
-5.35298e-09
7.93482e-07
-4.87455e-09
7.88554e-07
-4.39892e-09
7.84138e-07
-3.93915e-09
7.80208e-07
-3.50416e-09
7.76731e-07
-3.09948e-09
7.7367e-07
-2.72809e-09
7.70987e-07
-2.39102e-09
7.68644e-07
-2.08788e-09
7.66604e-07
-1.81729e-09
7.64834e-07
-1.57727e-09
7.63302e-07
-1.36548e-09
7.61978e-07
-1.17943e-09
7.60837e-07
-1.01663e-09
7.59856e-07
-8.74604e-10
7.59013e-07
-7.51022e-10
7.5829e-07
-6.43686e-10
7.57672e-07
-5.50572e-10
7.57144e-07
-4.6985e-10
7.56694e-07
-3.99849e-10
7.56313e-07
-3.39125e-10
7.55991e-07
-2.86245e-10
7.55721e-07
-2.40406e-10
7.55496e-07
-1.99216e-10
7.55307e-07
-1.66745e-10
7.55164e-07
-1.27219e-10
7.55032e-07
-1.16115e-10
-6.85288e-11
7.95152e-07
7.90215e-07
7.85086e-07
7.79447e-07
7.73212e-07
7.66534e-07
7.59613e-07
7.5264e-07
7.45786e-07
7.39188e-07
7.32947e-07
7.2713e-07
7.21778e-07
7.16903e-07
7.12504e-07
7.08565e-07
7.05061e-07
7.01961e-07
6.99233e-07
6.96842e-07
6.94754e-07
6.92937e-07
6.9136e-07
6.89994e-07
6.88815e-07
6.87798e-07
6.86924e-07
6.86173e-07
6.85529e-07
6.84978e-07
6.84508e-07
6.84109e-07
6.83769e-07
6.83483e-07
6.83243e-07
6.83044e-07
6.82877e-07
6.8275e-07
6.82634e-07
)
;

boundaryField
{
    inlet
    {
        type            calculated;
        value           nonuniform List<scalar> 
20
(
-1e-06
-1e-06
-1e-06
-1e-06
-1e-06
-1e-06
-1e-06
-1e-06
-1e-06
-1e-06
-1e-06
-1e-06
-1e-06
-1e-06
-1e-06
-1e-06
-1e-06
-1e-06
-1e-06
-1e-06
)
;
    }
    outlet
    {
        type            calculated;
        value           nonuniform List<scalar> 
27
(
7.55104e-07
7.55208e-07
7.5532e-07
7.5544e-07
7.55566e-07
7.55696e-07
7.55827e-07
7.55959e-07
7.56089e-07
7.56215e-07
7.56336e-07
7.5645e-07
7.56555e-07
7.5665e-07
7.56733e-07
7.56804e-07
7.5686e-07
7.56867e-07
7.54955e-07
6.82565e-07
6.41593e-07
7.1657e-07
7.18793e-07
7.18874e-07
7.18924e-07
7.18987e-07
7.19061e-07
)
;
    }
    lowerWall
    {
        type            calculated;
        value           uniform 0;
    }
    upperWall
    {
        type            calculated;
        value           uniform 0;
    }
    defaultFaces
    {
        type            empty;
        value           nonuniform List<scalar> 0();
    }
}


// ************************************************************************* //
