/*--------------------------------*- C++ -*----------------------------------*\
| =========                 |                                                 |
| \\      /  F ield         | OpenFOAM: The Open Source CFD Toolbox           |
|  \\    /   O peration     | Version:  2112                                  |
|   \\  /    A nd           | Website:  www.openfoam.com                      |
|    \\/     M anipulation  |                                                 |
\*---------------------------------------------------------------------------*/
FoamFile
{
    version     2.0;
    format      ascii;
    arch        "LSB;label=32;scalar=64";
    class       volVectorField;
    location    "0.02";
    object      U;
}
// * * * * * * * * * * * * * * * * * * * * * * * * * * * * * * * * * * * * * //

dimensions      [0 1 -1 0 0 0 0];

internalField   nonuniform List<vector> 
1880
(
(0.0910987 0.000722618 0)
(0.103412 0.000927756 0)
(0.0965396 0.000562896 0)
(0.0961988 0.000306656 0)
(0.0970124 0.000179917 0)
(0.0967945 0.000114196 0)
(0.09643 7.95409e-05 0)
(0.096268 6.38043e-05 0)
(0.096165 5.8523e-05 0)
(0.0960517 5.88268e-05 0)
(0.0959281 6.26462e-05 0)
(0.0957936 6.9227e-05 0)
(0.0956426 7.87325e-05 0)
(0.0954697 9.09626e-05 0)
(0.0952687 0.000106187 0)
(0.0950324 0.000125285 0)
(0.0947528 0.000148797 0)
(0.0944194 0.00017795 0)
(0.0940192 0.000214472 0)
(0.0935356 0.000260187 0)
(0.0929462 0.000318386 0)
(0.0922202 0.000393649 0)
(0.0913211 0.000494563 0)
(0.0901686 0.000627511 0)
(0.0887448 0.000837875 0)
(0.0866666 0.00108949 0)
(0.0844308 0.00173911 0)
(0.079705 0.00222851 0)
(0.0763207 0.00501845 0)
(0.064381 0.00649775 0)
(0.0917573 0.000818275 0)
(0.10524 0.00100785 0)
(0.0994912 0.000821653 0)
(0.0995336 0.000542398 0)
(0.100624 0.00036496 0)
(0.100546 0.000267013 0)
(0.100231 0.000210506 0)
(0.100092 0.000182462 0)
(0.100002 0.000173898 0)
(0.0998954 0.000177722 0)
(0.0997748 0.000190996 0)
(0.0996425 0.000212057 0)
(0.0994931 0.000240971 0)
(0.0993214 0.000278564 0)
(0.0991221 0.000325297 0)
(0.098888 0.000383336 0)
(0.0986114 0.000455164 0)
(0.0982825 0.000543767 0)
(0.097889 0.00065403 0)
(0.0974152 0.00079231 0)
(0.096841 0.00096765 0)
(0.0961407 0.00119303 0)
(0.0952779 0.00149061 0)
(0.0942116 0.00188506 0)
(0.0928636 0.00245961 0)
(0.0912265 0.0032011 0)
(0.0890128 0.00463579 0)
(0.0868107 0.00596324 0)
(0.0830752 0.0108319 0)
(0.0815241 0.0126433 0)
(0.0917462 0.000331545 0)
(0.105081 0.000625165 0)
(0.0993255 0.000617424 0)
(0.0994396 0.000518812 0)
(0.100576 0.000418692 0)
(0.100529 0.000345307 0)
(0.100239 0.000300317 0)
(0.100119 0.000278637 0)
(0.100044 0.000275471 0)
(0.0999489 0.000286537 0)
(0.0998392 0.000310473 0)
(0.0997169 0.000346627 0)
(0.0995785 0.000394438 0)
(0.0994191 0.000455812 0)
(0.0992337 0.000532534 0)
(0.0990168 0.000627077 0)
(0.0987612 0.000743406 0)
(0.0984583 0.000886834 0)
(0.0980986 0.00106445 0)
(0.0976691 0.00128585 0)
(0.0971537 0.0015646 0)
(0.0965341 0.0019199 0)
(0.0957851 0.00238042 0)
(0.094886 0.00298522 0)
(0.0937816 0.00380516 0)
(0.0925225 0.00490571 0)
(0.0908577 0.00651776 0)
(0.0894236 0.00855586 0)
(0.0867459 0.0120821 0)
(0.0861457 0.0152264 0)
(0.091723 0.000277998 0)
(0.10492 0.000564453 0)
(0.0991532 0.000617174 0)
(0.0992982 0.000554758 0)
(0.100476 0.000473326 0)
(0.100466 0.000411043 0)
(0.100205 0.000374148 0)
(0.100108 0.000358927 0)
(0.100051 0.00036278 0)
(0.0999712 0.000383282 0)
(0.0998759 0.000418322 0)
(0.0997676 0.000468555 0)
(0.0996437 0.000534896 0)
(0.0995014 0.000618432 0)
(0.0993357 0.000721841 0)
(0.0991418 0.000849136 0)
(0.0989148 0.001005 0)
(0.0986482 0.00119622 0)
(0.0983338 0.00143146 0)
(0.0979625 0.00172234 0)
(0.097524 0.00208524 0)
(0.0970077 0.00254203 0)
(0.0963973 0.00312345 0)
(0.0956943 0.00387021 0)
(0.0948477 0.00484902 0)
(0.0940046 0.00611841 0)
(0.0927762 0.00787069 0)
(0.0923052 0.0100082 0)
(0.0903576 0.0133867 0)
(0.0915223 0.0165975 0)
(0.0917176 0.000173999 0)
(0.104856 0.000444735 0)
(0.099068 0.000537431 0)
(0.0992209 0.000525053 0)
(0.100415 0.000481814 0)
(0.100426 0.000443687 0)
(0.100186 0.000422573 0)
(0.100108 0.000419611 0)
(0.100068 0.000433192 0)
(0.100005 0.000463783 0)
(0.0999248 0.000511127 0)
(0.0998337 0.000575049 0)
(0.0997287 0.000657473 0)
(0.0996064 0.000760633 0)
(0.0994647 0.00088743 0)
(0.0993003 0.00104257 0)
(0.0991086 0.00123136 0)
(0.0988852 0.00146125 0)
(0.0986252 0.00174215 0)
(0.0983233 0.00208677 0)
(0.0979738 0.00251173 0)
(0.0975728 0.00303901 0)
(0.0971137 0.003698 0)
(0.0966123 0.00452722 0)
(0.0960296 0.00557884 0)
(0.0955443 0.00691221 0)
(0.0947584 0.00862075 0)
(0.0948792 0.0107433 0)
(0.0935536 0.0135269 0)
(0.0953854 0.0165032 0)
(0.0917139 0.000129707 0)
(0.104818 0.000378036 0)
(0.0990169 0.000487836 0)
(0.0991736 0.000500712 0)
(0.100378 0.000481053 0)
(0.100403 0.000461959 0)
(0.100181 0.000454288 0)
(0.100119 0.000462802 0)
(0.100095 0.000487586 0)
(0.100049 0.000528374 0)
(0.0999871 0.000586492 0)
(0.099914 0.000662945 0)
(0.0998293 0.000759494 0)
(0.0997313 0.0008791 0)
(0.0996176 0.00102509 0)
(0.0994858 0.00120203 0)
(0.0993335 0.00141616 0)
(0.099159 0.00167541 0)
(0.0989593 0.00198948 0)
(0.098732 0.00237072 0)
(0.0984762 0.00283526 0)
(0.0981939 0.00340368 0)
(0.0978853 0.00410156 0)
(0.0975752 0.0049609 0)
(0.0972319 0.0060203 0)
(0.0970454 0.007327 0)
(0.0966193 0.00892346 0)
(0.0971456 0.0108687 0)
(0.0963158 0.01321 0)
(0.0985117 0.0158125 0)
(0.0917121 9.3773e-05 0)
(0.1048 0.000320932 0)
(0.0989895 0.000440419 0)
(0.0991475 0.000470983 0)
(0.10036 0.000468258 0)
(0.100396 0.000464848 0)
(0.100186 0.000470992 0)
(0.100141 0.000490328 0)
(0.100134 0.000524981 0)
(0.100104 0.00057563 0)
(0.100059 0.000643499 0)
(0.100007 0.00073067 0)
(0.0999448 0.000838932 0)
(0.099872 0.000971035 0)
(0.0997876 0.00113115 0)
(0.0996913 0.00132416 0)
(0.099582 0.00155629 0)
(0.0994585 0.00183487 0)
(0.0993205 0.00216908 0)
(0.0991691 0.00257085 0)
(0.0990067 0.00305486 0)
(0.0988391 0.0036385 0)
(0.0986707 0.00434243 0)
(0.098531 0.00519182 0)
(0.0983951 0.00621234 0)
(0.0984458 0.007442 0)
(0.0983136 0.0088847 0)
(0.0991011 0.0106203 0)
(0.0986685 0.0125625 0)
(0.101011 0.0147805 0)
(0.091711 6.69307e-05 0)
(0.10479 0.000272962 0)
(0.0989765 0.000394636 0)
(0.0991361 0.00043648 0)
(0.100355 0.000447177 0)
(0.100403 0.000455924 0)
(0.100205 0.000473592 0)
(0.100173 0.000503088 0)
(0.10018 0.000546398 0)
(0.100168 0.000605572 0)
(0.100142 0.000681919 0)
(0.100109 0.000777184 0)
(0.10007 0.00089368 0)
(0.100024 0.00103474 0)
(0.0999708 0.00120466 0)
(0.0999109 0.00140776 0)
(0.0998442 0.00164974 0)
(0.0997717 0.00193783 0)
(0.0996952 0.00228079 0)
(0.0996178 0.00268915 0)
(0.0995438 0.00317489 0)
(0.0994815 0.00375207 0)
(0.0994385 0.00443687 0)
(0.0994452 0.00524819 0)
(0.0994818 0.00620101 0)
(0.0997152 0.00732444 0)
(0.0998137 0.00859786 0)
(0.100756 0.0101106 0)
(0.100638 0.0116966 0)
(0.10297 0.0135627 0)
(0.0917102 4.39598e-05 0)
(0.104785 0.000227859 0)
(0.098972 0.000348384 0)
(0.0991363 0.000397047 0)
(0.100362 0.000418078 0)
(0.100419 0.000436982 0)
(0.100233 0.000463373 0)
(0.100214 0.000501294 0)
(0.100236 0.000552736 0)
(0.100239 0.000618871 0)
(0.100231 0.000701068 0)
(0.100219 0.000801779 0)
(0.100202 0.000923921 0)
(0.100183 0.00107055 0)
(0.100161 0.00124503 0)
(0.100136 0.0014518 0)
(0.100112 0.0016966 0)
(0.10009 0.00198603 0)
(0.100072 0.00232753 0)
(0.100063 0.00272983 0)
(0.10007 0.0032026 0)
(0.100101 0.0037569 0)
(0.100167 0.00440467 0)
(0.100295 0.00515921 0)
(0.100471 0.00602746 0)
(0.100839 0.00703103 0)
(0.101118 0.00813509 0)
(0.102133 0.00942896 0)
(0.102272 0.0107113 0)
(0.104497 0.0122515 0)
(0.0917092 2.29706e-05 0)
(0.104784 0.000182833 0)
(0.0989746 0.000298896 0)
(0.099144 0.000351833 0)
(0.100378 0.000379961 0)
(0.100444 0.000407152 0)
(0.100269 0.000441891 0)
(0.100262 0.00048698 0)
(0.100298 0.000544116 0)
(0.100316 0.000615045 0)
(0.100325 0.000701505 0)
(0.100332 0.000805744 0)
(0.100338 0.000930247 0)
(0.100345 0.00107792 0)
(0.100352 0.00125225 0)
(0.100362 0.00145769 0)
(0.100378 0.00169922 0)
(0.100403 0.00198232 0)
(0.100439 0.00231328 0)
(0.100493 0.00269925 0)
(0.100571 0.00314805 0)
(0.100684 0.00366797 0)
(0.100841 0.00426687 0)
(0.101068 0.00495326 0)
(0.101354 0.00572872 0)
(0.101819 0.00660828 0)
(0.10223 0.00755284 0)
(0.103268 0.00863913 0)
(0.103599 0.00967376 0)
(0.105664 0.0109151 0)
(0.0917085 2.63166e-06 0)
(0.104785 0.000135314 0)
(0.0989821 0.00024333 0)
(0.0991585 0.000298736 0)
(0.100401 0.000333448 0)
(0.100477 0.00036793 0)
(0.100312 0.00040935 0)
(0.100316 0.000460126 0)
(0.100364 0.000521658 0)
(0.100397 0.000595946 0)
(0.100422 0.000684551 0)
(0.100447 0.000789314 0)
(0.100475 0.000912981 0)
(0.100505 0.00105831 0)
(0.10054 0.00122861 0)
(0.100583 0.00142788 0)
(0.100637 0.00166029 0)
(0.100704 0.00193046 0)
(0.100789 0.00224374 0)
(0.100898 0.00260576 0)
(0.101038 0.00302239 0)
(0.10122 0.00349959 0)
(0.101452 0.00404212 0)
(0.101757 0.0046548 0)
(0.102127 0.0053357 0)
(0.102659 0.00609469 0)
(0.103167 0.0068923 0)
(0.104193 0.0077933 0)
(0.10467 0.00862043 0)
(0.106549 0.00961166 0)
(0.0917076 -1.87496e-05 0)
(0.104789 8.24376e-05 0)
(0.0989948 0.00018037 0)
(0.0991795 0.000237484 0)
(0.100432 0.000278274 0)
(0.100517 0.000319352 0)
(0.100361 0.000366522 0)
(0.100374 0.000422024 0)
(0.100434 0.000486845 0)
(0.100479 0.000562646 0)
(0.100518 0.000651139 0)
(0.100561 0.000754058 0)
(0.100607 0.000874015 0)
(0.10066 0.00101369 0)
(0.100722 0.00117613 0)
(0.100794 0.00136476 0)
(0.100881 0.00158312 0)
(0.100986 0.00183524 0)
(0.101114 0.00212537 0)
(0.101271 0.0024577 0)
(0.101465 0.00283644 0)
(0.101703 0.00326552 0)
(0.101996 0.00374764 0)
(0.102361 0.00428502 0)
(0.102794 0.00487356 0)
(0.103372 0.00551914 0)
(0.103947 0.00618488 0)
(0.10494 0.00692271 0)
(0.105525 0.00758158 0)
(0.107213 0.0083583 0)
(0.091707 -4.28651e-05 0)
(0.104796 2.22623e-05 0)
(0.0990134 0.000107779 0)
(0.0992074 0.000166631 0)
(0.100469 0.000214143 0)
(0.100562 0.000262259 0)
(0.100414 0.000315063 0)
(0.100436 0.000374434 0)
(0.100505 0.000441237 0)
(0.100561 0.000516752 0)
(0.100613 0.000602838 0)
(0.10067 0.000701602 0)
(0.100734 0.00081526 0)
(0.100807 0.00094633 0)
(0.100891 0.00109759 0)
(0.10099 0.00127191 0)
(0.101107 0.0014722 0)
(0.101246 0.00170191 0)
(0.101411 0.00196444 0)
(0.101609 0.00226284 0)
(0.101846 0.00260006 0)
(0.102131 0.00297833 0)
(0.102471 0.00339868 0)
(0.102883 0.00386166 0)
(0.103362 0.00436213 0)
(0.103967 0.00490322 0)
(0.104587 0.0054521 0)
(0.10554 0.00604913 0)
(0.1062 0.00657031 0)
(0.107707 0.00716957 0)
(0.0917069 -7.15193e-05 0)
(0.104808 -4.8277e-05 0)
(0.0990397 2.43879e-05 0)
(0.0992443 8.63357e-05 0)
(0.100514 0.000142105 0)
(0.100615 0.000198332 0)
(0.100472 0.000256886 0)
(0.1005 0.000319235 0)
(0.100576 0.000386593 0)
(0.10064 0.000460142 0)
(0.100703 0.000541958 0)
(0.100773 0.000634287 0)
(0.100852 0.000739136 0)
(0.100943 0.000858858 0)
(0.101047 0.000995887 0)
(0.101169 0.00115269 0)
(0.101311 0.00133187 0)
(0.101478 0.00153601 0)
(0.101675 0.00176767 0)
(0.101907 0.00202916 0)
(0.10218 0.00232238 0)
(0.102502 0.00264851 0)
(0.102879 0.00300751 0)
(0.103325 0.00339883 0)
(0.103836 0.00381688 0)
(0.104458 0.00426298 0)
(0.105107 0.0047088 0)
(0.106015 0.00518545 0)
(0.106727 0.00559359 0)
(0.108072 0.00604876 0)
(0.0917074 -0.000110131 0)
(0.10483 -0.000135301 0)
(0.0990791 -7.49576e-05 0)
(0.0992929 -5.91912e-06 0)
(0.10057 6.23726e-05 0)
(0.100675 0.000129306 0)
(0.100535 0.000194187 0)
(0.100566 0.000258738 0)
(0.100646 0.000325186 0)
(0.100716 0.000395123 0)
(0.100787 0.000470796 0)
(0.100867 0.000554442 0)
(0.100959 0.000648135 0)
(0.101064 0.000754068 0)
(0.101185 0.000874336 0)
(0.101326 0.00101101 0)
(0.10149 0.00116644 0)
(0.101682 0.0013426 0)
(0.101904 0.0015412 0)
(0.102164 0.00176395 0)
(0.102465 0.00201196 0)
(0.102816 0.00228573 0)
(0.103222 0.00258467 0)
(0.103692 0.00290759 0)
(0.104226 0.00324901 0)
(0.104856 0.00360909 0)
(0.105522 0.00396418 0)
(0.106387 0.00433801 0)
(0.107132 0.00465316 0)
(0.108336 0.00499332 0)
(0.09171 -0.000155839 0)
(0.104868 -0.000234564 0)
(0.0991391 -0.000180719 0)
(0.0993613 -9.86673e-05 0)
(0.100642 -1.52089e-05 0)
(0.100745 6.20357e-05 0)
(0.100602 0.000131736 0)
(0.100631 0.000196808 0)
(0.100712 0.000260211 0)
(0.100786 0.000324432 0)
(0.100863 0.000391796 0)
(0.10095 0.000464563 0)
(0.101052 0.000544917 0)
(0.101169 0.000634864 0)
(0.101304 0.000736297 0)
(0.101461 0.00085089 0)
(0.101643 0.000980447 0)
(0.101853 0.00112652 0)
(0.102097 0.00129035 0)
(0.102378 0.00147316 0)
(0.102702 0.0016756 0)
(0.103075 0.00189766 0)
(0.103501 0.00213835 0)
(0.103989 0.00239626 0)
(0.104539 0.00266658 0)
(0.10517 0.00294891 0)
(0.105847 0.00322433 0)
(0.106673 0.00350999 0)
(0.107439 0.00374763 0)
(0.108525 0.00399607 0)
(0.0917148 -0.000265392 0)
(0.104935 -0.000400394 0)
(0.0992337 -0.000337144 0)
(0.0994532 -0.000217918 0)
(0.100727 -0.000103089 0)
(0.10082 -8.56827e-06 0)
(0.100669 6.933e-05 0)
(0.100694 0.000135457 0)
(0.100773 0.000194304 0)
(0.100848 0.000250486 0)
(0.100927 0.000307205 0)
(0.10102 0.00036704 0)
(0.101129 0.000432115 0)
(0.101255 0.000504152 0)
(0.101401 0.000584855 0)
(0.101571 0.000675696 0)
(0.101766 0.000777877 0)
(0.101992 0.000892528 0)
(0.102251 0.00102063 0)
(0.102549 0.00116291 0)
(0.10289 0.00131967 0)
(0.103279 0.00149074 0)
(0.10372 0.00167518 0)
(0.10422 0.00187156 0)
(0.104779 0.00207588 0)
(0.105411 0.00228729 0)
(0.106092 0.00249169 0)
(0.106885 0.00270069 0)
(0.107664 0.00287259 0)
(0.108654 0.00304661 0)
(0.0917368 -0.00032179 0)
(0.105095 -0.000502817 0)
(0.0994117 -0.000408903 0)
(0.0996108 -0.000268924 0)
(0.100851 -0.00014531 0)
(0.100917 -4.86979e-05 0)
(0.100745 2.53729e-05 0)
(0.100756 8.3305e-05 0)
(0.100827 0.000131991 0)
(0.100899 0.000176311 0)
(0.100979 0.000219589 0)
(0.101075 0.000264302 0)
(0.101189 0.000312303 0)
(0.101321 0.000364997 0)
(0.101475 0.000423583 0)
(0.101654 0.000489221 0)
(0.101859 0.000562797 0)
(0.102096 0.000645014 0)
(0.102367 0.000736636 0)
(0.102677 0.000838096 0)
(0.10303 0.000949437 0)
(0.10343 0.00107046 0)
(0.103882 0.00120037 0)
(0.10439 0.00133791 0)
(0.104954 0.00148032 0)
(0.105584 0.00162644 0)
(0.106267 0.0017667 0)
(0.107034 0.00190758 0)
(0.107819 0.00202313 0)
(0.108739 0.00213192 0)
(0.0917477 -0.000810684 0)
(0.105256 -0.000930709 0)
(0.0995828 -0.000691523 0)
(0.0997109 -0.000388017 0)
(0.100911 -0.000197571 0)
(0.100952 -8.63898e-05 0)
(0.100762 -1.33396e-05 0)
(0.100762 3.66288e-05 0)
(0.100828 7.30552e-05 0)
(0.100898 0.00010306 0)
(0.100978 0.000130855 0)
(0.101076 0.000158726 0)
(0.101193 0.000188113 0)
(0.10133 0.000220141 0)
(0.101489 0.000255588 0)
(0.101674 0.000295124 0)
(0.101887 0.000339355 0)
(0.102131 0.000388674 0)
(0.10241 0.000443474 0)
(0.102728 0.000504057 0)
(0.10309 0.000570412 0)
(0.103498 0.000642331 0)
(0.103957 0.000719302 0)
(0.10447 0.000800321 0)
(0.105039 0.000883844 0)
(0.105668 0.000969083 0)
(0.106351 0.00105056 0)
(0.107102 0.00112992 0)
(0.107883 0.00119709 0)
(0.108772 0.00124351 0)
(0.091089 -0.000721269 0)
(0.103429 -0.0009067 0)
(0.0966344 -0.000527957 0)
(0.0963812 -0.000263588 0)
(0.0973042 -0.000131187 0)
(0.0972041 -6.00794e-05 0)
(0.0969648 -1.85471e-05 0)
(0.0969406 6.01607e-06 0)
(0.0969918 2.12118e-05 0)
(0.0970534 3.23223e-05 0)
(0.0971296 4.19581e-05 0)
(0.097225 5.12806e-05 0)
(0.0973398 6.08903e-05 0)
(0.0974751 7.1283e-05 0)
(0.0976326 8.28032e-05 0)
(0.0978149 9.56295e-05 0)
(0.0980248 0.00010993 0)
(0.0982655 0.000125863 0)
(0.0985407 0.000143551 0)
(0.0988538 0.000163085 0)
(0.0992085 0.000184415 0)
(0.0996086 0.000207446 0)
(0.100057 0.000232064 0)
(0.100557 0.000257868 0)
(0.101111 0.000284311 0)
(0.10172 0.000311133 0)
(0.102381 0.000337008 0)
(0.103101 0.000360352 0)
(0.103849 0.000383214 0)
(0.104686 0.000389429 0)
(0.0575184 0.0195281 0)
(0.0755853 0.0262334 0)
(0.0814147 0.0306338 0)
(0.0888142 0.034669 1.36952e-21)
(0.0946737 0.0374149 1.1518e-21)
(0.104391 0.0431427 0)
(0.110247 0.0366105 5.91594e-22)
(0.127528 0.069548 -2.38548e-23)
(0.140147 0.00557765 9.06002e-22)
(0.198749 0.0855681 0)
(0.0767109 0.0279694 0)
(0.0866665 0.0345403 0)
(0.0901429 0.0396452 0)
(0.0964125 0.0441143 0)
(0.101103 0.0464897 0)
(0.114957 0.0514247 3.68752e-22)
(0.109366 0.0512543 1.69301e-22)
(0.150752 0.0530051 -1.14732e-23)
(0.13064 0.0542809 -6.97755e-22)
(0.175162 0.051776 -6.47593e-22)
(0.0826738 0.0232623 0)
(0.0901272 0.0258248 0)
(0.0950987 0.0287602 0)
(0.101324 0.0315266 0)
(0.109055 0.0326138 0)
(0.115756 0.0368372 -3.68754e-22)
(0.130323 0.0285197 -1.69302e-22)
(0.133986 0.0437555 1.14734e-23)
(0.156873 0.0143388 3.38635e-22)
(0.167491 0.00946956 6.47636e-22)
(0.0900748 0.0229201 -6.73217e-22)
(0.0957376 0.0267644 0)
(0.0997004 0.0305817 -5.65368e-22)
(0.10503 0.0335966 -5.00381e-22)
(0.110402 0.0355862 -4.11798e-22)
(0.118762 0.0362906 0)
(0.123936 0.0367293 0)
(0.13645 0.0306958 -4.55868e-23)
(0.144654 0.0278259 1.28646e-22)
(0.145791 0.0177517 2.43741e-22)
(0.0941978 0.0208482 6.73222e-22)
(0.098748 0.0229201 0)
(0.103009 0.024916 5.65371e-22)
(0.107896 0.0262713 5.00384e-22)
(0.113899 0.0264302 4.11801e-22)
(0.120377 0.0266437 0)
(0.128432 0.0227056 0)
(0.135429 0.0222056 4.55881e-23)
(0.142246 0.0112925 -1.28649e-22)
(0.147924 0.00057922 -2.43745e-22)
(0.0980931 0.0190585 0)
(0.10199 0.0211493 -5.41843e-22)
(0.105952 0.0229904 0)
(0.110266 0.0243083 -4.40038e-22)
(0.115113 0.0247733 0)
(0.120715 0.0242538 0)
(0.126182 0.0223952 0)
(0.132056 0.0184578 1.05796e-22)
(0.136612 0.0120821 0)
(0.136919 0.00562241 0)
(0.100869 0.0172074 5.43965e-22)
(0.104165 0.0185954 1.05394e-21)
(0.107906 0.0196385 4.69392e-22)
(0.111725 0.0201517 4.4004e-22)
(0.116203 0.0197979 0)
(0.121058 0.0187894 -2.89629e-22)
(0.12592 0.0161729 0)
(0.130304 0.0126911 -1.05797e-22)
(0.13328 0.00689416 0)
(0.134352 0.00030829 0)
(0.103129 0.0153353 -5.43967e-22)
(0.106001 0.0164326 -5.121e-22)
(0.109458 0.0172017 -4.69393e-22)
(0.112816 0.0175692 0)
(0.116595 0.017276 0)
(0.120554 0.0161009 2.8963e-22)
(0.124256 0.0137838 0)
(0.127438 0.0104283 0)
(0.129404 0.00583044 0)
(0.129809 0.000972932 0)
(0.104825 0.0135336 0)
(0.107338 0.0143473 -4.64776e-22)
(0.110542 0.0147958 0)
(0.113503 0.0148409 -3.89648e-22)
(0.116671 0.0142526 0)
(0.119922 0.0128734 0)
(0.122921 0.0106536 -2.41434e-22)
(0.125367 0.00768951 -1.92649e-22)
(0.12673 0.00400859 0)
(0.127005 7.04325e-05 -1.18058e-22)
(0.106159 0.0118313 0)
(0.108393 0.0124819 4.64777e-22)
(0.111267 0.0127359 0)
(0.113821 0.0125643 3.89649e-22)
(0.116466 0.0118872 0)
(0.119108 0.010587 0)
(0.121486 0.00864812 2.41435e-22)
(0.123337 0.00611521 1.9265e-22)
(0.124293 0.0031216 0)
(0.124478 -4.19673e-05 1.18059e-22)
(0.107178 0.0102567 2.26606e-22)
(0.10918 0.0107547 0)
(0.111708 0.0108254 0)
(0.113901 0.0105108 1.87016e-22)
(0.116119 0.00979739 0)
(0.118285 0.00858102 0)
(0.120206 0.00688601 0)
(0.121657 0.00474366 1.15809e-22)
(0.122368 0.00232878 0)
(0.122501 -0.000198944 0)
(0.107948 0.00881367 -6.41399e-24)
(0.109749 0.0091724 0)
(0.11194 0.00911887 1.98439e-22)
(0.113822 0.00874358 -2.07e-24)
(0.115694 0.00805102 0)
(0.117486 0.00696507 0)
(0.119056 0.00552207 1.38398e-22)
(0.120213 0.003736 -1.15809e-22)
(0.120769 0.00177777 1.09876e-22)
(0.120881 -0.000258294 9.94617e-23)
(0.108515 0.00749095 -4.99507e-24)
(0.110137 0.00772434 0)
(0.112028 0.00759394 -2.86265e-24)
(0.113654 0.00720559 -1.27294e-24)
(0.115249 0.00656539 1.70891e-22)
(0.116752 0.00561757 -1.57041e-22)
(0.118058 0.00440469 4.53427e-24)
(0.119006 0.00292734 1.29682e-22)
(0.119466 0.00134694 7.7644e-24)
(0.119569 -0.000291789 8.5544e-24)
(0.108923 0.00627394 -2.15198e-22)
(0.110383 0.00640824 0)
(0.112022 0.00623933 -1.95577e-22)
(0.113442 0.00586819 -1.83674e-22)
(0.114818 0.00529939 -1.70891e-22)
(0.1161 0.0044918 3.16357e-22)
(0.117207 0.00348827 -1.42933e-22)
(0.118005 0.00227961 -1.29682e-22)
(0.118405 0.00101185 -1.17641e-22)
(0.118505 -0.000304996 -1.08016e-22)
(0.109209 0.00514791 0)
(0.110525 0.00521322 0)
(0.111961 0.00503234 0)
(0.113219 0.00469577 0)
(0.114424 0.00420811 0)
(0.115538 0.00353686 -1.59316e-22)
(0.116496 0.0027213 0)
(0.117187 0.00174697 0)
(0.11755 0.000742383 0)
(0.117648 -0.000307895 0)
(0.109404 0.00409876 0)
(0.110596 0.00412151 0)
(0.111871 0.00394756 0)
(0.113005 0.00365616 0)
(0.11408 0.00325374 0)
(0.115068 0.00271302 -8.15864e-23)
(0.115917 0.00206689 0)
(0.11653 0.00129981 0)
(0.116871 0.000520049 0)
(0.116967 -0.000303546 0)
(0.109534 0.00311223 0)
(0.110624 0.00311177 0)
(0.111772 0.00295766 9.55491e-23)
(0.112816 0.00271802 0)
(0.113796 0.00240194 8.70528e-23)
(0.114692 0.00198667 8.15864e-23)
(0.11546 0.00149605 0)
(0.11602 0.00091661 7.27552e-23)
(0.116346 0.000332463 0)
(0.11644 -0.000289098 0)
(0.109616 0.002171 0)
(0.110624 0.0021616 0)
(0.111677 0.00203887 -9.55492e-23)
(0.112659 0.00185711 0)
(0.113574 0.00162697 -8.70529e-23)
(0.114406 0.0013286 0)
(0.115118 0.00097916 0)
(0.115639 0.000572538 -7.27552e-23)
(0.115955 0.000161804 0)
(0.116044 -0.00026867 0)
(0.109606 0.00126065 -2.54643e-23)
(0.110538 0.00123406 -2.47547e-23)
(0.111513 0.00113989 -2.39169e-23)
(0.112442 0.00101745 0)
(0.113303 0.000872641 -2.1969e-23)
(0.114076 0.000694386 0)
(0.114736 0.000483447 -1.97902e-23)
(0.11521 0.000239645 0)
(0.115511 -1.40467e-05 -1.75845e-23)
(0.115536 -0.000259341 -1.65387e-23)
(0.105455 0.000374606 2.54617e-23)
(0.106208 0.000329981 2.4752e-23)
(0.106946 0.000274946 2.39142e-23)
(0.107607 0.000221896 0)
(0.108169 0.000167258 2.19662e-23)
(0.108611 0.000108042 0)
(0.108911 3.61795e-05 1.97873e-23)
(0.109003 -4.58863e-05 0)
(0.108926 -0.000138253 1.75816e-23)
(0.108524 -0.00021424 1.65358e-23)
(-0.00352601 -0.00431934 0)
(0.00313418 -0.00390871 0)
(0.0177011 -0.00385968 0)
(0.0290836 -0.00443078 0)
(0.0419916 -0.00394083 0)
(0.0527792 -0.00326021 0)
(0.0614505 -0.00257631 0)
(0.0682138 -0.00198797 0)
(0.0734118 -0.00152189 0)
(0.0773968 -0.0011673 0)
(0.0804671 -0.000901897 0)
(0.0828533 -0.000703743 0)
(0.0847269 -0.000555037 0)
(0.0862134 -0.000442231 0)
(0.0874043 -0.000355602 0)
(0.0883668 -0.000288397 0)
(0.0891508 -0.000235665 0)
(0.0897936 -0.000193781 0)
(0.0903237 -0.000160233 0)
(0.0907633 -0.000133158 0)
(0.0911293 -0.000111068 0)
(0.0914351 -9.28823e-05 0)
(0.0916914 -7.78856e-05 0)
(0.0919066 -6.55031e-05 0)
(0.0920877 -5.52104e-05 0)
(0.0922404 -4.65946e-05 0)
(0.0923694 -3.93569e-05 0)
(0.0924785 -3.32551e-05 0)
(0.0925706 -2.80887e-05 0)
(0.0926485 -2.37044e-05 0)
(0.0927142 -1.99826e-05 0)
(0.0927695 -1.68184e-05 0)
(0.0928159 -1.41148e-05 0)
(0.0928549 -1.17898e-05 0)
(0.0928872 -9.76389e-06 0)
(0.0929142 -7.99045e-06 0)
(0.0929355 -6.4494e-06 0)
(0.0929535 -4.90959e-06 0)
(0.0929659 -4.04869e-06 0)
(0.0929782 -2.04104e-06 0)
(-0.00279027 0.00489912 0)
(0.00387759 -0.0111909 0)
(0.0190397 -0.0124837 0)
(0.0316399 -0.0146438 0)
(0.0461685 -0.0129688 0)
(0.0578119 -0.0106895 0)
(0.0670245 -0.00843172 0)
(0.0741329 -0.0065091 0)
(0.0795685 -0.00499247 0)
(0.0837333 -0.00383883 0)
(0.0869488 -0.00297355 0)
(0.0894562 -0.0023254 0)
(0.0914324 -0.0018372 0)
(0.0930059 -0.0014659 0)
(0.0942703 -0.00118025 0)
(0.0952949 -0.000958066 0)
(0.0961313 -0.000783354 0)
(0.0968184 -0.000644457 0)
(0.0973859 -0.000533029 0)
(0.097857 -0.00044292 0)
(0.0982498 -0.000369451 0)
(0.0985783 -0.000309129 0)
(0.0988537 -0.000259378 0)
(0.0990851 -0.000218183 0)
(0.0992799 -0.000183886 0)
(0.0994443 -0.000155179 0)
(0.0995832 -0.000131062 0)
(0.0997007 -0.000110744 0)
(0.0998001 -9.35775e-05 0)
(0.0998841 -7.90374e-05 0)
(0.0999549 -6.66885e-05 0)
(0.100015 -5.61621e-05 0)
(0.100065 -4.71415e-05 0)
(0.100107 -3.93612e-05 0)
(0.100142 -3.26065e-05 0)
(0.100171 -2.66793e-05 0)
(0.100194 -2.15935e-05 0)
(0.100214 -1.649e-05 0)
(0.100227 -1.37251e-05 0)
(0.10024 -6.99952e-06 0)
(-0.0128311 -0.00564486 0)
(-0.00827773 -0.0224318 0)
(0.0166612 -0.0235048 0)
(0.0312606 -0.0259924 0)
(0.0479385 -0.0224052 0)
(0.0598927 -0.0181192 0)
(0.0689562 -0.0141108 0)
(0.0757346 -0.0108148 0)
(0.0808297 -0.00826921 0)
(0.0847096 -0.0063557 0)
(0.087707 -0.00492864 0)
(0.0900541 -0.00386142 0)
(0.0919142 -0.00305687 0)
(0.0934039 -0.00244389 0)
(0.0946076 -0.00197131 0)
(0.0955877 -0.00160273 0)
(0.0963912 -0.00131218 0)
(0.0970536 -0.00108077 0)
(0.0976024 -0.000894734 0)
(0.0980592 -0.000743972 0)
(0.0984408 -0.00062094 0)
(0.0987604 -0.000519917 0)
(0.0990288 -0.000436524 0)
(0.0992546 -0.00036734 0)
(0.099445 -0.000309661 0)
(0.0996058 -0.000261366 0)
(0.0997417 -0.000220789 0)
(0.0998568 -0.000186601 0)
(0.0999541 -0.000157722 0)
(0.100036 -0.000133267 0)
(0.100106 -0.00011249 0)
(0.100164 -9.47562e-05 0)
(0.100214 -7.95358e-05 0)
(0.100255 -6.63995e-05 0)
(0.100289 -5.50101e-05 0)
(0.100318 -4.50215e-05 0)
(0.100341 -3.6464e-05 0)
(0.10036 -2.78751e-05 0)
(0.100373 -2.32267e-05 0)
(0.100386 -1.18633e-05 0)
(-0.00958178 0.0240348 0)
(-0.0113347 -0.0282426 0)
(0.0157044 -0.0364286 0)
(0.0325137 -0.0391052 0)
(0.0515112 -0.0326795 0)
(0.0635709 -0.0256291 0)
(0.0721426 -0.0195531 0)
(0.0782548 -0.0148153 0)
(0.0827394 -0.0112722 0)
(0.0861339 -0.00865669 0)
(0.0887683 -0.00672296 0)
(0.0908501 -0.00528074 0)
(0.0925174 -0.00419256 0)
(0.0938665 -0.0033613 0)
(0.0949667 -0.00271828 0)
(0.0958697 -0.00221496 0)
(0.0966151 -0.00181685 0)
(0.0972331 -0.00149889 0)
(0.0977477 -0.00124261 0)
(0.0981777 -0.00103443 0)
(0.0985381 -0.000864239 0)
(0.0988409 -0.000724261 0)
(0.0990957 -0.000608501 0)
(0.0993106 -0.000512309 0)
(0.0994921 -0.000432039 0)
(0.0996456 -0.000364808 0)
(0.0997755 -0.000308307 0)
(0.0998855 -0.000260675 0)
(0.0999787 -0.000220408 0)
(0.100058 -0.000186278 0)
(0.100124 -0.000157253 0)
(0.10018 -0.000132463 0)
(0.100228 -0.00011119 0)
(0.100267 -9.28514e-05 0)
(0.1003 -7.69681e-05 0)
(0.100328 -6.30338e-05 0)
(0.10035 -5.10858e-05 0)
(0.100368 -3.90799e-05 0)
(0.100381 -3.25506e-05 0)
(0.100393 -1.66277e-05 0)
(-0.0384496 0.00285577 0)
(-0.0350445 -0.0475187 0)
(0.0129768 -0.0580229 0)
(0.0354024 -0.0549364 0)
(0.0574169 -0.0437437 0)
(0.0691738 -0.0328393 0)
(0.0766463 -0.0243817 0)
(0.0816417 -0.018223 0)
(0.0852284 -0.0137978 0)
(0.08796 -0.0106002 0)
(0.0901193 -0.00825697 0)
(0.0918622 -0.00651187 0)
(0.0932858 -0.00519166 0)
(0.0944575 -0.00417858 0)
(0.0954271 -0.00339106 0)
(0.0962324 -0.0027716 0)
(0.0969036 -0.00227929 0)
(0.0974649 -0.00188446 0)
(0.0979354 -0.00156514 0)
(0.0983307 -0.00130498 0)
(0.0986637 -0.00109169 0)
(0.0989445 -0.000915873 0)
(0.0991817 -0.000770193 0)
(0.0993822 -0.000648943 0)
(0.099552 -0.00054763 0)
(0.0996958 -0.000462676 0)
(0.0998178 -0.000391205 0)
(0.0999213 -0.000330904 0)
(0.100009 -0.000279897 0)
(0.100083 -0.000236629 0)
(0.100146 -0.000199802 0)
(0.100199 -0.000168334 0)
(0.100244 -0.000141334 0)
(0.100281 -0.000118057 0)
(0.100312 -9.78866e-05 0)
(0.100338 -8.01798e-05 0)
(0.100359 -6.49906e-05 0)
(0.100377 -4.97314e-05 0)
(0.100389 -4.14132e-05 0)
(0.100401 -2.11579e-05 0)
(-0.00855497 0.0873203 0)
(0.00608276 -0.062027 0)
(0.0337982 -0.0818232 0)
(0.0510783 -0.0716753 0)
(0.0685194 -0.0542498 0)
(0.0775142 -0.0388375 0)
(0.082584 -0.0280361 0)
(0.0858161 -0.0207173 0)
(0.0881875 -0.0156727 0)
(0.0900943 -0.0120909 0)
(0.0916902 -0.0094746 0)
(0.0930406 -0.00751878 0)
(0.0941846 -0.00602927 0)
(0.0951529 -0.00487764 0)
(0.0959718 -0.00397588 0)
(0.0966639 -0.00326186 0)
(0.0972488 -0.00269101 0)
(0.0977433 -0.0022308 0)
(0.0981616 -0.00185697 0)
(0.0985159 -0.00155126 0)
(0.098816 -0.0012998 0)
(0.0990706 -0.00109192 0)
(0.0992864 -0.000919281 0)
(0.0994696 -0.000775307 0)
(0.0996251 -0.000654792 0)
(0.0997573 -0.000553588 0)
(0.0998696 -0.000468351 0)
(0.0999651 -0.00039637 0)
(0.100046 -0.000335423 0)
(0.100115 -0.000283672 0)
(0.100173 -0.000239591 0)
(0.100222 -0.000201908 0)
(0.100263 -0.000169565 0)
(0.100298 -0.000141668 0)
(0.100327 -0.000117485 0)
(0.100351 -9.62517e-05 0)
(0.100371 -7.80345e-05 0)
(0.100387 -5.97299e-05 0)
(0.100398 -4.97295e-05 0)
(0.100409 -2.54081e-05 0)
(0.0887941 -0.0117686 0)
(0.0833048 -0.0787776 0)
(0.107109 -0.102578 0)
(0.0921501 -0.0887558 0)
(0.0894985 -0.0654678 0)
(0.08939 -0.0446213 0)
(0.0898003 -0.0307441 0)
(0.090503 -0.0222578 0)
(0.0913976 -0.0168302 0)
(0.0923906 -0.0130818 0)
(0.093387 -0.0103453 0)
(0.0943242 -0.00828045 0)
(0.0951729 -0.00668984 0)
(0.0959246 -0.00544637 0)
(0.0965814 -0.00446303 0)
(0.0971503 -0.0036778 0)
(0.0976402 -0.00304547 0)
(0.0980607 -0.00253254 0)
(0.0984208 -0.00211368 0)
(0.0987287 -0.0017696 0)
(0.0989918 -0.00148551 0)
(0.0992163 -0.00124989 0)
(0.0994079 -0.00105366 0)
(0.0995712 -0.000889621 0)
(0.0997103 -0.000752041 0)
(0.099829 -0.000636324 0)
(0.0999301 -0.00053873 0)
(0.100016 -0.000456205 0)
(0.100089 -0.000386247 0)
(0.100152 -0.000326789 0)
(0.100204 -0.000276105 0)
(0.100249 -0.000232751 0)
(0.100287 -0.000195517 0)
(0.100318 -0.000163385 0)
(0.100345 -0.000135523 0)
(0.100367 -0.000111054 0)
(0.100384 -9.00543e-05 0)
(0.100399 -6.8943e-05 0)
(0.100409 -5.73897e-05 0)
(0.100419 -2.9323e-05 0)
(0.215587 -0.0148464 0)
(0.244956 -0.071199 0)
(0.229979 -0.0714341 0)
(0.176351 -0.0542412 0)
(0.133227 -0.0414016 0)
(0.110946 -0.0327741 0)
(0.100502 -0.0262484 0)
(0.0962028 -0.020997 0)
(0.0948823 -0.0167814 0)
(0.0947967 -0.0134534 0)
(0.0951666 -0.0108441 0)
(0.0956863 -0.00879467 0)
(0.0962357 -0.0071756 0)
(0.0967645 -0.00588728 0)
(0.0972517 -0.0048547 0)
(0.0976898 -0.00402132 0)
(0.0980776 -0.00334432 0)
(0.0984176 -0.00279106 0)
(0.0987138 -0.00233648 0)
(0.0989705 -0.00196112 0)
(0.0991922 -0.00164983 0)
(0.0993831 -0.00139065 0)
(0.0995472 -0.0011741 0)
(0.0996879 -0.000992588 0)
(0.0998085 -0.000840016 0)
(0.0999117 -0.000711435 0)
(0.1 -0.000602802 0)
(0.100075 -0.000510806 0)
(0.10014 -0.000432724 0)
(0.100195 -0.000366292 0)
(0.100241 -0.000309609 0)
(0.10028 -0.000261083 0)
(0.100314 -0.00021938 0)
(0.100342 -0.000183375 0)
(0.100365 -0.000152143 0)
(0.100385 -0.000124705 0)
(0.1004 -0.000101142 0)
(0.100413 -7.74414e-05 0)
(0.100422 -6.44557e-05 0)
(0.100431 -3.29325e-05 0)
(0.197434 -0.0343794 0)
(0.126112 -0.0842456 0)
(0.0907372 -0.0605106 0)
(0.0889211 -0.0340256 0)
(0.0922092 -0.0262716 0)
(0.0953876 -0.0249256 0)
(0.0968593 -0.0228478 0)
(0.0970639 -0.0196773 0)
(0.0968774 -0.0163798 0)
(0.0967661 -0.0134672 0)
(0.0968345 -0.0110484 0)
(0.0970422 -0.00908032 0)
(0.0973278 -0.00748661 0)
(0.097645 -0.00619459 0)
(0.0979647 -0.00514363 0)
(0.09827 -0.00428519 0)
(0.0985523 -0.00358089 0)
(0.0988079 -0.00300051 0)
(0.0990361 -0.00252029 0)
(0.0992378 -0.00212143 0)
(0.0994148 -0.00178898 0)
(0.0995691 -0.001511 0)
(0.099703 -0.0012779 0)
(0.0998189 -0.00108192 0)
(0.0999188 -0.000916761 0)
(0.100005 -0.000777251 0)
(0.100079 -0.000659158 0)
(0.100142 -0.000558991 0)
(0.100197 -0.000473856 0)
(0.100243 -0.00040133 0)
(0.100282 -0.000339378 0)
(0.100316 -0.000286294 0)
(0.100344 -0.000240645 0)
(0.100368 -0.000201212 0)
(0.100388 -0.000166989 0)
(0.100405 -0.000136907 0)
(0.100418 -0.000111057 0)
(0.100429 -8.50422e-05 0)
(0.100437 -7.07791e-05 0)
(0.100445 -3.61632e-05 0)
(0.180712 0.00406788 0)
(0.161836 -0.0142104 0)
(0.13493 -0.0401895 0)
(0.120213 -0.0460096 0)
(0.113377 -0.0384595 0)
(0.108012 -0.0299192 0)
(0.103783 -0.0237345 0)
(0.101082 -0.0193465 0)
(0.0995791 -0.0159815 0)
(0.0988087 -0.0132565 0)
(0.0984606 -0.0110104 0)
(0.0983589 -0.00915569 0)
(0.0984004 -0.00762576 0)
(0.098522 -0.00636398 0)
(0.0986839 -0.00532233 0)
(0.098862 -0.00446082 0)
(0.0990412 -0.00374654 0)
(0.0992131 -0.00315269 0)
(0.0993731 -0.00265762 0)
(0.099519 -0.00224382 0)
(0.09965 -0.00189705 0)
(0.0997664 -0.00160577 0)
(0.099869 -0.00136056 0)
(0.0999588 -0.00115372 0)
(0.100037 -0.000978906 0)
(0.100105 -0.000830885 0)
(0.100164 -0.000705328 0)
(0.100214 -0.000598643 0)
(0.100258 -0.000507828 0)
(0.100295 -0.000430356 0)
(0.100327 -0.000364102 0)
(0.100354 -0.000307281 0)
(0.100377 -0.000258382 0)
(0.100397 -0.000216115 0)
(0.100413 -0.000179408 0)
(0.100427 -0.000147121 0)
(0.100438 -0.000119361 0)
(0.100447 -9.14121e-05 0)
(0.100454 -7.60838e-05 0)
(0.100459 -3.88772e-05 0)
(0.147245 -0.0147163 0)
(0.144498 -0.0354381 0)
(0.134079 -0.0332489 0)
(0.121018 -0.0268385 0)
(0.112282 -0.0238909 0)
(0.107518 -0.0221466 0)
(0.104734 -0.0200148 0)
(0.102808 -0.0175084 0)
(0.101424 -0.0150052 0)
(0.100491 -0.0127271 0)
(0.0999102 -0.0107414 0)
(0.0995812 -0.00904578 0)
(0.099422 -0.00761305 0)
(0.0993728 -0.00640882 0)
(0.0993922 -0.0053991 0)
(0.0994519 -0.00455306 0)
(0.0995334 -0.00384391 0)
(0.0996246 -0.00324886 0)
(0.0997178 -0.0027489 0)
(0.0998083 -0.00232821 0)
(0.0998933 -0.00197368 0)
(0.0999715 -0.00167444 0)
(0.100042 -0.0014215 0)
(0.100105 -0.00120739 0)
(0.100161 -0.00102589 0)
(0.10021 -0.000871809 0)
(0.100253 -0.000740829 0)
(0.10029 -0.000629325 0)
(0.100323 -0.00053425 0)
(0.100351 -0.000453029 0)
(0.100375 -0.000383487 0)
(0.100395 -0.000323788 0)
(0.100413 -0.000272372 0)
(0.100427 -0.000227895 0)
(0.10044 -0.000189241 0)
(0.10045 -0.000155221 0)
(0.100458 -0.000125954 0)
(0.100466 -9.64737e-05 0)
(0.100471 -8.03041e-05 0)
(0.100475 -4.10401e-05 0)
(0.14811 -0.0048844 0)
(0.139045 -0.0140836 0)
(0.128678 -0.0228659 0)
(0.120891 -0.0255428 0)
(0.115069 -0.0241357 0)
(0.110617 -0.0214201 0)
(0.107266 -0.0187118 0)
(0.104864 -0.0162688 0)
(0.103177 -0.0140613 0)
(0.102011 -0.0120774 0)
(0.101223 -0.010322 0)
(0.100706 -0.00879187 0)
(0.100379 -0.00747281 0)
(0.100183 -0.00634432 0)
(0.100076 -0.00538355 0)
(0.100028 -0.00456796 0)
(0.100019 -0.0038767 0)
(0.100034 -0.00329119 0)
(0.100064 -0.00279528 0)
(0.1001 -0.00237513 0)
(0.10014 -0.00201899 0)
(0.100181 -0.0017169 0)
(0.100219 -0.00146046 0)
(0.100255 -0.00124261 0)
(0.100289 -0.00105735 0)
(0.100319 -0.00089967 0)
(0.100346 -0.000765316 0)
(0.100369 -0.000650714 0)
(0.10039 -0.00055283 0)
(0.100408 -0.000469089 0)
(0.100424 -0.000397304 0)
(0.100438 -0.000335616 0)
(0.100449 -0.000282439 0)
(0.100459 -0.000236402 0)
(0.100468 -0.000196362 0)
(0.100475 -0.000161098 0)
(0.10048 -0.000130748 0)
(0.100485 -0.00010016 0)
(0.100489 -8.33837e-05 0)
(0.100492 -4.2622e-05 0)
(0.136212 -0.00547161 0)
(0.132418 -0.0144728 0)
(0.12697 -0.0184073 0)
(0.120961 -0.0193414 0)
(0.115709 -0.0189631 0)
(0.111659 -0.0179098 0)
(0.108606 -0.0163952 0)
(0.106297 -0.0146767 0)
(0.104569 -0.0129413 0)
(0.103297 -0.0112906 0)
(0.102376 -0.00977649 0)
(0.101719 -0.00842075 0)
(0.101258 -0.00722641 0)
(0.10094 -0.00618596 0)
(0.100725 -0.00528646 0)
(0.100582 -0.00451285 0)
(0.100491 -0.00384984 0)
(0.100436 -0.00328292 0)
(0.100405 -0.00279884 0)
(0.10039 -0.00238587 0)
(0.100387 -0.00203374 0)
(0.10039 -0.00173355 0)
(0.100398 -0.00147762 0)
(0.100407 -0.0012594 0)
(0.100418 -0.00107323 0)
(0.100429 -0.00091434 0)
(0.10044 -0.000778637 0)
(0.10045 -0.000662651 0)
(0.100459 -0.000563412 0)
(0.100467 -0.000478388 0)
(0.100475 -0.000405412 0)
(0.100481 -0.000342636 0)
(0.100487 -0.000288469 0)
(0.100492 -0.000241535 0)
(0.100496 -0.000200683 0)
(0.1005 -0.000164684 0)
(0.100503 -0.000133684 0)
(0.100505 -0.000102425 0)
(0.100507 -8.52832e-05 0)
(0.100508 -4.36015e-05 0)
(0.132406 -0.00522883 0)
(0.128977 -0.0105276 0)
(0.12489 -0.0143341 0)
(0.120396 -0.0160775 0)
(0.116111 -0.0162832 0)
(0.112541 -0.0156241 0)
(0.109698 -0.0145186 0)
(0.10746 -0.0131985 0)
(0.10572 -0.0118087 0)
(0.104387 -0.0104403 0)
(0.103377 -0.00914799 0)
(0.102619 -0.00796199 0)
(0.102055 -0.00689518 0)
(0.101638 -0.00594921 0)
(0.101331 -0.00511898 0)
(0.101106 -0.00439569 0)
(0.100942 -0.00376894 0)
(0.100823 -0.00322795 0)
(0.100736 -0.00276228 0)
(0.100674 -0.00236227 0)
(0.10063 -0.00201917 0)
(0.100598 -0.00172521 0)
(0.100575 -0.00147351 0)
(0.100559 -0.00125807 0)
(0.100547 -0.0010737 0)
(0.10054 -0.000915902 0)
(0.100534 -0.000780817 0)
(0.100531 -0.000665123 0)
(0.100528 -0.000565961 0)
(0.100527 -0.000480877 0)
(0.100526 -0.000407759 0)
(0.100526 -0.000344792 0)
(0.100525 -0.000290408 0)
(0.100525 -0.000243245 0)
(0.100525 -0.000202164 0)
(0.100525 -0.00016594 0)
(0.100525 -0.000134732 0)
(0.100526 -0.000103244 0)
(0.100526 -8.59798e-05 0)
(0.100526 -4.39656e-05 0)
(0.12824 -0.00385215 0)
(0.125639 -0.0081565 0)
(0.122841 -0.0112877 0)
(0.119529 -0.0130296 0)
(0.116069 -0.0135916 0)
(0.112994 -0.013381 0)
(0.110432 -0.0126994 0)
(0.108334 -0.0117477 0)
(0.106641 -0.0106667 0)
(0.105294 -0.00955166 0)
(0.104235 -0.00846347 0)
(0.103409 -0.00743886 0)
(0.102768 -0.0064977 0)
(0.102272 -0.00564842 0)
(0.10189 -0.00489193 0)
(0.101595 -0.00422453 0)
(0.101367 -0.00363993 0)
(0.101191 -0.00313063 0)
(0.101054 -0.00268876 0)
(0.100948 -0.00230661 0)
(0.100865 -0.00197693 0)
(0.1008 -0.00169304 0)
(0.100748 -0.00144893 0)
(0.100707 -0.00123921 0)
(0.100675 -0.00105916 0)
(0.100649 -0.000904635 0)
(0.100628 -0.000772043 0)
(0.100611 -0.000658255 0)
(0.100597 -0.000560558 0)
(0.100586 -0.000476607 0)
(0.100577 -0.000404374 0)
(0.100569 -0.0003421 0)
(0.100563 -0.000288262 0)
(0.100558 -0.000241533 0)
(0.100554 -0.000200801 0)
(0.100551 -0.000164862 0)
(0.100548 -0.000133886 0)
(0.100546 -0.000102611 0)
(0.100545 -8.54679e-05 0)
(0.100543 -4.37108e-05 0)
(0.125426 -0.0035524 0)
(0.123298 -0.00666932 0)
(0.121205 -0.00912978 0)
(0.118665 -0.0107175 0)
(0.115852 -0.0114176 0)
(0.113215 -0.0114562 0)
(0.110927 -0.0110567 0)
(0.108987 -0.010382 0)
(0.107369 -0.00955183 0)
(0.106041 -0.00865345 0)
(0.104963 -0.00774694 0)
(0.104094 -0.00687132 0)
(0.103398 -0.00605026 0)
(0.102842 -0.00529657 0)
(0.102399 -0.00461547 0)
(0.102045 -0.00400719 0)
(0.101762 -0.00346877 0)
(0.101536 -0.00299547 0)
(0.101354 -0.00258167 0)
(0.101208 -0.00222144 0)
(0.10109 -0.00190891 0)
(0.100994 -0.00163849 0)
(0.100915 -0.00140496 0)
(0.100851 -0.00120361 0)
(0.100798 -0.0010302 0)
(0.100755 -0.000880988 0)
(0.100719 -0.000752654 0)
(0.100689 -0.000642302 0)
(0.100665 -0.000547395 0)
(0.100644 -0.000465724 0)
(0.100627 -0.000395365 0)
(0.100613 -0.000334643 0)
(0.100601 -0.000282096 0)
(0.100591 -0.000236449 0)
(0.100583 -0.000196632 0)
(0.100576 -0.000161478 0)
(0.10057 -0.000131166 0)
(0.100566 -0.000100541 0)
(0.100564 -8.37596e-05 0)
(0.10056 -4.28433e-05 0)
(0.123152 -0.00294903 0)
(0.121403 -0.00539473 0)
(0.119791 -0.00740605 0)
(0.117815 -0.00882249 0)
(0.11552 -0.00956978 0)
(0.113268 -0.00976549 0)
(0.11124 -0.00956801 0)
(0.109464 -0.00910577 0)
(0.107938 -0.00847867 0)
(0.106649 -0.00776336 0)
(0.105572 -0.00701596 0)
(0.104682 -0.00627525 0)
(0.103949 -0.00556648 0)
(0.103349 -0.00490496 0)
(0.102857 -0.00429879 0)
(0.102455 -0.003751 0)
(0.102126 -0.00326124 0)
(0.101856 -0.00282699 0)
(0.101635 -0.00244454 0)
(0.101452 -0.0021095 0)
(0.101302 -0.00181724 0)
(0.101178 -0.00156316 0)
(0.101074 -0.00134286 0)
(0.100988 -0.00115226 0)
(0.100917 -0.000987606 0)
(0.100857 -0.000845559 0)
(0.100807 -0.000723119 0)
(0.100765 -0.000617633 0)
(0.10073 -0.000526763 0)
(0.1007 -0.000448458 0)
(0.100675 -0.000380919 0)
(0.100654 -0.000322568 0)
(0.100637 -0.000272027 0)
(0.100622 -0.000228086 0)
(0.10061 -0.000189731 0)
(0.1006 -0.000155848 0)
(0.100592 -0.000126619 0)
(0.100586 -9.70695e-05 0)
(0.100582 -8.08838e-05 0)
(0.100576 -4.13779e-05 0)
(0.121369 -0.00252033 0)
(0.119906 -0.00444727 0)
(0.11862 -0.00607306 0)
(0.117043 -0.00729215 0)
(0.115147 -0.00801526 0)
(0.113219 -0.00829203 0)
(0.111424 -0.00822908 0)
(0.109806 -0.00792396 0)
(0.108377 -0.00745717 0)
(0.107139 -0.00689366 0)
(0.106079 -0.00628344 0)
(0.105182 -0.005663 0)
(0.104426 -0.00505748 0)
(0.103793 -0.00448321 0)
(0.103265 -0.00394996 0)
(0.102823 -0.00346263 0)
(0.102455 -0.00302276 0)
(0.102149 -0.00262958 0)
(0.101893 -0.00228089 0)
(0.101679 -0.00197359 0)
(0.1015 -0.00170414 0)
(0.101349 -0.00146885 0)
(0.101223 -0.00126405 0)
(0.101118 -0.00108627 0)
(0.101028 -0.000932265 0)
(0.100953 -0.000799073 0)
(0.10089 -0.000684022 0)
(0.100837 -0.00058472 0)
(0.100792 -0.000499047 0)
(0.100753 -0.000425123 0)
(0.100721 -0.00036129 0)
(0.100694 -0.000306084 0)
(0.100671 -0.000258224 0)
(0.100653 -0.000216582 0)
(0.100637 -0.000180211 0)
(0.100624 -0.000148061 0)
(0.100613 -0.000120316 0)
(0.100605 -9.22503e-05 0)
(0.100599 -7.68854e-05 0)
(0.100592 -3.93381e-05 0)
(0.119935 -0.00213458 0)
(0.118703 -0.00367617 0)
(0.117647 -0.00499433 0)
(0.116359 -0.00602835 0)
(0.114772 -0.00669338 0)
(0.11311 -0.00700228 0)
(0.111518 -0.00702479 0)
(0.110044 -0.00683325 0)
(0.108712 -0.00649098 0)
(0.10753 -0.00605159 0)
(0.106496 -0.00555821 0)
(0.105602 -0.00504375 0)
(0.104834 -0.004532 0)
(0.104179 -0.00403924 0)
(0.103623 -0.00357591 0)
(0.10315 -0.00314801 0)
(0.102751 -0.00275833 0)
(0.102412 -0.00240738 0)
(0.102127 -0.00209411 0)
(0.101885 -0.00181649 0)
(0.101681 -0.00157189 0)
(0.101508 -0.0013574 0)
(0.101361 -0.00117004 0)
(0.101237 -0.0010069 0)
(0.101132 -0.000865196 0)
(0.101043 -0.000742361 0)
(0.100968 -0.000636044 0)
(0.100904 -0.000544127 0)
(0.100849 -0.000464711 0)
(0.100803 -0.000396102 0)
(0.100765 -0.000336794 0)
(0.100732 -0.000285452 0)
(0.100704 -0.000240903 0)
(0.100681 -0.000202115 0)
(0.100662 -0.000168215 0)
(0.100646 -0.000138234 0)
(0.100633 -0.000112353 0)
(0.100622 -8.61556e-05 0)
(0.100615 -7.1824e-05 0)
(0.100607 -3.67551e-05 0)
(0.11878 -0.00181076 0)
(0.117735 -0.00304497 0)
(0.116848 -0.00410704 0)
(0.115769 -0.0049702 0)
(0.114418 -0.00555898 0)
(0.112972 -0.00586705 0)
(0.111552 -0.0059389 0)
(0.110207 -0.00582686 0)
(0.108964 -0.00557969 0)
(0.107839 -0.00524062 0)
(0.106835 -0.00484582 0)
(0.105951 -0.004424 0)
(0.10518 -0.00399673 0)
(0.104511 -0.00357942 0)
(0.103933 -0.00318245 0)
(0.103437 -0.00281228 0)
(0.103011 -0.00247241 0)
(0.102647 -0.0021642 0)
(0.102336 -0.00188745 0)
(0.10207 -0.00164092 0)
(0.101844 -0.00142275 0)
(0.101651 -0.00123072 0)
(0.101486 -0.00106242 0)
(0.101346 -0.00091546 0)
(0.101227 -0.000787498 0)
(0.101125 -0.000676339 0)
(0.101039 -0.000579954 0)
(0.100965 -0.000496494 0)
(0.100903 -0.000424291 0)
(0.100849 -0.000361843 0)
(0.100804 -0.000307805 0)
(0.100766 -0.000260983 0)
(0.100734 -0.000220324 0)
(0.100707 -0.000184899 0)
(0.100684 -0.000153922 0)
(0.100666 -0.000126512 0)
(0.100651 -0.000102845 0)
(0.100639 -7.88738e-05 0)
(0.10063 -6.5773e-05 0)
(0.10062 -3.36673e-05 0)
(0.11785 -0.0015322 0)
(0.116961 -0.00251335 0)
(0.116198 -0.00335937 0)
(0.11527 -0.00406773 0)
(0.1141 -0.00457278 0)
(0.112826 -0.00485902 0)
(0.111549 -0.00495425 0)
(0.110314 -0.00489568 0)
(0.109152 -0.00472 0)
(0.10808 -0.0044613 0)
(0.107109 -0.00414922 0)
(0.106239 -0.00380801 0)
(0.105468 -0.00345653 0)
(0.10479 -0.00310873 0)
(0.104198 -0.00277437 0)
(0.103683 -0.00245986 0)
(0.103237 -0.00216899 0)
(0.102851 -0.00190356 0)
(0.102519 -0.00166393 0)
(0.102234 -0.0014495 0)
(0.101988 -0.00125898 0)
(0.101778 -0.00109071 0)
(0.101598 -0.000942814 0)
(0.101443 -0.000813332 0)
(0.101311 -0.000700339 0)
(0.101199 -0.000601997 0)
(0.101103 -0.000516586 0)
(0.10102 -0.000442528 0)
(0.10095 -0.000378384 0)
(0.100891 -0.000322847 0)
(0.10084 -0.000274745 0)
(0.100797 -0.000233031 0)
(0.100761 -0.000196783 0)
(0.100731 -0.000165183 0)
(0.100705 -0.000137536 0)
(0.100684 -0.000113063 0)
(0.100667 -9.19263e-05 0)
(0.100653 -7.05084e-05 0)
(0.100644 -5.88181e-05 0)
(0.100633 -3.01192e-05 0)
(0.117108 -0.00128924 0)
(0.116352 -0.00205468 0)
(0.115679 -0.00271483 0)
(0.114859 -0.0032831 0)
(0.113826 -0.00370249 0)
(0.112686 -0.00395383 0)
(0.111525 -0.00405417 0)
(0.110383 -0.00402946 0)
(0.10929 -0.00390668 0)
(0.108267 -0.00371209 0)
(0.107325 -0.00346933 0)
(0.106471 -0.00319824 0)
(0.105704 -0.00291472 0)
(0.105022 -0.0026309 0)
(0.10442 -0.00235551 0)
(0.103891 -0.00209448 0)
(0.103428 -0.00185152 0)
(0.103026 -0.00162859 0)
(0.102676 -0.0014264 0)
(0.102374 -0.00124473 0)
(0.102113 -0.00108277 0)
(0.101888 -0.000939294 0)
(0.101694 -0.000812863 0)
(0.101528 -0.000701929 0)
(0.101385 -0.000604934 0)
(0.101263 -0.000520375 0)
(0.101158 -0.000446832 0)
(0.101069 -0.000382989 0)
(0.100992 -0.000327635 0)
(0.100927 -0.000279664 0)
(0.100872 -0.00023808 0)
(0.100825 -0.000201992 0)
(0.100785 -0.000170613 0)
(0.100751 -0.000143244 0)
(0.100724 -0.000119289 0)
(0.100701 -9.80758e-05 0)
(0.100682 -7.9751e-05 0)
(0.100666 -6.1176e-05 0)
(0.100656 -5.10555e-05 0)
(0.100644 -2.61604e-05 0)
(0.116528 -0.00107121 0)
(0.115883 -0.00164796 0)
(0.115275 -0.0021456 0)
(0.11453 -0.00258654 0)
(0.113598 -0.00292123 0)
(0.112563 -0.00312994 0)
(0.111492 -0.00322281 0)
(0.110425 -0.00321753 0)
(0.10939 -0.00313338 0)
(0.108409 -0.00298997 0)
(0.107494 -0.0028055 0)
(0.106655 -0.0025957 0)
(0.105894 -0.0023734 0)
(0.10521 -0.00214866 0)
(0.1046 -0.00192887 0)
(0.104061 -0.0017192 0)
(0.103586 -0.00152299 0)
(0.10317 -0.00134212 0)
(0.102807 -0.00117743 0)
(0.102491 -0.00102896 0)
(0.102217 -0.000896214 0)
(0.10198 -0.000778325 0)
(0.101776 -0.000674213 0)
(0.101599 -0.000582688 0)
(0.101448 -0.000502532 0)
(0.101317 -0.000432556 0)
(0.101206 -0.000371627 0)
(0.10111 -0.00031868 0)
(0.101028 -0.000272733 0)
(0.100958 -0.000232882 0)
(0.100898 -0.000198312 0)
(0.100848 -0.000168292 0)
(0.100805 -0.000142176 0)
(0.100769 -0.000119386 0)
(0.100739 -9.9432e-05 0)
(0.100714 -8.17575e-05 0)
(0.100694 -6.64866e-05 0)
(0.100677 -5.10043e-05 0)
(0.100666 -4.259e-05 0)
(0.100653 -2.18445e-05 0)
(0.116091 -0.000866073 0)
(0.11554 -0.00127665 0)
(0.114974 -0.00163048 0)
(0.114278 -0.00195447 0)
(0.113419 -0.00220661 0)
(0.11246 -0.00236837 0)
(0.111459 -0.00244536 0)
(0.11045 -0.00244917 0)
(0.109461 -0.00239298 0)
(0.108513 -0.00229077 0)
(0.107621 -0.00215594 0)
(0.106795 -0.00200028 0)
(0.10604 -0.00183364 0)
(0.105356 -0.00166384 0)
(0.104742 -0.00149676 0)
(0.104195 -0.00133655 0)
(0.103711 -0.00118598 0)
(0.103285 -0.00104668 0)
(0.102911 -0.000919438 0)
(0.102585 -0.000804425 0)
(0.102301 -0.000701355 0)
(0.102054 -0.000609639 0)
(0.101841 -0.000528497 0)
(0.101657 -0.000457056 0)
(0.101498 -0.000394408 0)
(0.101361 -0.000339657 0)
(0.101244 -0.000291939 0)
(0.101143 -0.000250441 0)
(0.101057 -0.000214402 0)
(0.100983 -0.000183124 0)
(0.10092 -0.000155975 0)
(0.100867 -0.000132387 0)
(0.100822 -0.000111858 0)
(0.100784 -9.39376e-05 0)
(0.100752 -7.82402e-05 0)
(0.100725 -6.43333e-05 0)
(0.100704 -5.23151e-05 0)
(0.100686 -4.01318e-05 0)
(0.100675 -3.35316e-05 0)
(0.100661 -1.72261e-05 0)
(0.115777 -0.000658523 0)
(0.115303 -0.000920874 0)
(0.114764 -0.00114843 0)
(0.114096 -0.00136582 0)
(0.113285 -0.0015389 0)
(0.112381 -0.00165199 0)
(0.111429 -0.00170792 0)
(0.110462 -0.00171377 0)
(0.109506 -0.00167793 0)
(0.108584 -0.00160963 0)
(0.107709 -0.00151795 0)
(0.106894 -0.00141104 0)
(0.106143 -0.00129577 0)
(0.10546 -0.00117766 0)
(0.104843 -0.00106093 0)
(0.104292 -0.000948599 0)
(0.103801 -0.000842701 0)
(0.103368 -0.000744479 0)
(0.102987 -0.000654568 0)
(0.102653 -0.000573147 0)
(0.102362 -0.000500064 0)
(0.102108 -0.000434939 0)
(0.101888 -0.000377252 0)
(0.101698 -0.000326407 0)
(0.101534 -0.000281782 0)
(0.101393 -0.000242753 0)
(0.101271 -0.000208715 0)
(0.101166 -0.000179095 0)
(0.101077 -0.000153356 0)
(0.101 -0.000131005 0)
(0.100935 -0.000111595 0)
(0.100879 -9.47261e-05 0)
(0.100832 -8.00402e-05 0)
(0.100793 -6.72171e-05 0)
(0.10076 -5.5982e-05 0)
(0.100732 -4.60279e-05 0)
(0.10071 -3.74212e-05 0)
(0.100692 -2.8703e-05 0)
(0.100679 -2.39943e-05 0)
(0.100665 -1.23507e-05 0)
(0.115401 -0.000489681 0)
(0.115003 -0.000599613 0)
(0.11448 -0.000698858 0)
(0.113824 -0.000810517 0)
(0.11304 -0.000905326 0)
(0.112168 -0.000969045 0)
(0.111247 -0.00100134 0)
(0.110308 -0.00100527 0)
(0.109375 -0.000985126 0)
(0.108472 -0.000946009 0)
(0.107611 -0.000893086 0)
(0.106806 -0.000831066 0)
(0.106062 -0.000763954 0)
(0.105382 -0.00069498 0)
(0.104767 -0.000626633 0)
(0.104215 -0.000560722 0)
(0.103723 -0.000498475 0)
(0.103288 -0.000440653 0)
(0.102904 -0.000387657 0)
(0.102567 -0.000339611 0)
(0.102273 -0.000296438 0)
(0.102016 -0.000257926 0)
(0.101793 -0.000223783 0)
(0.101601 -0.000193667 0)
(0.101434 -0.000167223 0)
(0.10129 -0.000144088 0)
(0.101167 -0.000123909 0)
(0.10106 -0.000106345 0)
(0.100969 -9.10772e-05 0)
(0.100891 -7.78134e-05 0)
(0.100825 -6.62895e-05 0)
(0.100768 -5.62684e-05 0)
(0.10072 -4.75396e-05 0)
(0.10068 -3.9913e-05 0)
(0.100646 -3.32288e-05 0)
(0.100618 -2.73075e-05 0)
(0.100595 -2.21858e-05 0)
(0.100577 -1.70098e-05 0)
(0.100564 -1.42276e-05 0)
(0.10055 -7.35658e-06 0)
(0.108042 -0.00026662 0)
(0.107498 -0.000242369 0)
(0.106908 -0.000239114 0)
(0.10625 -0.000259923 0)
(0.105505 -0.000283569 0)
(0.104691 -0.000300409 0)
(0.103835 -0.000308691 0)
(0.102964 -0.000308777 0)
(0.1021 -0.000301783 0)
(0.101263 -0.000289199 0)
(0.100466 -0.000272574 0)
(0.0997196 -0.000253318 0)
(0.0990295 -0.000232627 0)
(0.0983987 -0.000211461 0)
(0.0978274 -0.000190556 0)
(0.0973145 -0.00017044 0)
(0.0968571 -0.000151471 0)
(0.0964516 -0.000133871 0)
(0.0960941 -0.000117752 0)
(0.0957803 -0.000103146 0)
(0.095506 -9.00239e-05 0)
(0.0952669 -7.83178e-05 0)
(0.0950591 -6.79377e-05 0)
(0.0948792 -5.87822e-05 0)
(0.0947236 -5.07449e-05 0)
(0.0945894 -4.37174e-05 0)
(0.0944739 -3.75918e-05 0)
(0.0943746 -3.2263e-05 0)
(0.0942895 -2.76317e-05 0)
(0.0942167 -2.36069e-05 0)
(0.0941546 -2.01077e-05 0)
(0.0941018 -1.70614e-05 0)
(0.0940571 -1.44056e-05 0)
(0.0940195 -1.2081e-05 0)
(0.0939879 -1.00452e-05 0)
(0.0939621 -8.23979e-06 0)
(0.0939407 -6.67247e-06 0)
(0.0939236 -5.12347e-06 0)
(0.0939117 -4.25262e-06 0)
(0.0938982 -2.18968e-06 0)
)
;

boundaryField
{
    inlet
    {
        type            fixedValue;
        value           uniform (0.1 0 0);
    }
    outlet
    {
        type            zeroGradient;
    }
    lowerWall
    {
        type            noSlip;
    }
    upperWall
    {
        type            noSlip;
    }
    defaultFaces
    {
        type            empty;
    }
}


// ************************************************************************* //
