/*--------------------------------*- C++ -*----------------------------------*\
| =========                 |                                                 |
| \\      /  F ield         | OpenFOAM: The Open Source CFD Toolbox           |
|  \\    /   O peration     | Version:  2112                                  |
|   \\  /    A nd           | Website:  www.openfoam.com                      |
|    \\/     M anipulation  |                                                 |
\*---------------------------------------------------------------------------*/
FoamFile
{
    version     2.0;
    format      ascii;
    arch        "LSB;label=32;scalar=64";
    class       surfaceScalarField;
    location    "0.12";
    object      phi;
}
// * * * * * * * * * * * * * * * * * * * * * * * * * * * * * * * * * * * * * //

dimensions      [0 3 -1 0 0 0 0];

oriented        oriented;

internalField   nonuniform List<scalar> 
3653
(
9.93077e-07
6.92321e-09
9.79339e-07
1.37376e-08
9.63869e-07
1.54702e-08
9.48805e-07
1.50643e-08
9.33311e-07
1.54934e-08
9.16947e-07
1.63646e-08
8.99743e-07
1.72033e-08
8.81433e-07
1.83103e-08
8.62826e-07
1.86074e-08
8.46021e-07
1.68047e-08
8.32471e-07
1.35497e-08
8.22195e-07
1.02765e-08
8.14413e-07
7.78134e-09
8.08528e-07
5.88514e-09
8.03515e-07
5.01286e-09
7.9932e-07
4.19519e-09
7.9428e-07
5.04004e-09
7.90123e-07
4.157e-09
7.82992e-07
7.1311e-09
7.78287e-07
4.70463e-09
7.67228e-07
1.10595e-08
7.60979e-07
6.24854e-09
7.44429e-07
1.65507e-08
7.33767e-07
1.06614e-08
7.09519e-07
2.42483e-08
6.89076e-07
2.04432e-08
6.50252e-07
3.88241e-08
6.06953e-07
4.32987e-08
5.37231e-07
6.97218e-08
1.14913e-07
4.22318e-07
1.00285e-06
4.07711e-09
1.00654e-06
1.00415e-08
1.00906e-06
1.2949e-08
1.0105e-06
1.36322e-08
1.01158e-06
1.44051e-08
1.01242e-06
1.55287e-08
1.01295e-06
1.6675e-08
1.01327e-06
1.79902e-08
1.01309e-06
1.87882e-08
1.01192e-06
1.79718e-08
1.00974e-06
1.57269e-08
1.00693e-06
1.30924e-08
1.00377e-06
1.09372e-08
1.00038e-06
9.27771e-09
9.9678e-07
8.61204e-09
9.92899e-07
8.07626e-09
9.88649e-07
9.28944e-09
9.83892e-07
8.91466e-09
9.78218e-07
1.28045e-08
9.7217e-07
1.07533e-08
9.63659e-07
1.95699e-08
9.55934e-07
1.39741e-08
9.4269e-07
2.97947e-08
9.31349e-07
2.20022e-08
9.12584e-07
4.30131e-08
8.91368e-07
4.16592e-08
8.66673e-07
6.35193e-08
8.30669e-07
7.93027e-08
7.88132e-07
1.12258e-07
1.38347e-07
7.64698e-07
1.00163e-06
2.44938e-09
1.00488e-06
6.79045e-09
1.00793e-06
9.90251e-09
1.01012e-06
1.14361e-08
1.0121e-06
1.24289e-08
1.0142e-06
1.34257e-08
1.01638e-06
1.45004e-08
1.01864e-06
1.57264e-08
1.02067e-06
1.67569e-08
1.02173e-06
1.69072e-08
1.0214e-06
1.60629e-08
1.01982e-06
1.46707e-08
1.01738e-06
1.33795e-08
1.01435e-06
1.23068e-08
1.01097e-06
1.19936e-08
1.00724e-06
1.18045e-08
1.0034e-06
1.31313e-08
9.98856e-07
1.34556e-08
9.94379e-07
1.72821e-08
9.88302e-07
1.68303e-08
9.82491e-07
2.53806e-08
9.74387e-07
2.20787e-08
9.65465e-07
3.87168e-08
9.55366e-07
3.21008e-08
9.40964e-07
5.74148e-08
9.28129e-07
5.44943e-08
9.08114e-07
8.35344e-08
8.90398e-07
9.70189e-08
8.70614e-07
1.32042e-07
1.6367e-07
8.4529e-07
1.00074e-06
1.71126e-09
1.00255e-06
4.97622e-09
1.00473e-06
7.7248e-09
1.00661e-06
9.55419e-09
1.00834e-06
1.07058e-08
1.01016e-06
1.16004e-08
1.01211e-06
1.25531e-08
1.01412e-06
1.3715e-08
1.01596e-06
1.49162e-08
1.01717e-06
1.56939e-08
1.01744e-06
1.57922e-08
1.01678e-06
1.5331e-08
1.01539e-06
1.47699e-08
1.01343e-06
1.42713e-08
1.01104e-06
1.43786e-08
1.00821e-06
1.46336e-08
1.00512e-06
1.62272e-08
1.0014e-06
1.71699e-08
9.97567e-07
2.11191e-08
9.92454e-07
2.19429e-08
9.8777e-07
3.00645e-08
9.80353e-07
2.94962e-08
9.74717e-07
4.43523e-08
9.64069e-07
4.2749e-08
9.57138e-07
6.43456e-08
9.43811e-07
6.78219e-08
9.34666e-07
9.26792e-08
9.22528e-07
1.09157e-07
9.12681e-07
1.41889e-07
1.66114e-07
9.10238e-07
1.00036e-06
1.34893e-09
1.00155e-06
3.78365e-09
1.00324e-06
6.04011e-09
1.0049e-06
7.89047e-09
1.00647e-06
9.13825e-09
1.00808e-06
9.98797e-09
1.00979e-06
1.08469e-08
1.01155e-06
1.19556e-08
1.01323e-06
1.32402e-08
1.01454e-06
1.43791e-08
1.01524e-06
1.50966e-08
1.0152e-06
1.53627e-08
1.01452e-06
1.54515e-08
1.01324e-06
1.55555e-08
1.01155e-06
1.60702e-08
1.00933e-06
1.68472e-08
1.00697e-06
1.85942e-08
1.00385e-06
2.02881e-08
1.00092e-06
2.40486e-08
9.9658e-07
2.62811e-08
9.93107e-07
3.35375e-08
9.87072e-07
3.55312e-08
9.83158e-07
4.82663e-08
9.75192e-07
5.07154e-08
9.71085e-07
6.84518e-08
9.61675e-07
7.72327e-08
9.58789e-07
9.55651e-08
9.49211e-07
1.18735e-07
9.5205e-07
1.3905e-07
1.71168e-07
9.46997e-07
1.00031e-06
1.04389e-09
1.00115e-06
2.93557e-09
1.00243e-06
4.76706e-09
1.00385e-06
6.46391e-09
1.00528e-06
7.71287e-09
1.00672e-06
8.54662e-09
1.00823e-06
9.34094e-09
1.00979e-06
1.03957e-08
1.01131e-06
1.17178e-08
1.01261e-06
1.30719e-08
1.01352e-06
1.41879e-08
1.01391e-06
1.49733e-08
1.01379e-06
1.55742e-08
1.01316e-06
1.61907e-08
1.01214e-06
1.70828e-08
1.01065e-06
1.83374e-08
1.00898e-06
2.0265e-08
1.00669e-06
2.25819e-08
1.00455e-06
2.61901e-08
1.00128e-06
2.95426e-08
9.98913e-07
3.59093e-08
9.94389e-07
4.00551e-08
9.92157e-07
5.04979e-08
9.86548e-07
5.63245e-08
9.84443e-07
7.05566e-08
9.79794e-07
8.18818e-08
9.77176e-07
9.81831e-08
9.77713e-07
1.18198e-07
9.77267e-07
1.39496e-07
1.63315e-07
9.85119e-07
1.00022e-06
8.25692e-10
1.00086e-06
2.29363e-09
1.00188e-06
3.75182e-09
1.00312e-06
5.22196e-09
1.00443e-06
6.40035e-09
1.00578e-06
7.19232e-09
1.00722e-06
7.9036e-09
1.00874e-06
8.87651e-09
1.01027e-06
1.0192e-08
1.01166e-06
1.16773e-08
1.01278e-06
1.30672e-08
1.01351e-06
1.42423e-08
1.01384e-06
1.52507e-08
1.01372e-06
1.63023e-08
1.01328e-06
1.75231e-08
1.01242e-06
1.9197e-08
1.01142e-06
2.12717e-08
1.00991e-06
2.4092e-08
1.00856e-06
2.75408e-08
1.00639e-06
3.17055e-08
1.00501e-06
3.7297e-08
1.00214e-06
4.29238e-08
1.00127e-06
5.1364e-08
9.97886e-07
5.97107e-08
9.98231e-07
7.02112e-08
9.95543e-07
8.45699e-08
9.97971e-07
9.57555e-08
9.98411e-07
1.17758e-07
1.00549e-06
1.3242e-07
1.56639e-07
1.01216e-06
1.00018e-06
6.40943e-10
1.00073e-06
1.75183e-09
1.00162e-06
2.86199e-09
1.00275e-06
4.08608e-09
1.004e-06
5.14804e-09
1.00532e-06
5.87942e-09
1.00671e-06
6.50617e-09
1.00821e-06
7.38272e-09
1.00975e-06
8.6507e-09
1.01123e-06
1.01926e-08
1.01255e-06
1.17551e-08
1.01358e-06
1.32115e-08
1.01429e-06
1.45395e-08
1.01465e-06
1.59449e-08
1.01473e-06
1.74408e-08
1.01447e-06
1.94515e-08
1.0141e-06
2.16462e-08
1.01336e-06
2.48294e-08
1.01278e-06
2.81231e-08
1.01167e-06
3.28191e-08
1.01123e-06
3.77371e-08
1.00988e-06
4.42672e-08
1.01007e-06
5.11738e-08
1.00909e-06
6.06983e-08
1.01021e-06
6.90901e-08
1.01139e-06
8.33912e-08
1.01368e-06
9.34653e-08
1.01943e-06
1.12006e-07
1.02567e-06
1.26176e-07
1.4633e-07
1.03598e-06
1.00017e-06
4.70531e-10
1.00067e-06
1.25493e-09
1.00149e-06
2.04295e-09
1.00257e-06
3.00585e-09
1.00379e-06
3.92233e-09
1.0051e-06
4.56983e-09
1.00651e-06
5.0963e-09
1.00804e-06
5.85391e-09
1.00965e-06
7.03716e-09
1.01127e-06
8.58051e-09
1.01278e-06
1.02458e-08
1.01408e-06
1.19033e-08
1.01514e-06
1.34794e-08
1.01592e-06
1.51657e-08
1.01648e-06
1.6888e-08
1.01678e-06
1.91511e-08
1.01698e-06
2.14391e-08
1.01697e-06
2.48407e-08
1.0171e-06
2.79989e-08
1.01696e-06
3.29524e-08
1.01739e-06
3.73086e-08
1.01737e-06
4.42858e-08
1.01867e-06
4.98744e-08
1.01931e-06
6.00602e-08
1.02203e-06
6.63706e-08
1.0247e-06
8.07244e-08
1.02953e-06
8.86274e-08
1.03596e-06
1.05585e-07
1.04488e-06
1.17254e-07
1.34597e-07
1.05661e-06
1.00017e-06
3.02607e-10
1.00065e-06
7.70058e-10
1.00146e-06
1.23989e-09
1.00253e-06
1.92846e-09
1.00378e-06
2.67353e-09
1.00513e-06
3.21829e-09
1.0066e-06
3.63406e-09
1.00819e-06
4.25781e-09
1.0099e-06
5.32756e-09
1.01166e-06
6.82612e-09
1.01336e-06
8.53753e-09
1.01493e-06
1.03339e-08
1.01631e-06
1.21022e-08
1.01747e-06
1.40073e-08
1.01845e-06
1.59115e-08
1.01925e-06
1.83488e-08
1.01998e-06
2.07036e-08
1.02063e-06
2.41944e-08
1.0214e-06
2.72301e-08
1.02215e-06
3.22043e-08
1.02334e-06
3.61167e-08
1.02452e-06
4.31069e-08
1.02664e-06
4.77559e-08
1.0289e-06
5.77999e-08
1.0324e-06
6.28688e-08
1.03703e-06
7.60903e-08
1.04266e-06
8.29998e-08
1.05073e-06
9.75142e-08
1.06056e-06
1.07422e-07
1.2292e-07
1.07224e-06
1.00018e-06
1.2729e-10
1.00068e-06
2.65469e-10
1.00151e-06
4.08408e-10
1.00264e-06
8.03786e-10
1.00395e-06
1.36032e-09
1.00538e-06
1.79213e-09
1.00692e-06
2.09089e-09
1.00861e-06
2.56626e-09
1.01044e-06
3.49541e-09
1.01236e-06
4.91142e-09
1.01427e-06
6.62839e-09
1.01608e-06
8.52018e-09
1.01774e-06
1.04391e-08
1.01924e-06
1.25136e-08
1.02058e-06
1.45634e-08
1.02183e-06
1.71076e-08
1.02303e-06
1.95008e-08
1.02425e-06
2.29715e-08
1.0256e-06
2.58837e-08
1.0271e-06
3.06989e-08
1.02898e-06
3.42354e-08
1.03114e-06
4.09537e-08
1.03405e-06
4.48479e-08
1.03746e-06
5.4383e-08
1.0419e-06
5.8434e-08
1.04761e-06
7.03812e-08
1.05433e-06
7.62761e-08
1.06317e-06
8.86775e-08
1.07354e-06
9.70506e-08
1.09892e-07
1.08657e-06
1.00019e-06
-6.62172e-11
1.00074e-06
-2.84441e-10
1.00164e-06
-4.90701e-10
1.00285e-06
-4.03516e-10
1.00427e-06
-5.51621e-11
1.0058e-06
2.56839e-10
1.00746e-06
4.28458e-10
1.00928e-06
7.45683e-10
1.01126e-06
1.51594e-09
1.01335e-06
2.82377e-09
1.01546e-06
4.51718e-09
1.0175e-06
6.47806e-09
1.01942e-06
8.52525e-09
1.02119e-06
1.0737e-08
1.02285e-06
1.29045e-08
1.02446e-06
1.54995e-08
1.02606e-06
1.79015e-08
1.02777e-06
2.12608e-08
1.02961e-06
2.40404e-08
1.03176e-06
2.85517e-08
1.03423e-06
3.17698e-08
1.0372e-06
3.79773e-08
1.04074e-06
4.13132e-08
1.04513e-06
4.99906e-08
1.05023e-06
5.33341e-08
1.05682e-06
6.37884e-08
1.06424e-06
6.88636e-08
1.07357e-06
7.93411e-08
1.08455e-06
8.60757e-08
9.72916e-08
1.09715e-06
1.00022e-06
-2.88972e-10
1.00086e-06
-9.25308e-10
1.0019e-06
-1.52886e-09
1.00327e-06
-1.76685e-09
1.00482e-06
-1.60709e-09
1.00649e-06
-1.41301e-09
1.00828e-06
-1.36914e-09
1.01025e-06
-1.21812e-09
1.01238e-06
-6.13688e-10
1.01463e-06
5.70922e-10
1.01692e-06
2.22828e-09
1.01915e-06
4.24885e-09
1.02127e-06
6.40828e-09
1.02327e-06
8.73309e-09
1.02518e-06
1.09965e-08
1.02708e-06
1.35974e-08
1.02901e-06
1.59761e-08
1.03111e-06
1.91526e-08
1.03338e-06
2.1777e-08
1.03605e-06
2.58831e-08
1.03901e-06
2.88035e-08
1.04264e-06
3.43491e-08
1.04672e-06
3.72377e-08
1.05184e-06
4.48706e-08
1.05749e-06
4.76802e-08
1.06467e-06
5.66047e-08
1.07259e-06
6.09456e-08
1.08234e-06
6.95907e-08
1.09332e-06
7.50986e-08
8.42901e-08
1.10632e-06
1.00026e-06
-5.49572e-10
1.00101e-06
-1.67365e-09
1.00221e-06
-2.73235e-09
1.00375e-06
-3.30669e-09
1.00548e-06
-3.33731e-09
1.00734e-06
-3.26648e-09
1.00933e-06
-3.36057e-09
1.01149e-06
-3.3848e-09
1.01385e-06
-2.96711e-09
1.01632e-06
-1.90602e-09
1.01883e-06
-2.7239e-10
1.02121e-06
1.86392e-09
1.02345e-06
4.1673e-09
1.02558e-06
6.609e-09
1.02762e-06
8.94759e-09
1.02971e-06
1.15119e-08
1.03186e-06
1.38261e-08
1.03426e-06
1.67557e-08
1.03685e-06
1.9185e-08
1.03992e-06
2.28127e-08
1.0433e-06
2.54265e-08
1.04742e-06
3.02201e-08
1.05194e-06
3.27183e-08
1.0576e-06
3.92148e-08
1.06368e-06
4.15955e-08
1.07127e-06
4.90151e-08
1.07957e-06
5.26535e-08
1.08946e-06
5.96957e-08
1.10053e-06
6.40301e-08
7.15929e-08
1.11323e-06
1.00037e-06
-9.16887e-10
1.00137e-06
-2.67452e-09
1.00289e-06
-4.25098e-09
1.00469e-06
-5.1119e-09
1.00664e-06
-5.28297e-09
1.0087e-06
-5.33016e-09
1.01091e-06
-5.56546e-09
1.01328e-06
-5.76311e-09
1.01583e-06
-5.51197e-09
1.01845e-06
-4.52242e-09
1.02097e-06
-2.79935e-09
1.02335e-06
-5.15909e-10
1.02561e-06
1.91309e-09
1.02778e-06
4.43802e-09
1.02991e-06
6.81107e-09
1.03213e-06
9.29372e-09
1.03446e-06
1.15025e-08
1.03708e-06
1.41363e-08
1.03993e-06
1.63284e-08
1.04331e-06
1.94322e-08
1.04703e-06
2.17136e-08
1.05153e-06
2.57152e-08
1.05641e-06
2.78345e-08
1.06244e-06
3.31852e-08
1.06887e-06
3.51701e-08
1.07673e-06
4.11589e-08
1.08524e-06
4.41355e-08
1.09523e-06
4.97095e-08
1.10618e-06
5.30759e-08
5.90368e-08
1.11874e-06
1.00043e-06
-1.35003e-09
1.0018e-06
-4.04194e-09
1.00377e-06
-6.21589e-09
1.00587e-06
-7.21917e-09
1.00806e-06
-7.46853e-09
1.0104e-06
-7.67475e-09
1.01291e-06
-8.07614e-09
1.0156e-06
-8.44883e-09
1.01844e-06
-8.35346e-09
1.02129e-06
-7.36937e-09
1.02395e-06
-5.46217e-09
1.02637e-06
-2.93873e-09
1.02857e-06
-2.84048e-10
1.03059e-06
2.41573e-09
1.03258e-06
4.82808e-09
1.03469e-06
7.17977e-09
1.03699e-06
9.19828e-09
1.03968e-06
1.14515e-08
1.04267e-06
1.33327e-08
1.04625e-06
1.5857e-08
1.0502e-06
1.77625e-08
1.05497e-06
2.09467e-08
1.06013e-06
2.26785e-08
1.06641e-06
2.69015e-08
1.07309e-06
2.84854e-08
1.0811e-06
3.31482e-08
1.08977e-06
3.54665e-08
1.09974e-06
3.9743e-08
1.11059e-06
4.22286e-08
4.67929e-08
1.12283e-06
1.00081e-06
-2.16239e-09
1.00283e-06
-6.05481e-09
1.00533e-06
-8.71706e-09
1.00771e-06
-9.60222e-09
1.01012e-06
-9.8822e-09
1.01278e-06
-1.03292e-08
1.01566e-06
-1.09538e-08
1.01874e-06
-1.15346e-08
1.02192e-06
-1.15295e-08
1.02486e-06
-1.03082e-08
1.02731e-06
-7.91299e-09
1.0293e-06
-4.93577e-09
1.031e-06
-1.98236e-09
1.0327e-06
7.21793e-10
1.03451e-06
3.01653e-09
1.03657e-06
5.11228e-09
1.03892e-06
6.85299e-09
1.04171e-06
8.66565e-09
1.04484e-06
1.01977e-08
1.04859e-06
1.2108e-08
1.05273e-06
1.36216e-08
1.05771e-06
1.59718e-08
1.06306e-06
1.73206e-08
1.06952e-06
2.04414e-08
1.07639e-06
2.16188e-08
1.08449e-06
2.50439e-08
1.09324e-06
2.67247e-08
1.10316e-06
2.98159e-08
1.11386e-06
3.15323e-08
3.48218e-08
1.12583e-06
1.00172e-06
-3.8847e-09
1.0052e-06
-9.53109e-09
1.0086e-06
-1.2116e-08
1.01134e-06
-1.23467e-08
1.01408e-06
-1.26219e-08
1.0171e-06
-1.33481e-08
1.02029e-06
-1.41401e-08
1.0237e-06
-1.49493e-08
1.02717e-06
-1.49932e-08
1.0301e-06
-1.32444e-08
1.03216e-06
-9.97591e-09
1.03355e-06
-6.32369e-09
1.03465e-06
-3.07623e-09
1.03576e-06
-3.89761e-10
1.03698e-06
1.79491e-09
1.03859e-06
3.50506e-09
1.04063e-06
4.80615e-09
1.04327e-06
6.03266e-09
1.04637e-06
7.0893e-09
1.05018e-06
8.30432e-09
1.05442e-06
9.37635e-09
1.05955e-06
1.08473e-08
1.06504e-06
1.18313e-08
1.07166e-06
1.38195e-08
1.07863e-06
1.46464e-08
1.08683e-06
1.68455e-08
1.09559e-06
1.79643e-08
1.10553e-06
1.98788e-08
1.11609e-06
2.09698e-08
2.30941e-08
1.12782e-06
1.00293e-06
-6.8193e-09
1.00687e-06
-1.34699e-08
1.00979e-06
-1.50336e-08
1.01183e-06
-1.43888e-08
1.01377e-06
-1.4559e-08
1.01565e-06
-1.52246e-08
1.01736e-06
-1.58531e-08
1.01906e-06
-1.66544e-08
1.02062e-06
-1.65497e-08
1.02168e-06
-1.43065e-08
1.02228e-06
-1.05772e-08
1.0228e-06
-6.84073e-09
1.02352e-06
-3.79228e-09
1.02455e-06
-1.42456e-09
1.02605e-06
2.9314e-10
1.02807e-06
1.48911e-09
1.03057e-06
2.30403e-09
1.03361e-06
2.99055e-09
1.03715e-06
3.55567e-09
1.04129e-06
4.16212e-09
1.04595e-06
4.713e-09
1.0514e-06
5.39884e-09
1.0573e-06
5.93091e-09
1.06429e-06
6.83141e-09
1.07164e-06
7.29431e-09
1.0802e-06
8.28805e-09
1.08928e-06
8.88132e-09
1.09948e-06
9.68339e-09
1.11022e-06
1.02283e-08
1.09559e-08
1.12236e-06
9.93181e-07
9.79711e-07
9.64677e-07
9.50288e-07
9.35729e-07
9.20505e-07
9.04652e-07
8.87997e-07
8.71448e-07
8.57141e-07
8.46564e-07
8.39723e-07
8.35931e-07
8.34506e-07
8.348e-07
8.36289e-07
8.38593e-07
8.41583e-07
8.45139e-07
8.49301e-07
8.54014e-07
8.59413e-07
8.65344e-07
8.72175e-07
8.79469e-07
8.87758e-07
8.96639e-07
9.06322e-07
9.16551e-07
9.27506e-07
5.42829e-07
-1.20511e-07
5.73772e-07
-3.09435e-08
6.44697e-07
-7.09251e-08
7.53124e-07
-1.08427e-07
6.68655e-07
8.44689e-08
7.20575e-07
-5.19192e-08
8.9604e-07
-1.75465e-07
7.87882e-07
1.08158e-07
7.54471e-07
3.34117e-08
-2.80321e-07
1.03479e-06
7.74804e-07
-1.30616e-07
8.44454e-07
-1.00593e-07
8.63577e-07
-9.00489e-08
8.59725e-07
-1.04574e-07
9.00851e-07
4.33424e-08
9.44386e-07
-9.54545e-08
1.01446e-06
-2.45535e-07
1.00397e-06
1.18643e-07
9.98636e-07
3.87469e-08
-4.44137e-07
1.16245e-06
8.62627e-07
-1.47953e-07
8.80768e-07
-1.18734e-07
8.79877e-07
-8.91578e-08
8.95406e-07
-1.20104e-07
9.75789e-07
-3.70403e-08
9.68385e-07
-8.80501e-08
9.26378e-07
-2.03528e-07
1.06123e-06
-1.62043e-08
1.15891e-06
-5.89429e-08
-4.57486e-07
1.17226e-06
9.08883e-07
-1.46599e-07
9.25579e-07
-1.3543e-07
9.41223e-07
-1.04801e-07
9.43844e-07
-1.22725e-07
9.82354e-07
-7.55502e-08
1.009e-06
-1.14692e-07
9.74162e-07
-1.68695e-07
1.04916e-06
-9.12026e-08
1.13774e-06
-1.47519e-07
-3.9417e-07
1.07442e-06
9.5141e-07
-1.51012e-07
9.59159e-07
-1.4318e-07
9.63283e-07
-1.08925e-07
9.73656e-07
-1.33098e-07
9.97817e-07
-9.97107e-08
1.01171e-06
-1.28587e-07
1.01219e-06
-1.69171e-07
1.06532e-06
-1.44332e-07
1.09301e-06
-1.75207e-07
-3.56801e-07
1.05564e-06
9.85279e-07
-1.51171e-07
9.84372e-07
-1.42273e-07
9.96916e-07
-1.21469e-07
1.00148e-06
-1.37664e-07
1.01863e-06
-1.16863e-07
1.02984e-06
-1.39796e-07
1.02442e-06
-1.63745e-07
1.05358e-06
-1.73499e-07
1.08663e-06
-2.0825e-07
-3.24649e-07
1.05447e-06
1.0086e-06
-1.47604e-07
1.01126e-06
-1.4494e-07
1.01546e-06
-1.25665e-07
1.01633e-06
-1.38536e-07
1.02714e-06
-1.27667e-07
1.03538e-06
-1.48041e-07
1.03931e-06
-1.67676e-07
1.05154e-06
-1.85729e-07
1.05835e-06
-2.15063e-07
-3.03524e-07
1.03723e-06
1.03455e-06
-1.46176e-07
1.02936e-06
-1.39751e-07
1.03329e-06
-1.29589e-07
1.03364e-06
-1.3889e-07
1.04004e-06
-1.34068e-07
1.04174e-06
-1.49733e-07
1.04034e-06
-1.66282e-07
1.04671e-06
-1.921e-07
1.0489e-06
-2.1725e-07
-2.79731e-07
1.02511e-06
1.0497e-06
-1.3927e-07
1.04671e-06
-1.36756e-07
1.04609e-06
-1.28967e-07
1.04258e-06
-1.35383e-07
1.04392e-06
-1.35411e-07
1.04427e-06
-1.50083e-07
1.04168e-06
-1.63693e-07
1.03804e-06
-1.88461e-07
1.03245e-06
-2.11654e-07
-2.61329e-07
1.01405e-06
1.06656e-06
-1.33594e-07
1.05956e-06
-1.29751e-07
1.05626e-06
-1.2567e-07
1.05192e-06
-1.31044e-07
1.04962e-06
-1.33106e-07
1.04492e-06
-1.45387e-07
1.03938e-06
-1.58156e-07
1.03265e-06
-1.81724e-07
1.02271e-06
-2.01715e-07
-2.3969e-07
1.00107e-06
1.07742e-06
-1.24449e-07
1.06991e-06
-1.22233e-07
1.06399e-06
-1.19756e-07
1.05693e-06
-1.23982e-07
1.05099e-06
-1.27162e-07
1.04459e-06
-1.38989e-07
1.03625e-06
-1.49822e-07
1.02501e-06
-1.70476e-07
1.01164e-06
-1.8835e-07
-2.19329e-07
9.9128e-07
1.08756e-06
-1.14866e-07
1.07807e-06
-1.12736e-07
1.06984e-06
-1.11529e-07
1.06119e-06
-1.1533e-07
1.05299e-06
-1.18968e-07
1.04322e-06
-1.29217e-07
1.03265e-06
-1.39251e-07
1.01924e-06
-1.5706e-07
1.00341e-06
-1.72526e-07
-1.97323e-07
9.81406e-07
1.09488e-06
-1.03429e-07
1.08413e-06
-1.01984e-07
1.07414e-06
-1.01533e-07
1.06365e-06
-1.04842e-07
1.05307e-06
-1.08388e-07
1.04157e-06
-1.17723e-07
1.02876e-06
-1.26438e-07
1.01319e-06
-1.41488e-07
9.95528e-07
-1.54867e-07
-1.75237e-07
9.73441e-07
1.10083e-06
-9.10303e-08
1.0888e-06
-8.99521e-08
1.07722e-06
-8.99587e-08
1.06522e-06
-9.2835e-08
1.05311e-06
-9.62823e-08
1.03959e-06
-1.04208e-07
1.02515e-06
-1.11989e-07
1.00818e-06
-1.24525e-07
9.89171e-07
-1.35855e-07
-1.52344e-07
9.66278e-07
1.10523e-06
-7.7524e-08
1.09211e-06
-7.68291e-08
1.07926e-06
-7.71104e-08
1.06601e-06
-7.95807e-08
1.05237e-06
-8.26447e-08
1.03761e-06
-8.9448e-08
1.02173e-06
-9.6108e-08
1.00361e-06
-1.06406e-07
9.83609e-07
-1.15854e-07
-1.29151e-07
9.60416e-07
1.10849e-06
-6.31873e-08
1.09443e-06
-6.27649e-08
1.08055e-06
-6.32322e-08
1.06623e-06
-6.52558e-08
1.05159e-06
-6.80039e-08
1.03568e-06
-7.35445e-08
1.01877e-06
-7.91953e-08
9.99808e-07
-8.74431e-08
9.79074e-07
-9.512e-08
-1.05571e-07
9.55494e-07
1.1108e-06
-4.81557e-08
1.09596e-06
-4.79229e-08
1.08123e-06
-4.85091e-08
1.06612e-06
-5.01382e-08
1.0506e-06
-5.24829e-08
1.03388e-06
-5.68307e-08
1.01612e-06
-6.14361e-08
9.96472e-07
-6.7792e-08
9.75168e-07
-7.38162e-08
-8.16573e-08
9.51254e-07
1.11211e-06
-3.2446e-08
1.0965e-06
-3.23165e-08
1.08099e-06
-3.29998e-08
1.06505e-06
-3.41941e-08
1.04876e-06
-3.61983e-08
1.03114e-06
-3.92059e-08
1.01252e-06
-4.28206e-08
9.91972e-07
-4.72408e-08
9.69881e-07
-5.17246e-08
-5.6961e-08
9.45185e-07
1.1044e-06
-1.4483e-08
1.08682e-06
-1.47434e-08
1.06935e-06
-1.55278e-08
1.05159e-06
-1.64309e-08
1.03331e-06
-1.79203e-08
1.01369e-06
-1.9585e-08
9.92845e-07
-2.19778e-08
9.70042e-07
-2.44371e-08
9.45497e-07
-2.71802e-08
-2.97664e-08
9.18303e-07
9.13023e-07
8.9828e-07
8.82752e-07
8.66321e-07
8.48401e-07
8.28816e-07
8.06838e-07
7.82401e-07
7.55221e-07
7.25455e-07
-1.2e-07
1.2e-07
-2.81512e-07
1.61512e-07
-4.81341e-07
1.99829e-07
-6.15883e-07
1.34542e-07
-6.04157e-07
-1.17253e-08
-5.06525e-07
-9.76323e-08
-3.53946e-07
-1.52579e-07
-1.92222e-07
-1.61724e-07
-4.36564e-08
-1.48566e-07
8.68855e-08
-1.30542e-07
1.93844e-07
-1.06959e-07
2.77533e-07
-8.36887e-08
3.40315e-07
-6.27821e-08
3.85694e-07
-4.53788e-08
4.17446e-07
-3.1752e-08
4.39089e-07
-2.1643e-08
4.5359e-07
-1.45012e-08
4.63252e-07
-9.66158e-09
4.69724e-07
-6.47182e-09
4.74127e-07
-4.40335e-09
4.77194e-07
-3.0671e-09
4.79391e-07
-2.19665e-09
4.81009e-07
-1.61851e-09
4.82233e-07
-1.22402e-09
4.8318e-07
-9.46773e-10
4.83926e-07
-7.45718e-10
4.84523e-07
-5.96991e-10
4.85004e-07
-4.81643e-10
4.85401e-07
-3.96848e-10
4.85724e-07
-3.22395e-10
4.86001e-07
-2.77373e-10
4.86223e-07
-2.22353e-10
4.86428e-07
-2.04693e-10
4.86591e-07
-1.63408e-10
4.86751e-07
-1.59652e-10
4.86886e-07
-1.34683e-10
4.87022e-07
-1.36495e-10
4.87149e-07
-1.26689e-10
4.8728e-07
-1.3089e-10
-1.4378e-10
-1.71842e-07
2.91841e-07
-3.57455e-07
3.47125e-07
-5.41069e-07
3.83443e-07
-6.78429e-07
2.71901e-07
-6.55957e-07
-3.41966e-08
-5.28894e-07
-2.24696e-07
-3.4529e-07
-3.36183e-07
-1.67002e-07
-3.40012e-07
2.59955e-09
-3.18167e-07
1.47792e-07
-2.75734e-07
2.68538e-07
-2.27704e-07
3.66285e-07
-1.81436e-07
4.4402e-07
-1.40517e-07
5.04795e-07
-1.06154e-07
5.51542e-07
-7.84994e-08
5.87022e-07
-5.71224e-08
6.13727e-07
-4.12062e-08
6.33784e-07
-2.97187e-08
6.4891e-07
-2.15979e-08
6.60418e-07
-1.59113e-08
6.69276e-07
-1.19248e-08
6.76181e-07
-9.10227e-09
6.81634e-07
-7.07087e-09
6.85989e-07
-5.57925e-09
6.89504e-07
-4.46156e-09
6.92364e-07
-3.60609e-09
6.94711e-07
-2.94373e-09
6.96644e-07
-2.4145e-09
6.98252e-07
-2.00556e-09
6.99583e-07
-1.65281e-09
7.00711e-07
-1.40587e-09
7.0164e-07
-1.15115e-09
7.02447e-07
-1.01206e-09
7.0311e-07
-8.26582e-10
7.03698e-07
-7.47118e-10
7.04186e-07
-6.22989e-10
7.04631e-07
-5.80964e-10
7.05004e-07
-4.99955e-10
7.0536e-07
-4.86715e-10
-4.5019e-10
-2.17481e-07
5.09322e-07
-3.95407e-07
5.25052e-07
-5.47772e-07
5.35807e-07
-6.60482e-07
3.84612e-07
-6.64822e-07
-2.98563e-08
-5.36994e-07
-3.52524e-07
-3.45462e-07
-5.27716e-07
-1.51598e-07
-5.33875e-07
2.9275e-08
-4.9904e-07
1.80152e-07
-4.26611e-07
2.99152e-07
-3.46704e-07
3.90711e-07
-2.72996e-07
4.61866e-07
-2.11672e-07
5.17972e-07
-1.6226e-07
5.62391e-07
-1.22919e-07
5.97381e-07
-9.21119e-08
6.24756e-07
-6.85817e-08
6.46098e-07
-5.10599e-08
6.62749e-07
-3.82494e-08
6.75801e-07
-2.89636e-08
6.86104e-07
-2.22273e-08
6.94302e-07
-1.72998e-08
7.00878e-07
-1.36475e-08
7.06196e-07
-1.08969e-08
7.10527e-07
-8.79253e-09
7.14075e-07
-7.15447e-09
7.17001e-07
-5.86966e-09
7.1942e-07
-4.83342e-09
7.21438e-07
-4.02375e-09
7.23112e-07
-3.32639e-09
7.2453e-07
-2.82376e-09
7.25702e-07
-2.32331e-09
7.26713e-07
-2.02356e-09
7.27549e-07
-1.66231e-09
7.28282e-07
-1.47979e-09
7.28889e-07
-1.23057e-09
7.29438e-07
-1.13005e-09
7.29892e-07
-9.53082e-10
7.30321e-07
-9.16309e-10
-8.06421e-10
3.5982e-08
4.7334e-07
-1.31456e-07
6.9249e-07
-3.38527e-07
7.42878e-07
-4.51566e-07
4.97651e-07
-4.86805e-07
5.38254e-09
-4.34096e-07
-4.05233e-07
-2.85182e-07
-6.7663e-07
-1.08509e-07
-7.10548e-07
6.16892e-08
-6.69238e-07
2.17471e-07
-5.82393e-07
3.43087e-07
-4.7232e-07
4.35103e-07
-3.65011e-07
5.00297e-07
-2.76866e-07
5.47679e-07
-2.09642e-07
5.83798e-07
-1.59038e-07
6.12296e-07
-1.2061e-07
6.35086e-07
-9.13712e-08
6.53353e-07
-6.93272e-08
6.67998e-07
-5.28942e-08
6.79759e-07
-4.07254e-08
6.89242e-07
-3.17102e-08
6.96926e-07
-2.49838e-08
7.03186e-07
-1.99074e-08
7.08312e-07
-1.60229e-08
7.1253e-07
-1.30106e-08
7.16015e-07
-1.06389e-08
7.18907e-07
-8.7616e-09
7.2131e-07
-7.23673e-09
7.23323e-07
-6.03655e-09
7.24998e-07
-5.00159e-09
7.26419e-07
-4.24503e-09
7.27598e-07
-3.50206e-09
7.28615e-07
-3.04027e-09
7.29457e-07
-2.50416e-09
7.30195e-07
-2.2178e-09
7.30806e-07
-1.84179e-09
7.31359e-07
-1.68292e-09
7.31813e-07
-1.40721e-09
7.32243e-07
-1.34663e-09
-1.16166e-09
2.77283e-08
4.45612e-07
-9.1155e-08
8.11374e-07
-9.21593e-08
7.43882e-07
-5.00487e-08
4.5554e-07
-6.5274e-08
2.06078e-08
-6.14283e-08
-4.09079e-07
-9.99235e-09
-7.28066e-07
7.80705e-08
-7.98611e-07
1.74676e-07
-7.65844e-07
2.78955e-07
-6.86672e-07
3.79747e-07
-5.73113e-07
4.65216e-07
-4.50481e-07
5.3017e-07
-3.4182e-07
5.75918e-07
-2.55389e-07
6.07676e-07
-1.90796e-07
6.30729e-07
-1.43663e-07
6.48556e-07
-1.09198e-07
6.62971e-07
-8.37421e-08
6.74856e-07
-6.47796e-08
6.84706e-07
-5.05758e-08
6.92874e-07
-3.98777e-08
6.99646e-07
-3.17557e-08
7.05264e-07
-2.55253e-08
7.0993e-07
-2.06892e-08
7.13813e-07
-1.68934e-08
7.17049e-07
-1.38747e-08
7.19752e-07
-1.14654e-08
7.22012e-07
-9.49599e-09
7.23911e-07
-7.93636e-09
7.25498e-07
-6.58848e-09
7.26848e-07
-5.59436e-09
7.2797e-07
-4.62394e-09
7.28939e-07
-4.00926e-09
7.29742e-07
-3.30731e-09
7.30447e-07
-2.92296e-09
7.31031e-07
-2.42565e-09
7.31559e-07
-2.21144e-09
7.31993e-07
-1.841e-09
7.32404e-07
-1.75783e-09
-1.50004e-09
7.96957e-08
3.65916e-07
1.50877e-07
7.40192e-07
3.86721e-07
5.08038e-07
5.09411e-07
3.3285e-07
4.96218e-07
3.38015e-08
4.58015e-07
-3.70876e-07
4.3303e-07
-7.03081e-07
4.35153e-07
-8.00734e-07
4.51579e-07
-7.8227e-07
4.75784e-07
-7.10876e-07
4.98693e-07
-5.96022e-07
5.25469e-07
-4.77257e-07
5.60518e-07
-3.7687e-07
5.96451e-07
-2.91322e-07
6.25746e-07
-2.20092e-07
6.46884e-07
-1.648e-07
6.61978e-07
-1.24292e-07
6.73448e-07
-9.52117e-08
6.82763e-07
-7.40951e-08
6.90614e-07
-5.84263e-08
6.97306e-07
-4.657e-08
7.03008e-07
-3.74583e-08
7.0785e-07
-3.03673e-08
7.11948e-07
-2.47863e-08
7.15406e-07
-2.03521e-08
7.18321e-07
-1.67895e-08
7.20778e-07
-1.39223e-08
7.22845e-07
-1.15627e-08
7.24592e-07
-9.68328e-09
7.26057e-07
-8.05382e-09
7.27307e-07
-6.84418e-09
7.28349e-07
-5.66585e-09
7.2925e-07
-4.911e-09
7.29999e-07
-4.05569e-09
7.30657e-07
-3.5811e-09
7.31202e-07
-2.97083e-09
7.31696e-07
-2.70526e-09
7.32101e-07
-2.24644e-09
7.32486e-07
-2.14206e-09
-1.81586e-09
-6.30414e-08
4.28957e-07
3.13325e-07
3.63825e-07
6.42881e-07
1.78483e-07
8.78639e-07
9.70924e-08
9.1254e-07
-9.99055e-11
8.90509e-07
-3.48845e-07
8.48075e-07
-6.60647e-07
7.81744e-07
-7.34403e-07
7.30596e-07
-7.31121e-07
7.22042e-07
-7.02323e-07
7.127e-07
-5.86679e-07
6.78458e-07
-4.43014e-07
6.47274e-07
-3.45686e-07
6.39112e-07
-2.8316e-07
6.47841e-07
-2.2882e-07
6.61301e-07
-1.7826e-07
6.73304e-07
-1.36295e-07
6.82752e-07
-1.0466e-07
6.90277e-07
-8.16195e-08
6.9656e-07
-6.47091e-08
7.01972e-07
-5.19823e-08
7.06675e-07
-4.21612e-08
7.10749e-07
-3.44416e-08
7.14257e-07
-2.82945e-08
7.17261e-07
-2.3356e-08
7.19821e-07
-1.93495e-08
7.21998e-07
-1.60992e-08
7.23842e-07
-1.3407e-08
7.2541e-07
-1.1251e-08
7.26731e-07
-9.3748e-09
7.27862e-07
-7.97504e-09
7.28807e-07
-6.61136e-09
7.29628e-07
-5.73134e-09
7.3031e-07
-4.73773e-09
7.3091e-07
-4.18192e-09
7.31409e-07
-3.46905e-09
7.3186e-07
-3.15688e-09
7.32231e-07
-2.61741e-09
7.32583e-07
-2.49366e-09
-2.1046e-09
9.01391e-07
5.62358e-07
8.68875e-07
3.96342e-07
1.018e-06
2.93538e-08
1.19195e-06
-7.6856e-08
1.22515e-06
-3.32946e-08
1.17897e-06
-3.02672e-07
1.14826e-06
-6.29931e-07
1.1052e-06
-6.91348e-07
9.87779e-07
-6.13698e-07
8.88979e-07
-6.03522e-07
8.65399e-07
-5.631e-07
8.54634e-07
-4.32249e-07
8.14812e-07
-3.05863e-07
7.67139e-07
-2.35488e-07
7.36659e-07
-1.9834e-07
7.25532e-07
-1.67133e-07
7.25351e-07
-1.36114e-07
7.29317e-07
-1.08627e-07
7.3411e-07
-8.64124e-08
7.38666e-07
-6.9265e-08
7.42797e-07
-5.61128e-08
7.46518e-07
-4.58824e-08
7.49852e-07
-3.7776e-08
7.5281e-07
-3.12523e-08
7.55405e-07
-2.59509e-08
7.57659e-07
-2.16033e-08
7.59603e-07
-1.80437e-08
7.61268e-07
-1.50723e-08
7.62696e-07
-1.26782e-08
7.63906e-07
-1.0585e-08
7.64947e-07
-9.01625e-09
7.65821e-07
-7.4852e-09
7.66582e-07
-6.49194e-09
7.67215e-07
-5.37161e-09
7.67775e-07
-4.74144e-09
7.6824e-07
-3.93376e-09
7.68661e-07
-3.57853e-09
7.69008e-07
-2.96403e-09
7.69337e-07
-2.82228e-09
-2.37433e-09
1.27039e-06
4.54424e-07
1.25347e-06
4.13254e-07
1.24871e-06
3.4116e-08
1.27208e-06
-1.0022e-07
1.33638e-06
-9.76017e-08
1.28124e-06
-2.47526e-07
1.1184e-06
-4.67094e-07
1.05343e-06
-6.26376e-07
1.01498e-06
-5.75252e-07
8.88433e-07
-4.76974e-07
7.80802e-07
-4.55468e-07
7.6629e-07
-4.17737e-07
7.9265e-07
-3.32223e-07
8.02591e-07
-2.45429e-07
7.88505e-07
-1.84254e-07
7.67364e-07
-1.45992e-07
7.52002e-07
-1.20753e-07
7.44979e-07
-1.01603e-07
7.43626e-07
-8.50595e-08
7.45157e-07
-7.07967e-08
7.47786e-07
-5.87414e-08
7.50622e-07
-4.87187e-08
7.53303e-07
-4.04562e-08
7.55711e-07
-3.36605e-08
7.57831e-07
-2.8071e-08
7.59679e-07
-2.34512e-08
7.61281e-07
-1.9646e-08
7.62661e-07
-1.64523e-08
7.63851e-07
-1.38681e-08
7.64865e-07
-1.15993e-08
7.65743e-07
-9.89348e-09
7.66482e-07
-8.22444e-09
7.67128e-07
-7.1378e-09
7.67668e-07
-5.91144e-09
7.68145e-07
-5.21914e-09
7.68543e-07
-4.33131e-09
7.68904e-07
-3.93976e-09
7.69201e-07
-3.2613e-09
7.69483e-07
-3.10426e-09
-2.60574e-09
1.24006e-06
3.86632e-07
1.28628e-06
3.67031e-07
1.26394e-06
5.6451e-08
1.25233e-06
-8.86117e-08
1.32426e-06
-1.69532e-07
1.30416e-06
-2.27417e-07
1.15345e-06
-3.16386e-07
1.00972e-06
-4.82645e-07
9.34429e-07
-4.99963e-07
8.3322e-07
-3.75765e-07
6.98976e-07
-3.21224e-07
6.23908e-07
-3.4267e-07
6.34534e-07
-3.42849e-07
6.85209e-07
-2.96104e-07
7.30929e-07
-2.29974e-07
7.55398e-07
-1.7046e-07
7.623e-07
-1.27654e-07
7.61131e-07
-1.00435e-07
7.58398e-07
-8.23259e-08
7.56603e-07
-6.90024e-08
7.56153e-07
-5.82906e-08
7.5671e-07
-4.92762e-08
7.57839e-07
-4.15849e-08
7.59204e-07
-3.50255e-08
7.606e-07
-2.94668e-08
7.61919e-07
-2.47702e-08
7.63116e-07
-2.08435e-08
7.64176e-07
-1.75125e-08
7.65107e-07
-1.47987e-08
7.6591e-07
-1.2402e-08
7.6661e-07
-1.05938e-08
7.67204e-07
-8.81837e-09
7.67726e-07
-7.6595e-09
7.68163e-07
-6.34926e-09
7.68552e-07
-5.60789e-09
7.68877e-07
-4.65567e-09
7.69172e-07
-4.23512e-09
7.69415e-07
-3.50471e-09
7.69646e-07
-3.33538e-09
-2.79542e-09
1.16275e-06
2.98301e-07
1.25827e-06
2.71511e-07
1.23804e-06
7.66799e-08
1.22479e-06
-7.53608e-08
1.22098e-06
-1.65719e-07
1.20121e-06
-2.07645e-07
1.15181e-06
-2.66984e-07
1.01396e-06
-3.44799e-07
8.79346e-07
-3.65351e-07
8.39041e-07
-3.3546e-07
8.29744e-07
-3.11927e-07
7.88753e-07
-3.0168e-07
7.34383e-07
-2.88478e-07
7.03039e-07
-2.64761e-07
7.01635e-07
-2.2857e-07
7.13901e-07
-1.82727e-07
7.28321e-07
-1.42074e-07
7.39693e-07
-1.11807e-07
7.47565e-07
-9.01982e-08
7.52804e-07
-7.42409e-08
7.56314e-07
-6.18006e-08
7.58748e-07
-5.17107e-08
7.60534e-07
-4.33702e-08
7.61933e-07
-3.64248e-08
7.63095e-07
-3.06293e-08
7.64097e-07
-2.57716e-08
7.64975e-07
-2.17216e-08
7.65745e-07
-1.82832e-08
7.66424e-07
-1.54771e-08
7.67013e-07
-1.29909e-08
7.67531e-07
-1.11118e-08
7.67973e-07
-9.26065e-09
7.68364e-07
-8.0506e-09
7.68694e-07
-6.67924e-09
7.68988e-07
-5.90228e-09
7.69235e-07
-4.9022e-09
7.6946e-07
-4.46032e-09
7.69646e-07
-3.6907e-09
7.69823e-07
-3.51225e-09
-2.94069e-09
1.1403e-06
2.13637e-07
1.21358e-06
1.98232e-07
1.22597e-06
6.42901e-08
1.18888e-06
-3.82744e-08
1.13748e-06
-1.14318e-07
1.13416e-06
-2.04319e-07
1.12589e-06
-2.58716e-07
1.04463e-06
-2.6354e-07
9.50021e-07
-2.70742e-07
9.32281e-07
-3.1772e-07
9.86014e-07
-3.6566e-07
1.03832e-06
-3.53985e-07
1.03568e-06
-2.85835e-07
9.79861e-07
-2.08945e-07
9.0695e-07
-1.55659e-07
8.48169e-07
-1.23945e-07
8.10417e-07
-1.04322e-07
7.88759e-07
-9.01496e-08
7.7692e-07
-7.83589e-08
7.70616e-07
-6.79372e-08
7.67428e-07
-5.86123e-08
7.66017e-07
-5.02998e-08
7.656e-07
-4.29533e-08
7.65703e-07
-3.65279e-08
7.6605e-07
-3.09762e-08
7.66491e-07
-2.62119e-08
7.66949e-07
-2.21802e-08
7.67389e-07
-1.87229e-08
7.67796e-07
-1.58846e-08
7.68162e-07
-1.33562e-08
7.68491e-07
-1.14407e-08
7.68776e-07
-9.54607e-09
7.69032e-07
-8.30647e-09
7.6925e-07
-6.89732e-09
7.69446e-07
-6.09854e-09
7.69612e-07
-5.06762e-09
7.69764e-07
-4.61228e-09
7.6989e-07
-3.81672e-09
7.7001e-07
-3.6324e-09
-3.03954e-09
1.09429e-06
1.73825e-07
1.14777e-06
1.44752e-07
1.169e-06
4.30615e-08
1.15634e-06
-2.56177e-08
1.12961e-06
-8.7589e-08
1.08337e-06
-1.58083e-07
1.03482e-06
-2.10165e-07
1.01541e-06
-2.44128e-07
9.91001e-07
-2.46333e-07
9.01298e-07
-2.28017e-07
7.68437e-07
-2.32798e-07
6.78066e-07
-2.63615e-07
6.5796e-07
-2.65729e-07
6.77712e-07
-2.28697e-07
7.05226e-07
-1.83173e-07
7.28142e-07
-1.46862e-07
7.44197e-07
-1.20377e-07
7.54511e-07
-1.00463e-07
7.60819e-07
-8.46674e-08
7.64518e-07
-7.16357e-08
7.66567e-07
-6.06615e-08
7.67624e-07
-5.13567e-08
7.6814e-07
-4.34696e-08
7.68404e-07
-3.67925e-08
7.68576e-07
-3.11478e-08
7.68725e-07
-2.63609e-08
7.68875e-07
-2.23304e-08
7.69028e-07
-1.88761e-08
7.69182e-07
-1.60385e-08
7.6933e-07
-1.35036e-08
7.69471e-07
-1.15816e-08
7.69598e-07
-9.67381e-09
7.69717e-07
-8.42543e-09
7.69822e-07
-7.0016e-09
7.69918e-07
-6.19465e-09
7.7e-07
-5.15007e-09
7.70077e-07
-4.68919e-09
7.70142e-07
-3.88118e-09
7.70203e-07
-3.69429e-09
-3.09073e-09
1.07946e-06
1.31599e-07
1.11599e-06
1.08213e-07
1.11563e-06
4.34249e-08
1.11361e-06
-2.35981e-08
1.10986e-06
-8.3839e-08
1.07814e-06
-1.26361e-07
1.02984e-06
-1.61868e-07
9.92649e-07
-2.06936e-07
9.8305e-07
-2.36734e-07
9.87184e-07
-2.32151e-07
9.73811e-07
-2.19425e-07
9.27681e-07
-2.17485e-07
8.7528e-07
-2.13328e-07
8.38771e-07
-1.92188e-07
8.1843e-07
-1.62832e-07
8.06201e-07
-1.34633e-07
7.97144e-07
-1.1132e-07
7.89731e-07
-9.30497e-08
7.8378e-07
-7.87161e-08
7.79301e-07
-6.71575e-08
7.76166e-07
-5.75263e-08
7.74102e-07
-4.92929e-08
7.72792e-07
-4.21595e-08
7.71965e-07
-3.59648e-08
7.71432e-07
-3.06151e-08
7.7108e-07
-2.60094e-08
7.70844e-07
-2.20941e-08
7.70684e-07
-1.8716e-08
7.70576e-07
-1.59305e-08
7.70504e-07
-1.34315e-08
7.70457e-07
-1.15345e-08
7.70427e-07
-9.64405e-09
7.70409e-07
-8.40744e-09
7.70399e-07
-6.99181e-09
7.70395e-07
-6.19017e-09
7.70394e-07
-5.149e-09
7.70395e-07
-4.69041e-09
7.70397e-07
-3.88349e-09
7.704e-07
-3.69733e-09
-3.09373e-09
1.05023e-06
1.06472e-07
1.07708e-06
8.13693e-08
1.09186e-06
2.86396e-08
1.08566e-06
-1.73982e-08
1.06353e-06
-6.17042e-08
1.05048e-06
-1.1331e-07
1.03662e-06
-1.48009e-07
9.90983e-07
-1.613e-07
9.30534e-07
-1.76285e-07
8.94025e-07
-1.95642e-07
8.82183e-07
-2.07582e-07
8.72173e-07
-2.07475e-07
8.49147e-07
-1.90302e-07
8.22216e-07
-1.65257e-07
8.01224e-07
-1.41839e-07
7.88803e-07
-1.22213e-07
7.82855e-07
-1.05372e-07
7.80402e-07
-9.0597e-08
7.79338e-07
-7.76519e-08
7.78573e-07
-6.63922e-08
7.77707e-07
-5.66608e-08
7.76712e-07
-4.82979e-08
7.75695e-07
-4.11419e-08
7.74756e-07
-3.50264e-08
7.73948e-07
-2.98066e-08
7.73278e-07
-2.53396e-08
7.72734e-07
-2.15499e-08
7.72296e-07
-1.82781e-08
7.71944e-07
-1.55782e-08
7.71662e-07
-1.31493e-08
7.71432e-07
-1.13051e-08
7.71248e-07
-9.46042e-09
7.71096e-07
-8.25497e-09
7.70974e-07
-6.86962e-09
7.7087e-07
-6.08626e-09
7.70786e-07
-5.06522e-09
7.70712e-07
-4.61654e-09
7.70653e-07
-3.82405e-09
7.70597e-07
-3.6418e-09
-3.04875e-09
1.03523e-06
8.52892e-08
1.05362e-06
6.29827e-08
1.05865e-06
2.3604e-08
1.05922e-06
-1.7965e-08
1.05327e-06
-5.57541e-08
1.02994e-06
-8.99869e-08
1.00165e-06
-1.19711e-07
9.87952e-07
-1.47605e-07
9.78227e-07
-1.6656e-07
9.52049e-07
-1.69464e-07
9.10978e-07
-1.66511e-07
8.68832e-07
-1.65329e-07
8.40469e-07
-1.61939e-07
8.25666e-07
-1.50454e-07
8.1736e-07
-1.33534e-07
8.10684e-07
-1.15536e-07
8.0417e-07
-9.88581e-08
7.97956e-07
-8.43831e-08
7.92462e-07
-7.21578e-08
7.87931e-07
-6.18618e-08
7.84375e-07
-5.31039e-08
7.81639e-07
-4.55628e-08
7.79526e-07
-3.90281e-08
7.77864e-07
-3.33647e-08
7.76535e-07
-2.8478e-08
7.7546e-07
-2.42646e-08
7.74584e-07
-2.0673e-08
7.73866e-07
-1.75603e-08
7.73274e-07
-1.49865e-08
7.72788e-07
-1.26634e-08
7.72382e-07
-1.08993e-08
7.7205e-07
-9.12791e-09
7.71767e-07
-7.97212e-09
7.71536e-07
-6.63823e-09
7.71335e-07
-5.88554e-09
7.71171e-07
-4.90076e-09
7.71023e-07
-4.46927e-09
7.70903e-07
-3.70417e-09
7.70791e-07
-3.52893e-09
-2.95672e-09
1.01746e-06
6.88966e-08
1.0327e-06
4.77462e-08
1.03976e-06
1.65416e-08
1.03757e-06
-1.57808e-08
1.02812e-06
-4.62963e-08
1.01601e-06
-7.78806e-08
1.00019e-06
-1.03893e-07
9.73747e-07
-1.21159e-07
9.41773e-07
-1.34587e-07
9.17681e-07
-1.45372e-07
9.01575e-07
-1.50405e-07
8.85984e-07
-1.49737e-07
8.6654e-07
-1.42496e-07
8.45997e-07
-1.29911e-07
8.28324e-07
-1.1586e-07
8.1503e-07
-1.02242e-07
8.05726e-07
-8.95543e-08
7.99263e-07
-7.79198e-08
7.94531e-07
-6.74262e-08
7.90776e-07
-5.8107e-08
7.87609e-07
-4.99363e-08
7.84881e-07
-4.28348e-08
7.82542e-07
-3.66898e-08
7.80559e-07
-3.13818e-08
7.78892e-07
-2.68102e-08
7.77496e-07
-2.28689e-08
7.7633e-07
-1.95068e-08
7.75357e-07
-1.6588e-08
7.74543e-07
-1.41723e-08
7.73866e-07
-1.19861e-08
7.73293e-07
-1.03267e-08
7.72819e-07
-8.65395e-09
7.72412e-07
-7.56495e-09
7.72076e-07
-6.30246e-09
7.71783e-07
-5.59205e-09
7.71541e-07
-4.65883e-09
7.71323e-07
-4.25141e-09
7.71145e-07
-3.52608e-09
7.70977e-07
-3.36074e-09
-2.81926e-09
1.00458e-06
5.55931e-08
1.01546e-06
3.68703e-08
1.02014e-06
1.1858e-08
1.01971e-06
-1.53501e-08
1.01415e-06
-4.07363e-08
1.00142e-06
-6.51507e-08
9.84541e-07
-8.70119e-08
9.68359e-07
-1.04977e-07
9.51921e-07
-1.18149e-07
9.31391e-07
-1.24842e-07
9.07742e-07
-1.26757e-07
8.83827e-07
-1.25822e-07
8.62693e-07
-1.21362e-07
8.46425e-07
-1.13643e-07
8.33919e-07
-1.03354e-07
8.23759e-07
-9.20823e-08
8.15133e-07
-8.09291e-08
8.0775e-07
-7.0536e-08
8.01517e-07
-6.11937e-08
7.96344e-07
-5.29336e-08
7.9208e-07
-4.5672e-08
7.88556e-07
-3.9311e-08
7.85627e-07
-3.37613e-08
7.83182e-07
-2.89364e-08
7.81134e-07
-2.47619e-08
7.79415e-07
-2.11506e-08
7.77971e-07
-1.80629e-08
7.76759e-07
-1.53759e-08
7.75737e-07
-1.315e-08
7.74881e-07
-1.11299e-08
7.74152e-07
-9.59802e-09
7.73546e-07
-8.04747e-09
7.73022e-07
-7.04105e-09
7.72588e-07
-5.8685e-09
7.72207e-07
-5.2111e-09
7.71892e-07
-4.34378e-09
7.71607e-07
-3.96678e-09
7.71374e-07
-3.29282e-09
7.71153e-07
-3.14009e-09
-2.63863e-09
9.92737e-07
4.42621e-08
1.002e-06
2.76097e-08
1.00628e-06
7.57295e-09
1.00528e-06
-1.43475e-08
9.99759e-07
-3.52152e-08
9.90257e-07
-5.56486e-08
9.77485e-07
-7.42396e-08
9.61083e-07
-8.85752e-08
9.41831e-07
-9.88971e-08
9.22489e-07
-1.05499e-07
9.04414e-07
-1.08682e-07
8.87002e-07
-1.0841e-07
8.70425e-07
-1.04785e-07
8.54875e-07
-9.80924e-08
8.41058e-07
-8.95374e-08
8.29384e-07
-8.04084e-08
8.19797e-07
-7.13416e-08
8.11965e-07
-6.27044e-08
8.05495e-07
-5.47239e-08
8.00074e-07
-4.75125e-08
7.95494e-07
-4.10914e-08
7.91612e-07
-3.54289e-08
7.8832e-07
-3.04699e-08
7.85531e-07
-2.61472e-08
7.83169e-07
-2.23997e-08
7.8117e-07
-1.9152e-08
7.79479e-07
-1.63713e-08
7.7805e-07
-1.39472e-08
7.76838e-07
-1.19382e-08
7.75818e-07
-1.01102e-08
7.74946e-07
-8.72612e-09
7.74218e-07
-7.31909e-09
7.73587e-07
-6.40952e-09
7.73062e-07
-5.34384e-09
7.726e-07
-4.74918e-09
7.72217e-07
-3.96093e-09
7.71871e-07
-3.62013e-09
7.71586e-07
-3.00825e-09
7.71316e-07
-2.87058e-09
-2.41767e-09
9.82987e-07
3.47161e-08
9.90176e-07
2.04214e-08
9.93739e-07
4.00912e-09
9.93117e-07
-1.37249e-08
9.88925e-07
-3.10234e-08
9.80696e-07
-4.74199e-08
9.68904e-07
-6.24468e-08
9.5509e-07
-7.47611e-08
9.39933e-07
-8.3741e-08
9.23722e-07
-8.92882e-08
9.06708e-07
-9.16673e-08
8.89596e-07
-9.1298e-08
8.73219e-07
-8.84083e-08
8.58395e-07
-8.32686e-08
8.45478e-07
-7.66204e-08
8.34362e-07
-6.92922e-08
8.24823e-07
-6.18022e-08
8.16662e-07
-5.45436e-08
8.09701e-07
-4.77631e-08
8.03773e-07
-4.15839e-08
7.98725e-07
-3.60436e-08
7.94427e-07
-3.11309e-08
7.90767e-07
-2.68105e-08
7.87653e-07
-2.30328e-08
7.85004e-07
-1.97504e-08
7.82752e-07
-1.69004e-08
7.80838e-07
-1.44574e-08
7.79215e-07
-1.23243e-08
7.77833e-07
-1.05563e-08
7.76667e-07
-8.94358e-09
7.75666e-07
-7.72529e-09
7.74828e-07
-6.48081e-09
7.74099e-07
-5.68073e-09
7.73492e-07
-4.73711e-09
7.72957e-07
-4.21386e-09
7.72512e-07
-3.51654e-09
7.72109e-07
-3.21705e-09
7.71778e-07
-2.6769e-09
7.71464e-07
-2.55647e-09
-2.15981e-09
9.74725e-07
2.62691e-08
9.81019e-07
1.41272e-08
9.84009e-07
1.01909e-09
9.83532e-07
-1.32475e-08
9.79651e-07
-2.71427e-08
9.72542e-07
-4.03114e-08
9.62627e-07
-5.2531e-08
9.5044e-07
-6.25744e-08
9.36493e-07
-6.97943e-08
9.21428e-07
-7.42234e-08
9.05948e-07
-7.61872e-08
8.90579e-07
-7.59291e-08
8.7578e-07
-7.36092e-08
8.62014e-07
-6.95024e-08
8.4956e-07
-6.41665e-08
8.38488e-07
-5.82201e-08
8.28789e-07
-5.21032e-08
8.20372e-07
-4.61264e-08
8.13104e-07
-4.04956e-08
8.06846e-07
-3.53258e-08
8.01467e-07
-3.06641e-08
7.96849e-07
-2.65135e-08
7.92892e-07
-2.2853e-08
7.89505e-07
-1.9646e-08
7.8661e-07
-1.68557e-08
7.8414e-07
-1.44304e-08
7.82033e-07
-1.23502e-08
7.80241e-07
-1.05318e-08
7.7871e-07
-9.02556e-09
7.77415e-07
-7.6481e-09
7.763e-07
-6.61117e-09
7.75365e-07
-5.54581e-09
7.74551e-07
-4.86624e-09
7.73872e-07
-4.05793e-09
7.73272e-07
-3.61364e-09
7.72773e-07
-3.01769e-09
7.7232e-07
-2.76389e-09
7.71947e-07
-2.30397e-09
7.71593e-07
-2.20265e-09
-1.86891e-09
9.67918e-07
1.87669e-08
9.73231e-07
8.81381e-09
9.75938e-07
-1.68713e-09
9.75527e-07
-1.2837e-08
9.72287e-07
-2.3903e-08
9.66209e-07
-3.4233e-08
9.57434e-07
-4.37564e-08
9.46531e-07
-5.16716e-08
9.34052e-07
-5.7315e-08
9.2049e-07
-6.06617e-08
9.06327e-07
-6.2024e-08
8.92035e-07
-6.16366e-08
8.78073e-07
-5.96479e-08
8.6488e-07
-5.63087e-08
8.52749e-07
-5.20361e-08
8.41804e-07
-4.72748e-08
8.32064e-07
-4.23635e-08
8.23484e-07
-3.75461e-08
8.15979e-07
-3.29909e-08
8.0945e-07
-2.87965e-08
8.03792e-07
-2.50062e-08
7.98905e-07
-2.16267e-08
7.94696e-07
-1.86437e-08
7.91079e-07
-1.6029e-08
7.87977e-07
-1.37536e-08
7.85322e-07
-1.17754e-08
7.83051e-07
-1.00792e-08
7.81115e-07
-8.5955e-09
7.79457e-07
-7.36832e-09
7.78052e-07
-6.24309e-09
7.76842e-07
-5.40056e-09
7.75824e-07
-4.52838e-09
7.74937e-07
-3.97863e-09
7.74196e-07
-3.31681e-09
7.7354e-07
-2.95791e-09
7.72994e-07
-2.47214e-09
7.72498e-07
-2.26767e-09
7.72089e-07
-1.89523e-09
7.71701e-07
-1.81452e-09
-1.54932e-09
9.62312e-07
1.19488e-08
9.6714e-07
3.98596e-09
9.69544e-07
-4.09122e-09
9.69313e-07
-1.26058e-08
9.66436e-07
-2.10265e-08
9.61027e-07
-2.88236e-08
9.53247e-07
-3.59769e-08
9.43461e-07
-4.18852e-08
9.32098e-07
-4.59521e-08
9.19599e-07
-4.81627e-08
9.06407e-07
-4.8832e-08
8.92977e-07
-4.82067e-08
8.79741e-07
-4.64118e-08
8.67076e-07
-4.36438e-08
8.55255e-07
-4.0215e-08
8.4443e-07
-3.64494e-08
8.34665e-07
-3.25984e-08
8.25961e-07
-2.88424e-08
8.18275e-07
-2.53048e-08
8.11536e-07
-2.20572e-08
8.0566e-07
-1.91303e-08
8.0056e-07
-1.65269e-08
7.9615e-07
-1.42337e-08
7.92348e-07
-1.22275e-08
7.89079e-07
-1.04845e-08
7.86275e-07
-8.97139e-09
7.83872e-07
-7.67574e-09
7.81819e-07
-6.54301e-09
7.80059e-07
-5.60858e-09
7.78566e-07
-4.74946e-09
7.77277e-07
-4.11158e-09
7.76193e-07
-3.44408e-09
7.75246e-07
-3.03165e-09
7.74454e-07
-2.52516e-09
7.73753e-07
-2.25703e-09
7.73169e-07
-1.88841e-09
7.72638e-07
-1.73611e-09
7.722e-07
-1.45705e-09
7.71783e-07
-1.39806e-09
-1.20579e-09
9.57615e-07
5.58788e-09
9.62039e-07
-4.37598e-10
9.64292e-07
-6.3443e-09
9.64144e-07
-1.2458e-08
9.61602e-07
-1.84845e-08
9.56787e-07
-2.40088e-08
9.49804e-07
-2.89934e-08
9.40887e-07
-3.29682e-08
9.30385e-07
-3.54499e-08
9.18691e-07
-3.64694e-08
9.06231e-07
-3.63718e-08
8.93431e-07
-3.54062e-08
8.807e-07
-3.36808e-08
8.68397e-07
-3.1341e-08
8.56794e-07
-2.8612e-08
8.46064e-07
-2.57195e-08
8.36299e-07
-2.28335e-08
8.27528e-07
-2.00712e-08
8.19731e-07
-1.75083e-08
8.12859e-07
-1.5185e-08
8.06842e-07
-1.31132e-08
8.01602e-07
-1.12869e-08
7.97058e-07
-9.69035e-09
7.93133e-07
-8.30249e-09
7.89752e-07
-7.10304e-09
7.86847e-07
-6.06641e-09
7.84353e-07
-5.18217e-09
7.82222e-07
-4.41126e-09
7.80391e-07
-3.77829e-09
7.78837e-07
-3.19506e-09
7.77493e-07
-2.76812e-09
7.76363e-07
-2.31353e-09
7.75375e-07
-2.0433e-09
7.74547e-07
-1.69799e-09
7.73815e-07
-1.52459e-09
7.73204e-07
-1.27753e-09
7.72647e-07
-1.17934e-09
7.72188e-07
-9.97471e-10
7.71751e-07
-9.61158e-10
-8.44065e-10
9.51189e-07
-4.16459e-10
9.55317e-07
-4.5659e-09
9.57374e-07
-8.40138e-09
9.57225e-07
-1.23084e-08
9.54836e-07
-1.60962e-08
9.50304e-07
-1.94761e-08
9.43706e-07
-2.23953e-08
9.35238e-07
-2.45006e-08
9.25219e-07
-2.5431e-08
9.14017e-07
-2.52674e-08
9.02023e-07
-2.43781e-08
8.89645e-07
-2.30276e-08
8.77282e-07
-2.13182e-08
8.65291e-07
-1.93495e-08
8.53945e-07
-1.72659e-08
8.43426e-07
-1.5201e-08
8.33836e-07
-1.32433e-08
8.2521e-07
-1.14447e-08
8.17534e-07
-9.8323e-09
8.10762e-07
-8.41316e-09
8.04828e-07
-7.17978e-09
7.99658e-07
-6.11647e-09
7.95172e-07
-5.20457e-09
7.91294e-07
-4.42481e-09
7.87952e-07
-3.76024e-09
7.85078e-07
-3.19293e-09
7.8261e-07
-2.7139e-09
7.80499e-07
-2.30015e-09
7.78684e-07
-1.96384e-09
7.77143e-07
-1.65423e-09
7.75809e-07
-1.43395e-09
7.74687e-07
-1.19171e-09
7.73704e-07
-1.0603e-09
7.72882e-07
-8.75375e-10
7.72153e-07
-7.9538e-10
7.71543e-07
-6.6788e-10
7.70987e-07
-6.23495e-10
7.70526e-07
-5.36483e-10
7.70087e-07
-5.22413e-10
-4.79317e-10
9.23082e-07
-5.19584e-09
9.25809e-07
-7.29325e-09
9.26457e-07
-9.04892e-09
9.24853e-07
-1.0705e-08
9.21016e-07
-1.22588e-08
9.15096e-07
-1.3556e-08
9.07251e-07
-1.45504e-08
8.97775e-07
-1.50242e-08
8.87074e-07
-1.47302e-08
8.75555e-07
-1.37482e-08
8.63603e-07
-1.24259e-08
8.51582e-07
-1.10075e-08
8.39842e-07
-9.5778e-09
8.2868e-07
-8.18774e-09
8.18312e-07
-6.89816e-09
8.08863e-07
-5.7519e-09
8.00381e-07
-4.76125e-09
7.92858e-07
-3.92112e-09
7.86245e-07
-3.21975e-09
7.80473e-07
-2.64136e-09
7.75462e-07
-2.16804e-09
7.71127e-07
-1.78203e-09
7.6739e-07
-1.46751e-09
7.64176e-07
-1.21091e-09
7.61417e-07
-1.00146e-09
7.59054e-07
-8.29637e-10
7.5703e-07
-6.89767e-10
7.55303e-07
-5.72926e-10
7.5382e-07
-4.81571e-10
7.52565e-07
-3.98408e-10
7.51475e-07
-3.44756e-10
7.50564e-07
-2.80109e-10
7.49759e-07
-2.55766e-10
7.4909e-07
-2.05843e-10
7.48491e-07
-1.96665e-10
7.47989e-07
-1.65928e-10
7.47529e-07
-1.63245e-10
7.47141e-07
-1.48872e-10
7.46771e-07
-1.51683e-10
-1.59943e-10
7.20259e-07
7.12966e-07
7.03917e-07
6.93212e-07
6.80953e-07
6.67397e-07
6.52846e-07
6.37822e-07
6.23092e-07
6.09344e-07
5.96918e-07
5.8591e-07
5.76333e-07
5.68145e-07
5.61247e-07
5.55495e-07
5.50734e-07
5.46812e-07
5.43593e-07
5.40951e-07
5.38783e-07
5.37001e-07
5.35534e-07
5.34323e-07
5.33321e-07
5.32492e-07
5.31802e-07
5.31229e-07
5.30747e-07
5.30349e-07
5.30004e-07
5.29724e-07
5.29468e-07
5.29263e-07
5.29066e-07
5.289e-07
5.28737e-07
5.28588e-07
5.28436e-07
)
;

boundaryField
{
    inlet
    {
        type            calculated;
        value           nonuniform List<scalar> 
20
(
-1e-06
-1e-06
-1e-06
-1e-06
-1e-06
-1e-06
-1e-06
-1e-06
-1e-06
-1e-06
-1e-06
-1e-06
-1e-06
-1e-06
-1e-06
-1e-06
-1e-06
-1e-06
-1e-06
-1e-06
)
;
    }
    outlet
    {
        type            calculated;
        value           nonuniform List<scalar> 
27
(
7.69606e-07
7.69715e-07
7.69836e-07
7.69968e-07
7.70109e-07
7.70255e-07
7.70403e-07
7.70552e-07
7.70698e-07
7.70839e-07
7.70973e-07
7.71095e-07
7.71206e-07
7.71302e-07
7.71382e-07
7.7144e-07
7.71389e-07
7.69723e-07
7.46451e-07
5.28276e-07
4.87424e-07
7.05666e-07
7.30677e-07
7.32598e-07
7.32743e-07
7.32802e-07
7.32872e-07
)
;
    }
    lowerWall
    {
        type            calculated;
        value           uniform 0;
    }
    upperWall
    {
        type            calculated;
        value           uniform 0;
    }
    defaultFaces
    {
        type            empty;
        value           nonuniform List<scalar> 0();
    }
}


// ************************************************************************* //
