/*--------------------------------*- C++ -*----------------------------------*\
| =========                 |                                                 |
| \\      /  F ield         | OpenFOAM: The Open Source CFD Toolbox           |
|  \\    /   O peration     | Version:  2112                                  |
|   \\  /    A nd           | Website:  www.openfoam.com                      |
|    \\/     M anipulation  |                                                 |
\*---------------------------------------------------------------------------*/
FoamFile
{
    version     2.0;
    format      ascii;
    arch        "LSB;label=32;scalar=64";
    class       surfaceScalarField;
    location    "0.13";
    object      phi;
}
// * * * * * * * * * * * * * * * * * * * * * * * * * * * * * * * * * * * * * //

dimensions      [0 3 -1 0 0 0 0];

oriented        oriented;

internalField   nonuniform List<scalar> 
3653
(
9.92935e-07
7.06489e-09
9.79573e-07
1.33624e-08
9.64069e-07
1.55039e-08
9.48517e-07
1.55514e-08
9.32629e-07
1.58881e-08
9.16297e-07
1.63327e-08
8.99729e-07
1.65679e-08
8.82218e-07
1.75106e-08
8.63407e-07
1.88114e-08
8.44865e-07
1.85417e-08
8.28652e-07
1.62133e-08
8.15684e-07
1.29673e-08
8.05568e-07
1.01165e-08
7.97999e-07
7.56865e-09
7.91701e-07
6.2982e-09
7.86952e-07
4.74871e-09
7.81186e-07
5.76579e-09
7.77101e-07
4.08505e-09
7.69263e-07
7.838e-09
7.6483e-07
4.43381e-09
7.53186e-07
1.16434e-08
7.46826e-07
6.35999e-09
7.30222e-07
1.66037e-08
7.18769e-07
1.14531e-08
6.9485e-07
2.39193e-08
6.73226e-07
2.16236e-08
6.35208e-07
3.8018e-08
5.89432e-07
4.57761e-08
5.24e-07
6.54327e-08
1.1954e-07
4.04459e-07
1.00287e-06
4.19471e-09
1.00645e-06
9.7811e-09
1.00905e-06
1.29081e-08
1.01059e-06
1.401e-08
1.01166e-06
1.48134e-08
1.01231e-06
1.56846e-08
1.01252e-06
1.63552e-08
1.01262e-06
1.74108e-08
1.01259e-06
1.88431e-08
1.01186e-06
1.92733e-08
1.01008e-06
1.79951e-08
1.00744e-06
1.56055e-08
1.00427e-06
1.32826e-08
1.00075e-06
1.10946e-08
9.96942e-07
1.01046e-08
9.92866e-07
8.82491e-09
9.88373e-07
1.02585e-08
9.83542e-07
8.91628e-09
9.7747e-07
1.391e-08
9.71623e-07
1.02808e-08
9.62475e-07
2.07911e-08
9.55023e-07
1.38128e-08
9.41509e-07
3.01169e-08
9.29472e-07
2.34902e-08
9.11705e-07
4.16865e-08
8.88906e-07
4.44232e-08
8.64247e-07
6.26763e-08
8.31199e-07
7.88248e-08
7.79729e-07
1.16902e-07
1.3149e-07
7.6778e-07
1.00167e-06
2.51976e-09
1.00476e-06
6.69392e-09
1.00783e-06
9.84362e-09
1.01022e-06
1.16193e-08
1.01227e-06
1.2759e-08
1.01424e-06
1.37174e-08
1.0161e-06
1.44954e-08
1.01808e-06
1.54296e-08
1.02026e-06
1.66586e-08
1.02204e-06
1.75021e-08
1.02262e-06
1.7406e-08
1.02182e-06
1.64144e-08
1.01985e-06
1.52526e-08
1.01697e-06
1.39663e-08
1.01356e-06
1.35233e-08
1.00957e-06
1.28062e-08
1.00555e-06
1.42826e-08
1.00069e-06
1.37715e-08
9.96087e-07
1.85176e-08
9.89886e-07
1.64825e-08
9.837e-07
2.69768e-08
9.7603e-07
2.14828e-08
9.662e-07
3.99469e-08
9.56926e-07
3.27642e-08
9.41801e-07
5.68116e-08
9.29162e-07
5.70617e-08
9.09587e-07
8.22514e-08
8.90336e-07
9.80763e-08
8.73424e-07
1.33813e-07
1.59952e-07
8.44963e-07
1.00077e-06
1.75261e-09
1.00249e-06
4.97191e-09
1.00466e-06
7.67642e-09
1.00666e-06
9.61551e-09
1.00845e-06
1.09714e-08
1.0102e-06
1.19603e-08
1.01198e-06
1.27251e-08
1.01384e-06
1.3569e-08
1.01579e-06
1.47064e-08
1.01746e-06
1.5834e-08
1.01834e-06
1.65187e-08
1.01823e-06
1.653e-08
1.01721e-06
1.62712e-08
1.01543e-06
1.57452e-08
1.01311e-06
1.58467e-08
1.01021e-06
1.56993e-08
1.00707e-06
1.7422e-08
1.00318e-06
1.76659e-08
9.99379e-07
2.23182e-08
9.93979e-07
2.18827e-08
9.89487e-07
3.14687e-08
9.81709e-07
2.92612e-08
9.76258e-07
4.53978e-08
9.65577e-07
4.34456e-08
9.58308e-07
6.40803e-08
9.45924e-07
6.94456e-08
9.35492e-07
9.2684e-08
9.24959e-07
1.08608e-07
9.1396e-07
1.44813e-07
1.62569e-07
9.11343e-07
1.00038e-06
1.37152e-09
1.00152e-06
3.83382e-09
1.00318e-06
6.01243e-09
1.00492e-06
7.87762e-09
1.00656e-06
9.33692e-09
1.00816e-06
1.0358e-08
1.00977e-06
1.11137e-08
1.01141e-06
1.19238e-08
1.0131e-06
1.30209e-08
1.01464e-06
1.42921e-08
1.01574e-06
1.54214e-08
1.01614e-06
1.61305e-08
1.01584e-06
1.65689e-08
1.0148e-06
1.67856e-08
1.01329e-06
1.73591e-08
1.01107e-06
1.79137e-08
1.00877e-06
1.9724e-08
1.00551e-06
2.09248e-08
1.00267e-06
2.5159e-08
9.98107e-07
2.6448e-08
9.94788e-07
3.47878e-08
9.88484e-07
3.55649e-08
9.8477e-07
4.91115e-08
9.76565e-07
5.16502e-08
9.72711e-07
6.79347e-08
9.62841e-07
7.93155e-08
9.60564e-07
9.49615e-08
9.50232e-07
1.1894e-07
9.52964e-07
1.4208e-07
1.66905e-07
9.48628e-07
1.00032e-06
1.05442e-09
1.00114e-06
3.00716e-09
1.00239e-06
4.76137e-09
1.00385e-06
6.42045e-09
1.00534e-06
7.85332e-09
1.0068e-06
8.88982e-09
1.00827e-06
9.64362e-09
1.00977e-06
1.04305e-08
1.01128e-06
1.15066e-08
1.01271e-06
1.28646e-08
1.01387e-06
1.42621e-08
1.01456e-06
1.54375e-08
1.01475e-06
1.63836e-08
1.01434e-06
1.71911e-08
1.01353e-06
1.81697e-08
1.01211e-06
1.93359e-08
1.01056e-06
2.12701e-08
1.00819e-06
2.32941e-08
1.0062e-06
2.71529e-08
1.00273e-06
2.99199e-08
1.00058e-06
3.69309e-08
9.95802e-07
4.03465e-08
9.93667e-07
5.12465e-08
9.88201e-07
5.71165e-08
9.8546e-07
7.06759e-08
9.81748e-07
8.30277e-08
9.78052e-07
9.86576e-08
9.78706e-07
1.18286e-07
9.79411e-07
1.41375e-07
1.62227e-07
9.84089e-07
1.00023e-06
8.28112e-10
1.00086e-06
2.37462e-09
1.00186e-06
3.76444e-09
1.00312e-06
5.16002e-09
1.00448e-06
6.48746e-09
1.00587e-06
7.5034e-09
1.00728e-06
8.23103e-09
1.00874e-06
8.96822e-09
1.01025e-06
1.00021e-08
1.01171e-06
1.13998e-08
1.01301e-06
1.29622e-08
1.01398e-06
1.44669e-08
1.01457e-06
1.57921e-08
1.01469e-06
1.70802e-08
1.01446e-06
1.83935e-08
1.01371e-06
2.00889e-08
1.01285e-06
2.21277e-08
1.01132e-06
2.48213e-08
1.01012e-06
2.83578e-08
1.00782e-06
3.2223e-08
1.00665e-06
3.80926e-08
1.00352e-06
4.34848e-08
1.00293e-06
5.18308e-08
9.99272e-07
6.07759e-08
9.99728e-07
7.02203e-08
9.96935e-07
8.58206e-08
9.9921e-07
9.63828e-08
9.99749e-07
1.17747e-07
1.00605e-06
1.35069e-07
1.54853e-07
1.01343e-06
1.00019e-06
6.37486e-10
1.00073e-06
1.83497e-09
1.00161e-06
2.88924e-09
1.00275e-06
4.01556e-09
1.00405e-06
5.18758e-09
1.00541e-06
6.14803e-09
1.0068e-06
6.83893e-09
1.00825e-06
7.51818e-09
1.00976e-06
8.49082e-09
1.01128e-06
9.88139e-09
1.01271e-06
1.15259e-08
1.01393e-06
1.32461e-08
1.01488e-06
1.48475e-08
1.01545e-06
1.65105e-08
1.01575e-06
1.80968e-08
1.01562e-06
2.02106e-08
1.01541e-06
2.23401e-08
1.0147e-06
2.55302e-08
1.01426e-06
2.87954e-08
1.01308e-06
3.34087e-08
1.0128e-06
3.83725e-08
1.01134e-06
4.49395e-08
1.01157e-06
5.1603e-08
1.0107e-06
6.16471e-08
1.01143e-06
6.94927e-08
1.01302e-06
8.42315e-08
1.01499e-06
9.44099e-08
1.02026e-06
1.12477e-07
1.02757e-06
1.27756e-07
1.46568e-07
1.03586e-06
1.00018e-06
4.6236e-10
1.00067e-06
1.33622e-09
1.00148e-06
2.08177e-09
1.00257e-06
2.92938e-09
1.00384e-06
3.91771e-09
1.00519e-06
4.79365e-09
1.0066e-06
5.42764e-09
1.00809e-06
6.02892e-09
1.00967e-06
6.91318e-09
1.0113e-06
8.25486e-09
1.0129e-06
9.92285e-09
1.01437e-06
1.17771e-08
1.01564e-06
1.35778e-08
1.01662e-06
1.55242e-08
1.01739e-06
1.73329e-08
1.01784e-06
1.97563e-08
1.01821e-06
2.1969e-08
1.01827e-06
2.54752e-08
1.01853e-06
2.85316e-08
1.01837e-06
3.35731e-08
1.01896e-06
3.77853e-08
1.01883e-06
4.50663e-08
1.02024e-06
5.01892e-08
1.02086e-06
6.10341e-08
1.02345e-06
6.68987e-08
1.02626e-06
8.14203e-08
1.03087e-06
8.97966e-08
1.03736e-06
1.05987e-07
1.04598e-06
1.19142e-07
1.34756e-07
1.05779e-06
1.00017e-06
2.90328e-10
1.00066e-06
8.46732e-10
1.00146e-06
1.28788e-09
1.00253e-06
1.84983e-09
1.00382e-06
2.62905e-09
1.00522e-06
3.39392e-09
1.0067e-06
3.95468e-09
1.00826e-06
4.46538e-09
1.00993e-06
5.2428e-09
1.01168e-06
6.50072e-09
1.01346e-06
8.1429e-09
1.01518e-06
1.00658e-08
1.01675e-06
1.20061e-08
1.01811e-06
1.416e-08
1.0193e-06
1.61487e-08
1.02027e-06
1.87833e-08
1.02117e-06
2.10705e-08
1.02191e-06
2.47311e-08
1.02281e-06
2.76366e-08
1.02357e-06
3.28061e-08
1.02488e-06
3.64827e-08
1.02604e-06
4.39038e-08
1.02818e-06
4.80502e-08
1.03053e-06
5.86809e-08
1.03386e-06
6.35647e-08
1.03862e-06
7.66606e-08
1.04427e-06
8.41549e-08
1.05195e-06
9.82998e-08
1.06229e-06
1.08804e-07
1.23809e-07
1.07324e-06
1.00018e-06
1.11034e-10
1.00069e-06
3.35952e-10
1.00151e-06
4.64809e-10
1.00264e-06
7.25016e-10
1.00399e-06
1.27674e-09
1.00547e-06
1.914e-09
1.00703e-06
2.39228e-09
1.00869e-06
2.80304e-09
1.01048e-06
3.45536e-09
1.01239e-06
4.59701e-09
1.01436e-06
6.17371e-09
1.0163e-06
8.11808e-09
1.01815e-06
1.01557e-08
1.01986e-06
1.24579e-08
1.02141e-06
1.45931e-08
1.02284e-06
1.73582e-08
1.0242e-06
1.97064e-08
1.02554e-06
2.33897e-08
1.02701e-06
2.61722e-08
1.02856e-06
3.12532e-08
1.03054e-06
3.45055e-08
1.0327e-06
4.17387e-08
1.03564e-06
4.51144e-08
1.03913e-06
5.51865e-08
1.04348e-06
5.92154e-08
1.04928e-06
7.08593e-08
1.05598e-06
7.74611e-08
1.06477e-06
8.95094e-08
1.07515e-06
9.84183e-08
1.10871e-07
1.08809e-06
1.0002e-06
-8.59036e-11
1.00076e-06
-2.22808e-10
1.00165e-06
-4.26048e-10
1.00285e-06
-4.80534e-10
1.00431e-06
-1.76944e-10
1.0059e-06
3.21445e-10
1.00758e-06
7.06786e-10
1.00938e-06
1.00819e-09
1.01131e-06
1.5219e-09
1.01338e-06
2.52466e-09
1.01555e-06
4.0073e-09
1.01773e-06
5.93969e-09
1.01984e-06
8.04951e-09
1.02183e-06
1.04627e-08
1.0237e-06
1.27236e-08
1.0255e-06
1.55563e-08
1.02726e-06
1.79499e-08
1.0291e-06
2.1547e-08
1.03105e-06
2.4224e-08
1.03327e-06
2.9033e-08
1.03581e-06
3.19691e-08
1.03883e-06
3.87119e-08
1.04238e-06
4.15674e-08
1.04686e-06
5.0707e-08
1.05193e-06
5.41408e-08
1.05855e-06
6.42426e-08
1.06607e-06
6.99424e-08
1.07526e-06
8.03226e-08
1.08644e-06
8.7237e-08
9.8419e-08
1.09889e-06
1.00023e-06
-3.1405e-10
1.00087e-06
-8.69323e-10
1.0019e-06
-1.45313e-09
1.00326e-06
-1.84362e-09
1.00486e-06
-1.7754e-09
1.0066e-06
-1.41337e-09
1.00843e-06
-1.12277e-09
1.01037e-06
-9.32063e-10
1.01245e-06
-5.6065e-10
1.01468e-06
2.90871e-10
1.01703e-06
1.65744e-09
1.01941e-06
3.56646e-09
1.02172e-06
5.73592e-09
1.02395e-06
8.23105e-09
1.02608e-06
1.05999e-08
1.02818e-06
1.3454e-08
1.03026e-06
1.58715e-08
1.0325e-06
1.93013e-08
1.03486e-06
2.18662e-08
1.03762e-06
2.62776e-08
1.04064e-06
2.89479e-08
1.04434e-06
3.50126e-08
1.04842e-06
3.74792e-08
1.05363e-06
4.5503e-08
1.0593e-06
4.84714e-08
1.06651e-06
5.7029e-08
1.07451e-06
6.19424e-08
1.08426e-06
7.05784e-08
1.09534e-06
7.61578e-08
8.54288e-08
1.10833e-06
1.00027e-06
-5.79531e-10
1.00102e-06
-1.62159e-09
1.00221e-06
-2.64609e-09
1.00375e-06
-3.38541e-09
1.00553e-06
-3.54803e-09
1.00744e-06
-3.32782e-09
1.00946e-06
-3.14339e-09
1.0116e-06
-3.07229e-09
1.0139e-06
-2.86297e-09
1.01638e-06
-2.18869e-09
1.01896e-06
-9.23968e-10
1.02154e-06
9.87993e-10
1.02402e-06
3.25812e-09
1.0264e-06
5.85588e-09
1.02866e-06
8.33367e-09
1.03094e-06
1.11737e-08
1.03323e-06
1.35839e-08
1.03575e-06
1.67789e-08
1.03842e-06
1.91991e-08
1.04157e-06
2.31218e-08
1.04499e-06
2.55337e-08
1.0492e-06
3.08021e-08
1.05373e-06
3.29474e-08
1.05946e-06
3.97712e-08
1.0656e-06
4.23333e-08
1.0732e-06
4.94268e-08
1.08161e-06
5.35316e-08
1.09153e-06
6.06642e-08
1.10273e-06
6.49599e-08
7.2686e-08
1.11547e-06
1.00038e-06
-9.57233e-10
1.00137e-06
-2.61464e-09
1.00288e-06
-4.15099e-09
1.0047e-06
-5.20663e-09
1.00669e-06
-5.54443e-09
1.00882e-06
-5.45296e-09
1.01105e-06
-5.37312e-09
1.0134e-06
-5.42063e-09
1.01591e-06
-5.37581e-09
1.01857e-06
-4.84941e-09
1.02126e-06
-3.61276e-09
1.02387e-06
-1.62485e-09
1.02635e-06
7.75244e-10
1.02876e-06
3.45025e-09
1.03109e-06
6.00147e-09
1.03349e-06
8.77761e-09
1.03593e-06
1.11379e-08
1.03867e-06
1.4046e-08
1.04159e-06
1.62805e-08
1.04505e-06
1.96601e-08
1.04879e-06
2.17938e-08
1.05338e-06
2.62124e-08
1.05828e-06
2.80483e-08
1.06438e-06
3.36694e-08
1.07088e-06
3.58341e-08
1.07876e-06
4.15465e-08
1.08739e-06
4.49002e-08
1.09745e-06
5.06003e-08
1.10853e-06
5.38861e-08
6.00346e-08
1.12118e-06
1.00045e-06
-1.40517e-09
1.00178e-06
-3.94893e-09
1.00374e-06
-6.10659e-09
1.00589e-06
-7.36347e-09
1.00813e-06
-7.78168e-09
1.01051e-06
-7.83275e-09
1.01301e-06
-7.87436e-09
1.01564e-06
-8.04535e-09
1.01846e-06
-8.19316e-09
1.02142e-06
-7.81491e-09
1.02435e-06
-6.53768e-09
1.02709e-06
-4.36522e-09
1.0296e-06
-1.73884e-09
1.03193e-06
1.12225e-09
1.03412e-06
3.81165e-09
1.03637e-06
6.52454e-09
1.03873e-06
8.77379e-09
1.04147e-06
1.13072e-08
1.04448e-06
1.3271e-08
1.04811e-06
1.60369e-08
1.05206e-06
1.7841e-08
1.0569e-06
2.13719e-08
1.06207e-06
2.288e-08
1.06841e-06
2.7324e-08
1.07519e-06
2.90603e-08
1.08323e-06
3.35078e-08
1.09201e-06
3.61126e-08
1.10209e-06
4.05278e-08
1.11306e-06
4.29107e-08
4.76577e-08
1.12544e-06
1.00084e-06
-2.24403e-09
1.00278e-06
-5.88765e-09
1.00528e-06
-8.60974e-09
1.00777e-06
-9.84876e-09
1.01023e-06
-1.02476e-08
1.01286e-06
-1.04621e-08
1.01565e-06
-1.06605e-08
1.01864e-06
-1.10402e-08
1.0219e-06
-1.14552e-08
1.02519e-06
-1.11044e-08
1.02813e-06
-9.47287e-09
1.03057e-06
-6.80614e-09
1.03261e-06
-3.77849e-09
1.03446e-06
-7.25129e-10
1.03634e-06
1.92983e-09
1.03844e-06
4.4226e-09
1.04078e-06
6.43404e-09
1.04359e-06
8.49986e-09
1.04672e-06
1.01416e-08
1.05051e-06
1.22474e-08
1.05464e-06
1.37032e-08
1.05969e-06
1.63281e-08
1.06507e-06
1.75022e-08
1.07158e-06
2.08065e-08
1.07855e-06
2.20953e-08
1.08669e-06
2.53634e-08
1.09555e-06
2.72532e-08
1.10561e-06
3.04749e-08
1.11643e-06
3.20815e-08
3.55238e-08
1.12857e-06
1.00176e-06
-4.00883e-09
1.0051e-06
-9.22554e-09
1.00854e-06
-1.20433e-08
1.01145e-06
-1.27624e-08
1.01425e-06
-1.30462e-08
1.01718e-06
-1.33946e-08
1.02016e-06
-1.36373e-08
1.02337e-06
-1.42493e-08
1.02696e-06
-1.50491e-08
1.03048e-06
-1.46278e-08
1.03332e-06
-1.23064e-08
1.03535e-06
-8.83607e-09
1.03684e-06
-5.26846e-09
1.03814e-06
-2.02973e-09
1.03941e-06
6.63684e-10
1.04093e-06
2.89622e-09
1.04285e-06
4.52297e-09
1.04538e-06
5.97029e-09
1.04838e-06
7.13521e-09
1.05217e-06
8.46377e-09
1.05636e-06
9.50355e-09
1.06154e-06
1.11497e-08
1.06705e-06
1.2e-08
1.07372e-06
1.41301e-08
1.0808e-06
1.50134e-08
1.08905e-06
1.71123e-08
1.09793e-06
1.83754e-08
1.10802e-06
2.03857e-08
1.11872e-06
2.13785e-08
2.36353e-08
1.13061e-06
1.00296e-06
-6.96393e-09
1.0068e-06
-1.3072e-08
1.00981e-06
-1.50524e-08
1.01194e-06
-1.48935e-08
1.01385e-06
-1.49541e-08
1.01559e-06
-1.51334e-08
1.01709e-06
-1.51387e-08
1.01865e-06
-1.58068e-08
1.02033e-06
-1.6736e-08
1.02174e-06
-1.60382e-08
1.02265e-06
-1.32083e-08
1.0233e-06
-9.48641e-09
1.02403e-06
-5.99786e-09
1.02503e-06
-3.03303e-09
1.02642e-06
-7.22161e-10
1.02836e-06
9.48759e-10
1.03083e-06
2.05802e-09
1.03388e-06
2.91771e-09
1.03744e-06
3.57613e-09
1.04166e-06
4.24824e-09
1.04635e-06
4.80533e-09
1.05194e-06
5.56531e-09
1.05789e-06
6.04497e-09
1.06501e-06
7.01405e-09
1.07252e-06
7.50095e-09
1.08119e-06
8.44717e-09
1.09044e-06
9.12384e-09
1.10087e-06
9.95577e-09
1.1118e-06
1.04485e-08
1.12588e-08
1.12417e-06
9.93036e-07
9.79964e-07
9.64912e-07
9.50018e-07
9.35064e-07
9.19931e-07
9.04792e-07
8.88985e-07
8.72249e-07
8.56211e-07
8.43003e-07
8.33516e-07
8.27518e-07
8.24485e-07
8.23763e-07
8.24712e-07
8.2677e-07
8.29688e-07
8.33264e-07
8.37512e-07
8.42317e-07
8.47883e-07
8.53928e-07
8.60942e-07
8.68443e-07
8.7689e-07
8.86014e-07
8.95969e-07
9.06418e-07
9.17677e-07
5.28449e-07
-1.2399e-07
5.77126e-07
-4.86775e-08
6.04805e-07
-2.76789e-08
7.43528e-07
-1.38722e-07
7.19709e-07
2.38184e-08
6.42849e-07
7.686e-08
8.29529e-07
-1.86679e-07
8.86229e-07
-5.67006e-08
7.71781e-07
1.14448e-07
-1.48888e-07
9.20669e-07
7.74648e-07
-1.30858e-07
8.28174e-07
-1.02203e-07
8.70363e-07
-6.98686e-08
8.6885e-07
-1.37209e-07
8.95476e-07
-2.80762e-09
9.18802e-07
5.35344e-08
9.87728e-07
-2.55605e-07
1.0589e-06
-1.27874e-07
1.00871e-06
1.64636e-07
-2.00049e-07
1.05987e-06
8.58329e-07
-1.44225e-07
8.82509e-07
-1.26382e-07
8.93836e-07
-8.11952e-08
8.77408e-07
-1.20782e-07
9.44135e-07
-6.9534e-08
1.02089e-06
-2.32239e-08
9.47813e-07
-1.82525e-07
9.95688e-07
-1.7575e-07
1.10398e-06
5.63491e-08
-2.90149e-07
1.19407e-06
9.11488e-07
-1.4437e-07
9.21997e-07
-1.36891e-07
9.43411e-07
-1.0261e-07
9.44404e-07
-1.21774e-07
9.63824e-07
-8.89547e-08
1.02055e-06
-7.99524e-08
9.99738e-07
-1.6171e-07
9.92458e-07
-1.6847e-07
1.11199e-06
-6.31844e-08
-3.10241e-07
1.13208e-06
9.50322e-07
-1.46065e-07
9.59159e-07
-1.45728e-07
9.65304e-07
-1.08754e-07
9.71328e-07
-1.27799e-07
9.90592e-07
-1.08218e-07
1.01865e-06
-1.08011e-07
1.01355e-06
-1.56606e-07
1.03414e-06
-1.89066e-07
1.09912e-06
-1.28166e-07
-2.93756e-07
1.08264e-06
9.86882e-07
-1.48858e-07
9.8496e-07
-1.43806e-07
9.95194e-07
-1.18988e-07
1.00076e-06
-1.33366e-07
1.01258e-06
-1.20039e-07
1.03356e-06
-1.28984e-07
1.03304e-06
-1.56095e-07
1.03085e-06
-1.86874e-07
1.0765e-06
-1.73813e-07
-2.95252e-07
1.078e-06
1.00928e-06
-1.44713e-07
1.00987e-06
-1.44397e-07
1.0157e-06
-1.24812e-07
1.01733e-06
-1.35001e-07
1.02476e-06
-1.27464e-07
1.03488e-06
-1.39105e-07
1.03968e-06
-1.60899e-07
1.04536e-06
-1.92555e-07
1.0645e-06
-1.92947e-07
-2.79922e-07
1.04917e-06
1.03533e-06
-1.4418e-07
1.03071e-06
-1.39785e-07
1.03299e-06
-1.27092e-07
1.03356e-06
-1.35569e-07
1.03906e-06
-1.32957e-07
1.04425e-06
-1.44303e-07
1.04252e-06
-1.59161e-07
1.04058e-06
-1.90614e-07
1.05121e-06
-2.0358e-07
-2.66355e-07
1.03764e-06
1.05118e-06
-1.37576e-07
1.04661e-06
-1.35213e-07
1.04676e-06
-1.27239e-07
1.04411e-06
-1.32925e-07
1.04399e-06
-1.32831e-07
1.0448e-06
-1.4512e-07
1.04393e-06
-1.58287e-07
1.03925e-06
-1.85935e-07
1.03685e-06
-2.01176e-07
-2.50915e-07
1.02141e-06
1.06765e-06
-1.31991e-07
1.06107e-06
-1.28631e-07
1.05739e-06
-1.23551e-07
1.05307e-06
-1.28609e-07
1.05087e-06
-1.30628e-07
1.04732e-06
-1.4157e-07
1.0419e-06
-1.52868e-07
1.03381e-06
-1.77849e-07
1.02745e-06
-1.94818e-07
-2.32774e-07
1.00931e-06
1.07921e-06
-1.23111e-07
1.07123e-06
-1.20654e-07
1.0655e-06
-1.17821e-07
1.05895e-06
-1.22061e-07
1.05277e-06
-1.24442e-07
1.04669e-06
-1.35494e-07
1.03947e-06
-1.45647e-07
1.02853e-06
-1.66908e-07
1.01655e-06
-1.82839e-07
-2.14047e-07
9.97826e-07
1.08931e-06
-1.13536e-07
1.08004e-06
-1.11381e-07
1.0719e-06
-1.09678e-07
1.06334e-06
-1.13502e-07
1.05542e-06
-1.16526e-07
1.04626e-06
-1.26326e-07
1.03617e-06
-1.35564e-07
1.02298e-06
-1.53713e-07
1.00861e-06
-1.68473e-07
-1.9349e-07
9.88055e-07
1.09705e-06
-1.02263e-07
1.08633e-06
-1.0066e-07
1.07646e-06
-9.98078e-08
1.06627e-06
-1.03314e-07
1.05592e-06
-1.06174e-07
1.04476e-06
-1.1517e-07
1.03267e-06
-1.23467e-07
1.01763e-06
-1.38673e-07
1.00079e-06
-1.51635e-07
-1.72324e-07
9.79622e-07
1.10317e-06
-8.99595e-08
1.0913e-06
-8.87912e-08
1.07993e-06
-8.84378e-08
1.06808e-06
-9.14667e-08
1.0563e-06
-9.43987e-08
1.04323e-06
-1.02098e-07
1.02928e-06
-1.0951e-07
1.01278e-06
-1.22177e-07
9.94528e-07
-1.33383e-07
-1.50171e-07
9.72375e-07
1.10782e-06
-7.66e-08
1.09485e-06
-7.58232e-08
1.08219e-06
-7.5777e-08
1.06916e-06
-7.84337e-08
1.05583e-06
-8.1073e-08
1.04142e-06
-8.76868e-08
1.02605e-06
-9.41396e-08
1.0084e-06
-1.0453e-07
9.88976e-07
-1.13956e-07
-1.27544e-07
9.66349e-07
1.11125e-06
-6.24075e-08
1.09735e-06
-6.19274e-08
1.0837e-06
-6.21304e-08
1.06956e-06
-6.42917e-08
1.05523e-06
-6.67375e-08
1.03969e-06
-7.21532e-08
1.0232e-06
-7.76485e-08
1.00466e-06
-8.59939e-08
9.8444e-07
-9.37311e-08
-1.04425e-07
9.61321e-07
1.11368e-06
-4.75217e-08
1.09902e-06
-4.72644e-08
1.08452e-06
-4.76299e-08
1.06959e-06
-4.93615e-08
1.05436e-06
-5.151e-08
1.03798e-06
-5.57721e-08
1.02061e-06
-6.02801e-08
1.00134e-06
-6.67175e-08
9.80476e-07
-7.2871e-08
-8.08824e-08
9.56933e-07
1.11504e-06
-3.19464e-08
1.09958e-06
-3.18049e-08
1.0843e-06
-3.23471e-08
1.06851e-06
-3.3579e-08
1.05249e-06
-3.54862e-08
1.03517e-06
-3.84531e-08
1.01689e-06
-4.19955e-08
9.96653e-07
-4.64847e-08
9.749e-07
-5.11176e-08
-5.64533e-08
9.5047e-07
1.1063e-06
-1.40741e-08
1.08882e-06
-1.432e-08
1.07151e-06
-1.50417e-08
1.05385e-06
-1.59159e-08
1.03575e-06
-1.73908e-08
1.01636e-06
-1.90596e-08
9.9574e-07
-2.13756e-08
9.73136e-07
-2.38806e-08
9.48736e-07
-2.67181e-08
-2.93027e-08
9.21586e-07
9.03603e-07
8.89283e-07
8.74241e-07
8.58325e-07
8.40934e-07
8.21875e-07
8.00499e-07
7.76618e-07
7.499e-07
7.20598e-07
-9.75793e-08
9.75793e-08
-2.60128e-07
1.62549e-07
-4.58732e-07
1.98604e-07
-6.00131e-07
1.41399e-07
-6.29534e-07
2.94023e-08
-5.78699e-07
-5.08345e-08
-4.5084e-07
-1.27859e-07
-2.98803e-07
-1.52038e-07
-1.42945e-07
-1.55857e-07
2.80454e-09
-1.4575e-07
1.28078e-07
-1.25273e-07
2.28503e-07
-1.00425e-07
3.04934e-07
-7.64311e-08
3.60588e-07
-5.56538e-08
3.99556e-07
-3.89687e-08
4.2589e-07
-2.63334e-08
4.43138e-07
-1.7248e-08
4.54163e-07
-1.10253e-08
4.61111e-07
-6.94786e-09
4.6547e-07
-4.35924e-09
4.68224e-07
-2.75319e-09
4.69993e-07
-1.7692e-09
4.7116e-07
-1.16684e-09
4.71953e-07
-7.93864e-10
4.72512e-07
-5.58423e-10
4.72916e-07
-4.04617e-10
4.7322e-07
-3.03408e-10
4.73449e-07
-2.29496e-10
4.73634e-07
-1.84431e-10
4.73774e-07
-1.40353e-10
4.739e-07
-1.26084e-10
4.73994e-07
-9.3907e-11
4.74091e-07
-9.72513e-11
4.74167e-07
-7.593e-11
4.74253e-07
-8.55023e-11
4.7433e-07
-7.70445e-11
4.74419e-07
-8.89702e-11
4.74513e-07
-9.37719e-11
4.74616e-07
-1.02998e-10
-1.31742e-10
-1.44418e-07
2.41998e-07
-3.26303e-07
3.44433e-07
-5.23988e-07
3.96289e-07
-6.73161e-07
2.90572e-07
-6.89224e-07
4.54646e-08
-6.10851e-07
-1.29207e-07
-4.6031e-07
-2.784e-07
-2.90194e-07
-3.22153e-07
-1.09344e-07
-3.36708e-07
5.41018e-08
-3.09196e-07
1.95307e-07
-2.66478e-07
3.10641e-07
-2.15759e-07
4.02134e-07
-1.67924e-07
4.7348e-07
-1.27e-07
5.28385e-07
-9.38737e-08
5.70115e-07
-6.80637e-08
6.01496e-07
-4.86287e-08
6.24932e-07
-3.44616e-08
6.42405e-07
-2.44203e-08
6.55486e-07
-1.74409e-08
6.65369e-07
-1.26361e-08
6.72927e-07
-9.32658e-09
6.78785e-07
-7.02504e-09
6.83387e-07
-5.39654e-09
6.8705e-07
-4.22098e-09
6.89995e-07
-3.34939e-09
6.92389e-07
-2.69745e-09
6.94343e-07
-2.1834e-09
6.95962e-07
-1.8039e-09
6.97291e-07
-1.46873e-09
6.98417e-07
-1.25264e-09
6.9934e-07
-1.0164e-09
7.0014e-07
-8.97965e-10
7.008e-07
-7.35806e-10
7.01384e-07
-6.68975e-10
7.01871e-07
-5.64811e-10
7.02318e-07
-5.35551e-10
7.02698e-07
-4.73843e-10
7.03062e-07
-4.66649e-10
-4.52693e-10
-2.44412e-07
4.8641e-07
-4.18414e-07
5.18436e-07
-5.4599e-07
5.23864e-07
-6.69225e-07
4.13807e-07
-6.97403e-07
7.36428e-08
-6.13537e-07
-2.13073e-07
-4.60649e-07
-4.31289e-07
-2.76169e-07
-5.06633e-07
-9.09148e-08
-5.21962e-07
7.98316e-08
-4.79942e-07
2.24279e-07
-4.10925e-07
3.37792e-07
-3.29273e-07
4.24129e-07
-2.5426e-07
4.90046e-07
-1.92918e-07
5.41192e-07
-1.4502e-07
5.81281e-07
-1.08153e-07
6.12731e-07
-8.00779e-08
6.37314e-07
-5.90446e-08
6.56474e-07
-4.35803e-08
6.71413e-07
-3.23799e-08
6.83106e-07
-2.4329e-08
6.92316e-07
-1.85372e-08
6.99629e-07
-1.43375e-08
7.05482e-07
-1.12497e-08
7.10206e-07
-8.94511e-09
7.14045e-07
-7.18786e-09
7.17189e-07
-5.84237e-09
7.19772e-07
-4.76548e-09
7.21919e-07
-3.95109e-09
7.23688e-07
-3.2384e-09
7.25185e-07
-2.74971e-09
7.26419e-07
-2.25033e-09
7.27481e-07
-1.95909e-09
7.28359e-07
-1.61455e-09
7.29128e-07
-1.4377e-09
7.29766e-07
-1.20317e-09
7.30345e-07
-1.11434e-09
7.30826e-07
-9.55013e-10
7.31283e-07
-9.23181e-10
-8.38222e-10
-1.76173e-08
5.04027e-07
-1.46899e-07
6.47717e-07
-3.41607e-07
7.18573e-07
-4.63393e-07
5.35593e-07
-4.97336e-07
1.07586e-07
-4.62535e-07
-2.47874e-07
-3.4334e-07
-5.50483e-07
-1.81635e-07
-6.68338e-07
-2.44433e-08
-6.79154e-07
1.3079e-07
-6.35175e-07
2.69741e-07
-5.49876e-07
3.81768e-07
-4.413e-07
4.64831e-07
-3.37323e-07
5.24393e-07
-2.5248e-07
5.67708e-07
-1.88334e-07
6.0046e-07
-1.40905e-07
6.26108e-07
-1.05726e-07
6.46564e-07
-7.95006e-08
6.62972e-07
-5.99885e-08
6.76148e-07
-4.55554e-08
6.86741e-07
-3.49224e-08
6.95284e-07
-2.70799e-08
7.02203e-07
-2.12563e-08
7.07833e-07
-1.68806e-08
7.12441e-07
-1.35522e-08
7.16225e-07
-1.09727e-08
7.19354e-07
-8.97049e-09
7.2194e-07
-7.35198e-09
7.24102e-07
-6.1127e-09
7.25892e-07
-5.02878e-09
7.27409e-07
-4.26713e-09
7.28665e-07
-3.50594e-09
7.29745e-07
-3.0389e-09
7.30641e-07
-2.51029e-09
7.31425e-07
-2.22176e-09
7.32074e-07
-1.853e-09
7.32664e-07
-1.70384e-09
7.33152e-07
-1.44256e-09
7.33614e-07
-1.38535e-09
-1.2262e-09
1.10624e-07
3.93403e-07
-1.39944e-08
7.72336e-07
-1.0096e-07
8.05539e-07
-7.3194e-08
5.07827e-07
-4.57501e-08
8.01418e-08
-1.16036e-08
-2.82021e-07
3.58651e-08
-5.97952e-07
1.1284e-07
-7.45313e-07
1.95991e-07
-7.62305e-07
2.78299e-07
-7.17484e-07
3.60747e-07
-6.32324e-07
4.36235e-07
-5.16788e-07
5.01061e-07
-4.0215e-07
5.53342e-07
-3.04761e-07
5.9264e-07
-2.27632e-07
6.21142e-07
-1.69407e-07
6.42169e-07
-1.26753e-07
6.58405e-07
-9.57369e-08
6.71463e-07
-7.3046e-08
6.82195e-07
-5.62873e-08
6.91082e-07
-4.38099e-08
6.98453e-07
-3.44503e-08
7.04565e-07
-2.73682e-08
7.09634e-07
-2.19495e-08
7.13843e-07
-1.77612e-08
7.17341e-07
-1.44707e-08
7.20257e-07
-1.18872e-08
7.22686e-07
-9.78074e-09
7.24726e-07
-8.15294e-09
7.26424e-07
-6.72631e-09
7.27867e-07
-5.70998e-09
7.29064e-07
-4.70317e-09
7.30096e-07
-4.07059e-09
7.30952e-07
-3.36691e-09
7.31703e-07
-2.97291e-09
7.32326e-07
-2.47553e-09
7.32891e-07
-2.26894e-09
7.33358e-07
-1.90961e-09
7.33801e-07
-1.82829e-09
-1.59682e-09
1.80618e-07
2.12784e-07
1.47557e-07
8.05397e-07
2.88628e-07
6.64468e-07
4.43313e-07
3.53142e-07
5.14702e-07
8.7533e-09
5.33718e-07
-3.01037e-07
5.36387e-07
-6.00621e-07
5.50849e-07
-7.59774e-07
5.54297e-07
-7.65754e-07
5.60397e-07
-7.23584e-07
5.70675e-07
-6.42602e-07
5.73512e-07
-5.19624e-07
5.76891e-07
-4.05529e-07
5.92129e-07
-3.19999e-07
6.1533e-07
-2.50833e-07
6.38033e-07
-1.9211e-07
6.56226e-07
-1.44946e-07
6.69943e-07
-1.09454e-07
6.80528e-07
-8.36308e-08
6.89091e-07
-6.48499e-08
6.96256e-07
-5.09751e-08
7.02336e-07
-4.05303e-08
7.07505e-07
-3.25372e-08
7.11888e-07
-2.63328e-08
7.15595e-07
-2.14679e-08
7.1872e-07
-1.75959e-08
7.21355e-07
-1.45225e-08
7.23569e-07
-1.19943e-08
7.25441e-07
-1.00247e-08
7.27006e-07
-8.29186e-09
7.28342e-07
-7.04585e-09
7.29454e-07
-5.81506e-09
7.30415e-07
-5.03123e-09
7.31213e-07
-4.16568e-09
7.31915e-07
-3.6746e-09
7.32497e-07
-3.05752e-09
7.33026e-07
-2.79755e-09
7.33463e-07
-2.34666e-09
7.33877e-07
-2.24278e-09
-1.94321e-09
-7.22535e-08
2.85038e-07
2.22606e-07
5.10537e-07
4.80849e-07
4.06226e-07
7.64743e-07
6.92479e-08
9.0143e-07
-1.27934e-07
9.10958e-07
-3.10565e-07
8.87763e-07
-5.77427e-07
8.7497e-07
-7.46981e-07
8.35235e-07
-7.26018e-07
7.85705e-07
-6.74054e-07
7.67187e-07
-6.24084e-07
7.52992e-07
-5.05429e-07
7.16589e-07
-3.69126e-07
6.79076e-07
-2.82487e-07
6.61726e-07
-2.33483e-07
6.62355e-07
-1.92739e-07
6.70845e-07
-1.53436e-07
6.80423e-07
-1.19032e-07
6.8875e-07
-9.1958e-08
6.95638e-07
-7.1738e-08
7.01428e-07
-5.67653e-08
7.06398e-07
-4.55003e-08
7.10698e-07
-3.68371e-08
7.14412e-07
-3.00464e-08
7.17604e-07
-2.46599e-08
7.20331e-07
-2.03236e-08
7.22656e-07
-1.68473e-08
7.24626e-07
-1.39636e-08
7.26302e-07
-1.17011e-08
7.27711e-07
-9.70143e-09
7.28919e-07
-8.25383e-09
7.29928e-07
-6.82384e-09
7.30802e-07
-5.90531e-09
7.31531e-07
-4.89393e-09
7.32171e-07
-4.31552e-09
7.32704e-07
-3.5898e-09
7.33188e-07
-3.2814e-09
7.33588e-07
-2.74692e-09
7.33968e-07
-2.62244e-09
-2.26019e-09
7.88029e-07
4.17678e-07
7.98038e-07
5.00528e-07
8.85289e-07
3.18975e-07
1.05306e-06
-9.85201e-08
1.18162e-06
-2.56498e-07
1.19028e-06
-3.1922e-07
1.10064e-06
-4.87793e-07
1.04036e-06
-6.86695e-07
1.01591e-06
-7.01566e-07
9.33846e-07
-5.91994e-07
8.46931e-07
-5.37169e-07
8.23412e-07
-4.8191e-07
8.24115e-07
-3.69829e-07
8.04689e-07
-2.63061e-07
7.71781e-07
-2.00575e-07
7.46036e-07
-1.66994e-07
7.34176e-07
-1.41575e-07
7.32201e-07
-1.17057e-07
7.34832e-07
-9.45893e-08
7.38864e-07
-7.57693e-08
7.42975e-07
-6.08765e-08
7.4678e-07
-4.93053e-08
7.50212e-07
-4.02695e-08
7.53276e-07
-3.31097e-08
7.55983e-07
-2.73676e-08
7.58351e-07
-2.26911e-08
7.60406e-07
-1.89027e-08
7.62172e-07
-1.57292e-08
7.63691e-07
-1.32204e-08
7.64979e-07
-1.0989e-08
7.66089e-07
-9.36422e-09
7.67021e-07
-7.75537e-09
7.67831e-07
-6.71551e-09
7.68508e-07
-5.57082e-09
7.69105e-07
-4.91257e-09
7.69602e-07
-4.08655e-09
7.70054e-07
-3.73343e-09
7.70428e-07
-3.12116e-09
7.70783e-07
-2.97758e-09
-2.5565e-09
1.17476e-06
3.02792e-07
1.24402e-06
4.31272e-07
1.29073e-06
2.72256e-07
1.26656e-06
-7.43436e-08
1.26309e-06
-2.53027e-07
1.29841e-06
-3.54542e-07
1.20248e-06
-3.91863e-07
1.01986e-06
-5.04072e-07
9.40007e-07
-6.21716e-07
8.96284e-07
-5.48271e-07
7.89589e-07
-4.30473e-07
7.04683e-07
-3.97005e-07
7.02193e-07
-3.67338e-07
7.40669e-07
-3.01537e-07
7.68493e-07
-2.28398e-07
7.72615e-07
-1.71116e-07
7.63772e-07
-1.32732e-07
7.54146e-07
-1.07431e-07
7.48872e-07
-8.93149e-08
7.47675e-07
-7.45729e-08
7.48929e-07
-6.21302e-08
7.51245e-07
-5.16213e-08
7.53821e-07
-4.28456e-08
7.56288e-07
-3.55762e-08
7.58513e-07
-2.95926e-08
7.60468e-07
-2.46467e-08
7.6217e-07
-2.06051e-08
7.63638e-07
-1.71965e-08
7.64906e-07
-1.44885e-08
7.65986e-07
-1.20687e-08
7.66921e-07
-1.02997e-08
7.67709e-07
-8.54336e-09
7.68397e-07
-7.40348e-09
7.68974e-07
-6.14738e-09
7.69483e-07
-5.42248e-09
7.69909e-07
-4.51168e-09
7.70296e-07
-4.1209e-09
7.70617e-07
-3.44229e-09
7.70922e-07
-3.28251e-09
-2.81081e-09
1.26135e-06
2.35512e-07
1.3302e-06
3.62426e-07
1.37055e-06
2.31907e-07
1.30573e-06
-9.52736e-09
1.25623e-06
-2.03523e-07
1.25163e-06
-3.4994e-07
1.22124e-06
-3.6147e-07
1.1042e-06
-3.87037e-07
9.53537e-07
-4.71054e-07
8.54592e-07
-4.49326e-07
7.692e-07
-3.45081e-07
6.76209e-07
-3.04013e-07
6.22941e-07
-3.1407e-07
6.31116e-07
-3.09713e-07
6.73795e-07
-2.71077e-07
7.16988e-07
-2.14309e-07
7.44649e-07
-1.60393e-07
7.56561e-07
-1.19343e-07
7.59497e-07
-9.22511e-08
7.59218e-07
-7.42939e-08
7.58614e-07
-6.15264e-08
7.58626e-07
-5.16334e-08
7.59292e-07
-4.35116e-08
7.6038e-07
-3.66638e-08
7.61652e-07
-3.08647e-08
7.62942e-07
-2.59366e-08
7.6416e-07
-2.18231e-08
7.6526e-07
-1.8297e-08
7.66239e-07
-1.54675e-08
7.67087e-07
-1.2917e-08
7.67831e-07
-1.10438e-08
7.68463e-07
-9.17524e-09
7.69019e-07
-7.95865e-09
7.69486e-07
-6.61481e-09
7.69901e-07
-5.83743e-09
7.70248e-07
-4.85863e-09
7.70565e-07
-4.43781e-09
7.70828e-07
-3.70535e-09
7.71078e-07
-3.53252e-09
-3.0193e-09
1.16175e-06
2.05847e-07
1.25656e-06
2.67611e-07
1.30584e-06
1.82636e-07
1.28134e-06
1.49727e-08
1.2379e-06
-1.60085e-07
1.16244e-06
-2.74488e-07
1.12739e-06
-3.26419e-07
1.08712e-06
-3.46764e-07
9.61561e-07
-3.45494e-07
8.49405e-07
-3.37171e-07
8.36743e-07
-3.32419e-07
8.54617e-07
-3.21887e-07
8.34595e-07
-2.94049e-07
7.84327e-07
-2.59445e-07
7.4149e-07
-2.2824e-07
7.24663e-07
-1.97482e-07
7.26233e-07
-1.61963e-07
7.34696e-07
-1.27806e-07
7.43315e-07
-1.00871e-07
7.50075e-07
-8.10532e-08
7.54924e-07
-6.63757e-08
7.58333e-07
-5.50428e-08
7.60764e-07
-4.59426e-08
7.62561e-07
-3.84603e-08
7.63956e-07
-3.22601e-08
7.65094e-07
-2.70744e-08
7.66058e-07
-2.27874e-08
7.66889e-07
-1.91276e-08
7.67615e-07
-1.61939e-08
7.68243e-07
-1.35444e-08
7.68795e-07
-1.15959e-08
7.69266e-07
-9.64647e-09
7.69682e-07
-8.37508e-09
7.70035e-07
-6.96722e-09
7.70349e-07
-6.15176e-09
7.70613e-07
-5.1224e-09
7.70855e-07
-4.6795e-09
7.71056e-07
-3.90643e-09
7.71247e-07
-3.72389e-09
-3.17897e-09
1.11513e-06
1.73354e-07
1.18916e-06
1.9358e-07
1.24693e-06
1.24872e-07
1.26463e-06
-2.73041e-09
1.20204e-06
-9.74983e-08
1.1228e-06
-1.95246e-07
1.0848e-06
-2.88421e-07
1.05567e-06
-3.1763e-07
9.98594e-07
-2.8842e-07
9.33358e-07
-2.71935e-07
9.07798e-07
-3.06859e-07
9.33257e-07
-3.47345e-07
9.73099e-07
-3.33891e-07
9.84242e-07
-2.70588e-07
9.52898e-07
-1.96896e-07
8.98466e-07
-1.43051e-07
8.47665e-07
-1.11163e-07
8.12127e-07
-9.22671e-08
7.90697e-07
-7.94408e-08
7.78757e-07
-6.91131e-08
7.72405e-07
-6.00233e-08
7.6921e-07
-5.18487e-08
7.67796e-07
-4.45278e-08
7.67368e-07
-3.80324e-08
7.67457e-07
-3.23495e-08
7.67789e-07
-2.7406e-08
7.68213e-07
-2.32119e-08
7.68652e-07
-1.9566e-08
7.69073e-07
-1.66149e-08
7.69455e-07
-1.39269e-08
7.69803e-07
-1.19437e-08
7.70106e-07
-9.94944e-09
7.70378e-07
-8.64703e-09
7.70611e-07
-7.19996e-09
7.7082e-07
-6.36128e-09
7.70997e-07
-5.29941e-09
7.7116e-07
-4.84262e-09
7.71297e-07
-4.0427e-09
7.71427e-07
-3.85389e-09
-3.28757e-09
1.10022e-06
1.51134e-07
1.13984e-06
1.53959e-07
1.17913e-06
8.55805e-08
1.18443e-06
-8.02693e-09
1.16886e-06
-8.19306e-08
1.13034e-06
-1.56725e-07
1.05384e-06
-2.11927e-07
9.86928e-07
-2.50716e-07
9.76171e-07
-2.77663e-07
9.64613e-07
-2.60377e-07
8.76903e-07
-2.1915e-07
7.43656e-07
-2.14097e-07
6.55873e-07
-2.46108e-07
6.38922e-07
-2.53637e-07
6.63042e-07
-2.21015e-07
6.95716e-07
-1.75725e-07
7.22575e-07
-1.38022e-07
7.41142e-07
-1.10834e-07
7.52981e-07
-9.12799e-08
7.60244e-07
-7.63759e-08
7.64586e-07
-6.43651e-08
7.67102e-07
-5.43652e-08
7.68505e-07
-4.59305e-08
7.69265e-07
-3.87928e-08
7.6969e-07
-3.27744e-08
7.6996e-07
-2.76757e-08
7.70167e-07
-2.34187e-08
7.70348e-07
-1.97473e-08
7.70519e-07
-1.67856e-08
7.70678e-07
-1.4086e-08
7.70828e-07
-1.20945e-08
7.70965e-07
-1.00857e-08
7.71091e-07
-8.77368e-09
7.71203e-07
-7.31134e-09
7.71306e-07
-6.46396e-09
7.71394e-07
-5.38769e-09
7.71476e-07
-4.92518e-09
7.71546e-07
-4.11244e-09
7.71613e-07
-3.92084e-09
-3.34372e-09
1.07356e-06
1.26745e-07
1.1168e-06
1.10718e-07
1.13871e-06
6.36687e-08
1.13185e-06
-1.17077e-09
1.12066e-06
-7.07366e-08
1.10078e-06
-1.3685e-07
1.06269e-06
-1.7383e-07
1.01077e-06
-1.98803e-07
9.617e-07
-2.28589e-07
9.45939e-07
-2.44616e-07
9.61463e-07
-2.34673e-07
9.68209e-07
-2.20844e-07
9.36397e-07
-2.14296e-07
8.86705e-07
-2.03945e-07
8.45671e-07
-1.79981e-07
8.20544e-07
-1.50598e-07
8.05978e-07
-1.23456e-07
7.96495e-07
-1.01351e-07
7.89412e-07
-8.4197e-08
7.8391e-07
-7.08746e-08
7.79786e-07
-6.02411e-08
7.76884e-07
-5.14628e-08
7.74971e-07
-4.40176e-08
7.73773e-07
-3.75942e-08
7.73038e-07
-3.20403e-08
7.72586e-07
-2.7223e-08
7.723e-07
-2.31331e-08
7.72115e-07
-1.95625e-08
7.71994e-07
-1.66645e-08
7.71915e-07
-1.40066e-08
7.71864e-07
-1.20431e-08
7.71831e-07
-1.00536e-08
7.71812e-07
-8.75428e-09
7.71802e-07
-7.30086e-09
7.71797e-07
-6.45923e-09
7.71796e-07
-5.38662e-09
7.71797e-07
-4.9265e-09
7.718e-07
-4.11499e-09
7.71803e-07
-3.92407e-09
-3.34684e-09
1.05774e-06
1.0665e-07
1.07971e-06
8.87475e-08
1.09815e-06
4.52242e-08
1.10672e-06
-9.73627e-09
1.09025e-06
-5.42646e-08
1.05771e-06
-1.04317e-07
1.03848e-06
-1.54597e-07
1.01826e-06
-1.78587e-07
9.70178e-07
-1.80504e-07
9.12004e-07
-1.86442e-07
8.76144e-07
-1.98813e-07
8.62006e-07
-2.06706e-07
8.5119e-07
-2.0348e-07
8.3126e-07
-1.84014e-07
8.0908e-07
-1.57801e-07
7.92263e-07
-1.33781e-07
7.82764e-07
-1.13957e-07
7.7874e-07
-9.73265e-08
7.77609e-07
-8.30658e-08
7.77527e-07
-7.07926e-08
7.77538e-07
-6.02521e-08
7.77295e-07
-5.12194e-08
7.76781e-07
-4.35035e-08
7.76115e-07
-3.69282e-08
7.75424e-07
-3.135e-08
7.74791e-07
-2.65896e-08
7.74246e-07
-2.25886e-08
7.73795e-07
-1.91113e-08
7.73426e-07
-1.62952e-08
7.73128e-07
-1.37088e-08
7.72884e-07
-1.17995e-08
7.72689e-07
-9.8584e-09
7.72527e-07
-8.59205e-09
7.72397e-07
-7.17048e-09
7.72286e-07
-6.34843e-09
7.72196e-07
-5.29709e-09
7.72117e-07
-4.84722e-09
7.72053e-07
-4.05078e-09
7.71993e-07
-3.86392e-09
-3.29718e-09
1.03986e-06
8.81986e-08
1.06096e-06
6.76507e-08
1.07162e-06
3.45591e-08
1.07003e-06
-8.14512e-09
1.066e-06
-5.02355e-08
1.05222e-06
-9.05369e-08
1.01891e-06
-1.21289e-07
9.85742e-07
-1.45416e-07
9.72584e-07
-1.67346e-07
9.6459e-07
-1.78449e-07
9.39777e-07
-1.73999e-07
8.99287e-07
-1.66217e-07
8.58233e-07
-1.62425e-07
8.31698e-07
-1.5748e-07
8.18675e-07
-1.44779e-07
8.11984e-07
-1.27089e-07
8.0676e-07
-1.08734e-07
8.01482e-07
-9.20488e-08
7.96234e-07
-7.78175e-08
7.91438e-07
-6.59966e-08
7.87389e-07
-5.62034e-08
7.8417e-07
-4.80002e-08
7.81695e-07
-4.1029e-08
7.79802e-07
-3.50352e-08
7.78332e-07
-2.98796e-08
7.77166e-07
-2.54241e-08
7.76226e-07
-2.16482e-08
7.7546e-07
-1.83458e-08
7.7483e-07
-1.56644e-08
7.74313e-07
-1.31919e-08
7.7388e-07
-1.13671e-08
7.73526e-07
-9.50439e-09
7.73225e-07
-8.29097e-09
7.72978e-07
-6.92354e-09
7.72764e-07
-6.13433e-09
7.72588e-07
-5.12129e-09
7.7243e-07
-4.6892e-09
7.72301e-07
-3.92126e-09
7.72179e-07
-3.74171e-09
-3.1958e-09
1.02439e-06
7.31169e-08
1.03891e-06
5.31354e-08
1.04872e-06
2.47441e-08
1.05067e-06
-1.00933e-08
1.04272e-06
-4.2286e-08
1.02667e-06
-7.44828e-08
1.01084e-06
-1.0546e-07
9.91228e-07
-1.25805e-07
9.60297e-07
-1.36415e-07
9.26575e-07
-1.44727e-07
9.03904e-07
-1.51328e-07
8.90478e-07
-1.52791e-07
8.77354e-07
-1.49301e-07
8.59251e-07
-1.39377e-07
8.3964e-07
-1.25168e-07
8.22783e-07
-1.10232e-07
8.10322e-07
-9.6272e-08
8.01866e-07
-8.35929e-08
7.96235e-07
-7.21868e-08
7.9229e-07
-6.20516e-08
7.89243e-07
-5.31569e-08
7.86673e-07
-4.54299e-08
7.84417e-07
-3.87728e-08
7.82439e-07
-3.30576e-08
7.80732e-07
-2.81724e-08
7.7928e-07
-2.39717e-08
7.78054e-07
-2.04221e-08
7.77026e-07
-1.73184e-08
7.76162e-07
-1.48002e-08
7.75443e-07
-1.24729e-08
7.74834e-07
-1.07575e-08
7.74329e-07
-8.99998e-09
7.73896e-07
-7.85771e-09
7.73538e-07
-6.56526e-09
7.73225e-07
-5.8213e-09
7.72966e-07
-4.86271e-09
7.72732e-07
-4.45551e-09
7.7254e-07
-3.72887e-09
7.72358e-07
-3.55971e-09
-3.04449e-09
1.01117e-06
5.97712e-08
1.02329e-06
4.10147e-08
1.03003e-06
1.80057e-08
1.03005e-06
-1.01153e-08
1.02549e-06
-3.77286e-08
1.01502e-06
-6.40106e-08
9.96802e-07
-8.72391e-08
9.76567e-07
-1.0557e-07
9.59496e-07
-1.19344e-07
9.42889e-07
-1.2812e-07
9.2208e-07
-1.30518e-07
8.98235e-07
-1.28946e-07
8.74346e-07
-1.25412e-07
8.54232e-07
-1.19262e-07
8.39372e-07
-1.10309e-07
8.28324e-07
-9.91835e-08
8.19458e-07
-8.74061e-08
8.11886e-07
-7.60211e-08
8.0532e-07
-6.56205e-08
7.99708e-07
-5.64396e-08
7.95017e-07
-4.84656e-08
7.91152e-07
-4.15655e-08
7.87975e-07
-3.55958e-08
7.85348e-07
-3.04308e-08
7.83161e-07
-2.59852e-08
7.81332e-07
-2.21426e-08
7.79796e-07
-1.88857e-08
7.78507e-07
-1.60298e-08
7.77418e-07
-1.37116e-08
7.76508e-07
-1.15626e-08
7.75732e-07
-9.98129e-09
7.75086e-07
-8.35433e-09
7.74529e-07
-7.30024e-09
7.74066e-07
-6.10226e-09
7.73659e-07
-5.41505e-09
7.73323e-07
-4.52603e-09
7.73018e-07
-4.15029e-09
7.72766e-07
-3.47696e-09
7.72527e-07
-3.32105e-09
-2.84581e-09
9.99611e-07
4.82149e-08
1.00916e-06
3.14619e-08
1.01505e-06
1.21179e-08
1.0156e-06
-1.06651e-08
1.01089e-06
-3.30217e-08
1.00106e-06
-5.41793e-08
9.8814e-07
-7.43159e-08
9.72609e-07
-9.00385e-08
9.53879e-07
-1.00613e-07
9.33102e-07
-1.07343e-07
9.13586e-07
-1.11002e-07
8.96177e-07
-1.11538e-07
8.79783e-07
-1.09018e-07
8.6412e-07
-1.03599e-07
8.4925e-07
-9.54389e-08
8.36075e-07
-8.60088e-08
8.25049e-07
-7.63796e-08
8.16131e-07
-6.71037e-08
8.08978e-07
-5.84673e-08
8.03159e-07
-5.06202e-08
7.9832e-07
-4.36263e-08
7.94233e-07
-3.74788e-08
7.90761e-07
-3.21243e-08
7.87811e-07
-2.74807e-08
7.85307e-07
-2.34805e-08
7.83184e-07
-2.00202e-08
7.81385e-07
-1.70865e-08
7.79866e-07
-1.45105e-08
7.78575e-07
-1.24207e-08
7.7749e-07
-1.04782e-08
7.76562e-07
-9.05239e-09
7.75786e-07
-7.57891e-09
7.75114e-07
-6.62834e-09
7.74555e-07
-5.5426e-09
7.74062e-07
-4.9226e-09
7.73653e-07
-4.11703e-09
7.73282e-07
-3.77874e-09
7.72974e-07
-3.16975e-09
7.72683e-07
-3.02971e-09
-2.60296e-09
9.89729e-07
3.81075e-08
9.9773e-07
2.34615e-08
1.0024e-06
7.44677e-09
1.00252e-06
-1.07796e-08
9.98791e-07
-2.92974e-08
9.91307e-07
-4.66952e-08
9.79595e-07
-6.26034e-08
9.65184e-07
-7.5628e-08
9.49783e-07
-8.52129e-08
9.33813e-07
-9.13729e-08
9.17182e-07
-9.43711e-08
9.00009e-07
-9.43651e-08
8.83009e-07
-9.20181e-08
8.66979e-07
-8.75689e-08
8.5275e-07
-8.12096e-08
8.40584e-07
-7.38425e-08
8.30225e-07
-6.60214e-08
8.21381e-07
-5.8259e-08
8.13832e-07
-5.09184e-08
8.07411e-07
-4.41994e-08
8.01964e-07
-3.81792e-08
7.97344e-07
-3.28591e-08
7.93423e-07
-2.82035e-08
7.90094e-07
-2.41512e-08
7.87265e-07
-2.06517e-08
7.84863e-07
-1.76186e-08
7.82822e-07
-1.5045e-08
7.81093e-07
-1.27815e-08
7.79619e-07
-1.0947e-08
7.78378e-07
-9.23673e-09
7.77311e-07
-7.98593e-09
7.76419e-07
-6.68647e-09
7.75644e-07
-5.85313e-09
7.74997e-07
-4.89561e-09
7.74426e-07
-4.3521e-09
7.73952e-07
-3.6425e-09
7.7352e-07
-3.34697e-09
7.73162e-07
-2.81223e-09
7.72823e-07
-2.69039e-09
-2.31975e-09
9.81407e-07
2.90752e-08
9.88223e-07
1.66452e-08
9.92167e-07
3.50332e-09
9.92546e-07
-1.1159e-08
9.89247e-07
-2.59985e-08
9.82435e-07
-3.98831e-08
9.72597e-07
-5.27647e-08
9.6053e-07
-6.35618e-08
9.46697e-07
-7.13791e-08
9.31562e-07
-7.62382e-08
9.15771e-07
-7.85806e-08
9.00062e-07
-7.86559e-08
8.84802e-07
-7.67583e-08
8.70321e-07
-7.30873e-08
8.5704e-07
-6.79282e-08
8.45078e-07
-6.18809e-08
8.34525e-07
-5.54685e-08
8.25358e-07
-4.90923e-08
8.17465e-07
-4.30252e-08
8.10695e-07
-3.74294e-08
8.04897e-07
-3.23815e-08
7.99936e-07
-2.78975e-08
7.95692e-07
-2.396e-08
7.92066e-07
-2.05253e-08
7.8897e-07
-1.75558e-08
7.86332e-07
-1.49799e-08
7.84081e-07
-1.27945e-08
7.8217e-07
-1.08703e-08
7.80537e-07
-9.31368e-09
7.79158e-07
-7.85783e-09
7.77971e-07
-6.79877e-09
7.76975e-07
-5.69122e-09
7.76109e-07
-4.98707e-09
7.75385e-07
-4.17168e-09
7.74746e-07
-3.71275e-09
7.74214e-07
-3.11013e-09
7.73729e-07
-2.8619e-09
7.73327e-07
-2.41012e-09
7.72945e-07
-2.30849e-09
-2.00056e-09
9.74438e-07
2.09865e-08
9.80393e-07
1.06904e-08
9.83872e-07
2.36951e-11
9.84095e-07
-1.13819e-08
9.81283e-07
-2.31868e-08
9.75607e-07
-3.42062e-08
9.67105e-07
-4.42635e-08
9.56294e-07
-5.27505e-08
9.43837e-07
-5.89218e-08
9.30264e-07
-6.26652e-08
9.15983e-07
-6.43e-08
9.01459e-07
-6.41321e-08
8.87071e-07
-6.23698e-08
8.73209e-07
-5.92256e-08
8.60275e-07
-5.49946e-08
8.485e-07
-5.01052e-08
8.37977e-07
-4.49453e-08
8.28692e-07
-3.98079e-08
8.20572e-07
-3.49053e-08
8.13516e-07
-3.03727e-08
8.07411e-07
-2.62771e-08
8.02149e-07
-2.26353e-08
7.97624e-07
-1.94355e-08
7.93743e-07
-1.66441e-08
7.90419e-07
-1.42316e-08
7.87579e-07
-1.21394e-08
7.8515e-07
-1.03664e-08
7.83084e-07
-8.80443e-09
7.81316e-07
-7.54475e-09
7.7982e-07
-6.36225e-09
7.7853e-07
-5.50905e-09
7.77448e-07
-4.60854e-09
7.76504e-07
-4.04376e-09
7.75715e-07
-3.38221e-09
7.75017e-07
-3.0147e-09
7.74435e-07
-2.52839e-09
7.73904e-07
-2.33122e-09
7.73464e-07
-1.96975e-09
7.73045e-07
-1.89001e-09
-1.65024e-09
9.6872e-07
1.35877e-08
9.74114e-07
5.29658e-09
9.7714e-07
-3.00221e-09
9.77524e-07
-1.17666e-08
9.75114e-07
-2.07763e-08
9.70062e-07
-2.91547e-08
9.62546e-07
-3.67471e-08
9.52937e-07
-4.31419e-08
9.41696e-07
-4.76801e-08
9.29231e-07
-5.02003e-08
9.15933e-07
-5.10019e-08
9.0224e-07
-5.04398e-08
8.88574e-07
-4.87035e-08
8.75312e-07
-4.59635e-08
8.62786e-07
-4.24684e-08
8.51216e-07
-3.85351e-08
8.40718e-07
-3.44481e-08
8.3133e-07
-3.042e-08
8.23028e-07
-2.66031e-08
8.15749e-07
-2.30932e-08
8.09407e-07
-1.99358e-08
8.03911e-07
-1.7139e-08
7.99166e-07
-1.46902e-08
7.95082e-07
-1.25605e-08
7.91576e-07
-1.07253e-08
7.88574e-07
-9.13749e-09
7.86003e-07
-7.79573e-09
7.83813e-07
-6.6144e-09
7.81935e-07
-5.66671e-09
7.80346e-07
-4.77296e-09
7.78974e-07
-4.13673e-09
7.77821e-07
-3.45544e-09
7.76815e-07
-3.03831e-09
7.75973e-07
-2.53974e-09
7.75227e-07
-2.26929e-09
7.74606e-07
-1.90669e-09
7.74038e-07
-1.76344e-09
7.73566e-07
-1.4982e-09
7.73118e-07
-1.4416e-09
-1.27425e-09
9.63812e-07
6.708e-09
9.6879e-07
3.19117e-10
9.7161e-07
-5.82229e-09
9.72008e-07
-1.21647e-08
9.69885e-07
-1.86532e-08
9.65398e-07
-2.46674e-08
9.58695e-07
-3.00442e-08
9.5001e-07
-3.44571e-08
9.39679e-07
-3.7349e-08
9.28054e-07
-3.85753e-08
9.15517e-07
-3.84645e-08
9.02474e-07
-3.73973e-08
8.89335e-07
-3.55646e-08
8.76474e-07
-3.31021e-08
8.6421e-07
-3.02043e-08
8.52774e-07
-2.70998e-08
8.42307e-07
-2.3981e-08
8.32871e-07
-2.09838e-08
8.24468e-07
-1.82e-08
8.17057e-07
-1.56826e-08
8.10572e-07
-1.34505e-08
8.04931e-07
-1.14979e-08
8.00047e-07
-9.80649e-09
7.95836e-07
-8.34913e-09
7.92214e-07
-7.1031e-09
7.89109e-07
-6.03235e-09
7.86446e-07
-5.13324e-09
7.84176e-07
-4.34443e-09
7.82227e-07
-3.71753e-09
7.80577e-07
-3.12291e-09
7.7915e-07
-2.71008e-09
7.77951e-07
-2.25604e-09
7.76905e-07
-1.9919e-09
7.76027e-07
-1.66175e-09
7.7525e-07
-1.49229e-09
7.74601e-07
-1.25791e-09
7.74008e-07
-1.17034e-09
7.73514e-07
-1.00488e-09
7.73045e-07
-9.72489e-10
-8.79409e-10
9.56933e-07
2.44987e-10
9.6152e-07
-4.26769e-09
9.64032e-07
-8.33409e-09
9.64315e-07
-1.24474e-08
9.62271e-07
-1.66097e-08
9.58001e-07
-2.03976e-08
9.51615e-07
-2.36573e-08
9.43302e-07
-2.61442e-08
9.33375e-07
-2.74222e-08
9.22181e-07
-2.73813e-08
9.10078e-07
-2.63614e-08
8.97448e-07
-2.47679e-08
8.84688e-07
-2.28042e-08
8.72168e-07
-2.05824e-08
8.60206e-07
-1.82418e-08
8.49034e-07
-1.59282e-08
8.38798e-07
-1.37452e-08
8.29566e-07
-1.17511e-08
8.21342e-07
-9.97653e-09
8.1409e-07
-8.4306e-09
8.07744e-07
-7.10466e-09
8.02225e-07
-5.97869e-09
7.97447e-07
-5.02858e-09
7.93327e-07
-4.22889e-09
7.89783e-07
-3.55888e-09
7.86744e-07
-2.99364e-09
7.84137e-07
-2.52662e-09
7.81915e-07
-2.12205e-09
7.80005e-07
-1.80719e-09
7.78388e-07
-1.50661e-09
7.76988e-07
-1.30978e-09
7.75812e-07
-1.07986e-09
7.74783e-07
-9.6359e-10
7.7392e-07
-7.98459e-10
7.73156e-07
-7.2762e-10
7.72515e-07
-6.17599e-10
7.71929e-07
-5.8444e-10
7.71439e-07
-5.1494e-10
7.70973e-07
-5.05956e-10
-4.84643e-10
9.26723e-07
-4.89233e-09
9.29648e-07
-7.1931e-09
9.30466e-07
-9.15137e-09
9.28998e-07
-1.09793e-08
9.25175e-07
-1.27869e-08
9.19123e-07
-1.43461e-08
9.11032e-07
-1.55656e-08
9.01205e-07
-1.63177e-08
8.90081e-07
-1.62985e-08
8.78115e-07
-1.54143e-08
8.65705e-07
-1.39515e-08
8.53214e-07
-1.22771e-08
8.40977e-07
-1.0567e-08
8.29295e-07
-8.90041e-09
8.18406e-07
-7.35306e-09
8.08464e-07
-5.98605e-09
7.9954e-07
-4.82095e-09
7.91639e-07
-3.85037e-09
7.84719e-07
-3.05655e-09
7.78706e-07
-2.41791e-09
7.73512e-07
-1.91051e-09
7.69044e-07
-1.51036e-09
7.65211e-07
-1.19608e-09
7.61932e-07
-9.49321e-10
7.59129e-07
-7.56062e-10
7.56739e-07
-6.03343e-10
7.54697e-07
-4.85236e-10
7.52963e-07
-3.88343e-10
7.51476e-07
-3.19752e-10
7.50223e-07
-2.53552e-10
7.49134e-07
-2.21002e-10
7.48226e-07
-1.71409e-10
7.47425e-07
-1.62579e-10
7.46755e-07
-1.28894e-10
7.46157e-07
-1.29559e-10
7.45653e-07
-1.13521e-10
7.45188e-07
-1.19516e-10
7.44791e-07
-1.18251e-10
7.44411e-07
-1.2553e-10
-1.49167e-10
7.15705e-07
7.08512e-07
6.99361e-07
6.88382e-07
6.75595e-07
6.61249e-07
6.45683e-07
6.29365e-07
6.13067e-07
5.97652e-07
5.83701e-07
5.71424e-07
5.60857e-07
5.51956e-07
5.44603e-07
5.38617e-07
5.33796e-07
5.29946e-07
5.26889e-07
5.24471e-07
5.22561e-07
5.21051e-07
5.19854e-07
5.18905e-07
5.18149e-07
5.17546e-07
5.17061e-07
5.16672e-07
5.16352e-07
5.16099e-07
5.15878e-07
5.15706e-07
5.15544e-07
5.15415e-07
5.15285e-07
5.15172e-07
5.15052e-07
5.14934e-07
5.14809e-07
)
;

boundaryField
{
    inlet
    {
        type            calculated;
        value           nonuniform List<scalar> 
20
(
-1e-06
-1e-06
-1e-06
-1e-06
-1e-06
-1e-06
-1e-06
-1e-06
-1e-06
-1e-06
-1e-06
-1e-06
-1e-06
-1e-06
-1e-06
-1e-06
-1e-06
-1e-06
-1e-06
-1e-06
)
;
    }
    outlet
    {
        type            calculated;
        value           nonuniform List<scalar> 
27
(
7.71079e-07
7.71176e-07
7.71286e-07
7.71407e-07
7.71535e-07
7.71669e-07
7.71806e-07
7.71943e-07
7.72077e-07
7.72207e-07
7.72328e-07
7.7244e-07
7.7254e-07
7.72625e-07
7.72695e-07
7.72742e-07
7.7265e-07
7.70578e-07
7.44076e-07
5.14659e-07
4.74747e-07
7.03383e-07
7.31668e-07
7.34002e-07
7.34172e-07
7.34224e-07
7.34284e-07
)
;
    }
    lowerWall
    {
        type            calculated;
        value           uniform 0;
    }
    upperWall
    {
        type            calculated;
        value           uniform 0;
    }
    defaultFaces
    {
        type            empty;
        value           nonuniform List<scalar> 0();
    }
}


// ************************************************************************* //
