/*--------------------------------*- C++ -*----------------------------------*\
| =========                 |                                                 |
| \\      /  F ield         | OpenFOAM: The Open Source CFD Toolbox           |
|  \\    /   O peration     | Version:  2112                                  |
|   \\  /    A nd           | Website:  www.openfoam.com                      |
|    \\/     M anipulation  |                                                 |
\*---------------------------------------------------------------------------*/
FoamFile
{
    version     2.0;
    format      ascii;
    arch        "LSB;label=32;scalar=64";
    class       surfaceScalarField;
    location    "0.35";
    object      phi;
}
// * * * * * * * * * * * * * * * * * * * * * * * * * * * * * * * * * * * * * //

dimensions      [0 3 -1 0 0 0 0];

oriented        oriented;

internalField   nonuniform List<scalar> 
3653
(
9.92137e-07
7.8633e-09
9.79322e-07
1.28146e-08
9.63588e-07
1.57342e-08
9.48407e-07
1.51806e-08
9.31636e-07
1.6771e-08
9.15171e-07
1.64657e-08
8.97196e-07
1.79751e-08
8.79934e-07
1.72618e-08
8.60719e-07
1.9215e-08
8.43108e-07
1.76113e-08
8.23401e-07
1.97062e-08
8.05385e-07
1.80168e-08
7.84762e-07
2.06221e-08
7.65269e-07
1.94939e-08
7.44413e-07
2.08554e-08
7.23236e-07
2.11769e-08
7.01298e-07
2.19381e-08
6.76869e-07
2.44292e-08
6.5437e-07
2.24984e-08
6.25381e-07
2.89898e-08
6.01479e-07
2.39013e-08
5.67926e-07
3.35537e-08
5.36147e-07
3.1779e-08
4.99644e-07
3.65029e-08
4.57337e-07
4.23072e-08
4.14348e-07
4.29883e-08
3.6745e-07
4.68986e-08
3.10035e-07
5.74148e-08
2.50212e-07
5.98234e-08
7.33292e-08
1.76882e-07
1.00259e-06
5.26848e-09
1.00674e-06
8.66738e-09
1.00846e-06
1.40166e-08
1.01061e-06
1.30269e-08
1.011e-06
1.6388e-08
1.01185e-06
1.56083e-08
1.01124e-06
1.85894e-08
1.01141e-06
1.70875e-08
1.0089e-06
2.17294e-08
1.00899e-06
1.75159e-08
1.00377e-06
2.49346e-08
1.00358e-06
1.82068e-08
9.97569e-07
2.66293e-08
9.94647e-07
2.24162e-08
9.88729e-07
2.67733e-08
9.82621e-07
2.7285e-08
9.74693e-07
2.98661e-08
9.69357e-07
2.97651e-08
9.55153e-07
3.67024e-08
9.4999e-07
3.41531e-08
9.30784e-07
4.3107e-08
9.20723e-07
4.3615e-08
9.00669e-07
5.18332e-08
8.85156e-07
5.20153e-08
8.55394e-07
7.20695e-08
8.37966e-07
6.04163e-08
7.90359e-07
9.45055e-08
7.61182e-07
8.65917e-08
7.01979e-07
1.19026e-07
1.27321e-07
6.47988e-07
1.00137e-06
3.90215e-09
1.00523e-06
4.8077e-09
1.0072e-06
1.20475e-08
1.01047e-06
9.75305e-09
1.01139e-06
1.54633e-08
1.01414e-06
1.28599e-08
1.01511e-06
1.76185e-08
1.01712e-06
1.50797e-08
1.01824e-06
2.06108e-08
1.01947e-06
1.62808e-08
1.02005e-06
2.43619e-08
1.02038e-06
1.78695e-08
1.02069e-06
2.63268e-08
1.0199e-06
2.3198e-08
1.02022e-06
2.64601e-08
1.01804e-06
2.9466e-08
1.01673e-06
3.11751e-08
1.01514e-06
3.13511e-08
1.00893e-06
4.29153e-08
1.01027e-06
3.28107e-08
9.99319e-07
5.40594e-08
9.98231e-07
4.47034e-08
9.87878e-07
6.21861e-08
9.79861e-07
6.00325e-08
9.67729e-07
8.42011e-08
9.56892e-07
7.12529e-08
9.37955e-07
1.13442e-07
9.18689e-07
1.05858e-07
8.98562e-07
1.39154e-07
1.54586e-07
8.71297e-07
1.00088e-06
3.01928e-09
1.00258e-06
3.1154e-09
1.00459e-06
1.00312e-08
1.00661e-06
7.73048e-09
1.00818e-06
1.39011e-08
1.01019e-06
1.08471e-08
1.01135e-06
1.64574e-08
1.01331e-06
1.31185e-08
1.01447e-06
1.94511e-08
1.01609e-06
1.46585e-08
1.0171e-06
2.33583e-08
1.01811e-06
1.68581e-08
1.01846e-06
2.59749e-08
1.01993e-06
2.17287e-08
1.01847e-06
2.79204e-08
1.02085e-06
2.70874e-08
1.01742e-06
3.46078e-08
1.01931e-06
2.94531e-08
1.01611e-06
4.61215e-08
1.01536e-06
3.35589e-08
1.01291e-06
5.65112e-08
1.00998e-06
4.76303e-08
1.00567e-06
6.64948e-08
1.00153e-06
6.41775e-08
9.97005e-07
8.87226e-08
9.87267e-07
8.09911e-08
9.85087e-07
1.15622e-07
9.7321e-07
1.17734e-07
9.63239e-07
1.49125e-07
1.62727e-07
9.55098e-07
1.00061e-06
2.41051e-09
1.00135e-06
2.37266e-09
1.00342e-06
7.96092e-09
1.0045e-06
6.64804e-09
1.00686e-06
1.15454e-08
1.00772e-06
9.99134e-09
1.01005e-06
1.41266e-08
1.01077e-06
1.23967e-08
1.01293e-06
1.72912e-08
1.01377e-06
1.38168e-08
1.01541e-06
2.17226e-08
1.01641e-06
1.58545e-08
1.0171e-06
2.52855e-08
1.01843e-06
2.0393e-08
1.01818e-06
2.81699e-08
1.01961e-06
2.56588e-08
1.01852e-06
3.57015e-08
1.01946e-06
2.85153e-08
1.01788e-06
4.76945e-08
1.01772e-06
3.37245e-08
1.01638e-06
5.78532e-08
1.01477e-06
4.92354e-08
1.01284e-06
6.84227e-08
1.01017e-06
6.68542e-08
1.00781e-06
9.10785e-08
1.00395e-06
8.48565e-08
1.0013e-06
1.18268e-07
9.9868e-07
1.20354e-07
9.96944e-07
1.50861e-07
1.64475e-07
9.95196e-07
1.00061e-06
1.80005e-09
1.00097e-06
2.0132e-09
1.00264e-06
6.28938e-09
1.00357e-06
5.71959e-09
1.00553e-06
9.58895e-09
1.00664e-06
8.87775e-09
1.00854e-06
1.2223e-08
1.0096e-06
1.13432e-08
1.01161e-06
1.52749e-08
1.01238e-06
1.30551e-08
1.01454e-06
1.95599e-08
1.01512e-06
1.5274e-08
1.01667e-06
2.37363e-08
1.01772e-06
1.93392e-08
1.01825e-06
2.76439e-08
1.01935e-06
2.45552e-08
1.02001e-06
3.50394e-08
1.01948e-06
2.90455e-08
1.02115e-06
4.60269e-08
1.01923e-06
3.5648e-08
1.02056e-06
5.65176e-08
1.01914e-06
5.06532e-08
1.01918e-06
6.8384e-08
1.01745e-06
6.85887e-08
1.01866e-06
8.98659e-08
1.01525e-06
8.82705e-08
1.01779e-06
1.15726e-07
1.01707e-06
1.21077e-07
1.01911e-06
1.48814e-07
1.60837e-07
1.02275e-06
1.00057e-06
1.23074e-09
1.00061e-06
1.96902e-09
1.00224e-06
4.66572e-09
1.00273e-06
5.22845e-09
1.00488e-06
7.43633e-09
1.00564e-06
8.12153e-09
1.00782e-06
1.0039e-08
1.0088e-06
1.03625e-08
1.0108e-06
1.32759e-08
1.01195e-06
1.19029e-08
1.01384e-06
1.7672e-08
1.01499e-06
1.41222e-08
1.01662e-06
2.21099e-08
1.01783e-06
1.81279e-08
1.01904e-06
2.64333e-08
1.02018e-06
2.34146e-08
1.02146e-06
3.37629e-08
1.02172e-06
2.8786e-08
1.02364e-06
4.41026e-08
1.0228e-06
3.6491e-08
1.02491e-06
5.44044e-08
1.02458e-06
5.09812e-08
1.02561e-06
6.7361e-08
1.02612e-06
6.80793e-08
1.02779e-06
8.81956e-08
1.02782e-06
8.82409e-08
1.03124e-06
1.123e-07
1.03363e-06
1.18689e-07
1.03889e-06
1.43557e-07
1.54521e-07
1.0452e-06
1.00045e-06
7.83816e-10
1.00059e-06
1.82395e-09
1.00188e-06
3.37973e-09
1.00257e-06
4.53891e-09
1.00434e-06
5.66268e-09
1.00538e-06
7.0784e-09
1.00736e-06
8.06576e-09
1.00851e-06
9.2064e-09
1.01067e-06
1.11215e-08
1.0117e-06
1.08677e-08
1.01412e-06
1.52519e-08
1.01505e-06
1.32001e-08
1.01735e-06
1.98086e-08
1.01844e-06
1.70329e-08
1.02047e-06
2.44022e-08
1.02144e-06
2.24493e-08
1.02391e-06
3.12956e-08
1.02403e-06
2.86647e-08
1.02719e-06
4.0935e-08
1.02686e-06
3.68229e-08
1.02991e-06
5.13587e-08
1.03047e-06
5.04238e-08
1.03328e-06
6.45459e-08
1.03431e-06
6.70504e-08
1.03832e-06
8.41877e-08
1.03965e-06
8.69055e-08
1.04501e-06
1.06946e-07
1.04931e-06
1.14384e-07
1.05682e-06
1.36051e-07
1.46993e-07
1.06435e-06
1.0004e-06
3.80103e-10
1.00056e-06
1.67039e-09
1.00174e-06
2.19219e-09
1.00245e-06
3.83496e-09
1.00413e-06
3.98263e-09
1.00531e-06
5.89449e-09
1.00716e-06
6.22205e-09
1.00866e-06
7.69866e-09
1.01059e-06
9.19189e-09
1.01215e-06
9.31027e-09
1.0144e-06
1.30023e-08
1.01577e-06
1.18271e-08
1.01829e-06
1.72946e-08
1.01957e-06
1.57554e-08
1.02214e-06
2.18301e-08
1.02346e-06
2.11317e-08
1.02628e-06
2.84752e-08
1.02727e-06
2.76725e-08
1.03065e-06
3.75497e-08
1.03147e-06
3.60084e-08
1.03502e-06
4.78042e-08
1.03674e-06
4.87036e-08
1.04032e-06
6.09653e-08
1.0429e-06
6.44759e-08
1.04784e-06
7.92452e-08
1.05106e-06
8.36845e-08
1.05761e-06
1.00399e-07
1.06373e-06
1.08259e-07
1.07271e-06
1.27076e-07
1.37213e-07
1.08249e-06
1.00031e-06
6.55936e-11
1.00061e-06
1.37613e-09
1.00164e-06
1.15708e-09
1.00253e-06
2.9516e-09
1.00408e-06
2.42757e-09
1.00544e-06
4.53874e-09
1.00731e-06
4.34944e-09
1.00891e-06
6.09901e-09
1.01106e-06
7.04413e-09
1.01266e-06
7.70847e-09
1.0152e-06
1.04582e-08
1.01674e-06
1.02902e-08
1.01954e-06
1.44909e-08
1.02113e-06
1.41698e-08
1.02411e-06
1.88512e-08
1.02574e-06
1.95006e-08
1.02911e-06
2.51083e-08
1.03066e-06
2.61187e-08
1.03451e-06
3.36987e-08
1.03624e-06
3.42792e-08
1.04038e-06
4.3665e-08
1.04298e-06
4.61038e-08
1.04766e-06
5.62851e-08
1.05116e-06
6.09716e-08
1.05721e-06
7.32015e-08
1.06189e-06
7.89981e-08
1.06952e-06
9.2775e-08
1.07683e-06
1.00947e-07
1.08719e-06
1.1672e-07
1.26746e-07
1.09765e-06
1.00027e-06
-2.00066e-10
1.00068e-06
9.66526e-10
1.00165e-06
1.82109e-10
1.00271e-06
1.88794e-09
1.0042e-06
9.4459e-10
1.0058e-06
2.93106e-09
1.00762e-06
2.53894e-09
1.00952e-06
4.19091e-09
1.01164e-06
4.92844e-09
1.01358e-06
5.76238e-09
1.01618e-06
7.86367e-09
1.01808e-06
8.39316e-09
1.02105e-06
1.15128e-08
1.02304e-06
1.21864e-08
1.02623e-06
1.56621e-08
1.02848e-06
1.72455e-08
1.03197e-06
2.16176e-08
1.03443e-06
2.3662e-08
1.03843e-06
2.97e-08
1.04114e-06
3.15645e-08
1.04569e-06
3.91137e-08
1.04928e-06
4.2514e-08
1.05458e-06
5.09918e-08
1.05924e-06
5.63067e-08
1.06596e-06
6.64827e-08
1.07199e-06
7.2965e-08
1.08029e-06
8.44753e-08
1.08881e-06
9.24283e-08
1.09984e-06
1.05694e-07
1.14989e-07
1.1116e-06
1.00022e-06
-4.24416e-10
1.00077e-06
4.18647e-10
1.00174e-06
-7.87118e-10
1.00297e-06
6.558e-10
1.00451e-06
-5.89493e-10
1.00626e-06
1.18199e-09
1.00821e-06
5.81214e-10
1.01023e-06
2.1766e-09
1.01255e-06
2.61182e-09
1.01467e-06
3.64158e-09
1.01744e-06
5.09014e-09
1.01966e-06
6.17004e-09
1.02279e-06
8.39027e-09
1.02521e-06
9.76513e-09
1.0286e-06
1.22657e-08
1.03134e-06
1.45049e-08
1.03512e-06
1.78378e-08
1.03825e-06
2.05342e-08
1.04255e-06
2.54056e-08
1.04607e-06
2.80449e-08
1.05105e-06
3.41305e-08
1.05544e-06
3.81249e-08
1.06138e-06
4.50458e-08
1.06697e-06
5.0721e-08
1.07429e-06
5.91647e-08
1.08136e-06
6.58884e-08
1.09033e-06
7.55144e-08
1.09962e-06
8.31366e-08
1.11123e-06
9.40763e-08
1.02893e-07
1.12333e-06
1.00022e-06
-6.48657e-10
1.00091e-06
-2.69002e-10
1.00196e-06
-1.83878e-09
1.00342e-06
-7.97824e-10
1.00504e-06
-2.2136e-09
1.00702e-06
-7.99466e-10
1.00905e-06
-1.44866e-09
1.01129e-06
-5.60666e-11
1.01368e-06
2.1338e-10
1.01608e-06
1.24445e-09
1.01897e-06
2.20444e-09
1.02154e-06
3.59707e-09
1.02479e-06
5.14208e-09
1.02766e-06
6.88968e-09
1.03117e-06
8.76217e-09
1.03447e-06
1.11977e-08
1.03843e-06
1.38862e-08
1.04222e-06
1.67373e-08
1.0468e-06
2.0827e-08
1.05101e-06
2.38355e-08
1.05636e-06
2.87805e-08
1.06153e-06
3.29578e-08
1.06789e-06
3.86803e-08
1.07434e-06
4.42741e-08
1.08211e-06
5.13954e-08
1.09007e-06
5.79309e-08
1.09947e-06
6.61109e-08
1.10943e-06
7.31753e-08
1.12126e-06
8.22487e-08
9.01068e-08
1.13404e-06
1.00022e-06
-8.7231e-10
1.00107e-06
-1.11544e-09
1.00224e-06
-3.00534e-09
1.00393e-06
-2.48826e-09
1.00569e-06
-3.98015e-09
1.00787e-06
-2.97313e-09
1.01005e-06
-3.62931e-09
1.01248e-06
-2.49059e-09
1.01508e-06
-2.38349e-09
1.01772e-06
-1.3948e-09
1.02076e-06
-8.36303e-10
1.02368e-06
6.71491e-10
1.02708e-06
1.74446e-09
1.03034e-06
3.62762e-09
1.03405e-06
5.05722e-09
1.03778e-06
7.47043e-09
1.04203e-06
9.63666e-09
1.04632e-06
1.24458e-08
1.05122e-06
1.59254e-08
1.056e-06
1.90589e-08
1.06173e-06
2.30432e-08
1.06752e-06
2.71678e-08
1.07432e-06
3.18836e-08
1.08143e-06
3.7167e-08
1.0896e-06
4.32251e-08
1.09819e-06
4.93337e-08
1.108e-06
5.63079e-08
1.11841e-06
6.27649e-08
1.13042e-06
7.02368e-08
7.74405e-08
1.14309e-06
1.00034e-06
-1.21193e-09
1.00144e-06
-2.21135e-09
1.0029e-06
-4.47156e-09
1.00487e-06
-4.45151e-09
1.00688e-06
-5.99584e-09
1.00924e-06
-5.33187e-09
1.01161e-06
-5.9998e-09
1.01421e-06
-5.08718e-09
1.01696e-06
-5.13912e-09
1.01986e-06
-4.2883e-09
1.02302e-06
-3.99822e-09
1.02622e-06
-2.53354e-09
1.02976e-06
-1.79273e-09
1.03335e-06
4.01679e-11
1.03722e-06
1.18901e-09
1.04134e-06
3.34676e-09
1.04584e-06
5.13762e-09
1.05055e-06
7.72976e-09
1.05576e-06
1.07162e-08
1.06105e-06
1.37713e-08
1.06711e-06
1.69867e-08
1.07345e-06
2.08284e-08
1.08053e-06
2.47967e-08
1.08817e-06
2.95328e-08
1.09669e-06
3.4699e-08
1.10584e-06
4.01914e-08
1.11597e-06
4.61728e-08
1.12671e-06
5.20268e-08
1.1387e-06
5.82497e-08
6.43178e-08
1.15182e-06
1.0004e-06
-1.61224e-09
1.00188e-06
-3.69129e-09
1.00374e-06
-6.33224e-09
1.00608e-06
-6.79196e-09
1.00835e-06
-8.26093e-09
1.01092e-06
-7.90309e-09
1.01346e-06
-8.54321e-09
1.01627e-06
-7.89489e-09
1.01923e-06
-8.09705e-09
1.02241e-06
-7.46685e-09
1.02574e-06
-7.33028e-09
1.0292e-06
-6.00056e-09
1.03291e-06
-5.49443e-09
1.03685e-06
-3.90453e-09
1.04097e-06
-2.93452e-09
1.04543e-06
-1.10648e-09
1.05022e-06
3.435e-10
1.05523e-06
2.71784e-09
1.0607e-06
5.24952e-09
1.06644e-06
8.02835e-09
1.07288e-06
1.05524e-08
1.07968e-06
1.40221e-08
1.08708e-06
1.73979e-08
1.09509e-06
2.15241e-08
1.10388e-06
2.59111e-08
1.11335e-06
3.07228e-08
1.12372e-06
3.57965e-08
1.13473e-06
4.10174e-08
1.14672e-06
4.62674e-08
5.17161e-08
1.15932e-06
1.00083e-06
-2.4442e-09
1.00292e-06
-5.77886e-09
1.00526e-06
-8.66915e-09
1.0079e-06
-9.4381e-09
1.01041e-06
-1.07688e-08
1.01316e-06
-1.0654e-08
1.01592e-06
-1.13015e-08
1.01896e-06
-1.0938e-08
1.02216e-06
-1.12984e-08
1.02561e-06
-1.09147e-08
1.02906e-06
-1.0783e-08
1.03271e-06
-9.65033e-09
1.03661e-06
-9.38609e-09
1.0408e-06
-8.09373e-09
1.04512e-06
-7.26363e-09
1.04979e-06
-5.76803e-09
1.0547e-06
-4.57373e-09
1.05999e-06
-2.56702e-09
1.06571e-06
-4.69528e-10
1.07189e-06
1.84985e-09
1.07859e-06
3.85153e-09
1.08566e-06
6.94443e-09
1.09322e-06
9.84417e-09
1.1015e-06
1.32462e-08
1.11059e-06
1.68201e-08
1.12048e-06
2.08285e-08
1.1312e-06
2.5079e-08
1.14252e-06
2.96991e-08
1.15462e-06
3.41689e-08
3.87474e-08
1.16758e-06
1.0018e-06
-4.24089e-09
1.00529e-06
-9.27588e-09
1.00846e-06
-1.18316e-08
1.0115e-06
-1.24813e-08
1.0142e-06
-1.3469e-08
1.01724e-06
-1.36981e-08
1.02024e-06
-1.42948e-08
1.02349e-06
-1.4195e-08
1.02674e-06
-1.45454e-08
1.03021e-06
-1.4379e-08
1.03347e-06
-1.40501e-08
1.03698e-06
-1.31627e-08
1.04067e-06
-1.30727e-08
1.04473e-06
-1.21476e-08
1.04891e-06
-1.14484e-08
1.05343e-06
-1.02832e-08
1.05808e-06
-9.22488e-09
1.06309e-06
-7.57905e-09
1.06867e-06
-6.05466e-09
1.07487e-06
-4.34503e-09
1.0815e-06
-2.78231e-09
1.0886e-06
-1.52002e-10
1.09611e-06
2.32929e-09
1.10431e-06
5.04673e-09
1.11339e-06
7.74785e-09
1.12333e-06
1.08848e-08
1.13425e-06
1.41623e-08
1.14585e-06
1.80965e-08
1.15817e-06
2.18428e-08
2.59586e-08
1.17096e-06
1.00302e-06
-7.25848e-09
1.00688e-06
-1.31383e-08
1.00968e-06
-1.46271e-08
1.01192e-06
-1.473e-08
1.01369e-06
-1.52374e-08
1.01549e-06
-1.55003e-08
1.01693e-06
-1.57343e-08
1.01838e-06
-1.564e-08
1.01951e-06
-1.56784e-08
1.02046e-06
-1.53272e-08
1.0211e-06
-1.46912e-08
1.0221e-06
-1.41639e-08
1.02312e-06
-1.40886e-08
1.0243e-06
-1.33269e-08
1.02537e-06
-1.25188e-08
1.02675e-06
-1.16667e-08
1.02852e-06
-1.09937e-08
1.03093e-06
-9.99293e-09
1.03387e-06
-8.99303e-09
1.03725e-06
-7.71909e-09
1.04081e-06
-6.34942e-09
1.0452e-06
-4.53553e-09
1.05071e-06
-3.18556e-09
1.05754e-06
-1.78454e-09
1.06561e-06
-3.1981e-10
1.07481e-06
1.68786e-09
1.085e-06
3.97547e-09
1.09632e-06
6.775e-09
1.10884e-06
9.32232e-09
1.19039e-08
1.12289e-06
9.92742e-07
9.79603e-07
9.64976e-07
9.50246e-07
9.35009e-07
9.19508e-07
9.03774e-07
8.88134e-07
8.72456e-07
8.57129e-07
8.42437e-07
8.28274e-07
8.14185e-07
8.00858e-07
7.88339e-07
7.76672e-07
7.65679e-07
7.55686e-07
7.46693e-07
7.38974e-07
7.32624e-07
7.28089e-07
7.24903e-07
7.23119e-07
7.22799e-07
7.24487e-07
7.28462e-07
7.35237e-07
7.44559e-07
7.56463e-07
2.81537e-07
-1.04654e-07
3.8268e-07
-1.01143e-07
4.69168e-07
-8.64885e-08
5.27416e-07
-5.82481e-08
5.89446e-07
-6.20299e-08
6.3211e-07
-4.26642e-08
6.74842e-07
-4.27319e-08
7.3047e-07
-5.56278e-08
7.71885e-07
-4.1415e-08
-1.06084e-07
8.77969e-07
7.10357e-07
-1.67024e-07
7.64873e-07
-1.55659e-07
8.09795e-07
-1.31411e-07
8.3538e-07
-8.38325e-08
8.60085e-07
-8.67358e-08
8.93973e-07
-7.65522e-08
9.1887e-07
-6.76288e-08
9.59559e-07
-9.63165e-08
1.01984e-06
-1.01694e-07
-1.23846e-07
1.0376e-06
8.81114e-07
-1.76841e-07
8.9099e-07
-1.65535e-07
8.95157e-07
-1.35577e-07
9.16689e-07
-1.05365e-07
9.20649e-07
-9.06964e-08
9.662e-07
-1.22103e-07
9.66263e-07
-6.76911e-08
9.90645e-07
-1.20699e-07
1.02212e-06
-1.33168e-07
-1.73815e-07
1.07209e-06
9.53681e-07
-1.75425e-07
9.4833e-07
-1.60184e-07
9.50854e-07
-1.381e-07
9.65119e-07
-1.1963e-07
9.74733e-07
-1.00311e-07
9.89387e-07
-1.36757e-07
1.00818e-06
-8.648e-08
1.006e-06
-1.18527e-07
1.02742e-06
-1.54583e-07
-2.05981e-07
1.05958e-06
9.87376e-07
-1.67606e-07
9.88888e-07
-1.61695e-07
9.8272e-07
-1.31933e-07
9.92392e-07
-1.29301e-07
9.95282e-07
-1.03201e-07
1.00001e-06
-1.41489e-07
1.01533e-06
-1.01792e-07
1.03337e-06
-1.36569e-07
1.04656e-06
-1.67774e-07
-2.15172e-07
1.05575e-06
1.01609e-06
-1.60938e-07
1.00846e-06
-1.54074e-07
1.00824e-06
-1.31703e-07
1.01341e-06
-1.34481e-07
1.0215e-06
-1.11288e-07
1.02018e-06
-1.40168e-07
1.03517e-06
-1.16785e-07
1.04069e-06
-1.42084e-07
1.04268e-06
-1.69759e-07
-2.1399e-07
1.04149e-06
1.03695e-06
-1.52681e-07
1.03366e-06
-1.50786e-07
1.03053e-06
-1.28571e-07
1.03061e-06
-1.34563e-07
1.03414e-06
-1.14819e-07
1.0327e-06
-1.38725e-07
1.04101e-06
-1.25098e-07
1.04682e-06
-1.47895e-07
1.04682e-06
-1.69764e-07
-2.10094e-07
1.04293e-06
1.05778e-06
-1.46112e-07
1.05065e-06
-1.43662e-07
1.04811e-06
-1.26032e-07
1.04568e-06
-1.32125e-07
1.04862e-06
-1.17761e-07
1.04526e-06
-1.35363e-07
1.04913e-06
-1.28972e-07
1.04998e-06
-1.48742e-07
1.04613e-06
-1.65914e-07
-2.0182e-07
1.03785e-06
1.07421e-06
-1.37835e-07
1.0673e-06
-1.36748e-07
1.06321e-06
-1.2195e-07
1.05876e-06
-1.27666e-07
1.05805e-06
-1.17052e-07
1.0535e-06
-1.3082e-07
1.05264e-06
-1.28111e-07
1.0514e-06
-1.47495e-07
1.04615e-06
-1.60672e-07
-1.91832e-07
1.03617e-06
1.08939e-06
-1.29569e-07
1.08085e-06
-1.28208e-07
1.07558e-06
-1.1668e-07
1.0693e-06
-1.21389e-07
1.06622e-06
-1.13968e-07
1.06063e-06
-1.25235e-07
1.05731e-06
-1.24785e-07
1.05168e-06
-1.41869e-07
1.04364e-06
-1.52632e-07
-1.80963e-07
1.03277e-06
1.10205e-06
-1.20021e-07
1.09276e-06
-1.18916e-07
1.08589e-06
-1.09819e-07
1.07829e-06
-1.13788e-07
1.07288e-06
-1.08558e-07
1.06542e-06
-1.17771e-07
1.05905e-06
-1.18411e-07
1.05165e-06
-1.34469e-07
1.04273e-06
-1.43709e-07
-1.67587e-07
1.02935e-06
1.11308e-06
-1.09771e-07
1.10279e-06
-1.08623e-07
1.09447e-06
-1.01499e-07
1.08537e-06
-1.04695e-07
1.078e-06
-1.01185e-07
1.06929e-06
-1.09056e-07
1.06118e-06
-1.10302e-07
1.05088e-06
-1.24173e-07
1.03965e-06
-1.32475e-07
-1.53349e-07
1.02541e-06
1.12269e-06
-9.84116e-08
1.11144e-06
-9.73809e-08
1.10173e-06
-9.17894e-08
1.09147e-06
-9.44315e-08
1.08223e-06
-9.19456e-08
1.07175e-06
-9.85747e-08
1.06177e-06
-1.00324e-07
1.05011e-06
-1.12512e-07
1.03751e-06
-1.19875e-07
-1.37487e-07
1.02165e-06
1.13095e-06
-8.62717e-08
1.11881e-06
-8.52486e-08
1.10782e-06
-8.07997e-08
1.09627e-06
-8.28741e-08
1.08557e-06
-8.12525e-08
1.07387e-06
-8.68728e-08
1.06235e-06
-8.88048e-08
1.04894e-06
-9.91048e-08
1.03485e-06
-1.05785e-07
-1.20743e-07
1.01811e-06
1.13864e-06
-7.30943e-08
1.12551e-06
-7.21153e-08
1.11327e-06
-6.85623e-08
1.10053e-06
-7.01297e-08
1.08834e-06
-6.90646e-08
1.07522e-06
-7.37545e-08
1.0623e-06
-7.58805e-08
1.04775e-06
-8.45624e-08
1.03247e-06
-9.04959e-08
-1.02919e-07
1.01464e-06
1.14551e-06
-5.92833e-08
1.13148e-06
-5.80914e-08
1.11816e-06
-5.52429e-08
1.10428e-06
-5.62465e-08
1.09089e-06
-5.568e-08
1.07664e-06
-5.95043e-08
1.06247e-06
-6.171e-08
1.04674e-06
-6.88314e-08
1.03037e-06
-7.41235e-08
-8.42787e-08
1.01173e-06
1.15253e-06
-4.42336e-08
1.13721e-06
-4.2769e-08
1.1225e-06
-4.05336e-08
1.10722e-06
-4.09655e-08
1.09245e-06
-4.0905e-08
1.07688e-06
-4.39342e-08
1.06146e-06
-4.62921e-08
1.04464e-06
-5.20117e-08
1.02727e-06
-5.67542e-08
-6.47357e-08
1.00773e-06
1.15467e-06
-2.79433e-08
1.13799e-06
-2.60857e-08
1.1219e-06
-2.44468e-08
1.10532e-06
-2.43795e-08
1.08925e-06
-2.48337e-08
1.07236e-06
-2.70537e-08
1.05557e-06
-2.94944e-08
1.03728e-06
-3.37255e-08
1.01839e-06
-3.78665e-08
-4.35627e-08
9.9722e-07
1.10463e-06
-9.68026e-09
1.0872e-06
-8.65449e-09
1.07072e-06
-7.97036e-09
1.05437e-06
-8.02537e-09
1.03828e-06
-8.74888e-09
1.02137e-06
-1.01431e-08
1.00387e-06
-1.19935e-08
9.84538e-07
-1.43921e-08
9.6378e-07
-1.71087e-08
-2.00323e-08
9.40249e-07
7.46783e-07
7.38129e-07
7.30158e-07
7.22133e-07
7.13384e-07
7.03241e-07
6.91247e-07
6.76855e-07
6.59746e-07
6.39714e-07
8.37285e-08
-8.37285e-08
7.33133e-08
1.04152e-08
3.36553e-08
3.9658e-08
-1.13981e-07
1.47636e-07
-3.95072e-07
2.81091e-07
-6.48032e-07
2.5296e-07
-8.14862e-07
1.6683e-07
-9.17915e-07
1.03054e-07
-9.58876e-07
4.09606e-08
-9.42678e-07
-1.61976e-08
-8.84273e-07
-5.84052e-08
-7.8927e-07
-9.50026e-08
-6.67088e-07
-1.22183e-07
-5.19688e-07
-1.47399e-07
-3.60238e-07
-1.5945e-07
-1.94582e-07
-1.65657e-07
-3.91134e-08
-1.55468e-07
9.57251e-08
-1.34839e-07
2.05045e-07
-1.0932e-07
2.901e-07
-8.5055e-08
3.54497e-07
-6.43966e-08
4.01746e-07
-4.72489e-08
4.34267e-07
-3.25218e-08
4.5372e-07
-1.94525e-08
4.61477e-07
-7.75737e-09
4.59224e-07
2.25272e-09
4.49179e-07
1.00455e-08
4.33851e-07
1.53282e-08
4.15945e-07
1.79055e-08
3.97807e-07
1.81383e-08
3.80969e-07
1.68376e-08
3.66445e-07
1.45242e-08
3.54364e-07
1.20813e-08
3.44785e-07
9.57851e-09
3.37168e-07
7.61757e-09
3.31394e-07
5.77427e-09
3.26764e-07
4.63002e-09
3.23352e-07
3.41191e-09
3.20436e-07
2.91527e-09
2.12834e-09
7.82924e-08
-1.62021e-07
8.9381e-08
-6.73404e-10
-6.80389e-08
1.97078e-07
-3.4938e-07
4.28977e-07
-5.89557e-07
5.21268e-07
-7.54208e-07
4.17611e-07
-8.61986e-07
2.74608e-07
-9.24646e-07
1.65714e-07
-9.33105e-07
4.94191e-08
-8.97659e-07
-5.16429e-08
-8.17911e-07
-1.38154e-07
-7.12139e-07
-2.00774e-07
-5.86315e-07
-2.48007e-07
-4.38717e-07
-2.94998e-07
-2.77789e-07
-3.20377e-07
-1.0888e-07
-3.34566e-07
5.00629e-08
-3.14411e-07
1.89955e-07
-2.74731e-07
3.04002e-07
-2.23367e-07
3.94933e-07
-1.75985e-07
4.6764e-07
-1.37104e-07
5.25835e-07
-1.05445e-07
5.72362e-07
-7.90487e-08
6.09473e-07
-5.65628e-08
6.38174e-07
-3.6459e-08
6.58537e-07
-1.81097e-08
6.70651e-07
-2.06916e-09
6.75789e-07
1.01905e-08
6.76075e-07
1.76197e-08
6.73744e-07
2.04689e-08
6.70288e-07
2.02938e-08
6.66865e-07
1.79476e-08
6.63665e-07
1.52805e-08
6.61021e-07
1.22228e-08
6.58578e-07
1.00605e-08
6.56524e-07
7.82797e-09
6.54438e-07
6.71646e-09
6.526e-07
5.25025e-09
6.50669e-07
4.84551e-09
3.85328e-09
-4.32182e-08
-1.18803e-07
-1.69125e-07
1.25233e-07
-2.9164e-07
3.19593e-07
-4.1716e-07
5.54497e-07
-5.29062e-07
6.3317e-07
-6.14702e-07
5.0325e-07
-6.84863e-07
3.44769e-07
-7.18269e-07
1.99121e-07
-7.11679e-07
4.28293e-08
-6.63849e-07
-9.94736e-08
-5.82238e-07
-2.19764e-07
-4.78463e-07
-3.04549e-07
-3.68052e-07
-3.58417e-07
-2.47079e-07
-4.15971e-07
-1.1282e-07
-4.54636e-07
2.65851e-08
-4.73972e-07
1.6427e-07
-4.52096e-07
2.86527e-07
-3.96988e-07
3.84308e-07
-3.21147e-07
4.58406e-07
-2.50083e-07
5.16993e-07
-1.95691e-07
5.64757e-07
-1.53209e-07
6.03062e-07
-1.17354e-07
6.34491e-07
-8.79921e-08
6.62273e-07
-6.42411e-08
6.87428e-07
-4.32643e-08
7.08303e-07
-2.2944e-08
7.23293e-07
-4.80004e-09
7.31919e-07
8.99377e-09
7.35923e-07
1.64651e-08
7.37302e-07
1.89146e-08
7.37892e-07
1.73578e-08
7.3848e-07
1.46923e-08
7.39502e-07
1.12008e-08
7.40739e-07
8.82347e-09
7.42088e-07
6.47873e-09
7.43276e-07
5.52852e-09
7.44128e-07
4.39805e-09
7.44746e-07
4.22808e-09
3.70298e-09
-2.85759e-08
-9.02267e-08
-1.08098e-07
2.04755e-07
-1.87839e-07
3.99334e-07
-2.94168e-07
6.60827e-07
-3.62189e-07
7.0119e-07
-4.14568e-07
5.5563e-07
-4.53892e-07
3.84093e-07
-4.63654e-07
2.08883e-07
-4.40372e-07
1.95471e-08
-3.78027e-07
-1.61819e-07
-2.88571e-07
-3.0922e-07
-1.87902e-07
-4.05218e-07
-8.66626e-08
-4.59657e-07
9.73629e-09
-5.1237e-07
1.06554e-07
-5.51454e-07
2.05687e-07
-5.73105e-07
3.0277e-07
-5.49179e-07
3.93405e-07
-4.87623e-07
4.71365e-07
-3.99108e-07
5.27245e-07
-3.05963e-07
5.67498e-07
-2.35943e-07
6.02683e-07
-1.88394e-07
6.32976e-07
-1.47647e-07
6.54847e-07
-1.09863e-07
6.70702e-07
-8.00963e-08
6.86415e-07
-5.89777e-08
7.047e-07
-4.12285e-08
7.23731e-07
-2.38312e-08
7.39967e-07
-7.24268e-09
7.51107e-07
5.3254e-09
7.57071e-07
1.29509e-08
7.5939e-07
1.5039e-08
7.59805e-07
1.42772e-08
7.59732e-07
1.12731e-08
7.59881e-07
8.67478e-09
7.60416e-07
5.94415e-09
7.61289e-07
4.6555e-09
7.62179e-07
3.50784e-09
7.63101e-07
3.30569e-09
3.06361e-09
-1.00275e-08
-8.01992e-08
-1.23435e-07
3.18163e-07
-1.2486e-07
4.00759e-07
-1.16159e-07
6.52125e-07
-1.05947e-07
6.90979e-07
-1.22249e-07
5.71931e-07
-1.40685e-07
4.0253e-07
-1.33197e-07
2.01394e-07
-1.00418e-07
-1.32316e-08
-4.31749e-08
-2.19062e-07
2.9487e-08
-3.81882e-07
1.08368e-07
-4.84099e-07
1.9137e-07
-5.42659e-07
2.66228e-07
-5.87228e-07
3.37788e-07
-6.23014e-07
4.06313e-07
-6.4163e-07
4.62642e-07
-6.05508e-07
5.03448e-07
-5.28429e-07
5.45538e-07
-4.41197e-07
5.83597e-07
-3.44023e-07
6.06201e-07
-2.58547e-07
6.23007e-07
-2.052e-07
6.44604e-07
-1.69244e-07
6.65714e-07
-1.30972e-07
6.77805e-07
-9.21871e-08
6.82177e-07
-6.33499e-08
6.86715e-07
-4.57665e-08
6.96855e-07
-3.3971e-08
7.12184e-07
-2.25718e-08
7.29083e-07
-1.15734e-08
7.4377e-07
-1.73627e-09
7.54383e-07
4.42662e-09
7.60721e-07
7.93865e-09
7.63925e-07
8.06924e-09
7.65249e-07
7.35084e-09
7.65797e-07
5.39615e-09
7.66128e-07
4.32411e-09
7.66448e-07
3.18822e-09
7.6685e-07
2.90335e-09
2.6881e-09
-3.46028e-08
-4.55964e-08
-3.40787e-08
3.17639e-07
6.16134e-08
3.05067e-07
9.5074e-08
6.18665e-07
1.40523e-07
6.45529e-07
1.67291e-07
5.45164e-07
1.89926e-07
3.79894e-07
2.18398e-07
1.72922e-07
2.51843e-07
-4.6676e-08
2.9159e-07
-2.58809e-07
3.28506e-07
-4.18798e-07
3.66364e-07
-5.21957e-07
4.06583e-07
-5.82878e-07
4.5524e-07
-6.35885e-07
5.10075e-07
-6.77849e-07
5.57165e-07
-6.8872e-07
5.94386e-07
-6.42729e-07
6.05816e-07
-5.3986e-07
6.05015e-07
-4.40395e-07
6.1898e-07
-3.57988e-07
6.36681e-07
-2.76248e-07
6.43284e-07
-2.11802e-07
6.48612e-07
-1.74573e-07
6.6249e-07
-1.44851e-07
6.78159e-07
-1.07855e-07
6.85228e-07
-7.04192e-08
6.83568e-07
-4.41066e-08
6.81027e-07
-3.14297e-08
6.84542e-07
-2.60875e-08
6.95578e-07
-2.26088e-08
7.11393e-07
-1.75519e-08
7.2807e-07
-1.22497e-08
7.42566e-07
-6.55732e-09
7.53439e-07
-2.80424e-09
7.60534e-07
2.56187e-10
7.64663e-07
1.2666e-09
7.66707e-07
2.28066e-09
7.67609e-07
2.28573e-09
7.67902e-07
2.6112e-09
2.54826e-09
-2.16334e-07
1.70737e-07
-2.41601e-08
1.25465e-07
1.27002e-07
1.53905e-07
3.22424e-07
4.23243e-07
4.40532e-07
5.2742e-07
5.09273e-07
4.76424e-07
5.49498e-07
3.3967e-07
5.75944e-07
1.46475e-07
5.97429e-07
-6.81611e-08
6.06322e-07
-2.67702e-07
6.04771e-07
-4.17247e-07
6.04468e-07
-5.21655e-07
6.11739e-07
-5.90148e-07
6.32193e-07
-6.56339e-07
6.6352e-07
-7.09176e-07
6.80053e-07
-7.05253e-07
6.80798e-07
-6.43473e-07
6.7475e-07
-5.33812e-07
6.52966e-07
-4.18612e-07
6.35899e-07
-3.4092e-07
6.42357e-07
-2.82707e-07
6.55299e-07
-2.24743e-07
6.59698e-07
-1.78972e-07
6.62527e-07
-1.47679e-07
6.72113e-07
-1.17442e-07
6.84219e-07
-8.25247e-08
6.90721e-07
-5.06086e-08
6.90088e-07
-3.07972e-08
6.87279e-07
-2.32778e-08
6.87923e-07
-2.32534e-08
6.94409e-07
-2.40375e-08
7.05954e-07
-2.37944e-08
7.20096e-07
-2.06996e-08
7.34299e-07
-1.70078e-08
7.46459e-07
-1.19035e-08
7.55703e-07
-7.97703e-09
7.61821e-07
-3.8375e-09
7.6546e-07
-1.353e-09
7.6732e-07
7.50325e-10
1.97236e-09
6.48099e-07
4.00607e-07
4.71311e-07
3.02253e-07
3.58355e-07
2.66861e-07
4.32886e-07
3.48711e-07
5.72129e-07
3.88178e-07
6.94506e-07
3.54047e-07
7.84988e-07
2.49188e-07
8.3922e-07
9.22428e-08
8.60906e-07
-8.98469e-08
8.60708e-07
-2.67504e-07
8.52819e-07
-4.09358e-07
8.46324e-07
-5.1516e-07
8.56423e-07
-6.00247e-07
8.66077e-07
-6.65994e-07
8.60391e-07
-7.03489e-07
8.42265e-07
-6.87128e-07
8.04557e-07
-6.05765e-07
7.66473e-07
-4.95729e-07
7.37904e-07
-3.90042e-07
7.10831e-07
-3.13848e-07
6.95278e-07
-2.67153e-07
6.97719e-07
-2.27184e-07
7.05905e-07
-1.87158e-07
7.1033e-07
-1.52105e-07
7.14398e-07
-1.21511e-07
7.23263e-07
-9.13896e-08
7.35663e-07
-6.30085e-08
7.46798e-07
-4.19321e-08
7.53515e-07
-2.99948e-08
7.55899e-07
-2.56378e-08
7.56209e-07
-2.43466e-08
7.57156e-07
-2.4742e-08
7.60605e-07
-2.41484e-08
7.67063e-07
-2.34659e-08
7.755e-07
-2.03405e-08
7.84417e-07
-1.68935e-08
7.92228e-07
-1.16487e-08
7.98048e-07
-7.1738e-09
8.02095e-07
-3.29641e-09
1.82943e-10
1.01978e-06
4.18424e-07
9.62159e-07
3.59877e-07
8.73941e-07
3.55079e-07
8.32234e-07
3.90419e-07
8.52071e-07
3.6834e-07
9.14418e-07
2.917e-07
9.84629e-07
1.78977e-07
1.03248e-06
4.43874e-08
1.05527e-06
-1.12627e-07
1.05971e-06
-2.71945e-07
1.06612e-06
-4.15775e-07
1.06602e-06
-5.15052e-07
1.0487e-06
-5.82932e-07
1.02159e-06
-6.38883e-07
9.6747e-07
-6.49369e-07
8.90938e-07
-6.10597e-07
8.24656e-07
-5.39483e-07
7.79769e-07
-4.50842e-07
7.58795e-07
-3.69068e-07
7.54096e-07
-3.09149e-07
7.5112e-07
-2.64178e-07
7.45159e-07
-2.21223e-07
7.39706e-07
-1.81705e-07
7.38055e-07
-1.50453e-07
7.40562e-07
-1.24018e-07
7.46035e-07
-9.68627e-08
7.53567e-07
-7.05402e-08
7.63205e-07
-5.15705e-08
7.74851e-07
-4.16406e-08
7.86732e-07
-3.75189e-08
7.95757e-07
-3.33722e-08
7.99799e-07
-2.87832e-08
7.99105e-07
-2.34544e-08
7.96111e-07
-2.04717e-08
7.93397e-07
-1.76269e-08
7.92603e-07
-1.60993e-08
7.93936e-07
-1.29821e-08
7.96325e-07
-9.56283e-09
7.99404e-07
-6.37512e-09
-1.70446e-09
1.09204e-06
3.9847e-07
1.09378e-06
3.58135e-07
1.11144e-06
3.37421e-07
1.13556e-06
3.66305e-07
1.16208e-06
3.41813e-07
1.20096e-06
2.52819e-07
1.24445e-06
1.35488e-07
1.27807e-06
1.07675e-08
1.28633e-06
-1.20888e-07
1.27043e-06
-2.56042e-07
1.24797e-06
-3.93315e-07
1.22447e-06
-4.91558e-07
1.17228e-06
-5.30735e-07
1.08654e-06
-5.53143e-07
9.96116e-07
-5.58947e-07
9.03781e-07
-5.18261e-07
8.24763e-07
-4.60465e-07
7.83542e-07
-4.09621e-07
7.71173e-07
-3.56699e-07
7.70777e-07
-3.08753e-07
7.77723e-07
-2.71124e-07
7.84923e-07
-2.28423e-07
7.82465e-07
-1.79246e-07
7.72969e-07
-1.40957e-07
7.68741e-07
-1.1979e-07
7.7493e-07
-1.03052e-07
7.84712e-07
-8.03226e-08
7.89654e-07
-5.65122e-08
7.89073e-07
-4.10601e-08
7.88434e-07
-3.68799e-08
7.92261e-07
-3.71993e-08
8.00329e-07
-3.68511e-08
8.08998e-07
-3.2123e-08
8.14639e-07
-2.61125e-08
8.15798e-07
-1.8786e-08
8.13321e-07
-1.36227e-08
8.09339e-07
-8.9996e-09
8.05619e-07
-5.84323e-09
8.02978e-07
-3.73401e-09
-8.90045e-10
1.09994e-06
3.58111e-07
1.1197e-06
3.38375e-07
1.15878e-06
2.98343e-07
1.21929e-06
3.05795e-07
1.27369e-06
2.87412e-07
1.31509e-06
2.11423e-07
1.34456e-06
1.0602e-07
1.36454e-06
-9.20946e-09
1.36388e-06
-1.20228e-07
1.33805e-06
-2.30215e-07
1.28663e-06
-3.419e-07
1.22313e-06
-4.2805e-07
1.15645e-06
-4.64061e-07
1.06803e-06
-4.64725e-07
9.77584e-07
-4.68497e-07
9.19495e-07
-4.60172e-07
8.7926e-07
-4.2023e-07
8.48209e-07
-3.78571e-07
8.32604e-07
-3.41094e-07
8.18597e-07
-2.94746e-07
7.99031e-07
-2.51557e-07
7.8732e-07
-2.16712e-07
7.86268e-07
-1.78194e-07
7.8401e-07
-1.387e-07
7.77846e-07
-1.13625e-07
7.77745e-07
-1.02951e-07
7.88326e-07
-9.09033e-08
8.00368e-07
-6.85546e-08
8.01973e-07
-4.26649e-08
7.91321e-07
-2.62278e-08
7.76748e-07
-2.26271e-08
7.67887e-07
-2.79893e-08
7.68777e-07
-3.30134e-08
7.77682e-07
-3.50181e-08
7.89646e-07
-3.07499e-08
8.00564e-07
-2.45398e-08
8.07253e-07
-1.56894e-08
8.10293e-07
-8.88301e-09
8.09645e-07
-3.08616e-09
1.01387e-09
1.08778e-06
3.26079e-07
1.11807e-06
3.08085e-07
1.15998e-06
2.56436e-07
1.22407e-06
2.41706e-07
1.286e-06
2.25474e-07
1.32573e-06
1.71702e-07
1.33979e-06
9.19599e-08
1.33947e-06
-8.89795e-09
1.33528e-06
-1.16037e-07
1.31605e-06
-2.10987e-07
1.26486e-06
-2.90702e-07
1.19498e-06
-3.58177e-07
1.13005e-06
-3.99132e-07
1.07414e-06
-4.08809e-07
1.0126e-06
-4.06957e-07
9.58307e-07
-4.0588e-07
9.22879e-07
-3.84802e-07
8.8923e-07
-3.44923e-07
8.56193e-07
-3.08057e-07
8.33096e-07
-2.71649e-07
8.11485e-07
-2.29946e-07
7.88459e-07
-1.93686e-07
7.77052e-07
-1.66787e-07
7.80235e-07
-1.41883e-07
7.85069e-07
-1.18459e-07
7.83178e-07
-1.0106e-07
7.79723e-07
-8.74484e-08
7.81668e-07
-7.04994e-08
7.87358e-07
-4.8355e-08
7.90034e-07
-2.89038e-08
7.85922e-07
-1.8515e-08
7.76926e-07
-1.89936e-08
7.67839e-07
-2.39262e-08
7.63059e-07
-3.02381e-08
7.64173e-07
-3.18634e-08
7.70369e-07
-3.07362e-08
7.79066e-07
-2.43868e-08
7.87348e-07
-1.71653e-08
7.94549e-07
-1.02865e-08
-2.44701e-09
1.0823e-06
2.85277e-07
1.12176e-06
2.68617e-07
1.15907e-06
2.1913e-07
1.20707e-06
1.93711e-07
1.25406e-06
1.78476e-07
1.28741e-06
1.38356e-07
1.30011e-06
7.92561e-08
1.29713e-06
-5.91023e-09
1.29115e-06
-1.10057e-07
1.27267e-06
-1.92515e-07
1.23124e-06
-2.49271e-07
1.17352e-06
-3.00457e-07
1.11456e-06
-3.40169e-07
1.0655e-06
-3.59747e-07
1.01943e-06
-3.60889e-07
9.65355e-07
-3.51805e-07
9.19462e-07
-3.38909e-07
8.8975e-07
-3.15211e-07
8.61604e-07
-2.79911e-07
8.35692e-07
-2.45737e-07
8.22784e-07
-2.17038e-07
8.17602e-07
-1.88504e-07
8.11266e-07
-1.60451e-07
8.06235e-07
-1.36852e-07
8.05867e-07
-1.18091e-07
8.05099e-07
-1.00293e-07
7.98293e-07
-8.06424e-08
7.88025e-07
-6.02316e-08
7.81909e-07
-4.22384e-08
7.84394e-07
-3.13892e-08
7.93741e-07
-2.7862e-08
8.04323e-07
-2.95752e-08
8.10892e-07
-3.04954e-08
8.10862e-07
-3.02085e-08
8.05673e-07
-2.66742e-08
7.98202e-07
-2.32648e-08
7.92105e-07
-1.82903e-08
7.88398e-07
-1.34576e-08
7.87547e-07
-9.43558e-09
-3.41356e-09
1.08034e-06
2.47863e-07
1.11777e-06
2.31187e-07
1.1478e-06
1.89101e-07
1.17951e-06
1.62004e-07
1.21566e-06
1.42324e-07
1.24417e-06
1.09851e-07
1.26178e-06
6.16444e-08
1.2664e-06
-1.05373e-08
1.25325e-06
-9.69061e-08
1.23216e-06
-1.71424e-07
1.20109e-06
-2.18198e-07
1.15443e-06
-2.53799e-07
1.10516e-06
-2.90897e-07
1.06117e-06
-3.15759e-07
1.02161e-06
-3.2133e-07
9.82271e-07
-3.12463e-07
9.40519e-07
-2.97157e-07
9.0716e-07
-2.81852e-07
8.87419e-07
-2.6017e-07
8.69746e-07
-2.28063e-07
8.51606e-07
-1.98898e-07
8.42084e-07
-1.78982e-07
8.3959e-07
-1.57957e-07
8.33218e-07
-1.30481e-07
8.20422e-07
-1.05294e-07
8.09232e-07
-8.9103e-08
8.0569e-07
-7.71003e-08
8.07504e-07
-6.20454e-08
8.08983e-07
-4.37174e-08
8.07298e-07
-2.97047e-08
8.04047e-07
-2.46109e-08
8.02747e-07
-2.82749e-08
8.05443e-07
-3.31919e-08
8.11304e-07
-3.60686e-08
8.17303e-07
-3.26732e-08
8.20913e-07
-2.68749e-08
8.20314e-07
-1.76916e-08
8.17158e-07
-1.03016e-08
8.11613e-07
-3.89107e-09
7.13698e-10
1.07359e-06
2.12127e-07
1.1086e-06
1.96175e-07
1.13385e-06
1.63851e-07
1.15846e-06
1.37391e-07
1.18548e-06
1.15311e-07
1.20921e-06
8.6118e-08
1.22974e-06
4.11136e-08
1.23585e-06
-1.66492e-08
1.22072e-06
-8.17764e-08
1.19685e-06
-1.47553e-07
1.1726e-06
-1.93945e-07
1.1403e-06
-2.21504e-07
1.09944e-06
-2.50037e-07
1.05701e-06
-2.73327e-07
1.01641e-06
-2.80734e-07
9.8375e-07
-2.798e-07
9.56477e-07
-2.69884e-07
9.24319e-07
-2.49693e-07
8.94368e-07
-2.30219e-07
8.771e-07
-2.10795e-07
8.64067e-07
-1.85864e-07
8.4641e-07
-1.61326e-07
8.30609e-07
-1.42155e-07
8.22653e-07
-1.22526e-07
8.17357e-07
-9.99977e-08
8.09377e-07
-8.11235e-08
8.02246e-07
-6.99692e-08
8.02086e-07
-6.18851e-08
8.08225e-07
-4.98564e-08
8.13119e-07
-3.45987e-08
8.0997e-07
-2.14618e-08
7.9827e-07
-1.65755e-08
7.83478e-07
-1.83994e-08
7.71519e-07
-2.41101e-08
7.65655e-07
-2.68085e-08
7.64988e-07
-2.62082e-08
7.68153e-07
-2.08565e-08
7.72361e-07
-1.45099e-08
7.77171e-07
-8.70106e-09
-2.80126e-09
1.06718e-06
1.81114e-07
1.09683e-06
1.66525e-07
1.11998e-06
1.407e-07
1.14143e-06
1.15937e-07
1.16233e-06
9.44159e-08
1.18162e-06
6.68297e-08
1.19699e-06
2.57391e-08
1.20384e-06
-2.34968e-08
1.19582e-06
-7.37531e-08
1.17143e-06
-1.2317e-07
1.14546e-06
-1.67968e-07
1.12332e-06
-1.99367e-07
1.09259e-06
-2.19307e-07
1.05559e-06
-2.36325e-07
1.02152e-06
-2.46664e-07
9.8852e-07
-2.46805e-07
9.59434e-07
-2.40798e-07
9.36068e-07
-2.26327e-07
9.12072e-07
-2.06224e-07
8.90042e-07
-1.88764e-07
8.76622e-07
-1.72445e-07
8.66132e-07
-1.50836e-07
8.51319e-07
-1.27342e-07
8.3749e-07
-1.08696e-07
8.32287e-07
-9.47954e-08
8.32503e-07
-8.13396e-08
8.29173e-07
-6.66385e-08
8.19822e-07
-5.2534e-08
8.10279e-07
-4.03143e-08
8.06763e-07
-3.10821e-08
8.10181e-07
-2.48803e-08
8.16565e-07
-2.29593e-08
8.20834e-07
-2.26686e-08
8.19888e-07
-2.31638e-08
8.14471e-07
-2.13912e-08
8.06997e-07
-1.87343e-08
8.00312e-07
-1.41722e-08
7.95584e-07
-9.78101e-09
7.9301e-07
-6.12711e-09
-2.24542e-09
1.06045e-06
1.53431e-07
1.08608e-06
1.40894e-07
1.10696e-06
1.19822e-07
1.12488e-06
9.80181e-08
1.14349e-06
7.58035e-08
1.16059e-06
4.97314e-08
1.17027e-06
1.60589e-08
1.17342e-06
-2.66486e-08
1.17014e-06
-7.0468e-08
1.15457e-06
-1.076e-07
1.12931e-06
-1.42706e-07
1.10483e-06
-1.74887e-07
1.08088e-06
-1.95355e-07
1.05219e-06
-2.07636e-07
1.02308e-06
-2.17554e-07
9.94755e-07
-2.18482e-07
9.64762e-07
-2.10804e-07
9.40151e-07
-2.01716e-07
9.23663e-07
-1.89737e-07
9.06092e-07
-1.71193e-07
8.84989e-07
-1.51342e-07
8.68587e-07
-1.34434e-07
8.59612e-07
-1.18367e-07
8.52157e-07
-1.01241e-07
8.42471e-07
-8.51092e-08
8.32733e-07
-7.16015e-08
8.25593e-07
-5.94981e-08
8.20642e-07
-4.75836e-08
8.16272e-07
-3.59443e-08
8.12133e-07
-2.69425e-08
8.08667e-07
-2.14152e-08
8.05681e-07
-1.99725e-08
8.02878e-07
-1.98663e-08
7.99735e-07
-2.00207e-08
7.96321e-07
-1.79774e-08
7.92838e-07
-1.52505e-08
7.89938e-07
-1.12726e-08
7.87881e-07
-7.72417e-09
7.86637e-07
-4.88279e-09
-1.9933e-09
1.05265e-06
1.30127e-07
1.07559e-06
1.17957e-07
1.09503e-06
1.00385e-07
1.1114e-06
8.16456e-08
1.12666e-06
6.05461e-08
1.1405e-06
3.58937e-08
1.14997e-06
6.58391e-09
1.15052e-06
-2.71952e-08
1.14382e-06
-6.37691e-08
1.13453e-06
-9.83129e-08
1.11844e-06
-1.26611e-07
1.09414e-06
-1.50591e-07
1.07071e-06
-1.71929e-07
1.04837e-06
-1.85296e-07
1.02149e-06
-1.90676e-07
9.95503e-07
-1.9249e-07
9.7421e-07
-1.89511e-07
9.52102e-07
-1.79609e-07
9.29083e-07
-1.66717e-07
9.10761e-07
-1.52872e-07
8.9664e-07
-1.3722e-07
8.82907e-07
-1.20701e-07
8.69837e-07
-1.05297e-07
8.59132e-07
-9.0536e-08
8.4966e-07
-7.56373e-08
8.39799e-07
-6.17401e-08
8.30533e-07
-5.02325e-08
8.24251e-07
-4.13011e-08
8.21837e-07
-3.35303e-08
8.2149e-07
-2.6596e-08
8.20299e-07
-2.02236e-08
8.16477e-07
-1.61509e-08
8.10372e-07
-1.37607e-08
8.0358e-07
-1.32288e-08
7.97808e-07
-1.22059e-08
7.93637e-07
-1.10796e-08
7.91241e-07
-8.87651e-09
7.90022e-07
-6.50535e-09
7.89756e-07
-4.61599e-09
-2.22026e-09
1.0468e-06
1.08732e-07
1.06666e-06
9.81029e-08
1.08387e-06
8.31708e-08
1.09928e-06
6.62397e-08
1.1124e-06
4.74176e-08
1.12287e-06
2.54227e-08
1.13039e-06
-9.35036e-10
1.13256e-06
-2.93631e-08
1.12713e-06
-5.83406e-08
1.11603e-06
-8.72092e-08
1.10291e-06
-1.13487e-07
1.08635e-06
-1.3403e-07
1.06475e-06
-1.50336e-07
1.04263e-06
-1.63174e-07
1.02169e-06
-1.69733e-07
9.99112e-07
-1.69914e-07
9.76517e-07
-1.66916e-07
9.56922e-07
-1.60014e-07
9.38616e-07
-1.48411e-07
9.20673e-07
-1.34929e-07
9.05136e-07
-1.21683e-07
8.91759e-07
-1.07325e-07
8.78205e-07
-9.17429e-08
8.64884e-07
-7.72152e-08
8.54401e-07
-6.51536e-08
8.47321e-07
-5.46605e-08
8.41343e-07
-4.42541e-08
8.34273e-07
-3.42315e-08
8.2615e-07
-2.54072e-08
8.18709e-07
-1.91551e-08
8.13491e-07
-1.50055e-08
8.10393e-07
-1.30528e-08
8.08208e-07
-1.1576e-08
8.05768e-07
-1.07891e-08
8.02669e-07
-9.10637e-09
7.9917e-07
-7.58068e-09
7.95703e-07
-5.40973e-09
7.92862e-07
-3.66468e-09
7.90455e-07
-2.20852e-09
-8.23208e-10
1.04045e-06
8.9927e-08
1.05842e-06
8.01401e-08
1.0743e-06
6.72849e-08
1.08786e-06
5.26791e-08
1.09968e-06
3.56039e-08
1.10907e-06
1.60344e-08
1.11401e-06
-5.88291e-09
1.11489e-06
-3.02402e-08
1.11199e-06
-5.54415e-08
1.1035e-06
-7.87123e-08
1.09037e-06
-1.00365e-07
1.07601e-06
-1.19663e-07
1.05965e-06
-1.3398e-07
1.03986e-06
-1.43381e-07
1.01981e-06
-1.49687e-07
1.00122e-06
-1.51321e-07
9.81779e-07
-1.47477e-07
9.62122e-07
-1.40357e-07
9.4496e-07
-1.3125e-07
9.2931e-07
-1.19279e-07
9.13048e-07
-1.05421e-07
8.97516e-07
-9.17923e-08
8.84858e-07
-7.90852e-08
8.7428e-07
-6.6637e-08
8.63515e-07
-5.43886e-08
8.52181e-07
-4.33273e-08
8.41872e-07
-3.39448e-08
8.34064e-07
-2.64231e-08
8.28748e-07
-2.00921e-08
8.24685e-07
-1.50918e-08
8.20453e-07
-1.07731e-08
8.15431e-07
-8.03073e-09
8.09901e-07
-6.04677e-09
8.04486e-07
-5.37389e-09
7.99853e-07
-4.47359e-09
7.96239e-07
-3.96651e-09
7.93701e-07
-2.87123e-09
7.92019e-07
-1.98297e-09
7.90949e-07
-1.13833e-09
-2.76777e-10
1.03532e-06
7.27187e-08
1.05143e-06
6.40284e-08
1.06573e-06
5.29884e-08
1.07822e-06
4.01899e-08
1.08847e-06
2.53544e-08
1.09614e-06
8.35709e-09
1.10096e-06
-1.06957e-08
1.10169e-06
-3.09722e-08
1.098e-06
-5.17585e-08
1.09139e-06
-7.20946e-08
1.08159e-06
-9.0566e-08
1.06801e-06
-1.06082e-07
1.05289e-06
-1.18867e-07
1.03749e-06
-1.27976e-07
1.02027e-06
-1.32467e-07
1.00194e-06
-1.32991e-07
9.84827e-07
-1.30366e-07
9.68359e-07
-1.23888e-07
9.51217e-07
-1.14109e-07
9.34634e-07
-1.02696e-07
9.19895e-07
-9.06812e-08
9.06124e-07
-7.80221e-08
8.92194e-07
-6.51545e-08
8.78724e-07
-5.31672e-08
8.66951e-07
-4.26156e-08
8.57103e-07
-3.34796e-08
8.48388e-07
-2.52294e-08
8.40078e-07
-1.81128e-08
8.32073e-07
-1.20877e-08
8.24818e-07
-7.83644e-09
8.18796e-07
-4.75173e-09
8.14e-07
-3.23379e-09
8.09984e-07
-2.03159e-09
8.06329e-07
-1.71839e-09
8.02761e-07
-9.05622e-10
7.99417e-07
-6.2241e-10
7.96274e-07
2.71281e-10
7.93725e-07
5.66081e-10
7.91424e-07
1.16261e-09
1.32124e-09
1.03034e-06
5.7015e-08
1.04509e-06
4.92824e-08
1.05826e-06
3.9824e-08
1.06954e-06
2.89042e-08
1.07877e-06
1.61294e-08
1.08556e-06
1.56177e-09
1.08925e-06
-1.4388e-08
1.08986e-06
-3.15836e-08
1.08726e-06
-4.91495e-08
1.08115e-06
-6.599e-08
1.07228e-06
-8.16984e-08
1.06154e-06
-9.53369e-08
1.04868e-06
-1.0601e-07
1.03415e-06
-1.13443e-07
1.01924e-06
-1.1756e-07
1.00401e-06
-1.1776e-07
9.87914e-07
-1.14267e-07
9.71712e-07
-1.07687e-07
9.56157e-07
-9.85538e-08
9.408e-07
-8.73387e-08
9.25227e-07
-7.51083e-08
9.10107e-07
-6.2902e-08
8.96204e-07
-5.12507e-08
8.83443e-07
-4.04069e-08
8.71265e-07
-3.04371e-08
8.59631e-07
-2.18462e-08
8.49012e-07
-1.46098e-08
8.3988e-07
-8.98122e-09
8.32275e-07
-4.4828e-09
8.25829e-07
-1.39005e-09
8.20036e-07
1.04102e-09
8.14573e-07
2.22951e-09
8.09424e-07
3.11685e-09
8.04711e-07
2.99538e-09
8.00618e-07
3.18728e-09
7.97253e-07
2.74218e-09
7.94609e-07
2.91551e-09
7.92638e-07
2.53749e-09
7.91115e-07
2.68514e-09
2.2865e-09
1.02625e-06
4.24972e-08
1.03978e-06
3.57491e-08
1.05185e-06
2.77531e-08
1.06221e-06
1.85459e-08
1.07047e-06
7.87321e-09
1.0763e-06
-4.27005e-09
1.07963e-06
-1.77156e-08
1.08002e-06
-3.19818e-08
1.07746e-06
-4.65868e-08
1.07231e-06
-6.08383e-08
1.06468e-06
-7.4067e-08
1.05486e-06
-8.55186e-08
1.04358e-06
-9.47282e-08
1.03111e-06
-1.00976e-07
1.01743e-06
-1.03876e-07
1.00304e-06
-1.03374e-07
9.88367e-07
-9.9593e-08
9.73116e-07
-9.24361e-08
9.57164e-07
-8.26017e-08
9.41161e-07
-7.13352e-08
9.25622e-07
-5.95696e-08
9.10462e-07
-4.77414e-08
8.95602e-07
-3.63908e-08
8.81459e-07
-2.6264e-08
8.68538e-07
-1.75157e-08
8.57038e-07
-1.03466e-08
8.46787e-07
-4.3585e-09
8.37584e-07
2.21568e-10
8.29389e-07
3.71181e-09
8.22171e-07
5.82831e-09
8.15999e-07
7.2129e-09
8.10846e-07
7.3825e-09
8.0649e-07
7.4731e-09
8.02749e-07
6.73586e-09
7.99427e-07
6.51004e-09
7.96558e-07
5.61055e-09
7.9398e-07
5.4933e-09
7.91911e-07
4.60717e-09
7.9002e-07
4.57574e-09
3.70762e-09
1.0214e-06
2.88269e-08
1.03408e-06
2.3062e-08
1.04527e-06
1.65647e-08
1.05472e-06
9.09892e-09
1.06222e-06
3.732e-10
1.06735e-06
-9.40065e-09
1.07e-06
-2.03662e-08
1.07002e-06
-3.20011e-08
1.06735e-06
-4.39206e-08
1.06218e-06
-5.56627e-08
1.05473e-06
-6.66171e-08
1.04533e-06
-7.61169e-08
1.03425e-06
-8.36473e-08
1.02174e-06
-8.84654e-08
1.00803e-06
-9.01716e-08
9.9327e-07
-8.86137e-08
9.77451e-07
-8.37739e-08
9.60863e-07
-7.58473e-08
9.43895e-07
-6.56341e-08
9.26751e-07
-5.41917e-08
9.09663e-07
-4.24816e-08
8.93133e-07
-3.12113e-08
8.77643e-07
-2.09009e-08
8.63463e-07
-1.20838e-08
8.50668e-07
-4.72057e-09
8.39218e-07
1.10375e-09
8.29156e-07
5.70297e-09
8.20641e-07
8.73699e-09
8.13546e-07
1.08069e-08
8.07697e-07
1.16768e-08
8.02824e-07
1.20863e-08
7.98673e-07
1.15328e-08
7.95122e-07
1.10241e-08
7.92072e-07
9.78617e-09
7.89542e-07
9.03987e-09
7.87493e-07
7.66013e-09
7.8592e-07
7.06613e-09
7.84773e-07
5.75361e-09
7.83935e-07
5.41422e-09
4.17551e-09
1.01047e-06
1.55751e-08
1.0224e-06
1.11369e-08
1.03264e-06
6.31699e-09
1.0409e-06
8.39071e-10
1.04703e-06
-5.75532e-09
1.0508e-06
-1.31678e-08
1.05182e-06
-2.13856e-08
1.04994e-06
-3.01231e-08
1.04515e-06
-3.91294e-08
1.03758e-06
-4.80874e-08
1.02729e-06
-5.63328e-08
1.01458e-06
-6.34038e-08
9.99808e-07
-6.8878e-08
9.83126e-07
-7.17826e-08
9.64622e-07
-7.16679e-08
9.44839e-07
-6.88308e-08
9.24158e-07
-6.30926e-08
9.02961e-07
-5.46507e-08
8.81767e-07
-4.44397e-08
8.61344e-07
-3.37691e-08
8.42381e-07
-2.35183e-08
8.25256e-07
-1.40864e-08
8.10161e-07
-5.80561e-09
7.97148e-07
9.29191e-10
7.86311e-07
6.11667e-09
7.77712e-07
9.70222e-09
7.71128e-07
1.22875e-08
7.66145e-07
1.37194e-08
7.62532e-07
1.44197e-08
7.59997e-07
1.4212e-08
7.584e-07
1.36831e-08
7.57461e-07
1.24718e-08
7.57068e-07
1.14176e-08
7.56968e-07
9.8861e-09
7.57102e-07
8.9059e-09
7.57326e-07
7.43617e-09
7.57645e-07
6.74741e-09
7.57979e-07
5.41914e-09
7.5834e-07
5.05305e-09
3.9049e-09
9.52363e-07
3.4611e-09
9.6236e-07
1.14019e-09
9.70062e-07
-1.38497e-09
9.75311e-07
-4.40944e-09
9.77586e-07
-8.03029e-09
9.7653e-07
-1.21121e-08
9.71765e-07
-1.66204e-08
9.63065e-07
-2.14231e-08
9.5028e-07
-2.63444e-08
9.33422e-07
-3.12294e-08
9.12794e-07
-3.57053e-08
8.8869e-07
-3.93e-08
8.61547e-07
-4.17348e-08
8.32265e-07
-4.25003e-08
8.01699e-07
-4.11022e-08
7.70417e-07
-3.75482e-08
7.39506e-07
-3.21822e-08
7.10278e-07
-2.5422e-08
6.83773e-07
-1.79355e-08
6.6067e-07
-1.06661e-08
6.41477e-07
-4.32454e-09
6.26553e-07
8.36919e-10
6.15953e-07
4.79434e-09
6.09182e-07
7.70058e-09
6.05717e-07
9.58184e-09
6.04866e-07
1.05532e-08
6.06241e-07
1.09121e-08
6.09234e-07
1.07268e-08
6.13393e-07
1.02602e-08
6.18118e-07
9.48711e-09
6.23134e-07
8.66708e-09
6.27957e-07
7.64874e-09
6.32619e-07
6.7557e-09
6.36776e-07
5.72917e-09
6.40704e-07
4.97819e-09
6.44053e-07
4.08738e-09
6.47243e-07
3.55703e-09
6.49852e-07
2.80972e-09
6.52383e-07
2.52282e-09
1.84924e-09
6.43175e-07
6.44315e-07
6.4293e-07
6.38521e-07
6.30491e-07
6.18379e-07
6.01758e-07
5.80335e-07
5.53991e-07
5.22761e-07
4.87056e-07
4.47756e-07
4.06021e-07
3.63521e-07
3.22419e-07
2.8487e-07
2.52688e-07
2.27266e-07
2.09331e-07
1.98665e-07
1.9434e-07
1.95177e-07
1.99971e-07
2.07672e-07
2.17254e-07
2.27807e-07
2.38719e-07
2.49446e-07
2.59706e-07
2.69193e-07
2.7786e-07
2.85509e-07
2.92265e-07
2.97994e-07
3.02972e-07
3.07059e-07
3.10617e-07
3.13426e-07
3.15949e-07
)
;

boundaryField
{
    inlet
    {
        type            calculated;
        value           nonuniform List<scalar> 
20
(
-1e-06
-1e-06
-1e-06
-1e-06
-1e-06
-1e-06
-1e-06
-1e-06
-1e-06
-1e-06
-1e-06
-1e-06
-1e-06
-1e-06
-1e-06
-1e-06
-1e-06
-1e-06
-1e-06
-1e-06
)
;
    }
    outlet
    {
        type            calculated;
        value           nonuniform List<scalar> 
27
(
8.03885e-07
8.01291e-07
8.02164e-07
8.07741e-07
7.9801e-07
7.88513e-07
8.07486e-07
7.80686e-07
7.92454e-07
7.86385e-07
7.89983e-07
7.89058e-07
7.90402e-07
7.89826e-07
7.9015e-07
7.88599e-07
7.83467e-07
7.58611e-07
6.54438e-07
3.17798e-07
3.18308e-07
6.48944e-07
7.44896e-07
7.63741e-07
7.67226e-07
7.68041e-07
7.67896e-07
)
;
    }
    lowerWall
    {
        type            calculated;
        value           uniform 0;
    }
    upperWall
    {
        type            calculated;
        value           uniform 0;
    }
    defaultFaces
    {
        type            empty;
        value           nonuniform List<scalar> 0();
    }
}


// ************************************************************************* //
