/*--------------------------------*- C++ -*----------------------------------*\
| =========                 |                                                 |
| \\      /  F ield         | OpenFOAM: The Open Source CFD Toolbox           |
|  \\    /   O peration     | Version:  2112                                  |
|   \\  /    A nd           | Website:  www.openfoam.com                      |
|    \\/     M anipulation  |                                                 |
\*---------------------------------------------------------------------------*/
FoamFile
{
    version     2.0;
    format      ascii;
    arch        "LSB;label=32;scalar=64";
    class       volVectorField;
    location    "0.01";
    object      U;
}
// * * * * * * * * * * * * * * * * * * * * * * * * * * * * * * * * * * * * * //

dimensions      [0 1 -1 0 0 0 0];

internalField   nonuniform List<vector> 
1880
(
(0.0850497 0.000580254 0)
(0.1077 0.000468045 0)
(0.0958348 0.000189958 0)
(0.0976596 0.000112623 0)
(0.0984044 7.50634e-05 0)
(0.0981961 5.54418e-05 0)
(0.09802 4.72458e-05 0)
(0.0979263 4.52394e-05 0)
(0.0978375 4.68323e-05 0)
(0.0977396 5.08684e-05 0)
(0.0976309 5.6853e-05 0)
(0.0975078 6.48437e-05 0)
(0.0973659 7.52357e-05 0)
(0.0972012 8.79042e-05 0)
(0.0970078 0.000103433 0)
(0.096779 0.000122642 0)
(0.0965073 0.000146097 0)
(0.0961824 0.000175185 0)
(0.0957919 0.000211435 0)
(0.0953191 0.000256717 0)
(0.0947422 0.000314452 0)
(0.094032 0.000389409 0)
(0.0931475 0.000488686 0)
(0.0920274 0.000624219 0)
(0.0905889 0.00082012 0)
(0.0886517 0.00111133 0)
(0.0861492 0.00163346 0)
(0.081996 0.00239702 0)
(0.0779066 0.00461887 0)
(0.0656946 0.00677157 0)
(0.0856452 0.000627827 0)
(0.108981 0.000533041 0)
(0.0975425 0.000386141 0)
(0.0994522 0.000248894 0)
(0.100299 0.000181656 0)
(0.10013 0.000149674 0)
(0.0999685 0.000135861 0)
(0.099883 0.000133966 0)
(0.099799 0.000140309 0)
(0.099704 0.000153065 0)
(0.0995976 0.000171878 0)
(0.0994769 0.000196301 0)
(0.0993375 0.000227343 0)
(0.0991754 0.000265896 0)
(0.0989854 0.0003128 0)
(0.0987611 0.000370559 0)
(0.098495 0.000441388 0)
(0.0981779 0.000528441 0)
(0.0977976 0.000636693 0)
(0.0973392 0.000772307 0)
(0.0967834 0.000944136 0)
(0.0961042 0.00116542 0)
(0.0952675 0.0014562 0)
(0.0942283 0.00184784 0)
(0.0929249 0.00239494 0)
(0.0912923 0.00317885 0)
(0.0892016 0.00441967 0)
(0.0868 0.0061857 0)
(0.0834485 0.0100447 0)
(0.0816949 0.0133526 0)
(0.0856152 0.000317267 0)
(0.108858 0.000416884 0)
(0.0974422 0.000351864 0)
(0.0993998 0.000289046 0)
(0.100271 0.000244416 0)
(0.100121 0.000219411 0)
(0.0999734 0.000210317 0)
(0.0998983 0.00021355 0)
(0.0998227 0.000227005 0)
(0.0997357 0.000249171 0)
(0.099637 0.000280632 0)
(0.0995242 0.000321324 0)
(0.0993942 0.000371794 0)
(0.0992428 0.000434599 0)
(0.0990656 0.000511391 0)
(0.0988572 0.00060495 0)
(0.0986107 0.000719433 0)
(0.0983182 0.000860132 0)
(0.0979704 0.00103399 0)
(0.0975541 0.00125046 0)
(0.0970542 0.00152293 0)
(0.0964525 0.00187038 0)
(0.0957255 0.00232028 0)
(0.0948457 0.00291317 0)
(0.0937791 0.0037108 0)
(0.0925098 0.00480412 0)
(0.0909589 0.00634459 0)
(0.0893596 0.00848815 0)
(0.0870167 0.0116903 0)
(0.086242 0.0155452 0)
(0.0855865 0.000262441 0)
(0.108769 0.000387586 0)
(0.0973674 0.000369021 0)
(0.0993474 0.00032625 0)
(0.100239 0.00029349 0)
(0.100106 0.000276068 0)
(0.099973 0.000273385 0)
(0.09991 0.000282987 0)
(0.0998449 0.000304549 0)
(0.099768 0.000336965 0)
(0.0996802 0.000380024 0)
(0.0995786 0.000435696 0)
(0.0994613 0.000505046 0)
(0.0993256 0.000589668 0)
(0.0991666 0.000692869 0)
(0.0989801 0.000818695 0)
(0.0987614 0.000971848 0)
(0.0985039 0.00115912 0)
(0.0981997 0.00138892 0)
(0.0978402 0.0016729 0)
(0.0974158 0.00202717 0)
(0.0969147 0.0024731 0)
(0.0963241 0.00304042 0)
(0.0956336 0.0037711 0)
(0.0948318 0.00472455 0)
(0.0939439 0.00598172 0)
(0.092907 0.00766368 0)
(0.0921412 0.00988607 0)
(0.0906598 0.0129832 0)
(0.0917594 0.0166373 0)
(0.085575 0.000203566 0)
(0.108727 0.000353177 0)
(0.0973261 0.000362926 0)
(0.0993162 0.000342114 0)
(0.10022 0.000324582 0)
(0.100101 0.000317612 0)
(0.0999804 0.000323637 0)
(0.0999295 0.000341467 0)
(0.0998767 0.000370667 0)
(0.0998112 0.000412849 0)
(0.0997358 0.000467916 0)
(0.0996492 0.000536706 0)
(0.0995482 0.000621947 0)
(0.0994307 0.000725993 0)
(0.0992946 0.000852138 0)
(0.0991362 0.00100512 0)
(0.0989511 0.00119014 0)
(0.0987353 0.00141488 0)
(0.0984842 0.0016891 0)
(0.0981924 0.00202517 0)
(0.0978545 0.00243932 0)
(0.0974658 0.00295312 0)
(0.0970235 0.00359542 0)
(0.0965298 0.00440453 0)
(0.0959896 0.00543039 0)
(0.095449 0.00673694 0)
(0.0948635 0.0084039 0)
(0.0946677 0.0105208 0)
(0.093864 0.0131805 0)
(0.0955862 0.0163538 0)
(0.0855695 0.00017084 0)
(0.108706 0.000329098 0)
(0.0973036 0.000355996 0)
(0.0993007 0.000349522 0)
(0.100213 0.000344826 0)
(0.100105 0.000348018 0)
(0.0999968 0.000361429 0)
(0.099957 0.000387541 0)
(0.0999163 0.000425489 0)
(0.0998652 0.000475956 0)
(0.099804 0.00054089 0)
(0.0997326 0.000621562 0)
(0.0996506 0.000720321 0)
(0.0995558 0.000840294 0)
(0.0994457 0.000984812 0)
(0.0993181 0.00115872 0)
(0.0991712 0.0013684 0)
(0.0990028 0.00162159 0)
(0.09881 0.00192766 0)
(0.0985905 0.00229877 0)
(0.0983437 0.00275086 0)
(0.0980708 0.00330403 0)
(0.0977755 0.00398325 0)
(0.0974686 0.00481996 0)
(0.0971641 0.00585286 0)
(0.0969176 0.00712749 0)
(0.0966914 0.00869152 0)
(0.0969036 0.0106023 0)
(0.0965824 0.0128688 0)
(0.098671 0.0155187 0)
(0.0855664 0.000147297 0)
(0.108696 0.000308856 0)
(0.0972938 0.000347347 0)
(0.0992963 0.000351109 0)
(0.100217 0.000354795 0)
(0.100117 0.000367164 0)
(0.10002 0.000388775 0)
(0.0999935 0.000421435 0)
(0.0999651 0.000466593 0)
(0.0999266 0.000524876 0)
(0.0998814 0.000598124 0)
(0.0998286 0.000688553 0)
(0.0997669 0.000797927 0)
(0.0996952 0.000929412 0)
(0.0996131 0.00108741 0)
(0.0995198 0.00127683 0)
(0.099414 0.00150375 0)
(0.0992946 0.00177519 0)
(0.0991614 0.00210033 0)
(0.0990156 0.00249102 0)
(0.0988597 0.00296151 0)
(0.0986982 0.00352862 0)
(0.0985394 0.0042127 0)
(0.0983994 0.005038 0)
(0.098297 0.00603218 0)
(0.0982878 0.00722564 0)
(0.0983393 0.00864163 0)
(0.0988288 0.0103178 0)
(0.0988701 0.012209 0)
(0.10108 0.0143982 0)
(0.0855646 0.000128925 0)
(0.108692 0.000289869 0)
(0.0972927 0.000334259 0)
(0.099299 0.000346028 0)
(0.100228 0.000357088 0)
(0.100139 0.000376013 0)
(0.100051 0.000404655 0)
(0.100035 0.000443427 0)
(0.10002 0.00049427 0)
(0.0999968 0.000559071 0)
(0.0999677 0.000638976 0)
(0.0999324 0.000735888 0)
(0.0998915 0.000852416 0)
(0.0998453 0.0009922 0)
(0.0997931 0.00115933 0)
(0.0997344 0.00135794 0)
(0.0996695 0.00159382 0)
(0.0995994 0.00187414 0)
(0.0995258 0.00220755 0)
(0.0994516 0.00260419 0)
(0.0993813 0.00307561 0)
(0.099322 0.00363557 0)
(0.0992849 0.00430015 0)
(0.099288 0.0050869 0)
(0.0993516 0.00601359 0)
(0.099527 0.00709822 0)
(0.099785 0.00834774 0)
(0.100453 0.00978616 0)
(0.100752 0.0113375 0)
(0.102947 0.0131168 0)
(0.0855636 0.000111718 0)
(0.108692 0.000269195 0)
(0.0972969 0.000317587 0)
(0.0993097 0.000334403 0)
(0.100246 0.000351831 0)
(0.100165 0.000375845 0)
(0.100087 0.000408994 0)
(0.100083 0.000453096 0)
(0.100081 0.000509224 0)
(0.100071 0.000578295 0)
(0.100058 0.000662005 0)
(0.100042 0.000763075 0)
(0.100023 0.000884322 0)
(0.100002 0.00102862 0)
(0.0999788 0.00119929 0)
(0.0999543 0.00140091 0)
(0.0999302 0.0016392 0)
(0.0999083 0.00192047 0)
(0.0998914 0.00225198 0)
(0.0998836 0.00264215 0)
(0.0998911 0.00310031 0)
(0.0999227 0.00363733 0)
(0.0999907 0.0042651 0)
(0.100113 0.00499533 0)
(0.100308 0.00583814 0)
(0.100622 0.00680237 0)
(0.101029 0.00788437 0)
(0.101801 0.00909884 0)
(0.102287 0.0103572 0)
(0.104348 0.0117838 0)
(0.0855627 9.44128e-05 0)
(0.108695 0.000245136 0)
(0.0973054 0.000295753 0)
(0.0993239 0.000315983 0)
(0.100268 0.000337273 0)
(0.100196 0.00036611 0)
(0.100128 0.000403871 0)
(0.100135 0.000451412 0)
(0.100145 0.000510193 0)
(0.10015 0.000581845 0)
(0.100152 0.000668074 0)
(0.100155 0.000771103 0)
(0.100157 0.000893338 0)
(0.10016 0.00103767 0)
(0.100165 0.00120759 0)
(0.100174 0.00140748 0)
(0.100189 0.00164209 0)
(0.100212 0.0019167 0)
(0.100247 0.00223747 0)
(0.1003 0.00261133 0)
(0.100377 0.00304585 0)
(0.100487 0.00354893 0)
(0.100643 0.00412838 0)
(0.100861 0.00479125 0)
(0.101159 0.00554226 0)
(0.101573 0.00638424 0)
(0.102084 0.00730769 0)
(0.102909 0.00831955 0)
(0.103518 0.00933634 0)
(0.105423 0.0104609 0)
(0.0855622 7.57428e-05 0)
(0.1087 0.000216023 0)
(0.0973168 0.000266637 0)
(0.0993419 0.000290151 0)
(0.100295 0.000315262 0)
(0.100231 0.000347565 0)
(0.100173 0.000388302 0)
(0.100189 0.000438185 0)
(0.100211 0.000498497 0)
(0.100229 0.000571168 0)
(0.100247 0.000657543 0)
(0.100267 0.000759578 0)
(0.10029 0.000879893 0)
(0.100316 0.00102105 0)
(0.100349 0.00118636 0)
(0.100389 0.00137967 0)
(0.100439 0.00160488 0)
(0.100504 0.00186653 0)
(0.100586 0.00216978 0)
(0.100692 0.00251999 0)
(0.100829 0.00292291 0)
(0.101005 0.00338411 0)
(0.101233 0.00390822 0)
(0.101527 0.00449879 0)
(0.101901 0.00515685 0)
(0.102387 0.00588116 0)
(0.102967 0.00665944 0)
(0.103812 0.00749408 0)
(0.104503 0.00830961 0)
(0.106233 0.00919258 0)
(0.085562 5.41818e-05 0)
(0.108706 0.000180466 0)
(0.0973314 0.000230708 0)
(0.0993635 0.000257043 0)
(0.100324 0.0002854 0)
(0.100269 0.000320304 0)
(0.100219 0.000362978 0)
(0.100245 0.000414256 0)
(0.100278 0.000474956 0)
(0.100309 0.000546792 0)
(0.100341 0.000631207 0)
(0.100377 0.000729916 0)
(0.100419 0.000845442 0)
(0.100467 0.000980233 0)
(0.100524 0.00113725 0)
(0.100593 0.00131967 0)
(0.100676 0.00153085 0)
(0.100777 0.00177468 0)
(0.100901 0.00205515 0)
(0.101053 0.00237625 0)
(0.101241 0.00274206 0)
(0.101472 0.00315622 0)
(0.101758 0.00362136 0)
(0.10211 0.00413855 0)
(0.102541 0.00470631 0)
(0.103075 0.00532096 0)
(0.103699 0.00596932 0)
(0.104543 0.00665106 0)
(0.105283 0.00730083 0)
(0.106842 0.00798683 0)
(0.0855621 2.87914e-05 0)
(0.108715 0.000137456 0)
(0.0973492 0.000186801 0)
(0.0993882 0.000216055 0)
(0.100356 0.000247775 0)
(0.100309 0.000285212 0)
(0.100267 0.000329303 0)
(0.100301 0.000380891 0)
(0.100344 0.00044059 0)
(0.100385 0.000509728 0)
(0.100431 0.00059003 0)
(0.100482 0.000683363 0)
(0.10054 0.000791703 0)
(0.100608 0.000917375 0)
(0.100688 0.00106292 0)
(0.100782 0.00123091 0)
(0.100894 0.00142416 0)
(0.101028 0.00164598 0)
(0.101188 0.00189948 0)
(0.101379 0.00218757 0)
(0.101609 0.00251297 0)
(0.101885 0.00287763 0)
(0.102215 0.00328263 0)
(0.102612 0.00372759 0)
(0.103084 0.0042097 0)
(0.10365 0.00472407 0)
(0.104299 0.00525782 0)
(0.10513 0.0058088 0)
(0.105897 0.00632208 0)
(0.107295 0.00684948 0)
(0.0855631 -1.4868e-06 0)
(0.108727 8.56035e-05 0)
(0.0973709 0.000134306 0)
(0.0994168 0.000167534 0)
(0.100392 0.00020326 0)
(0.10035 0.00024352 0)
(0.100315 0.000288506 0)
(0.100357 0.000339225 0)
(0.100407 0.000396511 0)
(0.100458 0.00046146 0)
(0.100515 0.000535974 0)
(0.100579 0.000621829 0)
(0.100653 0.000720705 0)
(0.100738 0.000834698 0)
(0.100838 0.000965921 0)
(0.100954 0.0011166 0)
(0.101091 0.00128913 0)
(0.101252 0.0014859 0)
(0.101443 0.00170932 0)
(0.101667 0.00196153 0)
(0.101931 0.00224423 0)
(0.102242 0.00255838 0)
(0.102607 0.00290397 0)
(0.103037 0.00327968 0)
(0.103537 0.00368193 0)
(0.104123 0.00410551 0)
(0.104785 0.00453855 0)
(0.105595 0.00497827 0)
(0.106374 0.00537914 0)
(0.107626 0.00577969 0)
(0.0855649 -4.04507e-05 0)
(0.108744 2.31063e-05 0)
(0.0973989 7.29203e-05 0)
(0.0994505 0.00011247 0)
(0.100431 0.000153421 0)
(0.100394 0.000196643 0)
(0.100362 0.000241974 0)
(0.100409 0.000290729 0)
(0.100466 0.000344276 0)
(0.100525 0.000403701 0)
(0.100591 0.000470838 0)
(0.100666 0.000547276 0)
(0.100753 0.000634653 0)
(0.100853 0.000734777 0)
(0.10097 0.00084937 0)
(0.101106 0.000980333 0)
(0.101264 0.00112978 0)
(0.101448 0.00129936 0)
(0.101663 0.00149068 0)
(0.101914 0.00170531 0)
(0.102206 0.00194421 0)
(0.102544 0.00220775 0)
(0.102937 0.00249535 0)
(0.10339 0.00280518 0)
(0.103909 0.00313342 0)
(0.104506 0.00347507 0)
(0.105173 0.00381973 0)
(0.10596 0.00416489 0)
(0.106741 0.00447367 0)
(0.107866 0.00477352 0)
(0.0855701 -9.12994e-05 0)
(0.108771 -5.15102e-05 0)
(0.0974371 5.23034e-06 0)
(0.099492 5.39886e-05 0)
(0.100475 0.000101134 0)
(0.100439 0.000147015 0)
(0.100409 0.000192004 0)
(0.100459 0.000237722 0)
(0.10052 0.00028599 0)
(0.100585 0.000338404 0)
(0.100658 0.000396488 0)
(0.100743 0.000461774 0)
(0.10084 0.000535859 0)
(0.100953 0.000620274 0)
(0.101083 0.000716504 0)
(0.101234 0.00082597 0)
(0.10141 0.000950284 0)
(0.101613 0.00109073 0)
(0.101848 0.00124845 0)
(0.10212 0.00142455 0)
(0.102433 0.00161949 0)
(0.102793 0.00183313 0)
(0.103205 0.00206457 0)
(0.103675 0.00231195 0)
(0.104207 0.00257183 0)
(0.104809 0.0028398 0)
(0.105477 0.00310703 0)
(0.10624 0.00337113 0)
(0.107018 0.00360361 0)
(0.108037 0.00382345 0)
(0.0855802 -0.000175144 0)
(0.108818 -0.000147793 0)
(0.0974924 -7.79044e-05 0)
(0.0995428 -1.12393e-05 0)
(0.100524 4.71357e-05 0)
(0.100484 9.70588e-05 0)
(0.100453 0.000141037 0)
(0.100503 0.00018231 0)
(0.100567 0.000223705 0)
(0.100635 0.000267341 0)
(0.100714 0.000314733 0)
(0.100806 0.000367407 0)
(0.100912 0.000426688 0)
(0.101034 0.000493811 0)
(0.101176 0.000570123 0)
(0.101339 0.00065674 0)
(0.101529 0.000754634 0)
(0.101746 0.00086479 0)
(0.101997 0.000988062 0)
(0.102285 0.00112505 0)
(0.102614 0.00127599 0)
(0.102989 0.00144064 0)
(0.103415 0.00161807 0)
(0.103897 0.00180647 0)
(0.104437 0.00200293 0)
(0.105041 0.00220373 0)
(0.105706 0.0024022 0)
(0.106449 0.00259599 0)
(0.107222 0.00276408 0)
(0.108155 0.00291941 0)
(0.0856092 -0.000250721 0)
(0.10891 -0.000237816 0)
(0.0975764 -0.000133993 0)
(0.0996156 -5.55186e-05 0)
(0.100583 6.11598e-06 0)
(0.100532 5.39821e-05 0)
(0.100494 9.28427e-05 0)
(0.100541 0.000126933 0)
(0.100605 0.000159424 0)
(0.100676 0.000192463 0)
(0.100758 0.000227647 0)
(0.100854 0.000266376 0)
(0.100966 0.000309714 0)
(0.101096 0.000358538 0)
(0.101246 0.00041374 0)
(0.101419 0.000476234 0)
(0.101618 0.000546666 0)
(0.101847 0.000625656 0)
(0.102109 0.00071388 0)
(0.102408 0.000811619 0)
(0.102749 0.000918882 0)
(0.103135 0.00103545 0)
(0.103571 0.00116051 0)
(0.10406 0.00129265 0)
(0.104605 0.00142979 0)
(0.105209 0.00156886 0)
(0.10587 0.0017053 0)
(0.106597 0.00183709 0)
(0.107363 0.00194952 0)
(0.108233 0.00204951 0)
(0.0856377 -0.000586811 0)
(0.109036 -0.000424791 0)
(0.0976837 -0.00025319 0)
(0.0996736 -0.000106951 0)
(0.100623 -3.03985e-05 0)
(0.100561 1.54109e-05 0)
(0.100516 4.79724e-05 0)
(0.10056 7.30362e-05 0)
(0.100622 9.4687e-05 0)
(0.100694 0.000115594 0)
(0.100779 0.000137393 0)
(0.100878 0.000161073 0)
(0.100994 0.000187375 0)
(0.101129 0.000216965 0)
(0.101284 0.000250319 0)
(0.101463 0.000287962 0)
(0.101669 0.000330343 0)
(0.101905 0.000377762 0)
(0.102174 0.000430601 0)
(0.102481 0.000489089 0)
(0.10283 0.000553162 0)
(0.103223 0.000622609 0)
(0.103665 0.000696873 0)
(0.104158 0.000774927 0)
(0.104706 0.000855674 0)
(0.105309 0.000937192 0)
(0.105968 0.00101657 0)
(0.106683 0.00109241 0)
(0.107442 0.00115615 0)
(0.108274 0.00120454 0)
(0.0850432 -0.000570026 0)
(0.107757 -0.000436916 0)
(0.095979 -0.000153057 0)
(0.0978871 -7.06885e-05 0)
(0.0987347 -2.80689e-05 0)
(0.098634 -2.53788e-06 0)
(0.0985742 1.27818e-05 0)
(0.0986104 2.2815e-05 0)
(0.0986686 3.05984e-05 0)
(0.0987385 3.77397e-05 0)
(0.0988224 4.50672e-05 0)
(0.0989217 5.29202e-05 0)
(0.0990376 6.15423e-05 0)
(0.0991722 7.12562e-05 0)
(0.0993277 8.22485e-05 0)
(0.0995068 9.46135e-05 0)
(0.0997123 0.000108501 0)
(0.0999477 0.000124048 0)
(0.100216 0.000141358 0)
(0.100522 0.00016049 0)
(0.100868 0.000181391 0)
(0.101258 0.000204013 0)
(0.101695 0.000228212 0)
(0.102182 0.000253525 0)
(0.102722 0.00027959 0)
(0.103314 0.000305886 0)
(0.103959 0.000331396 0)
(0.104655 0.000355304 0)
(0.105394 0.00037635 0)
(0.106186 0.000384531 0)
(0.060492 0.0192251 0)
(0.0774531 0.025804 0)
(0.0840284 0.0305576 0)
(0.0915966 0.0345355 1.2818e-21)
(0.0986071 0.0377755 1.05579e-21)
(0.107539 0.0413946 0)
(0.115501 0.0424996 4.00389e-22)
(0.134794 0.0543535 -2.93545e-22)
(0.156393 0.0210202 1.80206e-21)
(0.205816 0.0898528 0)
(0.07703 0.0284329 0)
(0.086167 0.035098 0)
(0.0899195 0.0403738 0)
(0.0958282 0.0444447 0)
(0.102277 0.0477122 0)
(0.110779 0.0512523 2.94409e-22)
(0.118446 0.0523416 8.51855e-23)
(0.141536 0.0559038 -1.41578e-22)
(0.136066 0.0500685 -1.26896e-21)
(0.191196 0.028407 -6.77917e-22)
(0.0830216 0.0225513 0)
(0.0906656 0.0252384 0)
(0.0958357 0.0282461 0)
(0.102493 0.0306137 0)
(0.109869 0.0323821 0)
(0.118383 0.0336277 -2.94408e-22)
(0.128969 0.0321897 -8.51864e-23)
(0.141035 0.0328389 1.41583e-22)
(0.158827 0.0129345 5.89818e-22)
(0.169045 0.0160766 6.7803e-22)
(0.0898955 0.0225566 -6.3897e-22)
(0.095753 0.0266133 0)
(0.0997478 0.0304247 -5.17614e-22)
(0.104994 0.0332432 -4.43453e-22)
(0.110971 0.0350281 -3.49803e-22)
(0.118069 0.0357017 0)
(0.125941 0.0344644 0)
(0.136477 0.03083 7.83043e-23)
(0.144037 0.0223658 2.84625e-22)
(0.150197 0.00800602 3.33399e-22)
(0.0941102 0.0203787 6.38975e-22)
(0.0992861 0.0225187 0)
(0.103423 0.0245358 5.17617e-22)
(0.108498 0.0256754 4.43455e-22)
(0.114414 0.0259546 3.49805e-22)
(0.121062 0.0251872 0)
(0.128544 0.0226608 0)
(0.13624 0.0187134 -7.83057e-23)
(0.14247 0.00922231 -2.84638e-22)
(0.145148 6.09948e-05 -3.33408e-22)
(0.0977752 0.018607 0)
(0.102265 0.0205144 -4.95946e-22)
(0.106062 0.0222483 0)
(0.11039 0.0232788 -3.84907e-22)
(0.115342 0.0234101 0)
(0.120779 0.0224632 0)
(0.126616 0.020073 0)
(0.132134 0.015672 1.6477e-23)
(0.135901 0.00848506 0)
(0.137018 0.000697368 0)
(0.100536 0.0167136 5.06344e-22)
(0.104484 0.0180055 9.62896e-22)
(0.108023 0.0190538 4.2122e-22)
(0.111819 0.0194344 3.84909e-22)
(0.116192 0.01901 0)
(0.120883 0.017704 -2.25526e-22)
(0.12559 0.0151265 0)
(0.129592 0.0109923 -1.64771e-23)
(0.13205 0.00530471 0)
(0.132368 -0.000795576 0)
(0.102736 0.0148133 -5.06346e-22)
(0.106195 0.0157861 -4.6695e-22)
(0.109422 0.0164866 -4.21221e-22)
(0.112683 0.0166473 0)
(0.116391 0.0161051 0)
(0.120198 0.0146988 2.25527e-22)
(0.123835 0.012177 0)
(0.126722 0.00853819 0)
(0.128375 0.00394351 0)
(0.128369 -0.000929699 0)
(0.104407 0.0130207 0)
(0.107495 0.0137507 -4.21389e-22)
(0.11042 0.0141341 0)
(0.113203 0.0140552 -3.42115e-22)
(0.116287 0.0133442 0)
(0.11938 0.0118651 0)
(0.12223 0.00957153 -1.87934e-22)
(0.124356 0.00648555 -1.4339e-22)
(0.125461 0.00281903 0)
(0.1253 -0.00105286 -9.92905e-23)
(0.105719 0.0113889 0)
(0.10844 0.0119336 4.2139e-22)
(0.111026 0.0120635 0)
(0.113402 0.0117987 3.42116e-22)
(0.115962 0.0110181 0)
(0.118462 0.00962332 0)
(0.120705 0.00761061 1.87934e-22)
(0.122295 0.00501761 1.4339e-22)
(0.123065 0.0020533 0)
(0.122851 -0.00102048 9.92909e-23)
(0.106726 0.00987494 2.07356e-22)
(0.109122 0.0102455 0)
(0.111361 0.010208 0)
(0.113389 0.00984063 1.6591e-22)
(0.115519 0.009059 0)
(0.117551 0.00779113 0)
(0.119338 0.00605983 0)
(0.12055 0.00389744 9.85407e-23)
(0.121111 0.00150484 0)
(0.120894 -0.000952819 0)
(0.107477 0.00848832 -5.93143e-24)
(0.109579 0.00870375 0)
(0.111508 0.00856423 1.78271e-22)
(0.113244 0.0081565 -7.61405e-25)
(0.115028 0.00741526 0)
(0.116697 0.00629761 0)
(0.118137 0.00483068 1.21004e-22)
(0.119084 0.00303756 -9.85409e-23)
(0.119516 0.0011082 9.82651e-23)
(0.119318 -0.000870473 9.35158e-23)
(0.108023 0.00721437 -4.45061e-24)
(0.109863 0.00731147 0)
(0.11153 0.00711679 -1.81631e-24)
(0.113026 0.0067084 -7.30073e-26)
(0.114535 0.00603367 1.52725e-22)
(0.115924 0.00506984 -1.39798e-22)
(0.117104 0.00384206 6.45882e-24)
(0.117864 0.00236597 1.16442e-22)
(0.118216 0.000813556 9.06221e-24)
(0.118041 -0.000787784 8.88874e-24)
(0.108411 0.00604172 -1.96974e-22)
(0.11002 0.0060591 0)
(0.111474 0.00584175 -1.76455e-22)
(0.112777 0.00545762 -1.65076e-22)
(0.114069 0.0048645 -1.52725e-22)
(0.115245 0.00404973 2.83354e-22)
(0.116228 0.00303553 -1.27464e-22)
(0.116858 0.00183262 -1.16443e-22)
(0.117158 0.000588918 -1.07328e-22)
(0.117006 -0.000708493 -1.02405e-22)
(0.108682 0.00495872 0)
(0.110089 0.00492996 0)
(0.111373 0.00471258 0)
(0.112526 0.00436831 0)
(0.11365 0.00386402 0)
(0.114664 0.00319055 -1.43556e-22)
(0.115501 0.00236715 0)
(0.116038 0.00140124 0)
(0.116301 0.000413795 0)
(0.116171 -0.000631929 0)
(0.108866 0.00395177 0)
(0.110105 0.00390174 0)
(0.111255 0.00370136 0)
(0.112293 0.00340707 0)
(0.11329 0.00299413 0)
(0.114183 0.00245415 -7.47062e-23)
(0.11491 0.00180284 0)
(0.115381 0.00104523 0)
(0.115617 0.000275092 0)
(0.115507 -0.000554074 0)
(0.108989 0.00300604 0)
(0.110092 0.00295177 0)
(0.111137 0.00278093 8.7521e-23)
(0.112092 0.00254348 0)
(0.112996 0.00222219 7.98271e-23)
(0.113799 0.00180891 7.47062e-23)
(0.114446 0.00131547 0)
(0.114871 0.000744882 6.78264e-23)
(0.115084 0.000164953 0)
(0.114992 -0.000468018 0)
(0.109068 0.00210514 0)
(0.110065 0.00205777 0)
(0.111034 0.0019258 -8.7521e-23)
(0.111932 0.00174979 0)
(0.112771 0.00151836 -7.98271e-23)
(0.113512 0.00122359 0)
(0.114104 0.000877236 0)
(0.114495 0.000479845 -6.78264e-23)
(0.114689 7.42771e-05 0)
(0.114614 -0.000368825 0)
(0.109096 0.0012327 -2.34695e-23)
(0.110017 0.00119107 -2.27758e-23)
(0.110932 0.0011017 -2.19851e-23)
(0.111791 0.000990865 0)
(0.112584 0.000851092 -2.02423e-23)
(0.113281 0.000676891 0)
(0.113836 0.000467761 -1.84152e-23)
(0.1142 0.000229445 0)
(0.114377 -1.46745e-05 -1.66474e-23)
(0.1143 -0.000268845 -1.58417e-23)
(0.106958 0.000378937 2.34671e-23)
(0.107745 0.000346886 2.27734e-23)
(0.108513 0.000308749 2.19826e-23)
(0.109215 0.000268183 0)
(0.109835 0.000220655 2.02398e-23)
(0.11034 0.000164361 0)
(0.11069 9.20291e-05 1.84126e-23)
(0.110849 1.02518e-05 0)
(0.11082 -7.53141e-05 1.66447e-23)
(0.11053 -0.000150214 1.5839e-23)
(0.00440641 -0.00350911 0)
(0.0171265 -0.00512605 0)
(0.0319214 -0.00457299 0)
(0.0443733 -0.00403532 0)
(0.055025 -0.00334643 0)
(0.0636688 -0.0026671 0)
(0.0704791 -0.00208353 0)
(0.0757759 -0.00161564 0)
(0.0798834 -0.0012534 0)
(0.0830785 -0.000977385 0)
(0.0855801 -0.000767951 0)
(0.0875548 -0.000608644 0)
(0.0891272 -0.000486664 0)
(0.0903898 -0.000392257 0)
(0.0914118 -0.000318486 0)
(0.0922449 -0.000260427 0)
(0.0929284 -0.000214261 0)
(0.093492 -0.00017718 0)
(0.0939593 -0.000147234 0)
(0.0943483 -0.000122867 0)
(0.0946734 -0.000102799 0)
(0.0949458 -8.61685e-05 0)
(0.0951747 -7.24156e-05 0)
(0.0953673 -6.10301e-05 0)
(0.0955296 -5.15308e-05 0)
(0.0956667 -4.35521e-05 0)
(0.0957825 -3.6824e-05 0)
(0.0958805 -3.11217e-05 0)
(0.0959634 -2.6268e-05 0)
(0.0960334 -2.21357e-05 0)
(0.0960923 -1.86229e-05 0)
(0.0961418 -1.5634e-05 0)
(0.0961832 -1.3077e-05 0)
(0.0962177 -1.08645e-05 0)
(0.0962461 -8.9188e-06 0)
(0.0962694 -7.19029e-06 0)
(0.0962876 -5.6279e-06 0)
(0.0963024 -4.18293e-06 0)
(0.0963123 -2.99764e-06 0)
(0.0963196 -1.25782e-06 0)
(0.00350771 -0.0106079 0)
(0.0171559 -0.0165105 0)
(0.0339572 -0.0144832 0)
(0.0469889 -0.0127431 0)
(0.0581362 -0.010509 0)
(0.0670322 -0.00833991 0)
(0.0739539 -0.00649955 0)
(0.0792998 -0.00503484 0)
(0.0834331 -0.00390563 0)
(0.0866473 -0.00304695 0)
(0.0891669 -0.00239576 0)
(0.0911598 -0.00190011 0)
(0.0927505 -0.00152024 0)
(0.0940308 -0.00122627 0)
(0.0950692 -0.000996491 0)
(0.0959172 -0.000815288 0)
(0.0966141 -0.000671036 0)
(0.0971897 -0.000555121 0)
(0.0976674 -0.000461318 0)
(0.0980656 -0.000384877 0)
(0.0983987 -0.000322096 0)
(0.098678 -0.000270233 0)
(0.0989127 -0.000227266 0)
(0.0991103 -0.000191551 0)
(0.099277 -0.000161701 0)
(0.0994178 -0.000136623 0)
(0.0995369 -0.000115482 0)
(0.0996377 -9.76073e-05 0)
(0.099723 -8.24494e-05 0)
(0.0997949 -6.95633e-05 0)
(0.0998555 -5.85816e-05 0)
(0.0999063 -4.91867e-05 0)
(0.099949 -4.10999e-05 0)
(0.0999845 -3.40801e-05 0)
(0.100014 -2.79311e-05 0)
(0.100038 -2.24969e-05 0)
(0.100057 -1.76462e-05 0)
(0.100072 -1.31734e-05 0)
(0.100082 -9.51927e-06 0)
(0.10009 -4.03495e-06 0)
(0.000865925 -0.0176314 0)
(0.0153421 -0.0292401 0)
(0.0357329 -0.0248551 0)
(0.0488755 -0.0216862 0)
(0.0602269 -0.0176342 0)
(0.0689323 -0.0138443 0)
(0.0755189 -0.0107185 0)
(0.0805303 -0.0082754 0)
(0.0843809 -0.00641242 0)
(0.0873735 -0.00500421 0)
(0.0897258 -0.00393906 0)
(0.0915941 -0.00312855 0)
(0.0930924 -0.00250669 0)
(0.0943042 -0.00202494 0)
(0.0952913 -0.00164783 0)
(0.0961006 -0.00134976 0)
(0.0967679 -0.00111207 0)
(0.0973208 -0.00092083 0)
(0.0977807 -0.000765741 0)
(0.098165 -0.000639128 0)
(0.098487 -0.000535159 0)
(0.0987574 -0.000449331 0)
(0.098985 -0.000378138 0)
(0.0991768 -0.000318809 0)
(0.0993387 -0.000269145 0)
(0.0994756 -0.000227413 0)
(0.0995915 -0.00019224 0)
(0.0996897 -0.000162516 0)
(0.0997727 -0.000137333 0)
(0.0998428 -0.000115937 0)
(0.0999018 -9.76844e-05 0)
(0.0999514 -8.20268e-05 0)
(0.099993 -6.85082e-05 0)
(0.100028 -5.67631e-05 0)
(0.100056 -4.64954e-05 0)
(0.10008 -3.74435e-05 0)
(0.100098 -2.93876e-05 0)
(0.100113 -2.19689e-05 0)
(0.100123 -1.59202e-05 0)
(0.10013 -6.7748e-06 0)
(-0.00343902 -0.0164245 0)
(0.0122338 -0.0442899 0)
(0.0389764 -0.0365049 0)
(0.052096 -0.0311683 0)
(0.0636767 -0.0247272 0)
(0.071937 -0.0190834 0)
(0.0779147 -0.0146293 0)
(0.0823703 -0.0112427 0)
(0.0857728 -0.00870129 0)
(0.0884235 -0.00679592 0)
(0.0905213 -0.00535937 0)
(0.0922016 -0.00426648 0)
(0.0935608 -0.00342652 0)
(0.094669 -0.00277416 0)
(0.0955784 -0.00226208 0)
(0.0963286 -0.00185617 0)
(0.0969507 -0.00153163 0)
(0.0974685 -0.00126995 0)
(0.097901 -0.00105728 0)
(0.0982635 -0.000883332 0)
(0.0985682 -0.000740274 0)
(0.0988247 -0.000621998 0)
(0.0990409 -0.000523733 0)
(0.0992236 -0.00044174 0)
(0.099378 -0.000373064 0)
(0.0995087 -0.000315348 0)
(0.0996195 -0.000266684 0)
(0.0997134 -0.000225527 0)
(0.0997928 -0.000190629 0)
(0.09986 -0.000160953 0)
(0.0999166 -0.000135618 0)
(0.0999642 -0.000113876 0)
(0.100004 -9.51156e-05 0)
(0.100037 -7.88371e-05 0)
(0.100065 -6.46121e-05 0)
(0.100087 -5.20593e-05 0)
(0.100105 -4.08733e-05 0)
(0.100119 -3.05598e-05 0)
(0.100129 -2.21437e-05 0)
(0.100136 -9.43741e-06 0)
(-0.0124506 -0.0336038 0)
(0.00320093 -0.0643732 0)
(0.0442467 -0.0507589 0)
(0.0572749 -0.04112 0)
(0.068805 -0.0314875 0)
(0.0761272 -0.023767 0)
(0.0811161 -0.0180064 0)
(0.0847649 -0.0137755 0)
(0.0875581 -0.0106594 0)
(0.0897613 -0.00834264 0)
(0.091533 -0.00659972 0)
(0.092975 -0.00527201 0)
(0.0941586 -0.00424827 0)
(0.0951361 -0.00345003 0)
(0.0959471 -0.00282098 0)
(0.0966225 -0.00232037 0)
(0.0971868 -0.00191856 0)
(0.0976597 -0.00159355 0)
(0.098057 -0.00132872 0)
(0.0983916 -0.00111157 0)
(0.0986739 -0.000932567 0)
(0.0989123 -0.000784289 0)
(0.0991139 -0.000660897 0)
(0.0992846 -0.000557802 0)
(0.0994292 -0.000471354 0)
(0.0995519 -0.000398624 0)
(0.0996559 -0.000337246 0)
(0.0997442 -0.000285309 0)
(0.099819 -0.000241246 0)
(0.0998823 -0.000203744 0)
(0.0999357 -0.000171698 0)
(0.0999806 -0.00014419 0)
(0.100018 -0.00012046 0)
(0.10005 -9.98685e-05 0)
(0.100076 -8.18623e-05 0)
(0.100097 -6.59634e-05 0)
(0.100114 -5.17955e-05 0)
(0.100127 -3.87364e-05 0)
(0.100136 -2.80777e-05 0)
(0.100143 -1.19847e-05 0)
(0.0141717 0.00748904 0)
(0.0119865 -0.0842733 0)
(0.0550935 -0.0667599 0)
(0.066004 -0.0508386 0)
(0.0760069 -0.0373201 0)
(0.0815477 -0.0274825 0)
(0.0850507 -0.0206 0)
(0.08762 -0.0157276 0)
(0.0896549 -0.0121993 0)
(0.0913242 -0.0095894 0)
(0.0927152 -0.00762337 0)
(0.0938816 -0.00611918 0)
(0.0948624 -0.00495289 0)
(0.0956886 -0.00403813 0)
(0.0963853 -0.00331326 0)
(0.0969733 -0.00273345 0)
(0.0974699 -0.00226587 0)
(0.0978898 -0.0018861 0)
(0.0982453 -0.00157558 0)
(0.0985465 -0.00132019 0)
(0.098802 -0.00110908 0)
(0.0990187 -0.000933787 0)
(0.0992027 -0.00078764 0)
(0.099359 -0.00066532 0)
(0.0994917 -0.000562592 0)
(0.0996045 -0.00047606 0)
(0.0997005 -0.000402972 0)
(0.099782 -0.000341076 0)
(0.0998511 -0.000288511 0)
(0.0999097 -0.000243731 0)
(0.0999591 -0.000205443 0)
(0.100001 -0.000172568 0)
(0.100036 -0.000144198 0)
(0.100065 -0.000119568 0)
(0.100089 -9.80227e-05 0)
(0.100109 -7.89979e-05 0)
(0.100124 -6.20447e-05 0)
(0.100137 -4.64143e-05 0)
(0.100145 -3.36491e-05 0)
(0.100152 -1.43772e-05 0)
(0.101346 -0.0727737 0)
(0.0320801 -0.110694 0)
(0.0780958 -0.0957481 0)
(0.0800257 -0.0638922 0)
(0.085567 -0.0425471 0)
(0.0880671 -0.0299967 0)
(0.0895163 -0.0222144 0)
(0.0907688 -0.0169858 0)
(0.0919445 -0.0132586 0)
(0.093031 -0.0104993 0)
(0.0940123 -0.00840621 0)
(0.0948828 -0.00679083 0)
(0.0956452 -0.00552738 0)
(0.0963073 -0.00452828 0)
(0.0968791 -0.00373073 0)
(0.0973707 -0.00308871 0)
(0.0977921 -0.00256808 0)
(0.0981528 -0.00214311 0)
(0.0984613 -0.00179416 0)
(0.0987248 -0.00150612 0)
(0.0989499 -0.00126726 0)
(0.0991419 -0.0010684 0)
(0.0993057 -0.000902186 0)
(0.0994453 -0.000762789 0)
(0.0995644 -0.000645535 0)
(0.0996659 -0.000546639 0)
(0.0997524 -0.000463003 0)
(0.099826 -0.000392087 0)
(0.0998886 -0.000331799 0)
(0.0999416 -0.000280399 0)
(0.0999865 -0.000236425 0)
(0.100024 -0.000198643 0)
(0.100056 -0.000166021 0)
(0.100083 -0.000137686 0)
(0.100105 -0.000112895 0)
(0.100123 -9.10028e-05 0)
(0.100137 -7.14896e-05 0)
(0.100148 -5.34899e-05 0)
(0.100156 -3.87832e-05 0)
(0.100162 -1.65819e-05 0)
(0.271759 -0.0472515 0)
(0.223277 -0.0680728 0)
(0.152919 -0.0707386 0)
(0.119224 -0.0524847 0)
(0.103254 -0.0380141 0)
(0.0966912 -0.0286428 0)
(0.0945293 -0.0221223 0)
(0.0941103 -0.0173606 0)
(0.0943502 -0.0137903 0)
(0.0948357 -0.011062 0)
(0.0953987 -0.00894688 0)
(0.0959647 -0.00728772 0)
(0.0964996 -0.0059729 0)
(0.0969887 -0.00492168 0)
(0.0974271 -0.00407468 0)
(0.0978146 -0.00338744 0)
(0.0981542 -0.00282634 0)
(0.0984499 -0.00236563 0)
(0.0987063 -0.00198545 0)
(0.0989278 -0.00167028 0)
(0.0991188 -0.00140795 0)
(0.099283 -0.00118882 0)
(0.0994239 -0.00100518 0)
(0.0995447 -0.000850822 0)
(0.0996481 -0.000720731 0)
(0.0997366 -0.000610815 0)
(0.0998123 -0.000517717 0)
(0.0998769 -0.000438677 0)
(0.0999319 -0.000371413 0)
(0.0999787 -0.000314011 0)
(0.100018 -0.000264858 0)
(0.100052 -0.000222596 0)
(0.10008 -0.000186085 0)
(0.100103 -0.000154362 0)
(0.100123 -0.000126599 0)
(0.100139 -0.000102073 0)
(0.100151 -8.02011e-05 0)
(0.100162 -6.0015e-05 0)
(0.100168 -4.35159e-05 0)
(0.100173 -1.86112e-05 0)
(0.16654 -0.0639714 0)
(0.127652 -0.0528518 0)
(0.112665 -0.0362903 0)
(0.105476 -0.0335186 0)
(0.10165 -0.0303741 0)
(0.0992828 -0.0257057 0)
(0.0977516 -0.0210479 0)
(0.096919 -0.0170746 0)
(0.0966078 -0.0138593 0)
(0.0966198 -0.0112926 0)
(0.0968097 -0.00924442 0)
(0.0970873 -0.00760351 0)
(0.0973991 -0.00628159 0)
(0.0977145 -0.00521047 0)
(0.0980165 -0.00433779 0)
(0.0982961 -0.00362312 0)
(0.0985497 -0.00303497 0)
(0.0987763 -0.00254877 0)
(0.0989768 -0.00214523 0)
(0.099153 -0.00180906 0)
(0.0993068 -0.00152806 0)
(0.0994406 -0.00129248 0)
(0.0995563 -0.00109444 0)
(0.0996563 -0.000927548 0)
(0.0997424 -0.000786573 0)
(0.0998164 -0.000667226 0)
(0.09988 -0.000565971 0)
(0.0999345 -0.000479888 0)
(0.099981 -0.000406538 0)
(0.100021 -0.000343869 0)
(0.100054 -0.000290153 0)
(0.100083 -0.000243933 0)
(0.100107 -0.000203982 0)
(0.100127 -0.000169254 0)
(0.100143 -0.00013885 0)
(0.100157 -0.000111976 0)
(0.100168 -8.79952e-05 0)
(0.100177 -6.58542e-05 0)
(0.100183 -4.77523e-05 0)
(0.100187 -2.0427e-05 0)
(0.166698 -0.0158054 0)
(0.140869 -0.0371216 0)
(0.125062 -0.040452 0)
(0.115596 -0.0351581 0)
(0.108454 -0.0290315 0)
(0.103759 -0.0239846 0)
(0.101042 -0.0198568 0)
(0.0995121 -0.016421 0)
(0.0986894 -0.0135732 0)
(0.0982978 -0.0112305 0)
(0.098166 -0.0093103 0)
(0.0981871 -0.00773742 0)
(0.0982946 -0.00644719 0)
(0.0984467 -0.00538612 0)
(0.0986176 -0.00451094 0)
(0.0987918 -0.00378677 0)
(0.09896 -0.0031856 0)
(0.0991172 -0.00268493 0)
(0.099261 -0.00226675 0)
(0.0993907 -0.0019165 0)
(0.0995062 -0.00162239 0)
(0.0996082 -0.00137484 0)
(0.0996976 -0.00116605 0)
(0.0997756 -0.000989582 0)
(0.0998434 -0.000840155 0)
(0.0999021 -0.000713385 0)
(0.0999528 -0.000605641 0)
(0.0999965 -0.000513899 0)
(0.100034 -0.000435618 0)
(0.100066 -0.000368654 0)
(0.100093 -0.000311196 0)
(0.100116 -0.000261719 0)
(0.100136 -0.000218927 0)
(0.100152 -0.000181708 0)
(0.100166 -0.000149104 0)
(0.100177 -0.000120269 0)
(0.100186 -9.45258e-05 0)
(0.100193 -7.07501e-05 0)
(0.100198 -5.13086e-05 0)
(0.100201 -2.19551e-05 0)
(0.14759 -0.0177354 0)
(0.135189 -0.0255735 0)
(0.123833 -0.0263571 0)
(0.115798 -0.0258286 0)
(0.110154 -0.0239389 0)
(0.10615 -0.0211238 0)
(0.103421 -0.0181649 0)
(0.101633 -0.0154196 0)
(0.100502 -0.0130027 0)
(0.0998178 -0.0109313 0)
(0.0994299 -0.00918084 0)
(0.0992349 -0.00771193 0)
(0.0991627 -0.00648333 0)
(0.0991668 -0.00545676 0)
(0.0992161 -0.00459875 0)
(0.0992902 -0.0038809 0)
(0.0993761 -0.00327938 0)
(0.0994654 -0.00277446 0)
(0.0995532 -0.00234987 0)
(0.0996363 -0.0019922 0)
(0.0997131 -0.0016904 0)
(0.0997828 -0.00143531 0)
(0.0998453 -0.00121939 0)
(0.0999007 -0.00103635 0)
(0.0999495 -0.000880944 0)
(0.0999923 -0.000748808 0)
(0.10003 -0.000636287 0)
(0.100062 -0.000540316 0)
(0.10009 -0.000458306 0)
(0.100114 -0.000388063 0)
(0.100135 -0.00032773 0)
(0.100152 -0.000275734 0)
(0.100167 -0.000230732 0)
(0.100179 -0.000191565 0)
(0.10019 -0.000157231 0)
(0.100198 -0.000126849 0)
(0.100205 -9.97123e-05 0)
(0.10021 -7.46419e-05 0)
(0.100214 -5.41391e-05 0)
(0.100216 -2.31747e-05 0)
(0.140329 -0.0120984 0)
(0.131757 -0.0200288 0)
(0.123768 -0.0226061 0)
(0.117168 -0.0222958 0)
(0.111979 -0.0207792 0)
(0.108108 -0.0187071 0)
(0.10533 -0.0164581 0)
(0.103388 -0.0142662 0)
(0.102058 -0.0122494 0)
(0.101165 -0.0104562 0)
(0.100581 -0.00889451 0)
(0.100211 -0.00755166 0)
(0.0999861 -0.00640579 0)
(0.0998602 -0.00543239 0)
(0.0997996 -0.00460754 0)
(0.0997814 -0.00390937 0)
(0.0997898 -0.0033186 0)
(0.0998143 -0.0028186 0)
(0.0998477 -0.00239518 0)
(0.0998853 -0.00203635 0)
(0.0999239 -0.00173201 0)
(0.0999614 -0.00147367 0)
(0.0999968 -0.00125418 0)
(0.100029 -0.00106752 0)
(0.100059 -0.000908603 0)
(0.100086 -0.000773164 0)
(0.100109 -0.000657597 0)
(0.10013 -0.000558854 0)
(0.100148 -0.000474347 0)
(0.100164 -0.000401872 0)
(0.100177 -0.000339557 0)
(0.100189 -0.000285806 0)
(0.100199 -0.000239247 0)
(0.100207 -0.000198695 0)
(0.100214 -0.000163124 0)
(0.10022 -0.00013163 0)
(0.100225 -0.000103487 0)
(0.100229 -7.7479e-05 0)
(0.100231 -5.62064e-05 0)
(0.100232 -2.40685e-05 0)
(0.13332 -0.00828378 0)
(0.127759 -0.0144601 0)
(0.122342 -0.0173696 0)
(0.117238 -0.01812 0)
(0.112866 -0.0175882 0)
(0.1094 -0.0163275 0)
(0.106757 -0.0147223 0)
(0.104792 -0.0130246 0)
(0.103361 -0.0113778 0)
(0.102335 -0.00985496 0)
(0.101609 -0.00848728 0)
(0.101102 -0.00728164 0)
(0.100752 -0.00623168 0)
(0.100516 -0.00532461 0)
(0.100358 -0.00454505 0)
(0.100257 -0.00387733 0)
(0.100194 -0.00330665 0)
(0.100158 -0.00281953 0)
(0.10014 -0.00240403 0)
(0.100134 -0.00204973 0)
(0.100135 -0.00174767 0)
(0.100141 -0.00149011 0)
(0.10015 -0.00127045 0)
(0.10016 -0.00108303 0)
(0.10017 -0.000923017 0)
(0.100181 -0.000786309 0)
(0.10019 -0.000669415 0)
(0.100199 -0.000569358 0)
(0.100208 -0.000483594 0)
(0.100215 -0.000409946 0)
(0.100222 -0.000346554 0)
(0.100227 -0.000291822 0)
(0.100232 -0.000244374 0)
(0.100236 -0.000203015 0)
(0.10024 -0.000166713 0)
(0.100243 -0.000134553 0)
(0.100245 -0.000105803 0)
(0.100247 -7.92257e-05 0)
(0.100249 -5.74833e-05 0)
(0.100249 -2.46232e-05 0)
(0.128789 -0.00688627 0)
(0.124867 -0.0113679 0)
(0.12101 -0.013954 0)
(0.117009 -0.0149779 0)
(0.113331 -0.014918 0)
(0.110264 -0.0141788 0)
(0.107812 -0.0130581 0)
(0.105899 -0.011767 0)
(0.104436 -0.010444 0)
(0.103334 -0.00917081 0)
(0.102512 -0.00799136 0)
(0.101902 -0.00692542 0)
(0.101454 -0.00597798 0)
(0.101125 -0.00514548 0)
(0.100885 -0.00441979 0)
(0.10071 -0.00379075 0)
(0.100583 -0.00324766 0)
(0.100491 -0.0027801 0)
(0.100425 -0.00237836 0)
(0.100378 -0.00203367 0)
(0.100344 -0.00173824 0)
(0.100319 -0.0014852 0)
(0.100302 -0.00126856 0)
(0.10029 -0.00108309 0)
(0.100282 -0.000924283 0)
(0.100276 -0.000788276 0)
(0.100272 -0.000671735 0)
(0.100269 -0.000571799 0)
(0.100268 -0.000486005 0)
(0.100267 -0.000412235 0)
(0.100266 -0.000348667 0)
(0.100266 -0.000293731 0)
(0.100266 -0.000246064 0)
(0.100266 -0.000204482 0)
(0.100266 -0.00016796 0)
(0.100266 -0.000135589 0)
(0.100266 -0.000106637 0)
(0.100266 -7.98617e-05 0)
(0.100267 -5.79539e-05 0)
(0.100266 -2.48307e-05 0)
(0.125346 -0.00542041 0)
(0.122446 -0.00888494 0)
(0.119645 -0.0111899 0)
(0.116524 -0.0123561 0)
(0.113472 -0.0126121 0)
(0.1108 -0.0122468 0)
(0.108569 -0.0114956 0)
(0.106755 -0.0105343 0)
(0.10531 -0.00948761 0)
(0.104175 -0.00843759 0)
(0.103293 -0.00743392 0)
(0.102612 -0.006504 0)
(0.102087 -0.00566051 0)
(0.101684 -0.00490676 0)
(0.101374 -0.00424042 0)
(0.101136 -0.00365595 0)
(0.100952 -0.00314623 0)
(0.10081 -0.00270363 0)
(0.1007 -0.00232057 0)
(0.100614 -0.00198987 0)
(0.100546 -0.00170494 0)
(0.100493 -0.0014598 0)
(0.100451 -0.00124909 0)
(0.100418 -0.0010681 0)
(0.100391 -0.000912692 0)
(0.10037 -0.000779263 0)
(0.100353 -0.000664691 0)
(0.100339 -0.000566265 0)
(0.100327 -0.000481635 0)
(0.100318 -0.000408771 0)
(0.10031 -0.000345915 0)
(0.100304 -0.00029154 0)
(0.100299 -0.000244319 0)
(0.100295 -0.000203095 0)
(0.100291 -0.000166863 0)
(0.100289 -0.000134732 0)
(0.100287 -0.000105982 0)
(0.100285 -7.93821e-05 0)
(0.100284 -5.7614e-05 0)
(0.100283 -2.46888e-05 0)
(0.122757 -0.00444772 0)
(0.120514 -0.00712986 0)
(0.118409 -0.00908574 0)
(0.115947 -0.0102317 0)
(0.113417 -0.0106524 0)
(0.111104 -0.0105349 0)
(0.109098 -0.010055 0)
(0.107406 -0.00935345 0)
(0.10601 -0.00853685 0)
(0.104875 -0.00768121 0)
(0.103962 -0.00683703 0)
(0.103233 -0.00603533 0)
(0.102652 -0.00529345 0)
(0.10219 -0.00461946 0)
(0.101823 -0.00401535 0)
(0.101531 -0.00347927 0)
(0.101297 -0.00300712 0)
(0.101111 -0.00259369 0)
(0.10096 -0.00223333 0)
(0.100839 -0.00192034 0)
(0.100741 -0.00164927 0)
(0.100661 -0.00141502 0)
(0.100596 -0.00121289 0)
(0.100542 -0.0010387 0)
(0.100498 -0.000888709 0)
(0.100462 -0.00075962 0)
(0.100432 -0.000648544 0)
(0.100407 -0.00055295 0)
(0.100386 -0.000470631 0)
(0.100368 -0.000399666 0)
(0.100354 -0.000338381 0)
(0.100342 -0.000285314 0)
(0.100332 -0.000239188 0)
(0.100324 -0.000198891 0)
(0.100317 -0.00016345 0)
(0.100312 -0.000132004 0)
(0.100307 -0.000103854 0)
(0.100304 -7.77982e-05 0)
(0.100302 -5.64715e-05 0)
(0.100299 -2.42009e-05 0)
(0.120739 -0.00367081 0)
(0.118949 -0.00579028 0)
(0.11732 -0.00743163 0)
(0.115353 -0.00849191 0)
(0.113247 -0.00898509 0)
(0.11125 -0.00902568 0)
(0.109456 -0.00874039 0)
(0.107894 -0.00823906 0)
(0.106564 -0.00761015 0)
(0.10545 -0.0069205 0)
(0.104528 -0.00621792 0)
(0.10377 -0.0055342 0)
(0.103149 -0.00488902 0)
(0.102643 -0.00429342 0)
(0.10223 -0.00375237 0)
(0.101892 -0.00326682 0)
(0.101616 -0.00283508 0)
(0.10139 -0.00245396 0)
(0.101205 -0.00211947 0)
(0.101052 -0.00182726 0)
(0.100925 -0.00157291 0)
(0.100821 -0.00135215 0)
(0.100734 -0.00116096 0)
(0.100661 -0.000995665 0)
(0.100601 -0.000852943 0)
(0.10055 -0.000729823 0)
(0.100508 -0.000623669 0)
(0.100472 -0.000532153 0)
(0.100442 -0.00045323 0)
(0.100417 -0.000385109 0)
(0.100396 -0.000326217 0)
(0.100379 -0.000275173 0)
(0.100364 -0.000230769 0)
(0.100352 -0.000191947 0)
(0.100342 -0.000157782 0)
(0.100334 -0.000127452 0)
(0.100327 -0.000100289 0)
(0.100322 -7.51365e-05 0)
(0.100319 -5.45458e-05 0)
(0.100315 -2.33757e-05 0)
(0.119142 -0.00306016 0)
(0.117679 -0.00475087 0)
(0.116383 -0.00611367 0)
(0.114785 -0.00705768 0)
(0.113019 -0.00756354 0)
(0.111289 -0.00769721 0)
(0.109689 -0.0075473 0)
(0.108255 -0.00719729 0)
(0.106999 -0.00671864 0)
(0.105919 -0.00616838 0)
(0.105002 -0.00558944 0)
(0.10423 -0.00501236 0)
(0.103583 -0.00445744 0)
(0.103043 -0.00393721 0)
(0.102593 -0.00345854 0)
(0.102219 -0.00302431 0)
(0.101907 -0.00263469 0)
(0.101647 -0.0022881 0)
(0.10143 -0.00198192 0)
(0.101249 -0.00171294 0)
(0.101097 -0.00147769 0)
(0.10097 -0.00127264 0)
(0.100863 -0.00109444 0)
(0.100773 -0.00093991 0)
(0.100698 -0.000806131 0)
(0.100634 -0.000690466 0)
(0.10058 -0.000590545 0)
(0.100534 -0.00050426 0)
(0.100496 -0.000429747 0)
(0.100464 -0.000365356 0)
(0.100436 -0.000309632 0)
(0.100414 -0.000261288 0)
(0.100394 -0.000219198 0)
(0.100378 -0.000182374 0)
(0.100365 -0.000149948 0)
(0.100355 -0.000121147 0)
(0.100346 -9.53427e-05 0)
(0.10034 -7.14385e-05 0)
(0.100335 -5.18672e-05 0)
(0.100331 -2.22272e-05 0)
(0.117864 -0.00256548 0)
(0.116649 -0.00392025 0)
(0.115591 -0.00504236 0)
(0.114267 -0.00586149 0)
(0.112769 -0.00634399 0)
(0.111263 -0.00652532 0)
(0.109832 -0.00646597 0)
(0.108516 -0.00622806 0)
(0.107336 -0.00586799 0)
(0.106298 -0.00543312 0)
(0.105395 -0.00496076 0)
(0.104619 -0.00447883 0)
(0.103956 -0.00400695 0)
(0.103392 -0.00355806 0)
(0.102914 -0.00314001 0)
(0.10251 -0.00275692 0)
(0.102169 -0.00241024 0)
(0.10188 -0.00209963 0)
(0.101636 -0.00182354 0)
(0.10143 -0.00157972 0)
(0.101256 -0.00136549 0)
(0.101108 -0.00117805 0)
(0.100983 -0.00101461 0)
(0.100877 -0.000872466 0)
(0.100788 -0.000749113 0)
(0.100712 -0.000642236 0)
(0.100647 -0.000549738 0)
(0.100593 -0.000469741 0)
(0.100547 -0.000400569 0)
(0.100507 -0.000340727 0)
(0.100474 -0.000288888 0)
(0.100446 -0.000243875 0)
(0.100423 -0.000204655 0)
(0.100404 -0.000170318 0)
(0.100388 -0.000140067 0)
(0.100375 -0.000113184 0)
(0.100364 -8.90886e-05 0)
(0.100356 -6.67594e-05 0)
(0.100351 -4.84759e-05 0)
(0.100345 -2.07737e-05 0)
(0.116836 -0.00215669 0)
(0.115816 -0.00323936 0)
(0.114928 -0.00415403 0)
(0.11381 -0.00484977 0)
(0.112522 -0.00528811 0)
(0.111199 -0.00548606 0)
(0.109913 -0.00548404 0)
(0.108704 -0.00532734 0)
(0.107596 -0.00505963 0)
(0.1066 -0.00471934 0)
(0.105718 -0.00433802 0)
(0.104945 -0.00394021 0)
(0.104273 -0.003544 0)
(0.103693 -0.00316192 0)
(0.103194 -0.00280208 0)
(0.102766 -0.00246923 0)
(0.1024 -0.00216566 0)
(0.102087 -0.00189186 0)
(0.10182 -0.0016471 0)
(0.101593 -0.00142989 0)
(0.101399 -0.00123825 0)
(0.101233 -0.00106997 0)
(0.101092 -0.000922785 0)
(0.100972 -0.000794445 0)
(0.10087 -0.000682815 0)
(0.100783 -0.000585904 0)
(0.100709 -0.000501892 0)
(0.100646 -0.000429133 0)
(0.100593 -0.000366144 0)
(0.100548 -0.000311595 0)
(0.100509 -0.000264297 0)
(0.100477 -0.000223193 0)
(0.10045 -0.000187353 0)
(0.100427 -0.000155957 0)
(0.100408 -0.000128282 0)
(0.100393 -0.000103678 0)
(0.100381 -8.16171e-05 0)
(0.100372 -6.1167e-05 0)
(0.100365 -4.44218e-05 0)
(0.100359 -1.90378e-05 0)
(0.116011 -0.00181035 0)
(0.115148 -0.00266644 0)
(0.114384 -0.00340158 0)
(0.113417 -0.00398005 0)
(0.112292 -0.00436311 0)
(0.111116 -0.00455694 0)
(0.109951 -0.00458799 0)
(0.108835 -0.00448868 0)
(0.107793 -0.00429212 0)
(0.106839 -0.00402885 0)
(0.10598 -0.00372487 0)
(0.105215 -0.00340108 0)
(0.10454 -0.00307346 0)
(0.103949 -0.00275356 0)
(0.103434 -0.00244919 0)
(0.102987 -0.00216528 0)
(0.102602 -0.0019045 0)
(0.102269 -0.00166787 0)
(0.101983 -0.00145526 0)
(0.101737 -0.00126573 0)
(0.101526 -0.00109789 0)
(0.101345 -0.000950043 0)
(0.10119 -0.000820363 0)
(0.101057 -0.000707018 0)
(0.100944 -0.000608225 0)
(0.100847 -0.000522307 0)
(0.100765 -0.000447715 0)
(0.100695 -0.000383033 0)
(0.100635 -0.000326977 0)
(0.100584 -0.000278385 0)
(0.100541 -0.000236215 0)
(0.100504 -0.000199541 0)
(0.100473 -0.000167542 0)
(0.100448 -0.000139495 0)
(0.100427 -0.000114762 0)
(0.10041 -9.2764e-05 0)
(0.100396 -7.30343e-05 0)
(0.100385 -5.47409e-05 0)
(0.100378 -3.97625e-05 0)
(0.100371 -1.70454e-05 0)
(0.115358 -0.00150755 0)
(0.114621 -0.00217092 0)
(0.113944 -0.00274965 0)
(0.113089 -0.00321866 0)
(0.11209 -0.0035413 0)
(0.11103 -0.00371754 0)
(0.109964 -0.00376428 0)
(0.108926 -0.00370424 0)
(0.107941 -0.00356204 0)
(0.107026 -0.00336135 0)
(0.106189 -0.00312302 0)
(0.105434 -0.00286432 0)
(0.104759 -0.00259882 0)
(0.104161 -0.00233666 0)
(0.103635 -0.00208499 0)
(0.103175 -0.00184849 0)
(0.102773 -0.00162989 0)
(0.102424 -0.00143048 0)
(0.102122 -0.00125049 0)
(0.101861 -0.00108943 0)
(0.101636 -0.000946327 0)
(0.101442 -0.000819908 0)
(0.101275 -0.000708756 0)
(0.101132 -0.000611399 0)
(0.101009 -0.000526385 0)
(0.100904 -0.000452337 0)
(0.100814 -0.000387967 0)
(0.100737 -0.000332088 0)
(0.100671 -0.000283615 0)
(0.100616 -0.00024156 0)
(0.100568 -0.000205035 0)
(0.100528 -0.000173248 0)
(0.100495 -0.000145498 0)
(0.100466 -0.000121164 0)
(0.100443 -9.96949e-05 0)
(0.100424 -8.0595e-05 0)
(0.100409 -6.346e-05 0)
(0.100398 -4.75707e-05 0)
(0.100389 -3.4563e-05 0)
(0.100382 -1.48253e-05 0)
(0.114851 -0.00123231 0)
(0.114216 -0.00172956 0)
(0.113599 -0.00217108 0)
(0.112824 -0.00253877 0)
(0.111918 -0.00279938 0)
(0.11095 -0.00294958 0)
(0.109962 -0.00299981 0)
(0.108987 -0.00296559 0)
(0.10805 -0.00286473 0)
(0.107168 -0.00271505 0)
(0.106353 -0.00253273 0)
(0.105608 -0.0023315 0)
(0.104935 -0.00212244 0)
(0.104334 -0.00191404 0)
(0.1038 -0.00171243 0)
(0.103329 -0.00152177 0)
(0.102915 -0.0013446 0)
(0.102553 -0.00118225 0)
(0.102238 -0.00103515 0)
(0.101965 -0.000903079 0)
(0.101728 -0.000785406 0)
(0.101523 -0.000681204 0)
(0.101346 -0.000589393 0)
(0.101194 -0.00050883 0)
(0.101063 -0.000438373 0)
(0.100951 -0.000376924 0)
(0.100855 -0.000323449 0)
(0.100773 -0.000276985 0)
(0.100703 -0.000236646 0)
(0.100643 -0.000201622 0)
(0.100592 -0.000171182 0)
(0.100549 -0.000144675 0)
(0.100513 -0.000121524 0)
(0.100482 -0.000101214 0)
(0.100457 -8.32897e-05 0)
(0.100437 -6.73387e-05 0)
(0.10042 -5.30258e-05 0)
(0.100408 -3.97547e-05 0)
(0.100399 -2.88943e-05 0)
(0.100391 -1.24085e-05 0)
(0.114472 -0.000970891 0)
(0.113917 -0.00132445 0)
(0.113338 -0.00164469 0)
(0.112619 -0.00191865 0)
(0.111782 -0.00211762 0)
(0.11088 -0.00223677 0)
(0.109952 -0.00228217 0)
(0.109027 -0.00226402 0)
(0.108129 -0.00219471 0)
(0.107275 -0.00208707 0)
(0.106477 -0.00195308 0)
(0.105741 -0.00180313 0)
(0.105072 -0.00164578 0)
(0.104469 -0.00148771 0)
(0.10393 -0.00133384 0)
(0.103451 -0.00118758 0)
(0.103028 -0.00105107 0)
(0.102656 -0.000925511 0)
(0.102331 -0.000811392 0)
(0.102048 -0.000708669 0)
(0.101802 -0.000616935 0)
(0.101589 -0.000535541 0)
(0.101404 -0.000463703 0)
(0.101245 -0.000400573 0)
(0.101108 -0.000345292 0)
(0.10099 -0.00029703 0)
(0.100889 -0.000254995 0)
(0.100802 -0.000218444 0)
(0.100728 -0.000186689 0)
(0.100665 -0.0001591 0)
(0.100611 -0.000135109 0)
(0.100565 -0.000114208 0)
(0.100527 -9.59456e-05 0)
(0.100495 -7.9919e-05 0)
(0.100469 -6.57702e-05 0)
(0.100447 -5.31764e-05 0)
(0.10043 -4.18743e-05 0)
(0.100417 -3.13984e-05 0)
(0.100407 -2.28305e-05 0)
(0.100399 -9.82623e-06 0)
(0.114205 -0.000712235 0)
(0.11371 -0.00094094 0)
(0.113153 -0.00115319 0)
(0.112469 -0.00134037 0)
(0.11168 -0.00147916 0)
(0.110826 -0.00156456 0)
(0.109941 -0.00159971 0)
(0.109052 -0.00159086 0)
(0.108182 -0.00154602 0)
(0.107349 -0.00147378 0)
(0.106565 -0.00138233 0)
(0.105838 -0.00127892 0)
(0.105172 -0.00116959 0)
(0.104568 -0.00105912 0)
(0.104025 -0.00095107 0)
(0.103541 -0.000847956 0)
(0.103111 -0.000751406 0)
(0.102733 -0.00066236 0)
(0.102401 -0.00058124 0)
(0.10211 -0.000508077 0)
(0.101857 -0.000442631 0)
(0.101638 -0.000384476 0)
(0.101447 -0.000333083 0)
(0.101283 -0.000287871 0)
(0.101141 -0.000248245 0)
(0.101019 -0.000213624 0)
(0.100914 -0.00018345 0)
(0.100824 -0.000157196 0)
(0.100747 -0.000134374 0)
(0.100681 -0.000114537 0)
(0.100625 -9.7279e-05 0)
(0.100578 -8.22393e-05 0)
(0.100538 -6.90945e-05 0)
(0.100505 -5.75565e-05 0)
(0.100477 -4.73683e-05 0)
(0.100455 -3.82983e-05 0)
(0.100436 -3.01573e-05 0)
(0.100423 -2.26159e-05 0)
(0.100413 -1.64517e-05 0)
(0.100404 -7.10658e-06 0)
(0.113996 -0.000463779 0)
(0.113546 -0.000573343 0)
(0.112998 -0.000685299 0)
(0.112333 -0.000790911 0)
(0.111572 -0.000871419 0)
(0.110748 -0.000922063 0)
(0.10989 -0.000943883 0)
(0.109026 -0.000940067 0)
(0.108175 -0.000915027 0)
(0.107357 -0.000873637 0)
(0.106583 -0.000820642 0)
(0.105862 -0.000760302 0)
(0.105199 -0.000696196 0)
(0.104595 -0.000631168 0)
(0.104051 -0.000567371 0)
(0.103564 -0.00050633 0)
(0.103131 -0.000449051 0)
(0.102749 -0.00039613 0)
(0.102413 -0.000347845 0)
(0.102118 -0.000304234 0)
(0.101861 -0.000265171 0)
(0.101637 -0.000230417 0)
(0.101443 -0.000199672 0)
(0.101276 -0.000172605 0)
(0.101131 -0.000148875 0)
(0.101006 -0.000128141 0)
(0.100899 -0.00011007 0)
(0.100807 -9.43447e-05 0)
(0.100728 -8.06693e-05 0)
(0.100661 -6.8774e-05 0)
(0.100604 -5.84173e-05 0)
(0.100555 -4.93841e-05 0)
(0.100514 -4.14833e-05 0)
(0.10048 -3.45451e-05 0)
(0.100452 -2.8419e-05 0)
(0.100429 -2.29684e-05 0)
(0.10041 -1.8082e-05 0)
(0.100396 -1.35643e-05 0)
(0.100386 -9.88382e-06 0)
(0.100377 -4.31451e-06 0)
(0.110106 -0.000190198 0)
(0.10963 -0.000196605 0)
(0.109078 -0.000222651 0)
(0.108434 -0.000253585 0)
(0.107708 -0.000278315 0)
(0.106923 -0.000294088 0)
(0.106107 -0.000300914 0)
(0.105282 -0.000299684 0)
(0.10447 -0.000291742 0)
(0.103686 -0.000278605 0)
(0.102944 -0.000261769 0)
(0.102251 -0.000242586 0)
(0.101613 -0.000222197 0)
(0.101031 -0.000201507 0)
(0.100505 -0.0001812 0)
(0.100035 -0.00016176 0)
(0.0996158 -0.000143507 0)
(0.0992452 -0.000126633 0)
(0.0989189 -0.000111229 0)
(0.098633 -9.73065e-05 0)
(0.0983833 -8.48251e-05 0)
(0.0981659 -7.37105e-05 0)
(0.0979773 -6.38712e-05 0)
(0.0978141 -5.52072e-05 0)
(0.0976731 -4.76142e-05 0)
(0.0975516 -4.09851e-05 0)
(0.0974471 -3.52123e-05 0)
(0.0973574 -3.0191e-05 0)
(0.0972806 -2.58228e-05 0)
(0.0972151 -2.20193e-05 0)
(0.0971593 -1.87029e-05 0)
(0.097112 -1.58057e-05 0)
(0.0970722 -1.32686e-05 0)
(0.0970388 -1.1039e-05 0)
(0.0970112 -9.07249e-06 0)
(0.0969888 -7.32339e-06 0)
(0.0969706 -5.76264e-06 0)
(0.0969571 -4.3276e-06 0)
(0.0969472 -3.14781e-06 0)
(0.0969386 -1.38848e-06 0)
)
;

boundaryField
{
    inlet
    {
        type            fixedValue;
        value           uniform (0.1 0 0);
    }
    outlet
    {
        type            zeroGradient;
    }
    lowerWall
    {
        type            noSlip;
    }
    upperWall
    {
        type            noSlip;
    }
    defaultFaces
    {
        type            empty;
    }
}


// ************************************************************************* //
