/*--------------------------------*- C++ -*----------------------------------*\
| =========                 |                                                 |
| \\      /  F ield         | OpenFOAM: The Open Source CFD Toolbox           |
|  \\    /   O peration     | Version:  2112                                  |
|   \\  /    A nd           | Website:  www.openfoam.com                      |
|    \\/     M anipulation  |                                                 |
\*---------------------------------------------------------------------------*/
FoamFile
{
    version     2.0;
    format      ascii;
    arch        "LSB;label=32;scalar=64";
    class       surfaceScalarField;
    location    "0.09";
    object      phi;
}
// * * * * * * * * * * * * * * * * * * * * * * * * * * * * * * * * * * * * * //

dimensions      [0 3 -1 0 0 0 0];

oriented        oriented;

internalField   nonuniform List<scalar> 
3653
(
9.92353e-07
7.64729e-09
9.78782e-07
1.35705e-08
9.65557e-07
1.32247e-08
9.50749e-07
1.48081e-08
9.33488e-07
1.72613e-08
9.1541e-07
1.80786e-08
8.98149e-07
1.72609e-08
8.83088e-07
1.50605e-08
8.71388e-07
1.17002e-08
8.63087e-07
8.30081e-09
8.57245e-07
5.84196e-09
8.52879e-07
4.3661e-09
8.49328e-07
3.55098e-09
8.46154e-07
3.17383e-09
8.4298e-07
3.17438e-09
8.39622e-07
3.35743e-09
8.35729e-07
3.89321e-09
8.31482e-07
4.24687e-09
8.25932e-07
5.55041e-09
8.20366e-07
5.56639e-09
8.11625e-07
8.74072e-09
8.04384e-07
7.24069e-09
7.89778e-07
1.46065e-08
7.79709e-07
1.00688e-08
7.55491e-07
2.42184e-08
7.37908e-07
1.75822e-08
6.97365e-07
4.0543e-08
6.5952e-07
3.78459e-08
5.80379e-07
7.91406e-08
1.01187e-07
4.79192e-07
1.00313e-06
4.51513e-09
1.00656e-06
1.01432e-08
1.00847e-06
1.13093e-08
1.01041e-06
1.28681e-08
1.01242e-06
1.52566e-08
1.0137e-06
1.67936e-08
1.01403e-06
1.69306e-08
1.01339e-06
1.57053e-08
1.01178e-06
1.33132e-08
1.00949e-06
1.05885e-08
1.00694e-06
8.3942e-09
1.00432e-06
6.98332e-09
1.00164e-06
6.23196e-09
9.9883e-07
5.98203e-09
9.95814e-07
6.19048e-09
9.92484e-07
6.6875e-09
9.88737e-07
7.64089e-09
9.84387e-07
8.59598e-09
9.79344e-07
1.05937e-08
9.73287e-07
1.16233e-08
9.66064e-07
1.59638e-08
9.57448e-07
1.58567e-08
9.46271e-07
2.5784e-08
9.34205e-07
2.21346e-08
9.15739e-07
4.26843e-08
8.97756e-07
3.55657e-08
8.69029e-07
6.92696e-08
8.36309e-07
7.05662e-08
8.01097e-07
1.14353e-07
1.48193e-07
7.54091e-07
1.00192e-06
2.59216e-09
1.0051e-06
6.96452e-09
1.00734e-06
9.07475e-09
1.00969e-06
1.05189e-08
1.01258e-06
1.23596e-08
1.01528e-06
1.40943e-08
1.01721e-06
1.50028e-08
1.01809e-06
1.4825e-08
1.01775e-06
1.36538e-08
1.01635e-06
1.19884e-08
1.01432e-06
1.04282e-08
1.01199e-06
9.3098e-09
1.00951e-06
8.71376e-09
1.00689e-06
8.59837e-09
1.00411e-06
8.96948e-09
1.00108e-06
9.71793e-09
9.97711e-07
1.10116e-08
9.93816e-07
1.24909e-08
9.89425e-07
1.49848e-08
9.8399e-07
1.7058e-08
9.78158e-07
2.17959e-08
9.70126e-07
2.38881e-08
9.62296e-07
3.36144e-08
9.50427e-07
3.40039e-08
9.38949e-07
5.41624e-08
9.23005e-07
5.15092e-08
9.05417e-07
8.6858e-08
8.87109e-07
8.88737e-08
8.64862e-07
1.366e-07
1.65463e-07
8.47591e-07
1.00089e-06
1.70673e-09
1.00271e-06
5.13871e-09
1.00447e-06
7.31368e-09
1.00631e-06
8.68469e-09
1.00846e-06
1.02035e-08
1.01066e-06
1.18978e-08
1.01248e-06
1.31838e-08
1.01364e-06
1.36677e-08
1.01397e-06
1.33193e-08
1.01352e-06
1.24384e-08
1.01248e-06
1.14676e-08
1.01104e-06
1.07498e-08
1.00931e-06
1.04493e-08
1.00731e-06
1.05971e-08
1.00505e-06
1.12254e-08
1.00249e-06
1.22781e-08
9.99597e-07
1.39046e-08
9.96228e-07
1.586e-08
9.92418e-07
1.8795e-08
9.8781e-07
2.16658e-08
9.82752e-07
2.68544e-08
9.76236e-07
3.04036e-08
9.6972e-07
4.0131e-08
9.60236e-07
4.34872e-08
9.52539e-07
6.18598e-08
9.38994e-07
6.5054e-08
9.31325e-07
9.45275e-08
9.15337e-07
1.04861e-07
9.11382e-07
1.40556e-07
1.71078e-07
9.05767e-07
1.00044e-06
1.27157e-09
1.00168e-06
3.89609e-09
1.00311e-06
5.87838e-09
1.00465e-06
7.14988e-09
1.00643e-06
8.42209e-09
1.00835e-06
9.98153e-09
1.01009e-06
1.1442e-08
1.01139e-06
1.23652e-08
1.01209e-06
1.26227e-08
1.01214e-06
1.23833e-08
1.01164e-06
1.19653e-08
1.01072e-06
1.16739e-08
1.00947e-06
1.17017e-08
1.00793e-06
1.2132e-08
1.00614e-06
1.30213e-08
1.00405e-06
1.43696e-08
1.00167e-06
1.6277e-08
9.9887e-07
1.86623e-08
9.95788e-07
2.18774e-08
9.91963e-07
2.54904e-08
9.88068e-07
3.07496e-08
9.82774e-07
3.5698e-08
9.78162e-07
4.47425e-08
9.70968e-07
5.06814e-08
9.66239e-07
6.6589e-08
9.5749e-07
7.38026e-08
9.53888e-07
9.81298e-08
9.46336e-07
1.12413e-07
9.46722e-07
1.40169e-07
1.7361e-07
9.4419e-07
1.00033e-06
9.41328e-10
1.00122e-06
3.00471e-09
1.00237e-06
4.72639e-09
1.00366e-06
5.86841e-09
1.00511e-06
6.96226e-09
1.00672e-06
8.37341e-09
1.00829e-06
9.87239e-09
1.00961e-06
1.10488e-08
1.01052e-06
1.1714e-08
1.01095e-06
1.19485e-08
1.01093e-06
1.19869e-08
1.01052e-06
1.20883e-08
1.00977e-06
1.24451e-08
1.00874e-06
1.31654e-08
1.00745e-06
1.43142e-08
1.00588e-06
1.59333e-08
1.00408e-06
1.80838e-08
1.00194e-06
2.08034e-08
9.99586e-07
2.4227e-08
9.9673e-07
2.83465e-08
9.93875e-07
3.36043e-08
9.90118e-07
3.94549e-08
9.87086e-07
4.77743e-08
9.82295e-07
5.54727e-08
9.8005e-07
6.8834e-08
9.74693e-07
7.91597e-08
9.7479e-07
9.80324e-08
9.71907e-07
1.15296e-07
9.75227e-07
1.3685e-07
1.63947e-07
9.84889e-07
1.00023e-06
7.12434e-10
1.0009e-06
2.33652e-09
1.00184e-06
3.78504e-09
1.00296e-06
4.74573e-09
1.00428e-06
5.64503e-09
1.00577e-06
6.88368e-09
1.00729e-06
8.35114e-09
1.00866e-06
9.68023e-09
1.00973e-06
1.06407e-08
1.01044e-06
1.12398e-08
1.01077e-06
1.16537e-08
1.01076e-06
1.21026e-08
1.01044e-06
1.27617e-08
1.00986e-06
1.37478e-08
1.00905e-06
1.51269e-08
1.00801e-06
1.69737e-08
1.00678e-06
1.93105e-08
1.00531e-06
2.2272e-08
1.00373e-06
2.5804e-08
1.00183e-06
3.02502e-08
1.00005e-06
3.53844e-08
9.9774e-07
4.17651e-08
9.96168e-07
4.93465e-08
9.93666e-07
5.79753e-08
9.9327e-07
6.92302e-08
9.9134e-07
8.10892e-08
9.93651e-07
9.57219e-08
9.94792e-07
1.14154e-07
1.00184e-06
1.29806e-07
1.57196e-07
1.00859e-06
1.00019e-06
5.23591e-10
1.00075e-06
1.77565e-09
1.00159e-06
2.94933e-09
1.00261e-06
3.72202e-09
1.00383e-06
4.42656e-09
1.00523e-06
5.47836e-09
1.00672e-06
6.86092e-09
1.00815e-06
8.25781e-09
1.00937e-06
9.41889e-09
1.01031e-06
1.02974e-08
1.01095e-06
1.10177e-08
1.01129e-06
1.17624e-08
1.01136e-06
1.26843e-08
1.01121e-06
1.39009e-08
1.01086e-06
1.5475e-08
1.01034e-06
1.74982e-08
1.00969e-06
1.99611e-08
1.00889e-06
2.30686e-08
1.00807e-06
2.66262e-08
1.00709e-06
3.12239e-08
1.00633e-06
3.61523e-08
1.00535e-06
4.27409e-08
1.00512e-06
4.95791e-08
1.00451e-06
5.85872e-08
1.00574e-06
6.79963e-08
1.00639e-06
8.04352e-08
1.01028e-06
9.18402e-08
1.01477e-06
1.09657e-07
1.02195e-06
1.22624e-07
1.44145e-07
1.03501e-06
1.00017e-06
3.5253e-10
1.00068e-06
1.26784e-09
1.00145e-06
2.17419e-09
1.00243e-06
2.74618e-09
1.00361e-06
3.24648e-09
1.005e-06
4.09312e-09
1.00651e-06
5.34933e-09
1.00801e-06
6.75465e-09
1.00938e-06
8.04988e-09
1.01053e-06
9.14319e-09
1.01144e-06
1.01125e-08
1.01209e-06
1.11066e-08
1.01252e-06
1.22535e-08
1.01276e-06
1.36615e-08
1.01285e-06
1.53868e-08
1.01282e-06
1.753e-08
1.01272e-06
2.00605e-08
1.01257e-06
2.32248e-08
1.01246e-06
2.67362e-08
1.01235e-06
3.13257e-08
1.01251e-06
3.59981e-08
1.01274e-06
4.25113e-08
1.01365e-06
4.86661e-08
1.01467e-06
5.75705e-08
1.01722e-06
6.54391e-08
1.01991e-06
7.77475e-08
1.02524e-06
8.65127e-08
1.03152e-06
1.03374e-07
1.04091e-06
1.13234e-07
1.3273e-07
1.05233e-06
1.00016e-06
1.8762e-10
1.00066e-06
7.72931e-10
1.00143e-06
1.40712e-09
1.0024e-06
1.76923e-09
1.00359e-06
2.05776e-09
1.005e-06
2.68474e-09
1.00657e-06
3.78308e-09
1.00817e-06
5.15108e-09
1.00969e-06
6.52871e-09
1.01105e-06
7.78828e-09
1.01219e-06
8.96512e-09
1.01313e-06
1.01707e-08
1.01388e-06
1.15053e-08
1.01448e-06
1.30639e-08
1.01497e-06
1.48969e-08
1.01539e-06
1.7107e-08
1.0158e-06
1.965e-08
1.01624e-06
2.27885e-08
1.01678e-06
2.61902e-08
1.01747e-06
3.06391e-08
1.01845e-06
3.50174e-08
1.01972e-06
4.12389e-08
1.02162e-06
4.67646e-08
1.02398e-06
5.52162e-08
1.02759e-06
6.18305e-08
1.03189e-06
7.34401e-08
1.0381e-06
8.03052e-08
1.04601e-06
9.54624e-08
1.0556e-06
1.0365e-07
1.19475e-07
1.06885e-06
1.00017e-06
1.68897e-11
1.00069e-06
2.57762e-10
1.00149e-06
6.07811e-10
1.0025e-06
7.51412e-10
1.00374e-06
8.21602e-10
1.00521e-06
1.21373e-09
1.00687e-06
2.12651e-09
1.00859e-06
3.42386e-09
1.01027e-06
4.85063e-09
1.01181e-06
6.24585e-09
1.01318e-06
7.60117e-09
1.01436e-06
8.98801e-09
1.01539e-06
1.04782e-08
1.0163e-06
1.21517e-08
1.01715e-06
1.40509e-08
1.01798e-06
1.62763e-08
1.01885e-06
1.87792e-08
1.01982e-06
2.18192e-08
1.02095e-06
2.50564e-08
1.02233e-06
2.92603e-08
1.02404e-06
3.33114e-08
1.02619e-06
3.90861e-08
1.02893e-06
4.40229e-08
1.03236e-06
5.17908e-08
1.03683e-06
5.73605e-08
1.04231e-06
6.7954e-08
1.04928e-06
7.33401e-08
1.058e-06
8.67358e-08
1.06839e-06
9.32638e-08
1.06545e-07
1.08132e-06
1.00018e-06
-1.66549e-10
1.00075e-06
-3.06597e-10
1.00162e-06
-2.6655e-10
1.00272e-06
-3.45898e-10
1.00404e-06
-4.99316e-10
1.00561e-06
-3.59911e-10
1.0074e-06
3.45492e-10
1.00927e-06
1.55352e-09
1.0111e-06
3.01123e-09
1.01282e-06
4.52904e-09
1.01437e-06
6.05006e-09
1.01576e-06
7.59941e-09
1.01702e-06
9.21975e-09
1.0182e-06
1.09747e-08
1.01935e-06
1.29005e-08
1.02053e-06
1.50929e-08
1.0218e-06
1.75067e-08
1.02324e-06
2.0385e-08
1.02488e-06
2.3409e-08
1.02686e-06
2.72868e-08
1.02919e-06
3.09828e-08
1.03207e-06
3.62018e-08
1.03551e-06
4.05861e-08
1.03979e-06
4.75117e-08
1.04492e-06
5.22245e-08
1.05129e-06
6.15915e-08
1.05873e-06
6.58993e-08
1.06808e-06
7.73794e-08
1.07866e-06
8.26879e-08
9.34999e-08
1.0917e-06
1.00021e-06
-3.80644e-10
1.00087e-06
-9.64773e-10
1.00187e-06
-1.263e-09
1.00309e-06
-1.57105e-09
1.00455e-06
-1.95159e-09
1.00626e-06
-2.06958e-09
1.00818e-06
-1.57699e-09
1.01019e-06
-4.57216e-10
1.01218e-06
1.02469e-09
1.01404e-06
2.66394e-09
1.01574e-06
4.34792e-09
1.01729e-06
6.05045e-09
1.01873e-06
7.78134e-09
1.02012e-06
9.58688e-09
1.02152e-06
1.15015e-08
1.02299e-06
1.36163e-08
1.02461e-06
1.58948e-08
1.02643e-06
1.85577e-08
1.02852e-06
2.13244e-08
1.03099e-06
2.48152e-08
1.03384e-06
2.8128e-08
1.03732e-06
3.27256e-08
1.04133e-06
3.65767e-08
1.04626e-06
4.25784e-08
1.05192e-06
4.657e-08
1.05889e-06
5.46202e-08
1.06669e-06
5.80936e-08
1.07636e-06
6.77103e-08
1.08707e-06
7.19768e-08
8.06763e-08
1.0999e-06
1.00025e-06
-6.32401e-10
1.00103e-06
-1.74379e-09
1.0022e-06
-2.42834e-09
1.00359e-06
-2.96905e-09
1.00523e-06
-3.58295e-09
1.00713e-06
-3.97519e-09
1.00925e-06
-3.69895e-09
1.01147e-06
-2.67016e-09
1.01361e-06
-1.12029e-09
1.01559e-06
6.86446e-10
1.01737e-06
2.56963e-09
1.01899e-06
4.42558e-09
1.02053e-06
6.24413e-09
1.02205e-06
8.06509e-09
1.02363e-06
9.92605e-09
1.02533e-06
1.19159e-08
1.02721e-06
1.40121e-08
1.02936e-06
1.64108e-08
1.0318e-06
1.88791e-08
1.03468e-06
2.19382e-08
1.03797e-06
2.48398e-08
1.04191e-06
2.87812e-08
1.04638e-06
3.21028e-08
1.05181e-06
3.71572e-08
1.05786e-06
4.05173e-08
1.06524e-06
4.72359e-08
1.07329e-06
5.00431e-08
1.08311e-06
5.78967e-08
1.09379e-06
6.12924e-08
6.81601e-08
1.10631e-06
1.00037e-06
-1.00445e-09
1.00142e-06
-2.78675e-09
1.00284e-06
-3.8548e-09
1.00447e-06
-4.59739e-09
1.00633e-06
-5.44695e-09
1.00847e-06
-6.10887e-09
1.01078e-06
-6.01042e-09
1.01311e-06
-4.9978e-09
1.01529e-06
-3.30684e-09
1.01726e-06
-1.27973e-09
1.01903e-06
7.96421e-10
1.02068e-06
2.77772e-09
1.02227e-06
4.65041e-09
1.02389e-06
6.4523e-09
1.02559e-06
8.22307e-09
1.02746e-06
1.00461e-08
1.02955e-06
1.1918e-08
1.03195e-06
1.40104e-08
1.03469e-06
1.61433e-08
1.03789e-06
1.87373e-08
1.04153e-06
2.12025e-08
1.04583e-06
2.44745e-08
1.05068e-06
2.72617e-08
1.05645e-06
3.13862e-08
1.06281e-06
3.41578e-08
1.07045e-06
3.95912e-08
1.07867e-06
4.18251e-08
1.0885e-06
4.80649e-08
1.09909e-06
5.07066e-08
5.59942e-08
1.11125e-06
1.00047e-06
-1.4777e-09
1.0019e-06
-4.21031e-09
1.00366e-06
-5.62182e-09
1.0056e-06
-6.53628e-09
1.00784e-06
-7.68278e-09
1.01035e-06
-8.61709e-09
1.01294e-06
-8.60669e-09
1.01544e-06
-7.49259e-09
1.01768e-06
-5.54576e-09
1.0196e-06
-3.20645e-09
1.02127e-06
-8.7247e-10
1.02276e-06
1.28821e-09
1.02422e-06
3.1943e-09
1.02576e-06
4.91418e-09
1.02746e-06
6.51858e-09
1.0294e-06
8.10514e-09
1.03163e-06
9.69382e-09
1.0342e-06
1.14315e-08
1.03716e-06
1.31898e-08
1.04061e-06
1.52904e-08
1.04451e-06
1.72963e-08
1.04909e-06
1.98941e-08
1.05421e-06
2.21422e-08
1.06023e-06
2.5367e-08
1.06681e-06
2.75731e-08
1.07462e-06
3.17902e-08
1.08294e-06
3.35049e-08
1.09271e-06
3.82893e-08
1.10316e-06
4.02567e-08
4.41964e-08
1.11496e-06
1.00093e-06
-2.41161e-09
1.00296e-06
-6.23354e-09
1.00508e-06
-7.74679e-09
1.00738e-06
-8.83045e-09
1.01006e-06
-1.03701e-08
1.01295e-06
-1.15014e-08
1.01574e-06
-1.1396e-08
1.01823e-06
-9.9807e-09
1.02026e-06
-7.58067e-09
1.02185e-06
-4.79342e-09
1.02315e-06
-2.17336e-09
1.02438e-06
5.78227e-11
1.02573e-06
1.84534e-09
1.02724e-06
3.40185e-09
1.02897e-06
4.78446e-09
1.03099e-06
6.0927e-09
1.03332e-06
7.3618e-09
1.03604e-06
8.71263e-09
1.03916e-06
1.00693e-08
1.04279e-06
1.16557e-08
1.0469e-06
1.3189e-08
1.05168e-06
1.51091e-08
1.057e-06
1.68262e-08
1.0632e-06
1.91694e-08
1.06993e-06
2.08394e-08
1.07782e-06
2.38973e-08
1.0862e-06
2.51326e-08
1.09589e-06
2.85919e-08
1.10619e-06
2.99626e-08
3.27234e-08
1.11766e-06
1.00198e-06
-4.38935e-09
1.00538e-06
-9.63836e-09
1.00803e-06
-1.03921e-08
1.01089e-06
-1.16877e-08
1.01435e-06
-1.38387e-08
1.01778e-06
-1.4929e-08
1.02074e-06
-1.43545e-08
1.02306e-06
-1.22963e-08
1.02458e-06
-9.10254e-09
1.02544e-06
-5.65205e-09
1.02603e-06
-2.76807e-09
1.02672e-06
-6.3625e-10
1.02759e-06
9.83806e-10
1.02875e-06
2.23794e-09
1.03028e-06
3.25703e-09
1.03221e-06
4.16311e-09
1.03455e-06
5.02207e-09
1.03733e-06
5.927e-09
1.04056e-06
6.8411e-09
1.04433e-06
7.8904e-09
1.04858e-06
8.93312e-09
1.05352e-06
1.01727e-08
1.05898e-06
1.13687e-08
1.06531e-06
1.28334e-08
1.07213e-06
1.40229e-08
1.0801e-06
1.59215e-08
1.08846e-06
1.67718e-08
1.09813e-06
1.89307e-08
1.10829e-06
1.98023e-08
2.1502e-08
1.11951e-06
1.00319e-06
-7.57695e-09
1.00686e-06
-1.3306e-08
1.00922e-06
-1.27526e-08
1.01172e-06
-1.41908e-08
1.01439e-06
-1.65053e-08
1.01653e-06
-1.70742e-08
1.01806e-06
-1.58861e-08
1.01905e-06
-1.32868e-08
1.01951e-06
-9.56452e-09
1.0197e-06
-5.83264e-09
1.01996e-06
-3.03421e-09
1.02052e-06
-1.19077e-09
1.02145e-06
5.16438e-11
1.02278e-06
9.08185e-10
1.0245e-06
1.53883e-09
1.02662e-06
2.04139e-09
1.02915e-06
2.48998e-09
1.03213e-06
2.94729e-09
1.03557e-06
3.4009e-09
1.03954e-06
3.91576e-09
1.04405e-06
4.42746e-09
1.0492e-06
5.02471e-09
1.05495e-06
5.61864e-09
1.06148e-06
6.29985e-09
1.06859e-06
6.91368e-09
1.07675e-06
7.76328e-09
1.08529e-06
8.23075e-09
1.09506e-06
9.16068e-09
1.10528e-06
9.5841e-09
1.01486e-08
1.11663e-06
9.92423e-07
9.79117e-07
9.66364e-07
9.52174e-07
9.35668e-07
9.18594e-07
9.02708e-07
8.89421e-07
8.79857e-07
8.74024e-07
8.7099e-07
8.69799e-07
8.69851e-07
8.70759e-07
8.72298e-07
8.74339e-07
8.76829e-07
8.79776e-07
8.83177e-07
8.87093e-07
8.91521e-07
8.96545e-07
9.02164e-07
9.08464e-07
9.15377e-07
9.23141e-07
9.31371e-07
9.40532e-07
9.50116e-07
9.60265e-07
5.71084e-07
-9.18927e-08
6.14915e-07
-4.38306e-08
7.19238e-07
-1.04323e-07
6.85975e-07
3.32632e-08
7.58625e-07
-7.26502e-08
8.51319e-07
-9.2694e-08
7.43943e-07
1.07376e-07
8.94928e-07
-1.50985e-07
1.1094e-06
-2.14476e-07
5.57326e-08
1.05367e-06
8.01066e-07
-1.38868e-07
8.42633e-07
-8.53971e-08
8.30914e-07
-9.26046e-08
9.17475e-07
-5.32972e-08
9.40003e-07
-9.51782e-08
9.2395e-07
-7.66417e-08
9.64511e-07
6.68155e-08
1.09545e-06
-2.81924e-07
1.14643e-06
-2.65455e-07
1.00844e-07
1.10132e-06
8.56956e-07
-1.48232e-07
8.71997e-07
-1.00438e-07
8.99251e-07
-1.19858e-07
9.29478e-07
-8.35247e-08
9.18303e-07
-8.40025e-08
9.7424e-07
-1.32579e-07
1.06721e-06
-2.6158e-08
1.02602e-06
-2.40726e-07
1.02421e-06
-2.63653e-07
-7.66247e-08
1.20168e-06
9.09673e-07
-1.52139e-07
9.36272e-07
-1.27037e-07
9.35345e-07
-1.18931e-07
9.63197e-07
-1.11377e-07
9.80016e-07
-1.00821e-07
9.92441e-07
-1.45005e-07
1.06005e-06
-9.37644e-08
1.04159e-06
-2.22268e-07
1.0308e-06
-2.52867e-07
-2.0517e-07
1.15935e-06
9.52949e-07
-1.60897e-07
9.54392e-07
-1.2848e-07
9.65346e-07
-1.29886e-07
9.83353e-07
-1.29384e-07
9.94284e-07
-1.11751e-07
1.00922e-06
-1.59938e-07
1.04501e-06
-1.29554e-07
1.05225e-06
-2.29516e-07
1.05857e-06
-2.59185e-07
-2.46794e-07
1.1002e-06
9.78869e-07
-1.54877e-07
9.90929e-07
-1.4054e-07
9.96477e-07
-1.35434e-07
1.0023e-06
-1.3521e-07
1.02125e-06
-1.30695e-07
1.02571e-06
-1.64405e-07
1.0522e-06
-1.56044e-07
1.04183e-06
-2.19146e-07
1.03588e-06
-2.53233e-07
-2.83079e-07
1.07217e-06
1.0098e-06
-1.56094e-07
1.00997e-06
-1.40707e-07
1.01118e-06
-1.36638e-07
1.01985e-06
-1.43888e-07
1.02668e-06
-1.37517e-07
1.02826e-06
-1.6599e-07
1.04278e-06
-1.70565e-07
1.04469e-06
-2.21055e-07
1.03885e-06
-2.47387e-07
-2.83569e-07
1.03934e-06
1.02881e-06
-1.49894e-07
1.02937e-06
-1.41273e-07
1.03206e-06
-1.39322e-07
1.03041e-06
-1.42242e-07
1.03836e-06
-1.45473e-07
1.03762e-06
-1.6524e-07
1.04159e-06
-1.74537e-07
1.03322e-06
-2.12691e-07
1.02652e-06
-2.40684e-07
-2.79259e-07
1.02221e-06
1.04729e-06
-1.44861e-07
1.04454e-06
-1.38517e-07
1.04071e-06
-1.35489e-07
1.04069e-06
-1.42226e-07
1.04001e-06
-1.44793e-07
1.03614e-06
-1.6137e-07
1.03577e-06
-1.74167e-07
1.0288e-06
-2.05723e-07
1.0169e-06
-2.28778e-07
-2.64674e-07
1.00231e-06
1.06134e-06
-1.37354e-07
1.05555e-06
-1.32726e-07
1.05217e-06
-1.32103e-07
1.04653e-06
-1.36584e-07
1.04383e-06
-1.42093e-07
1.03795e-06
-1.55495e-07
1.03216e-06
-1.68374e-07
1.02013e-06
-1.93701e-07
1.00701e-06
-2.15659e-07
-2.4705e-07
9.8939e-07
1.07239e-06
-1.28421e-07
1.06517e-06
-1.2551e-07
1.05785e-06
-1.24777e-07
1.05108e-06
-1.29822e-07
1.04425e-06
-1.35257e-07
1.03564e-06
-1.46885e-07
1.02651e-06
-1.59247e-07
1.01351e-06
-1.80699e-07
9.97059e-07
-1.99208e-07
-2.26407e-07
9.76416e-07
1.08144e-06
-1.18157e-07
1.07188e-06
-1.15953e-07
1.06339e-06
-1.16289e-07
1.05387e-06
-1.20298e-07
1.04467e-06
-1.26058e-07
1.03403e-06
-1.36243e-07
1.02222e-06
-1.47439e-07
1.0065e-06
-1.64975e-07
9.88755e-07
-1.81466e-07
-2.0419e-07
9.66538e-07
1.08817e-06
-1.0643e-07
1.07734e-06
-1.05118e-07
1.06666e-06
-1.05609e-07
1.05557e-06
-1.09217e-07
1.04414e-06
-1.14625e-07
1.0314e-06
-1.23498e-07
1.01733e-06
-1.33369e-07
1.00044e-06
-1.48094e-07
9.80907e-07
-1.61928e-07
-1.81019e-07
9.57735e-07
1.09348e-06
-9.36012e-08
1.08115e-06
-9.27929e-08
1.0691e-06
-9.35511e-08
1.05643e-06
-9.65499e-08
1.0433e-06
-1.01497e-07
1.02896e-06
-1.09152e-07
1.01329e-06
-1.17707e-07
9.94931e-07
-1.29731e-07
9.74473e-07
-1.4147e-07
-1.57065e-07
9.50519e-07
1.09736e-06
-7.97053e-08
1.08391e-06
-7.9346e-08
1.07051e-06
-8.015e-08
1.05663e-06
-8.26666e-08
1.04214e-06
-8.70151e-08
1.02647e-06
-9.34754e-08
1.00945e-06
-1.00693e-07
9.90228e-07
-1.10506e-07
9.68861e-07
-1.20104e-07
-1.32774e-07
9.44571e-07
1.10022e-06
-6.49613e-08
1.08575e-06
-6.48785e-08
1.07133e-06
-6.57289e-08
1.05644e-06
-6.7777e-08
1.04092e-06
-7.14962e-08
1.02422e-06
-7.67789e-08
1.00626e-06
-8.2734e-08
9.86238e-07
-9.04816e-08
9.64344e-07
-9.82097e-08
-1.08146e-07
9.39716e-07
1.10224e-06
-4.95365e-08
1.08696e-06
-4.96055e-08
1.07172e-06
-5.04852e-08
1.05603e-06
-5.20901e-08
1.03971e-06
-5.51721e-08
1.02224e-06
-5.93059e-08
1.00353e-06
-6.40294e-08
9.82945e-07
-6.98946e-08
9.60593e-07
-7.58585e-08
-8.33127e-08
9.3576e-07
1.10347e-06
-3.34967e-08
1.08749e-06
-3.36231e-08
1.0715e-06
-3.44971e-08
1.05509e-06
-3.5683e-08
1.03802e-06
-3.80997e-08
1.01976e-06
-4.10455e-08
1.00039e-06
-4.46638e-08
9.79124e-07
-4.86262e-08
9.5628e-07
-5.30145e-08
-5.79618e-08
9.30929e-07
1.09865e-06
-1.55105e-08
1.08096e-06
-1.59402e-08
1.06327e-06
-1.68016e-08
1.04533e-06
-1.77435e-08
1.02657e-06
-1.93391e-08
1.00667e-06
-2.11487e-08
9.85565e-07
-2.35579e-08
9.62577e-07
-2.56385e-08
9.37893e-07
-2.83305e-08
-3.0775e-08
9.10706e-07
9.44754e-07
9.28814e-07
9.12012e-07
8.94269e-07
8.7493e-07
8.53781e-07
8.30223e-07
8.04585e-07
7.76254e-07
7.45479e-07
-1.61176e-07
1.61176e-07
-3.2195e-07
1.60774e-07
-5.05639e-07
1.83689e-07
-5.76375e-07
7.07356e-08
-4.40651e-07
-1.35724e-07
-2.53772e-07
-1.86879e-07
-7.24858e-08
-1.81286e-07
7.66919e-08
-1.49178e-07
1.93742e-07
-1.1705e-07
2.82751e-07
-8.90083e-08
3.48721e-07
-6.59701e-08
3.96635e-07
-4.79144e-08
4.30942e-07
-3.43067e-08
4.55372e-07
-2.44296e-08
4.72841e-07
-1.74693e-08
4.85489e-07
-1.26478e-08
4.94811e-07
-9.32283e-09
5.01826e-07
-7.01489e-09
5.07214e-07
-5.38771e-09
5.1143e-07
-4.21602e-09
5.14783e-07
-3.35246e-09
5.17483e-07
-2.70077e-09
5.19681e-07
-2.19812e-09
5.21485e-07
-1.80354e-09
5.22974e-07
-1.48944e-09
5.24211e-07
-1.23647e-09
5.25242e-07
-1.03064e-09
5.26103e-07
-8.61902e-10
5.26827e-07
-7.23218e-10
5.27434e-07
-6.07422e-10
5.27948e-07
-5.14054e-10
5.28379e-07
-4.3065e-10
5.28752e-07
-3.72888e-10
5.29058e-07
-3.06412e-10
5.29336e-07
-2.78299e-10
5.29559e-07
-2.22963e-10
5.2977e-07
-2.11007e-10
5.29943e-07
-1.72786e-10
5.30111e-07
-1.67417e-10
-1.4777e-10
-1.49633e-07
3.10809e-07
-3.54953e-07
3.66094e-07
-5.68365e-07
3.97102e-07
-6.23277e-07
1.25647e-07
-4.49223e-07
-3.09779e-07
-2.27853e-07
-4.08248e-07
-2.70105e-08
-3.82129e-07
1.33651e-07
-3.09839e-07
2.60089e-07
-2.43489e-07
3.605e-07
-1.89419e-07
4.39485e-07
-1.44955e-07
5.00616e-07
-1.09045e-07
5.47308e-07
-8.09989e-08
5.82743e-07
-5.98643e-08
6.09646e-07
-4.43722e-08
6.30192e-07
-3.31945e-08
6.46035e-07
-2.5166e-08
6.58392e-07
-1.93714e-08
6.68143e-07
-1.51392e-08
6.75925e-07
-1.1998e-08
6.82198e-07
-9.6252e-09
6.87298e-07
-7.80112e-09
6.91476e-07
-6.37591e-09
6.94919e-07
-5.24671e-09
6.97772e-07
-4.34164e-09
7.00144e-07
-3.60908e-09
7.02125e-07
-3.01134e-09
7.03783e-07
-2.52001e-09
7.05176e-07
-2.1157e-09
7.06346e-07
-1.77754e-09
7.07336e-07
-1.50424e-09
7.08166e-07
-1.26076e-09
7.08881e-07
-1.08784e-09
7.0947e-07
-8.95938e-10
7.09995e-07
-8.02996e-10
7.1042e-07
-6.47496e-10
7.10807e-07
-5.98762e-10
7.11122e-07
-4.87766e-10
7.11419e-07
-4.64402e-10
-3.873e-10
-1.11403e-07
4.22212e-07
-3.21587e-07
5.76278e-07
-5.66829e-07
6.42344e-07
-6.15517e-07
1.74335e-07
-4.29225e-07
-4.96071e-07
-1.68441e-07
-6.69032e-07
4.43045e-08
-5.94875e-07
1.95113e-07
-4.60647e-07
3.02422e-07
-3.50797e-07
3.86889e-07
-2.73887e-07
4.56196e-07
-2.14262e-07
5.12313e-07
-1.65162e-07
5.56714e-07
-1.25399e-07
5.91348e-07
-9.44992e-08
6.18271e-07
-7.12947e-08
6.39277e-07
-5.42003e-08
6.55788e-07
-4.16776e-08
6.68881e-07
-3.24642e-08
6.79355e-07
-2.56128e-08
6.87803e-07
-2.04462e-08
6.94669e-07
-1.64907e-08
7.00285e-07
-1.34176e-08
7.04907e-07
-1.09974e-08
7.08728e-07
-9.06834e-09
7.11902e-07
-7.51513e-09
7.14546e-07
-6.25371e-09
7.16757e-07
-5.22221e-09
7.1861e-07
-4.37278e-09
7.20167e-07
-3.67305e-09
7.21477e-07
-3.08693e-09
7.22585e-07
-2.61272e-09
7.23515e-07
-2.19057e-09
7.24315e-07
-1.88753e-09
7.24976e-07
-1.55716e-09
7.25561e-07
-1.38777e-09
7.26037e-07
-1.12344e-09
7.26468e-07
-1.02986e-09
7.26817e-07
-8.36913e-10
7.27146e-07
-7.93265e-10
-6.45491e-10
-7.15998e-08
4.93812e-07
-2.65719e-07
7.70397e-07
-4.0906e-07
7.85685e-07
-4.531e-07
2.18375e-07
-3.25022e-07
-6.24149e-07
-8.64071e-08
-9.07646e-07
1.35506e-07
-8.16788e-07
2.93873e-07
-6.19015e-07
3.89019e-07
-4.45943e-07
4.50625e-07
-3.35493e-07
4.99216e-07
-2.62853e-07
5.40843e-07
-2.06789e-07
5.75957e-07
-1.60514e-07
6.04654e-07
-1.23196e-07
6.27675e-07
-9.43156e-08
6.4606e-07
-7.25852e-08
6.60793e-07
-5.6411e-08
6.72676e-07
-4.43466e-08
6.82323e-07
-3.52606e-08
6.90205e-07
-2.8328e-08
6.96679e-07
-2.29645e-08
7.02021e-07
-1.87597e-08
7.06447e-07
-1.54236e-08
7.10128e-07
-1.27489e-08
7.13198e-07
-1.05849e-08
7.15765e-07
-8.82089e-09
7.17917e-07
-7.37432e-09
7.19724e-07
-6.18039e-09
7.21247e-07
-5.19516e-09
7.22528e-07
-4.36863e-09
7.23614e-07
-3.69877e-09
7.24527e-07
-3.10281e-09
7.25311e-07
-2.67192e-09
7.25961e-07
-2.20707e-09
7.26535e-07
-1.96171e-09
7.27003e-07
-1.5912e-09
7.27426e-07
-1.45344e-09
7.27768e-07
-1.1788e-09
7.2809e-07
-1.11541e-09
-8.97642e-10
-1.76945e-07
6.70757e-07
-1.00288e-07
6.9374e-07
-1.07045e-07
7.92442e-07
-9.39352e-08
2.05265e-07
-2.82132e-08
-6.89871e-07
7.17693e-08
-1.00763e-06
1.94004e-07
-9.39022e-07
3.34103e-07
-7.59114e-07
4.45258e-07
-5.57098e-07
5.1214e-07
-4.02376e-07
5.51272e-07
-3.01985e-07
5.78988e-07
-2.34505e-07
6.02293e-07
-1.83819e-07
6.22691e-07
-1.43594e-07
6.40235e-07
-1.1186e-07
6.55014e-07
-8.73642e-08
6.67324e-07
-6.87202e-08
6.77536e-07
-5.4559e-08
6.86007e-07
-4.37318e-08
6.93044e-07
-3.53645e-08
6.98899e-07
-2.88201e-08
7.03782e-07
-2.3642e-08
7.0786e-07
-1.95023e-08
7.11274e-07
-1.61625e-08
7.14136e-07
-1.3447e-08
7.16539e-07
-1.12244e-08
7.18561e-07
-9.39596e-09
7.20264e-07
-7.88305e-09
7.21701e-07
-6.63202e-09
7.22913e-07
-5.58083e-09
7.23941e-07
-4.72724e-09
7.24806e-07
-3.96796e-09
7.25551e-07
-3.41616e-09
7.26168e-07
-2.82455e-09
7.26714e-07
-2.50706e-09
7.27158e-07
-2.03578e-09
7.27561e-07
-1.85624e-09
7.27886e-07
-1.50343e-09
7.28192e-07
-1.42138e-09
-1.13644e-09
2.88435e-07
3.82322e-07
5.03278e-07
4.78897e-07
4.05347e-07
8.90373e-07
3.49834e-07
2.60778e-07
3.68784e-07
-7.0882e-07
3.87435e-07
-1.02628e-06
3.45857e-07
-8.97444e-07
3.52562e-07
-7.65818e-07
4.28473e-07
-6.33009e-07
5.1354e-07
-4.87443e-07
5.73435e-07
-3.61879e-07
6.07937e-07
-2.69007e-07
6.28148e-07
-2.0403e-07
6.42579e-07
-1.58025e-07
6.54766e-07
-1.24047e-07
6.6558e-07
-9.81786e-08
6.75113e-07
-7.82531e-08
6.83384e-07
-6.28301e-08
6.90476e-07
-5.08234e-08
6.96512e-07
-4.14007e-08
7.01629e-07
-3.39365e-08
7.05955e-07
-2.79683e-08
7.09608e-07
-2.31556e-08
7.12692e-07
-1.9246e-08
7.15294e-07
-1.60495e-08
7.17491e-07
-1.34214e-08
7.19347e-07
-1.12518e-08
7.20915e-07
-9.4514e-09
7.22242e-07
-7.95921e-09
7.23365e-07
-6.70308e-09
7.24319e-07
-5.68109e-09
7.25122e-07
-4.77166e-09
7.25814e-07
-4.10825e-09
7.26389e-07
-3.39945e-09
7.26897e-07
-3.01513e-09
7.27312e-07
-2.45011e-09
7.27687e-07
-2.23187e-09
7.2799e-07
-1.80602e-09
7.28275e-07
-1.70645e-09
-1.35868e-09
3.37411e-07
4.49106e-08
6.15015e-07
2.01292e-07
7.05567e-07
7.99821e-07
7.31079e-07
2.35267e-07
6.70393e-07
-6.48135e-07
6.17113e-07
-9.73e-07
5.69961e-07
-8.50292e-07
4.99759e-07
-6.95617e-07
4.73315e-07
-6.06565e-07
5.07369e-07
-5.21497e-07
5.63891e-07
-4.18401e-07
6.10828e-07
-3.15944e-07
6.39894e-07
-2.33097e-07
6.56566e-07
-1.74697e-07
6.67348e-07
-1.34829e-07
6.75776e-07
-1.06607e-07
6.83104e-07
-8.55813e-08
6.89625e-07
-6.93503e-08
6.95381e-07
-5.65799e-08
7.00402e-07
-4.64219e-08
7.0474e-07
-3.82746e-08
7.08464e-07
-3.16915e-08
7.11645e-07
-2.63369e-08
7.14355e-07
-2.19563e-08
7.1666e-07
-1.83543e-08
7.18618e-07
-1.53793e-08
7.2028e-07
-1.2914e-08
7.21691e-07
-1.0862e-08
7.22888e-07
-9.15691e-09
7.23904e-07
-7.71868e-09
7.24769e-07
-6.54628e-09
7.255e-07
-5.50205e-09
7.2613e-07
-4.73818e-09
7.26654e-07
-3.92341e-09
7.27117e-07
-3.47864e-09
7.27495e-07
-2.82837e-09
7.27838e-07
-2.57497e-09
7.28115e-07
-2.08242e-09
7.28375e-07
-1.96676e-09
-1.56149e-09
9.59535e-07
1.39047e-07
1.00396e-06
1.56863e-07
1.14562e-06
6.58168e-07
1.25822e-06
1.22664e-07
1.12455e-06
-5.14463e-07
8.67942e-07
-7.16394e-07
7.77879e-07
-7.60228e-07
7.84493e-07
-7.02231e-07
7.48207e-07
-5.70279e-07
6.89578e-07
-4.62868e-07
6.63542e-07
-3.92364e-07
6.71022e-07
-3.23424e-07
6.88414e-07
-2.50489e-07
7.03549e-07
-1.89831e-07
7.13939e-07
-1.45219e-07
7.21105e-07
-1.13773e-07
7.26707e-07
-9.11827e-08
7.316e-07
-7.42433e-08
7.36055e-07
-6.10347e-08
7.40101e-07
-5.04684e-08
7.43721e-07
-4.18944e-08
7.46911e-07
-3.48814e-08
7.4969e-07
-2.91162e-08
7.52092e-07
-2.43586e-08
7.54158e-07
-2.04196e-08
7.55927e-07
-1.71486e-08
7.57439e-07
-1.4426e-08
7.58729e-07
-1.21519e-08
7.59829e-07
-1.0257e-08
7.60765e-07
-8.65484e-09
7.61565e-07
-7.34616e-09
7.62242e-07
-6.17894e-09
7.62827e-07
-5.32316e-09
7.63314e-07
-4.41076e-09
7.63746e-07
-3.91038e-09
7.64099e-07
-3.18105e-09
7.64419e-07
-2.89506e-09
7.64677e-07
-2.34042e-09
7.6492e-07
-2.20972e-09
-1.75069e-09
1.13895e-06
1.01417e-07
1.21916e-06
7.66536e-08
1.39492e-06
4.82408e-07
1.48525e-06
3.23355e-08
1.35603e-06
-3.85245e-07
1.12132e-06
-4.81684e-07
9.58145e-07
-5.97055e-07
9.44196e-07
-6.88281e-07
9.75835e-07
-6.01919e-07
9.46803e-07
-4.33836e-07
8.66155e-07
-3.11717e-07
7.8997e-07
-2.47239e-07
7.46885e-07
-2.07404e-07
7.30561e-07
-1.73508e-07
7.2761e-07
-1.42267e-07
7.29961e-07
-1.16124e-07
7.33846e-07
-9.50684e-08
7.37831e-07
-7.82276e-08
7.41488e-07
-6.46914e-08
7.44747e-07
-5.37275e-08
7.4763e-07
-4.47775e-08
7.5017e-07
-3.74216e-08
7.52397e-07
-3.13436e-08
7.5434e-07
-2.63012e-08
7.56026e-07
-2.21053e-08
7.57482e-07
-1.8605e-08
7.58736e-07
-1.56802e-08
7.59813e-07
-1.32288e-08
7.60737e-07
-1.11803e-08
7.61526e-07
-9.44409e-09
7.62203e-07
-8.0231e-09
7.62777e-07
-6.75354e-09
7.63275e-07
-5.82111e-09
7.63691e-07
-4.82647e-09
7.6406e-07
-4.27934e-09
7.64362e-07
-3.48287e-09
7.64636e-07
-3.16926e-09
7.64857e-07
-2.56159e-09
7.65065e-07
-2.41805e-09
-1.91291e-09
1.21286e-06
9.02344e-08
1.22114e-06
6.83812e-08
1.37817e-06
3.25374e-07
1.38755e-06
2.29607e-08
1.29532e-06
-2.93014e-07
1.25237e-06
-4.38733e-07
1.11194e-06
-4.56627e-07
9.11505e-07
-4.8785e-07
8.18764e-07
-5.09178e-07
8.34278e-07
-4.4935e-07
8.60092e-07
-3.37531e-07
8.51087e-07
-2.38235e-07
8.19408e-07
-1.75724e-07
7.87978e-07
-1.42078e-07
7.66697e-07
-1.20987e-07
7.55044e-07
-1.04471e-07
7.49884e-07
-8.99084e-08
7.48469e-07
-7.68128e-08
7.48981e-07
-6.52035e-08
7.50355e-07
-5.51018e-08
7.52025e-07
-4.64476e-08
7.53716e-07
-3.91122e-08
7.55305e-07
-3.29329e-08
7.56746e-07
-2.77423e-08
7.58028e-07
-2.33865e-08
7.59153e-07
-1.97305e-08
7.60134e-07
-1.66613e-08
7.60985e-07
-1.40792e-08
7.61719e-07
-1.1915e-08
7.62351e-07
-1.0076e-08
7.62896e-07
-8.56788e-09
7.6336e-07
-7.21788e-09
7.63764e-07
-6.225e-09
7.64102e-07
-5.16459e-09
7.64403e-07
-4.5802e-09
7.6465e-07
-3.72945e-09
7.64874e-07
-3.39359e-09
7.65055e-07
-2.74275e-09
7.65226e-07
-2.58881e-09
-2.04589e-09
1.12973e-06
1.19851e-07
1.12555e-06
7.25674e-08
1.27525e-06
1.7567e-07
1.26109e-06
3.7117e-08
1.18018e-06
-2.121e-07
1.11542e-06
-3.73974e-07
9.871e-07
-3.28306e-07
7.72809e-07
-2.73559e-07
5.98912e-07
-3.35281e-07
5.4479e-07
-3.95228e-07
5.79354e-07
-3.72094e-07
6.3732e-07
-2.96201e-07
6.846e-07
-2.23004e-07
7.14594e-07
-1.72072e-07
7.32004e-07
-1.38396e-07
7.41867e-07
-1.14334e-07
7.47504e-07
-9.55456e-08
7.50854e-07
-8.01631e-08
7.53025e-07
-6.73744e-08
7.54627e-07
-5.67042e-08
7.55962e-07
-4.77817e-08
7.5715e-07
-4.03011e-08
7.58233e-07
-3.40159e-08
7.59219e-07
-2.8728e-08
7.60108e-07
-2.42756e-08
7.60902e-07
-2.05243e-08
7.61604e-07
-1.73636e-08
7.62221e-07
-1.46958e-08
7.62759e-07
-1.24535e-08
7.63227e-07
-1.05433e-08
7.63633e-07
-8.97389e-09
7.63981e-07
-7.56602e-09
7.64285e-07
-6.52949e-09
7.64541e-07
-5.42052e-09
7.6477e-07
-4.80879e-09
7.64958e-07
-3.91735e-09
7.65129e-07
-3.56491e-09
7.65268e-07
-2.88134e-09
7.65398e-07
-2.7196e-09
-2.1478e-09
1.09191e-06
1.28142e-07
1.11077e-06
5.36989e-08
1.19916e-06
8.72796e-08
1.23237e-06
3.91388e-09
1.16334e-06
-1.43073e-07
1.05321e-06
-2.63841e-07
1.04684e-06
-3.21943e-07
1.12409e-06
-3.50801e-07
1.14199e-06
-3.53182e-07
1.06502e-06
-3.18259e-07
9.56871e-07
-2.63948e-07
8.73202e-07
-2.12531e-07
8.23428e-07
-1.73229e-07
7.95727e-07
-1.44372e-07
7.79741e-07
-1.2241e-07
7.70217e-07
-1.0481e-07
7.6472e-07
-9.00489e-08
7.61851e-07
-7.72939e-08
7.60609e-07
-6.61327e-08
7.60285e-07
-5.63799e-08
7.60433e-07
-4.79296e-08
7.60805e-07
-4.06732e-08
7.61271e-07
-3.44821e-08
7.61764e-07
-2.92206e-08
7.62247e-07
-2.47592e-08
7.62703e-07
-2.09801e-08
7.63122e-07
-1.77826e-08
7.63501e-07
-1.50744e-08
7.63839e-07
-1.27915e-08
7.64137e-07
-1.08418e-08
7.644e-07
-9.23694e-09
7.64629e-07
-7.79411e-09
7.6483e-07
-6.73098e-09
7.65001e-07
-5.59112e-09
7.65154e-07
-4.9622e-09
7.65281e-07
-4.04408e-09
7.65397e-07
-3.68094e-09
7.65491e-07
-2.9755e-09
7.6558e-07
-2.80867e-09
-2.21731e-09
1.08689e-06
1.13422e-07
1.0773e-06
6.32855e-08
1.11737e-06
4.72087e-08
1.15348e-06
-3.21915e-08
1.12365e-06
-1.13246e-07
1.03617e-06
-1.76364e-07
9.48819e-07
-2.34589e-07
8.76179e-07
-2.7816e-07
8.24212e-07
-3.01215e-07
7.88994e-07
-2.83042e-07
7.66486e-07
-2.41439e-07
7.56935e-07
-2.0298e-07
7.56062e-07
-1.72356e-07
7.58695e-07
-1.47005e-07
7.61708e-07
-1.25423e-07
7.63838e-07
-1.06939e-07
7.64873e-07
-9.10846e-08
7.65092e-07
-7.75123e-08
7.64899e-07
-6.59396e-08
7.64609e-07
-5.60899e-08
7.64381e-07
-4.77019e-08
7.64261e-07
-4.05534e-08
7.6424e-07
-3.44614e-08
7.64293e-07
-2.92735e-08
7.64394e-07
-2.48598e-08
7.64522e-07
-2.11078e-08
7.64661e-07
-1.79223e-08
7.64803e-07
-1.52159e-08
7.6494e-07
-1.29286e-08
7.65068e-07
-1.09702e-08
7.65187e-07
-9.35537e-09
7.65293e-07
-7.90033e-09
7.6539e-07
-6.82761e-09
7.65473e-07
-5.67463e-09
7.6555e-07
-5.03874e-09
7.65614e-07
-4.10818e-09
7.65673e-07
-3.74028e-09
7.65722e-07
-3.02408e-09
7.65768e-07
-2.85492e-09
-2.25352e-09
1.05529e-06
9.74712e-08
1.07298e-06
4.55897e-08
1.09698e-06
2.32147e-08
1.08611e-06
-2.1329e-08
1.07337e-06
-1.00498e-07
1.07505e-06
-1.78049e-07
1.04933e-06
-2.08867e-07
9.83671e-07
-2.12503e-07
9.05951e-07
-2.23495e-07
8.54083e-07
-2.31175e-07
8.30253e-07
-2.17609e-07
8.17985e-07
-1.90712e-07
8.0785e-07
-1.62221e-07
7.98091e-07
-1.37247e-07
7.89375e-07
-1.16708e-07
7.82367e-07
-9.99314e-08
7.77223e-07
-8.59405e-08
7.73677e-07
-7.3966e-08
7.71289e-07
-6.35514e-08
7.69667e-07
-5.44682e-08
7.68545e-07
-4.65796e-08
7.67756e-07
-3.9765e-08
7.67199e-07
-3.39039e-08
7.66805e-07
-2.88792e-08
7.66527e-07
-2.45821e-08
7.66333e-07
-2.09136e-08
7.66198e-07
-1.77879e-08
7.66107e-07
-1.51241e-08
7.66045e-07
-1.2867e-08
7.66004e-07
-1.09297e-08
7.65979e-07
-9.32976e-09
7.65963e-07
-7.8848e-09
7.65955e-07
-6.81916e-09
7.65951e-07
-5.67069e-09
7.6595e-07
-5.0379e-09
7.65951e-07
-4.10914e-09
7.65953e-07
-3.74242e-09
7.65956e-07
-3.0266e-09
7.65959e-07
-2.85786e-09
-2.25608e-09
1.03907e-06
8.06161e-08
1.04311e-06
4.15432e-08
1.05463e-06
1.16931e-08
1.06518e-06
-3.18788e-08
1.04573e-06
-8.10486e-08
9.94951e-07
-1.27266e-07
9.54392e-07
-1.68308e-07
9.36409e-07
-1.9452e-07
9.18106e-07
-2.05192e-07
8.87187e-07
-2.00257e-07
8.52211e-07
-1.82632e-07
8.24314e-07
-1.62816e-07
8.06152e-07
-1.44059e-07
7.95442e-07
-1.26536e-07
7.89043e-07
-1.10309e-07
7.84714e-07
-9.56023e-08
7.81306e-07
-8.25319e-08
7.78416e-07
-7.10766e-08
7.75973e-07
-6.11082e-08
7.73961e-07
-5.24565e-08
7.72342e-07
-4.49602e-08
7.71056e-07
-3.84787e-08
7.7004e-07
-3.28884e-08
7.6924e-07
-2.80786e-08
7.68608e-07
-2.39501e-08
7.68107e-07
-2.04133e-08
7.6771e-07
-1.73902e-08
7.67392e-07
-1.48066e-08
7.67137e-07
-1.26121e-08
7.66932e-07
-1.07243e-08
7.66765e-07
-9.16285e-09
7.6663e-07
-7.74947e-09
7.66517e-07
-6.70702e-09
7.66427e-07
-5.58025e-09
7.66349e-07
-4.96039e-09
7.66288e-07
-4.04744e-09
7.66233e-07
-3.68769e-09
7.6619e-07
-2.98329e-09
7.6615e-07
-2.81767e-09
-2.22509e-09
1.01743e-06
6.55006e-08
1.02736e-06
3.16063e-08
1.03505e-06
4.00319e-09
1.03126e-06
-2.80841e-08
1.02223e-06
-7.20201e-08
1.00954e-06
-1.14582e-07
9.83382e-07
-1.42145e-07
9.44973e-07
-1.56111e-07
9.04936e-07
-1.65156e-07
8.71771e-07
-1.67091e-07
8.49726e-07
-1.60586e-07
8.34207e-07
-1.47297e-07
8.21708e-07
-1.3156e-07
8.11029e-07
-1.15857e-07
8.02042e-07
-1.01323e-07
7.9477e-07
-8.83299e-08
7.89053e-07
-7.68151e-08
7.84588e-07
-6.66113e-08
7.81072e-07
-5.75931e-08
7.78277e-07
-4.96609e-08
7.76036e-07
-4.27191e-08
7.74229e-07
-3.66723e-08
7.72768e-07
-3.14264e-08
7.7158e-07
-2.68914e-08
7.70613e-07
-2.29829e-08
7.69823e-07
-1.96228e-08
7.69174e-07
-1.6742e-08
7.68641e-07
-1.42733e-08
7.68201e-07
-1.21718e-08
7.67837e-07
-1.036e-08
7.67533e-07
-8.85936e-09
7.67282e-07
-7.49801e-09
7.67069e-07
-6.49407e-09
7.66894e-07
-5.40555e-09
7.66742e-07
-4.80801e-09
7.66619e-07
-3.92445e-09
7.66508e-07
-3.57726e-09
7.6642e-07
-2.89504e-09
7.66337e-07
-2.73515e-09
-2.16114e-09
1.00236e-06
5.25348e-08
1.00843e-06
2.55374e-08
1.01198e-06
4.47082e-10
1.01256e-06
-2.86639e-08
1.00145e-06
-6.091e-08
9.79043e-07
-9.21739e-08
9.54037e-07
-1.17139e-07
9.31699e-07
-1.33772e-07
9.08933e-07
-1.42389e-07
8.85636e-07
-1.43795e-07
8.6308e-07
-1.38031e-07
8.43659e-07
-1.27876e-07
8.28255e-07
-1.16156e-07
8.1646e-07
-1.04061e-07
8.07373e-07
-9.22358e-08
8.0016e-07
-8.11171e-08
7.94286e-07
-7.0941e-08
7.89449e-07
-6.17745e-08
7.85456e-07
-5.36002e-08
7.8216e-07
-4.63643e-08
7.79438e-07
-3.99975e-08
7.7719e-07
-3.44243e-08
7.75331e-07
-2.95678e-08
7.73792e-07
-2.53525e-08
7.72516e-07
-2.17067e-08
7.71456e-07
-1.85625e-08
7.70573e-07
-1.58593e-08
7.69837e-07
-1.3537e-08
7.69221e-07
-1.15561e-08
7.68706e-07
-9.84481e-09
7.68272e-07
-8.42579e-09
7.6791e-07
-7.13562e-09
7.676e-07
-6.18457e-09
7.67345e-07
-5.14998e-09
7.67121e-07
-4.58363e-09
7.66939e-07
-3.74244e-09
7.66774e-07
-3.4131e-09
7.66643e-07
-2.76339e-09
7.66519e-07
-2.61171e-09
-2.0653e-09
9.87018e-07
4.19328e-08
9.9325e-07
1.93056e-08
9.96668e-07
-2.97131e-09
9.94053e-07
-2.60486e-08
9.85669e-07
-5.2526e-08
9.71889e-07
-7.83935e-08
9.53474e-07
-9.87247e-08
9.31381e-07
-1.11679e-07
9.08027e-07
-1.19035e-07
8.85476e-07
-1.21244e-07
8.656e-07
-1.18155e-07
8.49031e-07
-1.11306e-07
8.35223e-07
-1.02348e-07
8.23689e-07
-9.25278e-08
8.141e-07
-8.26461e-08
8.06155e-07
-7.31725e-08
7.99571e-07
-6.43571e-08
7.94103e-07
-5.63066e-08
7.89552e-07
-4.90485e-08
7.85755e-07
-4.2568e-08
7.82584e-07
-3.68265e-08
7.79933e-07
-3.17728e-08
7.77714e-07
-2.73485e-08
7.75854e-07
-2.34934e-08
7.74296e-07
-2.01478e-08
7.72987e-07
-1.72541e-08
7.71888e-07
-1.47599e-08
7.70963e-07
-1.26124e-08
7.70184e-07
-1.07771e-08
7.69528e-07
-9.18866e-09
7.68972e-07
-7.87023e-09
7.68506e-07
-6.66893e-09
7.68105e-07
-5.78405e-09
7.67773e-07
-4.81805e-09
7.67481e-07
-4.29112e-09
7.67243e-07
-3.50449e-09
7.67028e-07
-3.19793e-09
7.66855e-07
-2.59048e-09
7.66692e-07
-2.44931e-09
-1.93906e-09
9.75686e-07
3.27853e-08
9.80659e-07
1.4332e-08
9.81997e-07
-4.30916e-09
9.80072e-07
-2.41231e-08
9.72516e-07
-4.49705e-08
9.59522e-07
-6.53992e-08
9.42868e-07
-8.20705e-08
9.24676e-07
-9.34872e-08
9.05842e-07
-1.00202e-07
8.87112e-07
-1.02514e-07
8.69652e-07
-1.00695e-07
8.54054e-07
-9.5709e-08
8.40516e-07
-8.88097e-08
8.28972e-07
-8.09839e-08
8.1921e-07
-7.28839e-08
8.10973e-07
-6.49359e-08
8.0402e-07
-5.74041e-08
7.98145e-07
-5.04317e-08
7.93179e-07
-4.40819e-08
7.88979e-07
-3.83685e-08
7.85428e-07
-3.32759e-08
7.82427e-07
-2.87711e-08
7.79889e-07
-2.48113e-08
7.77745e-07
-2.13488e-08
7.75932e-07
-1.83349e-08
7.74399e-07
-1.57213e-08
7.73103e-07
-1.34635e-08
7.72006e-07
-1.15157e-08
7.71077e-07
-9.84836e-09
7.70292e-07
-8.40287e-09
7.69624e-07
-7.20218e-09
7.6906e-07
-6.10584e-09
7.68576e-07
-5.29919e-09
7.68173e-07
-4.41522e-09
7.67817e-07
-3.93522e-09
7.67527e-07
-3.21443e-09
7.67264e-07
-2.93515e-09
7.67053e-07
-2.37902e-09
7.66854e-07
-2.25045e-09
-1.78432e-09
9.65255e-07
2.52659e-08
9.69614e-07
9.97312e-09
9.7099e-07
-5.68502e-09
9.68644e-07
-2.17773e-08
9.62119e-07
-3.8446e-08
9.51403e-07
-5.4683e-08
9.3755e-07
-6.82173e-08
9.21814e-07
-7.77517e-08
9.05064e-07
-8.34511e-08
8.88212e-07
-8.56619e-08
8.72202e-07
-8.46853e-08
8.57631e-07
-8.11381e-08
8.44702e-07
-7.58804e-08
8.33395e-07
-6.96771e-08
8.23598e-07
-6.30864e-08
8.15156e-07
-5.64946e-08
8.07908e-07
-5.01553e-08
8.01696e-07
-4.42197e-08
7.96381e-07
-3.87667e-08
7.91839e-07
-3.38266e-08
7.87962e-07
-2.93995e-08
7.84657e-07
-2.54662e-08
7.81842e-07
-2.19963e-08
7.79447e-07
-1.8953e-08
7.77409e-07
-1.62972e-08
7.75677e-07
-1.3989e-08
7.74204e-07
-1.19912e-08
7.72953e-07
-1.02647e-08
7.7189e-07
-8.78491e-09
7.70987e-07
-7.5001e-09
7.70217e-07
-6.43233e-09
7.69567e-07
-5.45532e-09
7.69005e-07
-4.73768e-09
7.68538e-07
-3.94787e-09
7.68124e-07
-3.52152e-09
7.67787e-07
-2.87679e-09
7.6748e-07
-2.62881e-09
7.67233e-07
-2.13223e-09
7.67001e-07
-2.01812e-09
-1.60334e-09
9.57123e-07
1.86625e-08
9.60785e-07
6.31024e-09
9.61566e-07
-6.46509e-09
9.59285e-07
-1.94966e-08
9.53442e-07
-3.2603e-08
9.44106e-07
-4.53473e-08
9.32065e-07
-5.61765e-08
9.18287e-07
-6.39731e-08
9.03532e-07
-6.86963e-08
8.88525e-07
-7.06553e-08
8.73973e-07
-7.01333e-08
8.60389e-07
-6.75534e-08
8.4803e-07
-6.35213e-08
8.36978e-07
-5.86251e-08
8.27213e-07
-5.33214e-08
8.18656e-07
-4.79384e-08
8.11202e-07
-4.27011e-08
8.04735e-07
-3.77527e-08
7.99143e-07
-3.31745e-08
7.94321e-07
-2.90043e-08
7.90172e-07
-2.52508e-08
7.8661e-07
-2.19044e-08
7.83557e-07
-1.89437e-08
7.80945e-07
-1.63408e-08
7.78713e-07
-1.40646e-08
7.76806e-07
-1.20828e-08
7.7518e-07
-1.03649e-08
7.73794e-07
-8.87838e-09
7.72612e-07
-7.60288e-09
7.71606e-07
-6.4941e-09
7.70746e-07
-5.57243e-09
7.70018e-07
-4.72735e-09
7.69388e-07
-4.10811e-09
7.68864e-07
-3.42315e-09
7.68398e-07
-3.05632e-09
7.68018e-07
-2.49667e-09
7.67673e-07
-2.2835e-09
7.67394e-07
-1.85379e-09
7.67132e-07
-1.7557e-09
-1.39873e-09
9.50231e-07
1.30028e-08
9.53482e-07
3.05947e-09
9.54102e-07
-7.08556e-09
9.51943e-07
-1.73375e-08
9.46757e-07
-2.74167e-08
9.38586e-07
-3.71769e-08
9.28002e-07
-4.55917e-08
9.15736e-07
-5.17078e-08
9.02459e-07
-5.54185e-08
8.88796e-07
-5.69933e-08
8.75334e-07
-5.66709e-08
8.6253e-07
-5.47494e-08
8.50662e-07
-5.16531e-08
8.39861e-07
-4.78243e-08
8.30164e-07
-4.36244e-08
8.21546e-07
-3.93205e-08
8.13946e-07
-3.51011e-08
8.07284e-07
-3.10906e-08
8.01473e-07
-2.73627e-08
7.96423e-07
-2.39546e-08
7.9205e-07
-2.08782e-08
7.88275e-07
-1.81291e-08
7.85023e-07
-1.56921e-08
7.82229e-07
-1.35462e-08
7.79831e-07
-1.1667e-08
7.77777e-07
-1.00289e-08
7.7602e-07
-8.60753e-09
7.74518e-07
-7.37638e-09
7.73234e-07
-6.31928e-09
7.7214e-07
-5.39953e-09
7.71202e-07
-4.63509e-09
7.70408e-07
-3.9327e-09
7.6972e-07
-3.41981e-09
7.69145e-07
-2.84889e-09
7.68636e-07
-2.54658e-09
7.68219e-07
-2.07973e-09
7.67839e-07
-1.90437e-09
7.67533e-07
-1.54778e-09
7.67245e-07
-1.46699e-09
-1.17334e-09
9.44832e-07
7.88677e-09
9.47706e-07
1.86109e-10
9.48217e-07
-7.59685e-09
9.46173e-07
-1.52931e-08
9.41466e-07
-2.27103e-08
9.34176e-07
-2.9887e-08
9.24704e-07
-3.61194e-08
9.13622e-07
-4.06261e-08
9.01508e-07
-4.33038e-08
8.88906e-07
-4.43915e-08
8.76319e-07
-4.40838e-08
8.64158e-07
-4.25887e-08
8.52707e-07
-4.02024e-08
8.42133e-07
-3.72498e-08
8.32513e-07
-3.40045e-08
8.23864e-07
-3.06719e-08
8.16161e-07
-2.73982e-08
8.09352e-07
-2.42813e-08
8.03369e-07
-2.13801e-08
7.9814e-07
-1.87251e-08
7.93588e-07
-1.63266e-08
7.89641e-07
-1.41818e-08
7.86228e-07
-1.22794e-08
7.83285e-07
-1.06033e-08
7.80753e-07
-9.13482e-09
7.78578e-07
-7.85417e-09
7.76713e-07
-6.74249e-09
7.75116e-07
-5.77927e-09
7.73749e-07
-4.95202e-09
7.72581e-07
-4.2319e-09
7.7158e-07
-3.63373e-09
7.7073e-07
-3.08297e-09
7.69993e-07
-2.68279e-09
7.69378e-07
-2.2336e-09
7.68831e-07
-1.99983e-09
7.68384e-07
-1.63205e-09
7.67976e-07
-1.49702e-09
7.67647e-07
-1.21863e-09
7.67336e-07
-1.15607e-09
-9.30267e-10
9.40468e-07
3.17801e-09
9.431e-07
-2.44523e-09
9.43581e-07
-8.07772e-09
9.41708e-07
-1.34205e-08
9.37436e-07
-1.84385e-08
9.30835e-07
-2.32858e-08
9.22193e-07
-2.7477e-08
9.11981e-07
-3.04142e-08
9.00716e-07
-3.20385e-08
8.88886e-07
-3.25617e-08
8.76943e-07
-3.21404e-08
8.65265e-07
-3.09113e-08
8.54138e-07
-2.9075e-08
8.43747e-07
-2.68592e-08
8.342e-07
-2.44576e-08
8.25542e-07
-2.2014e-08
8.17774e-07
-1.96294e-08
8.10863e-07
-1.73704e-08
8.04759e-07
-1.52761e-08
7.99399e-07
-1.33656e-08
7.94716e-07
-1.1644e-08
7.90642e-07
-1.01075e-08
7.8711e-07
-8.74695e-09
7.84056e-07
-7.54968e-09
7.81423e-07
-6.50174e-09
7.79157e-07
-5.58855e-09
7.77211e-07
-4.79633e-09
7.75542e-07
-4.11031e-09
7.74112e-07
-3.52136e-09
7.72889e-07
-3.0089e-09
7.71838e-07
-2.58359e-09
7.70947e-07
-2.19143e-09
7.70173e-07
-1.90844e-09
7.69526e-07
-1.5871e-09
7.68951e-07
-1.42473e-09
7.6848e-07
-1.16066e-09
7.68051e-07
-1.06803e-09
7.67703e-07
-8.71306e-10
7.67375e-07
-8.27798e-10
-6.72867e-10
9.35468e-07
-1.3612e-09
9.38038e-07
-5.01481e-09
9.38511e-07
-8.5514e-09
9.36793e-07
-1.17018e-08
9.32876e-07
-1.45216e-08
9.26796e-07
-1.72059e-08
9.1875e-07
-1.94315e-08
9.09139e-07
-2.08031e-08
8.9844e-07
-2.134e-08
8.87119e-07
-2.12408e-08
8.75606e-07
-2.06267e-08
8.6427e-07
-1.95754e-08
8.53399e-07
-1.8204e-08
8.4319e-07
-1.66507e-08
8.33765e-07
-1.50317e-08
8.2518e-07
-1.34291e-08
8.17448e-07
-1.18974e-08
8.10547e-07
-1.04702e-08
8.04436e-07
-9.16464e-09
7.99057e-07
-7.98657e-09
7.94347e-07
-6.93444e-09
7.90242e-07
-6.0023e-09
7.86677e-07
-5.18174e-09
7.8359e-07
-4.46319e-09
7.80926e-07
-3.8368e-09
7.7863e-07
-3.29282e-09
7.76656e-07
-2.82225e-09
7.74961e-07
-2.41583e-09
7.73507e-07
-2.06755e-09
7.72264e-07
-1.76532e-09
7.71195e-07
-1.51476e-09
7.70288e-07
-1.28402e-09
7.69498e-07
-1.11901e-09
7.6884e-07
-9.28622e-10
7.68253e-07
-8.37738e-10
7.67772e-07
-6.79534e-10
7.67334e-07
-6.29998e-10
7.66978e-07
-5.15315e-10
7.66641e-07
-4.91206e-10
-4.08296e-10
9.14598e-07
-5.2527e-09
9.16538e-07
-6.95502e-09
9.16374e-07
-8.38751e-09
9.14121e-07
-9.44913e-09
9.0988e-07
-1.02801e-08
9.03653e-07
-1.09786e-08
8.95592e-07
-1.13706e-08
8.8608e-07
-1.12918e-08
8.75595e-07
-1.08547e-08
8.64591e-07
-1.0237e-08
8.53485e-07
-9.52044e-09
8.42633e-07
-8.72312e-09
8.32304e-07
-7.87501e-09
8.22675e-07
-7.02164e-09
8.13843e-07
-6.20029e-09
8.05848e-07
-5.43349e-09
7.98684e-07
-4.73331e-09
7.92318e-07
-4.10464e-09
7.867e-07
-3.54709e-09
7.81771e-07
-3.05691e-09
7.77465e-07
-2.62867e-09
7.73719e-07
-2.25626e-09
7.70471e-07
-1.93356e-09
7.67662e-07
-1.65474e-09
7.6524e-07
-1.41448e-09
7.63155e-07
-1.20788e-09
7.61364e-07
-1.03072e-09
7.59827e-07
-8.78908e-10
7.58509e-07
-7.49626e-10
7.57382e-07
-6.38324e-10
7.56413e-07
-5.4633e-10
7.55592e-07
-4.62356e-10
7.54876e-07
-4.03038e-10
7.5428e-07
-3.33278e-10
7.53746e-07
-3.03717e-10
7.53311e-07
-2.4417e-10
7.52912e-07
-2.30859e-10
7.52586e-07
-1.89802e-10
7.52278e-07
-1.83201e-10
-1.59891e-10
7.40226e-07
7.33271e-07
7.24884e-07
7.15435e-07
7.05155e-07
6.94176e-07
6.82805e-07
6.71514e-07
6.60659e-07
6.50422e-07
6.40901e-07
6.32178e-07
6.24303e-07
6.17282e-07
6.11081e-07
6.05648e-07
6.00915e-07
5.9681e-07
5.93263e-07
5.90206e-07
5.87577e-07
5.85321e-07
5.83387e-07
5.81733e-07
5.80318e-07
5.7911e-07
5.7808e-07
5.77201e-07
5.76451e-07
5.75813e-07
5.75266e-07
5.74804e-07
5.74401e-07
5.74068e-07
5.73764e-07
5.7352e-07
5.73289e-07
5.73099e-07
5.72916e-07
)
;

boundaryField
{
    inlet
    {
        type            calculated;
        value           nonuniform List<scalar> 
20
(
-1e-06
-1e-06
-1e-06
-1e-06
-1e-06
-1e-06
-1e-06
-1e-06
-1e-06
-1e-06
-1e-06
-1e-06
-1e-06
-1e-06
-1e-06
-1e-06
-1e-06
-1e-06
-1e-06
-1e-06
)
;
    }
    outlet
    {
        type            calculated;
        value           nonuniform List<scalar> 
27
(
7.65109e-07
7.65228e-07
7.65359e-07
7.655e-07
7.6565e-07
7.65804e-07
7.65961e-07
7.66119e-07
7.66273e-07
7.66423e-07
7.66566e-07
7.66699e-07
7.6682e-07
7.66927e-07
7.67019e-07
7.67093e-07
7.67118e-07
7.66376e-07
7.5203e-07
5.72756e-07
5.30258e-07
7.11659e-07
7.27404e-07
7.28342e-07
7.2843e-07
7.28497e-07
7.28578e-07
)
;
    }
    lowerWall
    {
        type            calculated;
        value           uniform 0;
    }
    upperWall
    {
        type            calculated;
        value           uniform 0;
    }
    defaultFaces
    {
        type            empty;
        value           nonuniform List<scalar> 0();
    }
}


// ************************************************************************* //
