/*--------------------------------*- C++ -*----------------------------------*\
| =========                 |                                                 |
| \\      /  F ield         | OpenFOAM: The Open Source CFD Toolbox           |
|  \\    /   O peration     | Version:  2112                                  |
|   \\  /    A nd           | Website:  www.openfoam.com                      |
|    \\/     M anipulation  |                                                 |
\*---------------------------------------------------------------------------*/
FoamFile
{
    version     2.0;
    format      ascii;
    arch        "LSB;label=32;scalar=64";
    class       surfaceScalarField;
    location    "0.24";
    object      phi;
}
// * * * * * * * * * * * * * * * * * * * * * * * * * * * * * * * * * * * * * //

dimensions      [0 3 -1 0 0 0 0];

oriented        oriented;

internalField   nonuniform List<scalar> 
3653
(
9.92679e-07
7.32113e-09
9.79225e-07
1.34541e-08
9.63893e-07
1.53319e-08
9.48558e-07
1.53344e-08
9.32264e-07
1.62948e-08
9.1547e-07
1.67935e-08
8.97337e-07
1.81333e-08
8.80387e-07
1.69497e-08
8.61701e-07
1.86857e-08
8.44468e-07
1.72332e-08
8.24501e-07
1.99668e-08
8.06913e-07
1.75881e-08
7.86578e-07
2.03351e-08
7.69296e-07
1.72819e-08
7.49179e-07
2.01175e-08
7.30325e-07
1.88538e-08
7.07819e-07
2.25062e-08
6.87819e-07
1.99999e-08
6.65615e-07
2.2204e-08
6.48221e-07
1.73937e-08
6.29113e-07
1.91082e-08
6.12139e-07
1.69742e-08
5.95609e-07
1.65301e-08
5.72788e-07
2.28211e-08
5.53456e-07
1.93322e-08
5.19526e-07
3.39295e-08
4.86615e-07
3.29111e-08
4.33825e-07
5.27898e-08
3.74056e-07
5.9769e-08
9.09449e-08
2.83111e-07
1.00296e-06
4.36007e-09
1.00648e-06
9.93339e-09
1.0089e-06
1.29176e-08
1.01024e-06
1.39894e-08
1.0112e-06
1.53355e-08
1.01186e-06
1.61359e-08
1.01181e-06
1.818e-08
1.01139e-06
1.73728e-08
1.00985e-06
2.02228e-08
1.00892e-06
1.81666e-08
1.00605e-06
2.28319e-08
1.00447e-06
1.91678e-08
9.99729e-07
2.50785e-08
9.96572e-07
2.0439e-08
9.91431e-07
2.52585e-08
9.87064e-07
2.32214e-08
9.81847e-07
2.77229e-08
9.7573e-07
2.6117e-08
9.66828e-07
3.11062e-08
9.60956e-07
2.3265e-08
9.45224e-07
3.48408e-08
9.40476e-07
2.17225e-08
9.18718e-07
3.82881e-08
9.10466e-07
3.10722e-08
8.8443e-07
4.53686e-08
8.67629e-07
5.07307e-08
8.31217e-07
6.93226e-08
8.06505e-07
7.75026e-08
7.44736e-07
1.21537e-07
1.26113e-07
7.09568e-07
1.00177e-06
2.59123e-09
1.00489e-06
6.81591e-09
1.00776e-06
1.00399e-08
1.00997e-06
1.1781e-08
1.01194e-06
1.33707e-08
1.01387e-06
1.41993e-08
1.01586e-06
1.61968e-08
1.01742e-06
1.58129e-08
1.01868e-06
1.89561e-08
1.01994e-06
1.69084e-08
1.02055e-06
2.22264e-08
1.02212e-06
1.75923e-08
1.02153e-06
2.56695e-08
1.02268e-06
1.92893e-08
1.02036e-06
2.75781e-08
1.02108e-06
2.24999e-08
1.01904e-06
2.97701e-08
1.01832e-06
2.68338e-08
1.01572e-06
3.37086e-08
1.01082e-06
2.8162e-08
1.00563e-06
4.0027e-08
9.95999e-07
3.13572e-08
9.87268e-07
4.70194e-08
9.72749e-07
4.55912e-08
9.61685e-07
5.64321e-08
9.42085e-07
7.03307e-08
9.24613e-07
8.67947e-08
9.10131e-07
9.1985e-08
8.7728e-07
1.54388e-07
1.37894e-07
8.655e-07
1.00081e-06
1.78336e-09
1.00257e-06
5.05373e-09
1.00462e-06
7.98787e-09
1.00656e-06
9.84261e-09
1.00834e-06
1.15911e-08
1.01011e-06
1.24264e-08
1.0119e-06
1.44061e-08
1.01341e-06
1.43054e-08
1.01504e-06
1.73247e-08
1.01623e-06
1.57181e-08
1.0179e-06
2.05588e-08
1.01868e-06
1.68115e-08
1.02007e-06
2.42846e-08
1.02017e-06
1.91833e-08
1.02044e-06
2.73069e-08
1.02051e-06
2.24292e-08
1.02014e-06
3.01451e-08
1.02042e-06
2.65568e-08
1.01814e-06
3.59805e-08
1.01621e-06
3.0098e-08
1.01104e-06
4.51913e-08
1.00567e-06
3.67342e-08
9.97179e-07
5.5507e-08
9.90305e-07
5.24655e-08
9.76887e-07
6.98505e-08
9.71221e-07
7.59967e-08
9.55759e-07
1.02256e-07
9.4432e-07
1.03424e-07
9.42297e-07
1.56411e-07
1.5878e-07
9.21411e-07
1.0004e-06
1.38297e-09
1.00155e-06
3.90594e-09
1.00319e-06
6.34858e-09
1.00485e-06
8.17622e-09
1.00657e-06
9.87002e-09
1.00814e-06
1.08598e-08
1.00991e-06
1.26363e-08
1.01127e-06
1.29515e-08
1.01306e-06
1.55253e-08
1.0141e-06
1.46805e-08
1.01599e-06
1.8674e-08
1.01645e-06
1.63481e-08
1.01845e-06
2.22847e-08
1.01807e-06
1.95606e-08
1.01994e-06
2.54376e-08
1.01851e-06
2.38633e-08
1.0203e-06
2.83491e-08
1.01798e-06
2.88842e-08
1.01893e-06
3.5029e-08
1.01552e-06
3.35099e-08
1.01358e-06
4.71245e-08
1.00953e-06
4.07835e-08
1.00391e-06
6.11347e-08
9.99062e-07
5.73094e-08
9.91665e-07
7.72475e-08
9.85522e-07
8.214e-08
9.79298e-07
1.08481e-07
9.72839e-07
1.09883e-07
9.71628e-07
1.57622e-07
1.58138e-07
9.72269e-07
1.00032e-06
1.06146e-09
1.00115e-06
3.0801e-09
1.00241e-06
5.08249e-09
1.00381e-06
6.77969e-09
1.00537e-06
8.30647e-09
1.00684e-06
9.39694e-09
1.00855e-06
1.09263e-08
1.00985e-06
1.1643e-08
1.01166e-06
1.37179e-08
1.01271e-06
1.36317e-08
1.01467e-06
1.67175e-08
1.01528e-06
1.57364e-08
1.01722e-06
2.03484e-08
1.01749e-06
1.92862e-08
1.01881e-06
2.41153e-08
1.01892e-06
2.37577e-08
1.01939e-06
2.78814e-08
1.01917e-06
2.91032e-08
1.01916e-06
3.50404e-08
1.01715e-06
3.55118e-08
1.01702e-06
4.72542e-08
1.0129e-06
4.49106e-08
1.01143e-06
6.26007e-08
1.0074e-06
6.13371e-08
1.0039e-06
8.07505e-08
1.00068e-06
8.5364e-08
9.99513e-07
1.09643e-07
9.95268e-07
1.14128e-07
1.00046e-06
1.52426e-07
1.57994e-07
1.00061e-06
1.00023e-06
8.30906e-10
1.00086e-06
2.45072e-09
1.00189e-06
4.049e-09
1.0031e-06
5.57127e-09
1.00456e-06
6.85027e-09
1.00596e-06
7.99613e-09
1.00766e-06
9.22715e-09
1.009e-06
1.03004e-08
1.01085e-06
1.18669e-08
1.01195e-06
1.25293e-08
1.01406e-06
1.46127e-08
1.01469e-06
1.51043e-08
1.01705e-06
1.79935e-08
1.0171e-06
1.92353e-08
1.01943e-06
2.17776e-08
1.01902e-06
2.41763e-08
1.02073e-06
2.6167e-08
1.02025e-06
2.95842e-08
1.02105e-06
3.42381e-08
1.02048e-06
3.60818e-08
1.02036e-06
4.73761e-08
1.01913e-06
4.61423e-08
1.01866e-06
6.30676e-08
1.01673e-06
6.32716e-08
1.0165e-06
8.09767e-08
1.01525e-06
8.66161e-08
1.0166e-06
1.08293e-07
1.01713e-06
1.13596e-07
1.02354e-06
1.46012e-07
1.52746e-07
1.02879e-06
1.00019e-06
6.36198e-10
1.00073e-06
1.91383e-09
1.00165e-06
3.12678e-09
1.00277e-06
4.45204e-09
1.00415e-06
5.47258e-09
1.00554e-06
6.6095e-09
1.00721e-06
7.55135e-09
1.00866e-06
8.85361e-09
1.0105e-06
1.00237e-08
1.01182e-06
1.12134e-08
1.01385e-06
1.25847e-08
1.01496e-06
1.39906e-08
1.01709e-06
1.58627e-08
1.01802e-06
1.83087e-08
1.01988e-06
1.99203e-08
1.02067e-06
2.33793e-08
1.02206e-06
2.47837e-08
1.02258e-06
2.9057e-08
1.02403e-06
3.27954e-08
1.02369e-06
3.64161e-08
1.02568e-06
4.53925e-08
1.02465e-06
4.71639e-08
1.02658e-06
6.11449e-08
1.02625e-06
6.35959e-08
1.02815e-06
7.9076e-08
1.02889e-06
8.58785e-08
1.03343e-06
1.03756e-07
1.03533e-06
1.11694e-07
1.04441e-06
1.36937e-07
1.46018e-07
1.05113e-06
1.00018e-06
4.57019e-10
1.00068e-06
1.41101e-09
1.00153e-06
2.27462e-09
1.00262e-06
3.36945e-09
1.00396e-06
4.12602e-09
1.00538e-06
5.19611e-09
1.00706e-06
5.8682e-09
1.00862e-06
7.29562e-09
1.01052e-06
8.12472e-09
1.01201e-06
9.72389e-09
1.01413e-06
1.04648e-08
1.01548e-06
1.26324e-08
1.0178e-06
1.35452e-08
1.01902e-06
1.70919e-08
1.02122e-06
1.77204e-08
1.02243e-06
2.21638e-08
1.02413e-06
2.30857e-08
1.02555e-06
2.76427e-08
1.02703e-06
3.13156e-08
1.02837e-06
3.50756e-08
1.03041e-06
4.33531e-08
1.03124e-06
4.63262e-08
1.03427e-06
5.81212e-08
1.03527e-06
6.2591e-08
1.03909e-06
7.52572e-08
1.04184e-06
8.31302e-08
1.04734e-06
9.82584e-08
1.05236e-06
1.06668e-07
1.06218e-06
1.27124e-07
1.3681e-07
1.07138e-06
1.00017e-06
2.82551e-10
1.00067e-06
9.12273e-10
1.00151e-06
1.43407e-09
1.00261e-06
2.27259e-09
1.00397e-06
2.77089e-09
1.00545e-06
3.71629e-09
1.00716e-06
4.1539e-09
1.00887e-06
5.5877e-09
1.01081e-06
6.17755e-09
1.01256e-06
7.9804e-09
1.01469e-06
8.32827e-09
1.01647e-06
1.08608e-08
1.01878e-06
1.12336e-08
1.02059e-06
1.5277e-08
1.02283e-06
1.54821e-08
1.02468e-06
2.0318e-08
1.02675e-06
2.10103e-08
1.02857e-06
2.58225e-08
1.031e-06
2.8889e-08
1.03264e-06
3.3435e-08
1.03591e-06
4.00858e-08
1.03764e-06
4.45902e-08
1.04166e-06
5.41083e-08
1.04427e-06
5.99809e-08
1.0492e-06
7.03186e-08
1.05336e-06
7.89774e-08
1.06052e-06
9.1097e-08
1.06689e-06
1.00299e-07
1.07765e-06
1.16367e-07
1.26503e-07
1.08795e-06
1.00018e-06
1.02465e-10
1.0007e-06
3.88118e-10
1.00157e-06
5.64453e-10
1.00273e-06
1.11556e-09
1.00414e-06
1.36317e-09
1.00572e-06
2.13682e-09
1.0075e-06
2.36838e-09
1.00937e-06
3.72292e-09
1.01141e-06
4.13613e-09
1.01338e-06
6.00669e-09
1.01563e-06
6.08517e-09
1.01772e-06
8.76876e-09
1.02016e-06
8.79097e-09
1.02242e-06
1.30204e-08
1.02484e-06
1.30611e-08
1.02726e-06
1.78957e-08
1.02957e-06
1.86974e-08
1.03216e-06
2.32329e-08
1.03485e-06
2.6204e-08
1.03751e-06
3.0777e-08
1.04117e-06
3.6423e-08
1.04404e-06
4.17195e-08
1.04877e-06
4.93793e-08
1.0526e-06
5.61519e-08
1.05831e-06
6.46108e-08
1.0641e-06
7.31873e-08
1.07169e-06
8.35006e-08
1.07972e-06
9.22756e-08
1.09088e-06
1.05203e-07
1.14896e-07
1.10249e-06
1.0002e-06
-9.28541e-11
1.00077e-06
-1.87049e-10
1.0017e-06
-3.68929e-10
1.00296e-06
-1.38128e-10
1.00446e-06
-1.37037e-10
1.00617e-06
4.28655e-10
1.00806e-06
4.79002e-10
1.01008e-06
1.69335e-09
1.01224e-06
1.98157e-09
1.01446e-06
3.78785e-09
1.01682e-06
3.71975e-09
1.01925e-06
6.34718e-09
1.02183e-06
6.20525e-09
1.02451e-06
1.03463e-08
1.02719e-06
1.03801e-08
1.03003e-06
1.50561e-08
1.0328e-06
1.59204e-08
1.03577e-06
2.02672e-08
1.0391e-06
2.28765e-08
1.04228e-06
2.75883e-08
1.04652e-06
3.2185e-08
1.05031e-06
3.79314e-08
1.05551e-06
4.41816e-08
1.06043e-06
5.12294e-08
1.06682e-06
5.82235e-08
1.07347e-06
6.65352e-08
1.08187e-06
7.51013e-08
1.09074e-06
8.34062e-08
1.10225e-06
9.36906e-08
1.0281e-07
1.11434e-06
1.00023e-06
-3.19951e-10
1.00089e-06
-8.50863e-10
1.00196e-06
-1.43799e-09
1.00337e-06
-1.5457e-09
1.00501e-06
-1.77875e-09
1.00688e-06
-1.44068e-09
1.0089e-06
-1.54449e-09
1.0111e-06
-5.09387e-10
1.01338e-06
-2.97799e-10
1.01585e-06
1.3241e-09
1.01836e-06
1.2097e-09
1.02108e-06
3.62052e-09
1.02383e-06
3.46344e-09
1.02689e-06
7.27924e-09
1.02981e-06
7.46058e-09
1.03311e-06
1.17569e-08
1.03622e-06
1.28117e-08
1.03971e-06
1.67776e-08
1.04339e-06
1.91942e-08
1.04721e-06
2.37717e-08
1.05179e-06
2.76066e-08
1.0563e-06
3.34185e-08
1.06186e-06
3.86212e-08
1.06762e-06
4.54748e-08
1.07435e-06
5.14903e-08
1.08186e-06
5.90285e-08
1.09058e-06
6.63765e-08
1.10016e-06
7.38303e-08
1.11178e-06
8.20679e-08
9.01796e-08
1.12441e-06
1.00026e-06
-5.78527e-10
1.00103e-06
-1.62183e-09
1.00226e-06
-2.66568e-09
1.00385e-06
-3.14266e-09
1.00567e-06
-3.59307e-09
1.00772e-06
-3.49481e-09
1.00989e-06
-3.71508e-09
1.01229e-06
-2.90468e-09
1.01475e-06
-2.76417e-09
1.01747e-06
-1.38687e-09
1.02018e-06
-1.50047e-09
1.02317e-06
6.23496e-10
1.02616e-06
4.74293e-10
1.02954e-06
3.8988e-09
1.03279e-06
4.21229e-09
1.03642e-06
8.12283e-09
1.03996e-06
9.27254e-09
1.04384e-06
1.28995e-08
1.04797e-06
1.50668e-08
1.05229e-06
1.94548e-08
1.05719e-06
2.27077e-08
1.06227e-06
2.83339e-08
1.0681e-06
3.2793e-08
1.07434e-06
3.92295e-08
1.08142e-06
4.44104e-08
1.08927e-06
5.11783e-08
1.09832e-06
5.7328e-08
1.10823e-06
6.39237e-08
1.11988e-06
7.04163e-08
7.75062e-08
1.13255e-06
1.00038e-06
-9.53959e-10
1.00139e-06
-2.63791e-09
1.00292e-06
-4.19246e-09
1.00479e-06
-5.01277e-09
1.00683e-06
-5.63667e-09
1.0091e-06
-5.75784e-09
1.01145e-06
-6.07413e-09
1.01402e-06
-5.47292e-09
1.01667e-06
-5.41633e-09
1.01961e-06
-4.32083e-09
1.02252e-06
-4.4147e-09
1.02573e-06
-2.58456e-09
1.02891e-06
-2.70167e-09
1.03257e-06
2.35561e-10
1.03608e-06
7.04103e-10
1.04009e-06
4.11207e-09
1.04402e-06
5.34071e-09
1.04836e-06
8.56203e-09
1.05282e-06
1.06086e-08
1.05752e-06
1.47489e-08
1.06255e-06
1.76814e-08
1.06792e-06
2.29672e-08
1.07378e-06
2.69234e-08
1.08029e-06
3.272e-08
1.08745e-06
3.72593e-08
1.09554e-06
4.30795e-08
1.10468e-06
4.81882e-08
1.1148e-06
5.38104e-08
1.12636e-06
5.88564e-08
6.47327e-08
1.13913e-06
1.00046e-06
-1.41356e-09
1.00183e-06
-4.0054e-09
1.00378e-06
-6.14082e-09
1.006e-06
-7.23256e-09
1.00829e-06
-7.93557e-09
1.01078e-06
-8.24346e-09
1.01333e-06
-8.62818e-09
1.01612e-06
-8.25759e-09
1.01898e-06
-8.27544e-09
1.02215e-06
-7.49253e-09
1.02525e-06
-7.5199e-09
1.02874e-06
-6.07091e-09
1.03218e-06
-6.13741e-09
1.03615e-06
-3.733e-09
1.03993e-06
-3.07611e-09
1.0442e-06
-1.66002e-10
1.04856e-06
9.80491e-10
1.05334e-06
3.78182e-09
1.05826e-06
5.69508e-09
1.06338e-06
9.62671e-09
1.06861e-06
1.24492e-08
1.07414e-06
1.74429e-08
1.07997e-06
2.1086e-08
1.08642e-06
2.62724e-08
1.09348e-06
3.02016e-08
1.10146e-06
3.51019e-08
1.11046e-06
3.91811e-08
1.12051e-06
4.37611e-08
1.13186e-06
4.75094e-08
5.22225e-08
1.14437e-06
1.00088e-06
-2.29585e-09
1.00287e-06
-5.99292e-09
1.0053e-06
-8.57341e-09
1.00782e-06
-9.74936e-09
1.01033e-06
-1.04445e-08
1.01306e-06
-1.09714e-08
1.01587e-06
-1.14392e-08
1.01886e-06
-1.12472e-08
1.02189e-06
-1.13057e-08
1.02529e-06
-1.08943e-08
1.02868e-06
-1.09074e-08
1.03245e-06
-9.84955e-09
1.03611e-06
-9.79209e-09
1.04014e-06
-7.76012e-09
1.04408e-06
-7.02156e-09
1.04867e-06
-4.75195e-09
1.05367e-06
-4.02021e-09
1.05915e-06
-1.6959e-09
1.06443e-06
4.08383e-10
1.06972e-06
4.34299e-09
1.07469e-06
7.47331e-09
1.07985e-06
1.22811e-08
1.08518e-06
1.57652e-08
1.09121e-06
2.02373e-08
1.09791e-06
2.35057e-08
1.10569e-06
2.73189e-08
1.11452e-06
3.03474e-08
1.12449e-06
3.37944e-08
1.13565e-06
3.63504e-08
3.97262e-08
1.14815e-06
1.00186e-06
-4.15432e-09
1.00525e-06
-9.38178e-09
1.00853e-06
-1.18581e-08
1.01139e-06
-1.26114e-08
1.01413e-06
-1.3185e-08
1.01715e-06
-1.39887e-08
1.02027e-06
-1.45576e-08
1.02341e-06
-1.43886e-08
1.02644e-06
-1.43373e-08
1.02975e-06
-1.41991e-08
1.03306e-06
-1.42166e-08
1.03685e-06
-1.36392e-08
1.04043e-06
-1.33754e-08
1.04426e-06
-1.15939e-08
1.04788e-06
-1.06363e-08
1.05234e-06
-9.21215e-09
1.05728e-06
-8.9656e-09
1.06294e-06
-7.34972e-09
1.06847e-06
-5.11982e-09
1.07406e-06
-1.25446e-09
1.07916e-06
2.37583e-09
1.08428e-06
7.16235e-09
1.08939e-06
1.06587e-08
1.09511e-06
1.45095e-08
1.10149e-06
1.7128e-08
1.10899e-06
1.98251e-08
1.11756e-06
2.17774e-08
1.12738e-06
2.3974e-08
1.13829e-06
2.54377e-08
2.7638e-08
1.15038e-06
1.00304e-06
-7.19461e-09
1.00686e-06
-1.31996e-08
1.00973e-06
-1.47258e-08
1.01179e-06
-1.46706e-08
1.01366e-06
-1.50607e-08
1.01546e-06
-1.57859e-08
1.01693e-06
-1.60295e-08
1.01809e-06
-1.55521e-08
1.01909e-06
-1.53314e-08
1.02014e-06
-1.52517e-08
1.02106e-06
-1.51347e-08
1.02205e-06
-1.46323e-08
1.02264e-06
-1.39623e-08
1.02356e-06
-1.25181e-08
1.02469e-06
-1.17604e-08
1.0269e-06
-1.14217e-08
1.02942e-06
-1.14885e-08
1.03239e-06
-1.03242e-08
1.03538e-06
-8.10485e-09
1.039e-06
-4.87992e-09
1.04302e-06
-1.63625e-09
1.04831e-06
1.87273e-09
1.05445e-06
4.50955e-09
1.06193e-06
7.03793e-09
1.07038e-06
8.67618e-09
1.08002e-06
1.01841e-08
1.0906e-06
1.11926e-08
1.10233e-06
1.22497e-08
1.11495e-06
1.28206e-08
1.36636e-08
1.12892e-06
9.92805e-07
9.79606e-07
9.6488e-07
9.50209e-07
9.35149e-07
9.19363e-07
9.03333e-07
8.87781e-07
8.7245e-07
8.57198e-07
8.42063e-07
8.27431e-07
8.13469e-07
8.00951e-07
7.8919e-07
7.77769e-07
7.6628e-07
7.55956e-07
7.47851e-07
7.42971e-07
7.41335e-07
7.43208e-07
7.47717e-07
7.54755e-07
7.63431e-07
7.73615e-07
7.84808e-07
7.97058e-07
8.09878e-07
8.23542e-07
3.85208e-07
-1.02097e-07
4.73567e-07
-8.83584e-08
5.28045e-07
-5.44781e-08
5.8584e-07
-5.77956e-08
6.37463e-07
-5.1623e-08
7.00065e-07
-6.26015e-08
7.45345e-07
-4.52802e-08
7.58925e-07
-1.35806e-08
8.00243e-07
-4.13172e-08
-1.05642e-07
9.05884e-07
7.55611e-07
-1.4814e-07
7.87421e-07
-1.20169e-07
8.3334e-07
-1.00397e-07
8.79579e-07
-1.04035e-07
8.8259e-07
-5.46345e-08
8.94628e-07
-7.46394e-08
9.48099e-07
-9.87507e-08
1.00744e-06
-7.29258e-08
1.03712e-06
-7.09888e-08
-1.06212e-07
1.03769e-06
8.79445e-07
-1.62085e-07
8.83176e-07
-1.239e-07
8.88119e-07
-1.0534e-07
9.26476e-07
-1.42392e-07
9.36968e-07
-6.51264e-08
9.44119e-07
-8.17905e-08
9.41146e-07
-9.57777e-08
9.9772e-07
-1.295e-07
1.06233e-06
-1.35602e-07
-1.53272e-07
1.10939e-06
9.20194e-07
-1.60868e-07
9.43293e-07
-1.46999e-07
9.52906e-07
-1.14952e-07
9.46772e-07
-1.36258e-07
9.6915e-07
-8.75037e-08
9.92595e-07
-1.05236e-07
1.00825e-06
-1.11429e-07
1.01868e-06
-1.39928e-07
1.039e-06
-1.5593e-07
-1.78937e-07
1.06467e-06
9.66521e-07
-1.5512e-07
9.68954e-07
-1.49432e-07
9.7225e-07
-1.18248e-07
9.76832e-07
-1.40841e-07
9.89132e-07
-9.98031e-08
1.00419e-06
-1.20294e-07
1.01172e-06
-1.18963e-07
1.02988e-06
-1.58086e-07
1.04649e-06
-1.72537e-07
-1.98833e-07
1.06638e-06
9.9783e-07
-1.52342e-07
9.98017e-07
-1.49619e-07
1.004e-06
-1.24235e-07
1.00134e-06
-1.38175e-07
1.01228e-06
-1.10746e-07
1.02102e-06
-1.29031e-07
1.0347e-06
-1.32643e-07
1.04009e-06
-1.63482e-07
1.04016e-06
-1.72602e-07
-2.12706e-07
1.05403e-06
1.02396e-06
-1.47511e-07
1.02131e-06
-1.46963e-07
1.02169e-06
-1.24622e-07
1.02083e-06
-1.37307e-07
1.02753e-06
-1.17453e-07
1.03225e-06
-1.33752e-07
1.03719e-06
-1.37577e-07
1.04107e-06
-1.67363e-07
1.04602e-06
-1.77555e-07
-2.19176e-07
1.05249e-06
1.04626e-06
-1.42635e-07
1.041e-06
-1.41706e-07
1.0414e-06
-1.25026e-07
1.03786e-06
-1.33758e-07
1.0419e-06
-1.21501e-07
1.0439e-06
-1.35749e-07
1.04527e-06
-1.3895e-07
1.04377e-06
-1.65861e-07
1.04353e-06
-1.77315e-07
-2.16034e-07
1.04039e-06
1.06472e-06
-1.35967e-07
1.05828e-06
-1.35266e-07
1.0556e-06
-1.22346e-07
1.05129e-06
-1.29455e-07
1.05089e-06
-1.21103e-07
1.04902e-06
-1.3387e-07
1.04836e-06
-1.38296e-07
1.04554e-06
-1.63042e-07
1.04102e-06
-1.72788e-07
-2.07964e-07
1.03295e-06
1.0805e-06
-1.28517e-07
1.07251e-06
-1.27276e-07
1.06798e-06
-1.17815e-07
1.0619e-06
-1.23373e-07
1.05963e-06
-1.18836e-07
1.05573e-06
-1.29967e-07
1.05105e-06
-1.33614e-07
1.04333e-06
-1.5532e-07
1.03721e-06
-1.66676e-07
-1.97198e-07
1.02645e-06
1.09336e-06
-1.19388e-07
1.08437e-06
-1.18292e-07
1.0779e-06
-1.11343e-07
1.07049e-06
-1.15961e-07
1.06469e-06
-1.13039e-07
1.05787e-06
-1.23141e-07
1.0518e-06
-1.2755e-07
1.043e-06
-1.46517e-07
1.03301e-06
-1.56685e-07
-1.83174e-07
1.01898e-06
1.10424e-06
-1.09293e-07
1.09412e-06
-1.08168e-07
1.08579e-06
-1.03011e-07
1.07674e-06
-1.06911e-07
1.06943e-06
-1.05734e-07
1.06074e-06
-1.14447e-07
1.05186e-06
-1.18669e-07
1.04029e-06
-1.34954e-07
1.02873e-06
-1.45122e-07
-1.67584e-07
1.01314e-06
1.11301e-06
-9.78929e-08
1.10189e-06
-9.70473e-08
1.09207e-06
-9.31949e-08
1.08175e-06
-9.6592e-08
1.07213e-06
-9.61101e-08
1.06153e-06
-1.0385e-07
1.05115e-06
-1.08282e-07
1.03832e-06
-1.22128e-07
1.02446e-06
-1.31261e-07
-1.50391e-07
1.00727e-06
1.12024e-06
-8.55828e-08
1.10811e-06
-8.49102e-08
1.09695e-06
-8.20415e-08
1.0853e-06
-8.49344e-08
1.07434e-06
-8.51562e-08
1.06231e-06
-9.18166e-08
1.05011e-06
-9.60851e-08
1.03571e-06
-1.07729e-07
1.02051e-06
-1.16061e-07
-1.32078e-07
1.0022e-06
1.12588e-06
-7.23357e-08
1.11288e-06
-7.19074e-08
1.10063e-06
-6.97945e-08
1.08794e-06
-7.22444e-08
1.0756e-06
-7.28129e-08
1.06228e-06
-7.84951e-08
1.04879e-06
-8.25921e-08
1.03334e-06
-9.22822e-08
1.01684e-06
-9.95655e-08
-1.12842e-07
9.97607e-07
1.13037e-06
-5.83337e-08
1.1165e-06
-5.80428e-08
1.10334e-06
-5.66325e-08
1.08969e-06
-5.85942e-08
1.07636e-06
-5.94846e-08
1.06203e-06
-6.41629e-08
1.0474e-06
-6.79587e-08
1.03097e-06
-7.58586e-08
1.01356e-06
-8.21479e-08
-9.28663e-08
9.9358e-07
1.13349e-06
-4.36771e-08
1.11896e-06
-4.351e-08
1.10505e-06
-4.27241e-08
1.09064e-06
-4.41912e-08
1.07646e-06
-4.52975e-08
1.06125e-06
-4.89514e-08
1.04569e-06
-5.24072e-08
1.02842e-06
-5.85865e-08
1.01017e-06
-6.38914e-08
-7.2154e-08
9.89453e-07
1.13479e-06
-2.80951e-08
1.11927e-06
-2.79867e-08
1.1044e-06
-2.78512e-08
1.08904e-06
-2.88344e-08
1.07388e-06
-3.01329e-08
1.0576e-06
-3.26788e-08
1.04089e-06
-3.56909e-08
1.02234e-06
-4.00375e-08
1.00279e-06
-4.43373e-08
-5.00164e-08
9.80648e-07
1.11129e-06
-1.04691e-08
1.09407e-06
-1.07666e-08
1.07733e-06
-1.11055e-08
1.06029e-06
-1.1799e-08
1.04309e-06
-1.29289e-08
1.02484e-06
-1.44284e-08
1.00564e-06
-1.64896e-08
9.8447e-07
-1.88703e-08
9.61766e-07
-2.16342e-08
-2.44728e-08
9.36223e-07
8.13073e-07
8.02306e-07
7.91201e-07
7.79402e-07
7.66473e-07
7.52044e-07
7.35555e-07
7.16685e-07
6.9505e-07
6.70578e-07
2.38076e-08
-2.38076e-08
-2.32421e-08
4.70497e-08
-1.50103e-07
1.26861e-07
-4.07326e-07
2.57222e-07
-6.77572e-07
2.70247e-07
-8.34078e-07
1.56506e-07
-9.10683e-07
7.6605e-08
-9.10032e-07
-6.51534e-10
-8.4624e-07
-6.37922e-08
-7.31816e-07
-1.14424e-07
-5.77621e-07
-1.54195e-07
-3.92717e-07
-1.84904e-07
-2.05233e-07
-1.87484e-07
-3.78766e-08
-1.67356e-07
1.06919e-07
-1.44796e-07
2.22126e-07
-1.15207e-07
3.09163e-07
-8.70372e-08
3.70462e-07
-6.12993e-08
4.10141e-07
-3.96784e-08
4.32797e-07
-2.26564e-08
4.43036e-07
-1.02389e-08
4.44813e-07
-1.77643e-09
4.41303e-07
3.5096e-09
4.34686e-07
6.61686e-09
4.26668e-07
8.01816e-09
4.18368e-07
8.29984e-09
4.10522e-07
7.84631e-09
4.03508e-07
7.01346e-09
3.97481e-07
6.02706e-09
3.92428e-07
5.05287e-09
3.88257e-07
4.17117e-09
3.84862e-07
3.39558e-09
3.8209e-07
2.77164e-09
3.79872e-07
2.21764e-09
3.78056e-07
1.81639e-09
3.76645e-07
1.4113e-09
3.75474e-07
1.17068e-09
3.74629e-07
8.44815e-10
3.73899e-07
7.29786e-10
4.41373e-10
1.59732e-08
-3.97808e-08
-6.62909e-08
1.29314e-07
-3.05766e-07
3.66336e-07
-5.66625e-07
5.18081e-07
-7.47655e-07
4.51277e-07
-8.59659e-07
2.68511e-07
-8.96531e-07
1.13477e-07
-8.75958e-07
-2.12243e-08
-7.99245e-07
-1.40506e-07
-6.7289e-07
-2.40779e-07
-5.03788e-07
-3.23297e-07
-3.17278e-07
-3.71414e-07
-1.24812e-07
-3.7995e-07
4.91067e-08
-3.41275e-07
1.98991e-07
-2.94681e-07
3.19821e-07
-2.36036e-07
4.13733e-07
-1.80949e-07
4.84288e-07
-1.31854e-07
5.36331e-07
-9.17216e-08
5.74813e-07
-6.11385e-08
6.03728e-07
-3.9153e-08
6.25662e-07
-2.37104e-08
6.42219e-07
-1.3048e-08
6.54529e-07
-5.69302e-09
6.63382e-07
-8.34422e-10
6.69433e-07
2.24884e-09
6.73328e-07
3.95052e-09
6.75575e-07
4.76729e-09
6.76661e-07
4.94025e-09
6.76964e-07
4.75038e-09
6.76792e-07
4.3431e-09
6.76372e-07
3.81601e-09
6.75831e-07
3.31262e-09
6.75295e-07
2.75271e-09
6.74776e-07
2.33579e-09
6.74364e-07
1.82361e-09
6.73999e-07
1.5356e-09
6.73774e-07
1.06962e-09
6.73586e-07
9.18109e-10
4.87251e-10
-8.35194e-08
4.37386e-08
-2.6184e-07
3.07635e-07
-4.08213e-07
5.12709e-07
-5.13957e-07
6.23825e-07
-6.17921e-07
5.55241e-07
-6.94931e-07
3.4552e-07
-7.12539e-07
1.31084e-07
-6.80283e-07
-5.34802e-08
-6.03652e-07
-2.17136e-07
-4.90117e-07
-3.54314e-07
-3.42223e-07
-4.71191e-07
-1.70507e-07
-5.4313e-07
-3.22692e-09
-5.47229e-07
1.56697e-07
-5.01199e-07
2.90422e-07
-4.28406e-07
3.98276e-07
-3.4389e-07
4.81464e-07
-2.64138e-07
5.4153e-07
-1.9192e-07
5.8185e-07
-1.32042e-07
6.09118e-07
-8.84058e-08
6.30089e-07
-6.0124e-08
6.48445e-07
-4.20664e-08
6.65299e-07
-2.99026e-08
6.80466e-07
-2.08602e-08
6.93683e-07
-1.40507e-08
7.04712e-07
-8.78079e-09
7.1358e-07
-4.9174e-09
7.2044e-07
-2.09277e-09
7.25617e-07
-2.36297e-10
7.29366e-07
1.00118e-09
7.32046e-07
1.66323e-09
7.33926e-07
1.93573e-09
7.35249e-07
1.98961e-09
7.36182e-07
1.81959e-09
7.36861e-07
1.65741e-09
7.37378e-07
1.30664e-09
7.37791e-07
1.12249e-09
7.38157e-07
7.03032e-10
7.38491e-07
5.8436e-10
1.24373e-10
-2.75839e-08
7.13225e-08
-1.18921e-07
3.98971e-07
-1.9184e-07
5.85629e-07
-2.85838e-07
7.17822e-07
-3.774e-07
6.46804e-07
-4.4258e-07
4.107e-07
-4.48439e-07
1.36943e-07
-3.94304e-07
-1.07615e-07
-3.04166e-07
-3.07274e-07
-1.99515e-07
-4.58966e-07
-8.79333e-08
-5.82772e-07
3.72514e-08
-6.68315e-07
1.64526e-07
-6.74504e-07
2.81034e-07
-6.17707e-07
3.81416e-07
-5.28787e-07
4.6305e-07
-4.25524e-07
5.32282e-07
-3.3337e-07
5.91674e-07
-2.51312e-07
6.34679e-07
-1.75047e-07
6.58944e-07
-1.12671e-07
6.70571e-07
-7.17504e-08
6.77695e-07
-4.91906e-08
6.85106e-07
-3.73141e-08
6.93863e-07
-2.96168e-08
7.03253e-07
-2.34407e-08
7.12211e-07
-1.77385e-08
7.20081e-07
-1.27875e-08
7.26559e-07
-8.57057e-09
7.31696e-07
-5.37362e-09
7.35654e-07
-2.95711e-09
7.3868e-07
-1.36253e-09
7.40956e-07
-3.39682e-10
7.42693e-07
2.52181e-10
7.44005e-07
5.07461e-10
7.45036e-07
6.26353e-10
7.4585e-07
4.9243e-10
7.46532e-07
4.41161e-10
7.47113e-07
1.21281e-10
7.47642e-07
5.60691e-11
-3.8538e-10
-4.56314e-08
1.16954e-07
-4.2486e-08
3.95826e-07
-4.99627e-08
5.93105e-07
-5.70264e-08
7.24886e-07
-8.28302e-08
6.72607e-07
-9.60503e-08
4.2392e-07
-7.18975e-08
1.1279e-07
5.08236e-09
-1.84595e-07
1.02485e-07
-4.04677e-07
1.89192e-07
-5.45673e-07
2.57074e-07
-6.50654e-07
3.28692e-07
-7.39933e-07
3.99326e-07
-7.45138e-07
4.56461e-07
-6.74842e-07
5.03392e-07
-5.75719e-07
5.35251e-07
-4.57383e-07
5.55338e-07
-3.53457e-07
5.8404e-07
-2.80014e-07
6.24719e-07
-2.15726e-07
6.63185e-07
-1.51137e-07
6.8825e-07
-9.68152e-08
7.00045e-07
-6.09858e-08
7.04908e-07
-4.21769e-08
7.08393e-07
-3.31011e-08
7.12904e-07
-2.79519e-08
7.1843e-07
-2.32651e-08
7.24188e-07
-1.85454e-08
7.29407e-07
-1.37892e-08
7.33775e-07
-9.74164e-09
7.3722e-07
-6.40245e-09
7.39897e-07
-4.03953e-09
7.41933e-07
-2.37513e-09
7.43521e-07
-1.33654e-09
7.4476e-07
-7.30991e-10
7.45771e-07
-3.84409e-10
7.46592e-07
-3.28603e-10
7.47298e-07
-2.65251e-10
7.47907e-07
-4.87386e-10
7.48469e-07
-5.0667e-10
-9.28229e-10
1.02706e-07
1.42482e-08
1.31568e-07
3.66964e-07
2.1195e-07
5.12723e-07
2.47222e-07
6.89614e-07
2.62611e-07
6.57218e-07
2.83713e-07
4.02818e-07
3.09252e-07
8.72516e-08
3.68385e-07
-2.43727e-07
4.53763e-07
-4.90055e-07
5.17054e-07
-6.08963e-07
5.45597e-07
-6.79197e-07
5.58275e-07
-7.52611e-07
5.82823e-07
-7.69685e-07
6.0263e-07
-6.9465e-07
6.19385e-07
-5.92473e-07
6.33828e-07
-4.71826e-07
6.2316e-07
-3.42789e-07
5.99756e-07
-2.5661e-07
5.96369e-07
-2.12339e-07
6.20531e-07
-1.75299e-07
6.56394e-07
-1.32679e-07
6.87366e-07
-9.19582e-08
7.07028e-07
-6.18387e-08
7.1714e-07
-4.32131e-08
7.22242e-07
-3.30542e-08
7.25756e-07
-2.67789e-08
7.29169e-07
-2.19579e-08
7.32601e-07
-1.72216e-08
7.3582e-07
-1.29605e-08
7.38564e-07
-9.14599e-09
7.40804e-07
-6.28001e-09
7.42557e-07
-4.12844e-09
7.43953e-07
-2.73251e-09
7.4505e-07
-1.82749e-09
7.45954e-07
-1.28869e-09
7.46694e-07
-1.06844e-09
7.47341e-07
-9.1249e-10
7.47911e-07
-1.05738e-09
7.48445e-07
-1.04096e-09
-1.44901e-09
-1.19661e-07
1.33909e-07
6.6421e-08
1.80882e-07
2.73944e-07
3.052e-07
4.6746e-07
4.96098e-07
5.74489e-07
5.50189e-07
6.23331e-07
3.53976e-07
6.39925e-07
7.06576e-08
6.63676e-07
-2.67479e-07
7.01461e-07
-5.2784e-07
7.33687e-07
-6.41189e-07
7.41312e-07
-6.86823e-07
7.09942e-07
-7.21241e-07
6.73991e-07
-7.33734e-07
6.52616e-07
-6.73275e-07
6.37566e-07
-5.77423e-07
6.45389e-07
-4.79649e-07
6.5853e-07
-3.55931e-07
6.43276e-07
-2.41356e-07
6.12562e-07
-1.81624e-07
5.99118e-07
-1.61855e-07
6.13645e-07
-1.47206e-07
6.44906e-07
-1.2322e-07
6.7789e-07
-9.4822e-08
7.03563e-07
-6.88869e-08
7.19902e-07
-4.93928e-08
7.28939e-07
-3.58163e-08
7.33752e-07
-2.677e-08
7.36594e-07
-2.00642e-08
7.38685e-07
-1.50518e-08
7.40417e-07
-1.08781e-08
7.41929e-07
-7.79115e-09
7.43201e-07
-5.40109e-09
7.44292e-07
-3.82306e-09
7.45201e-07
-2.7364e-09
7.45994e-07
-2.08179e-09
7.46673e-07
-1.74719e-09
7.47283e-07
-1.52262e-09
7.47826e-07
-1.60059e-09
7.48335e-07
-1.55045e-09
-1.94028e-09
6.85955e-07
3.53839e-07
5.42566e-07
3.24271e-07
5.20703e-07
3.27062e-07
6.24143e-07
3.92659e-07
7.63894e-07
4.10438e-07
8.56799e-07
2.6107e-07
8.99589e-07
2.78681e-08
9.12563e-07
-2.80453e-07
9.18602e-07
-5.33879e-07
9.29211e-07
-6.51798e-07
9.41843e-07
-6.99455e-07
9.1932e-07
-6.98718e-07
8.49085e-07
-6.63499e-07
7.7687e-07
-6.0106e-07
7.16813e-07
-5.17367e-07
6.75767e-07
-4.38603e-07
6.72855e-07
-3.53018e-07
6.86202e-07
-2.54703e-07
6.8486e-07
-1.80282e-07
6.70303e-07
-1.47297e-07
6.60927e-07
-1.3783e-07
6.67395e-07
-1.29687e-07
6.87793e-07
-1.1522e-07
7.1409e-07
-9.51842e-08
7.38604e-07
-7.39063e-08
7.56993e-07
-5.42051e-08
7.68612e-07
-3.83899e-08
7.74958e-07
-2.64097e-08
7.78138e-07
-1.82321e-08
7.79773e-07
-1.25125e-08
7.8082e-07
-8.83868e-09
7.81649e-07
-6.23027e-09
7.82408e-07
-4.58142e-09
7.83085e-07
-3.41339e-09
7.83707e-07
-2.70416e-09
7.84253e-07
-2.2934e-09
7.84762e-07
-2.03138e-09
7.85229e-07
-2.06743e-09
7.85685e-07
-2.0066e-09
-2.39813e-09
1.03582e-06
3.55705e-07
1.01415e-06
3.45939e-07
9.79899e-07
3.61314e-07
9.83369e-07
3.89189e-07
1.05282e-06
3.40983e-07
1.1138e-06
2.00089e-07
1.14673e-06
-5.05452e-09
1.17249e-06
-3.06219e-07
1.15897e-06
-5.2035e-07
1.11601e-06
-6.08843e-07
1.06298e-06
-6.46426e-07
1.0069e-06
-6.4264e-07
9.33936e-07
-5.9053e-07
8.52416e-07
-5.19541e-07
7.86216e-07
-4.51167e-07
7.32778e-07
-3.85165e-07
6.98594e-07
-3.18834e-07
6.95884e-07
-2.51993e-07
7.14425e-07
-1.98823e-07
7.33471e-07
-1.66343e-07
7.40397e-07
-1.44757e-07
7.35805e-07
-1.25096e-07
7.29034e-07
-1.08449e-07
7.28579e-07
-9.47288e-08
7.36151e-07
-8.14787e-08
7.48377e-07
-6.64306e-08
7.60741e-07
-5.07543e-08
7.7031e-07
-3.59783e-08
7.76427e-07
-2.43495e-08
7.79743e-07
-1.58282e-08
7.81365e-07
-1.04608e-08
7.82158e-07
-7.02291e-09
7.82684e-07
-5.10803e-09
7.83149e-07
-3.87819e-09
7.83644e-07
-3.19939e-09
7.84139e-07
-2.78761e-09
7.84632e-07
-2.52445e-09
7.85092e-07
-2.52745e-09
7.85531e-07
-2.4458e-09
-2.81316e-09
1.10082e-06
3.64279e-07
1.153e-06
2.93762e-07
1.19772e-06
3.16593e-07
1.23741e-06
3.49499e-07
1.29939e-06
2.79002e-07
1.32333e-06
1.76144e-07
1.3441e-06
-2.5816e-08
1.35053e-06
-3.12657e-07
1.30309e-06
-4.72908e-07
1.21766e-06
-5.23411e-07
1.1051e-06
-5.33871e-07
9.82365e-07
-5.19901e-07
8.94043e-07
-5.02209e-07
8.41151e-07
-4.66649e-07
8.00154e-07
-4.1017e-07
7.71608e-07
-3.56618e-07
7.56128e-07
-3.03354e-07
7.48119e-07
-2.43985e-07
7.48048e-07
-1.98751e-07
7.60707e-07
-1.79003e-07
7.8333e-07
-1.67379e-07
8.03034e-07
-1.44799e-07
8.08373e-07
-1.13788e-07
7.99466e-07
-8.58219e-08
7.85396e-07
-6.74084e-08
7.74744e-07
-5.57794e-08
7.70531e-07
-4.65408e-08
7.71404e-07
-3.68513e-08
7.74574e-07
-2.75192e-08
7.77879e-07
-1.91333e-08
7.80487e-07
-1.3069e-08
7.82231e-07
-8.76677e-09
7.83309e-07
-6.18658e-09
7.83952e-07
-4.52058e-09
7.84375e-07
-3.62235e-09
7.84684e-07
-3.09723e-09
7.84968e-07
-2.80863e-09
7.85243e-07
-2.80189e-09
7.85534e-07
-2.73717e-09
-3.13037e-09
1.1041e-06
3.24852e-07
1.15754e-06
2.40321e-07
1.20552e-06
2.68614e-07
1.27676e-06
2.7825e-07
1.33989e-06
2.15873e-07
1.37538e-06
1.40661e-07
1.39297e-06
-4.34126e-08
1.34625e-06
-2.65929e-07
1.25064e-06
-3.77298e-07
1.15573e-06
-4.28507e-07
1.07459e-06
-4.52727e-07
9.92006e-07
-4.37319e-07
9.17928e-07
-4.2813e-07
8.73425e-07
-4.22146e-07
8.39842e-07
-3.76587e-07
8.06314e-07
-3.2309e-07
7.94312e-07
-2.91352e-07
8.02945e-07
-2.52618e-07
8.01885e-07
-1.97691e-07
7.80278e-07
-1.57396e-07
7.58932e-07
-1.46033e-07
7.57702e-07
-1.4357e-07
7.75266e-07
-1.31353e-07
7.96948e-07
-1.07504e-07
8.10109e-07
-8.05694e-08
8.11256e-07
-5.69263e-08
8.04473e-07
-3.97581e-08
7.95522e-07
-2.78998e-08
7.88277e-07
-2.02742e-08
7.84018e-07
-1.48745e-08
7.82184e-07
-1.12348e-08
7.81789e-07
-8.37207e-09
7.82124e-07
-6.52083e-09
7.82719e-07
-5.11584e-09
7.83371e-07
-4.27419e-09
7.83962e-07
-3.68898e-09
7.8448e-07
-3.32658e-09
7.84909e-07
-3.23067e-09
7.85279e-07
-3.10685e-09
-3.43412e-09
1.10757e-06
2.8367e-07
1.13467e-06
2.13218e-07
1.18248e-06
2.20801e-07
1.24829e-06
2.12445e-07
1.29515e-06
1.6901e-07
1.34076e-06
9.50507e-08
1.34687e-06
-4.95204e-08
1.29081e-06
-2.09866e-07
1.22038e-06
-3.06868e-07
1.13568e-06
-3.43814e-07
1.06141e-06
-3.7845e-07
1.02423e-06
-4.00146e-07
9.82267e-07
-3.86166e-07
9.23801e-07
-3.6368e-07
8.7908e-07
-3.31866e-07
8.43336e-07
-2.87346e-07
8.12049e-07
-2.60065e-07
8.0367e-07
-2.44238e-07
8.11683e-07
-2.05704e-07
8.04361e-07
-1.50074e-07
7.71496e-07
-1.13168e-07
7.3362e-07
-1.05693e-07
7.13638e-07
-1.11371e-07
7.1766e-07
-1.11526e-07
7.3738e-07
-1.00289e-07
7.60562e-07
-8.01087e-08
7.78761e-07
-5.79569e-08
7.89146e-07
-3.8285e-08
7.92839e-07
-2.39675e-08
7.92496e-07
-1.45314e-08
7.90646e-07
-9.38493e-09
7.88715e-07
-6.4412e-09
7.87238e-07
-5.04352e-09
7.86269e-07
-4.14719e-09
7.8571e-07
-3.71458e-09
7.85422e-07
-3.40148e-09
7.8532e-07
-3.22441e-09
7.85327e-07
-3.23742e-09
7.8541e-07
-3.1904e-09
-3.58082e-09
1.09923e-06
2.38469e-07
1.12043e-06
1.92023e-07
1.159e-06
1.82223e-07
1.2043e-06
1.67146e-07
1.24607e-06
1.27248e-07
1.2824e-06
5.87154e-08
1.27726e-06
-4.43811e-08
1.23799e-06
-1.70596e-07
1.19402e-06
-2.62895e-07
1.13577e-06
-2.8557e-07
1.05974e-06
-3.02413e-07
1.00008e-06
-3.40486e-07
9.58589e-07
-3.44678e-07
9.09477e-07
-3.14568e-07
8.71158e-07
-2.93546e-07
8.58207e-07
-2.74395e-07
8.40544e-07
-2.42402e-07
8.04806e-07
-2.08501e-07
7.77549e-07
-1.78448e-07
7.76429e-07
-1.48954e-07
7.88846e-07
-1.25585e-07
7.94373e-07
-1.1122e-07
7.85219e-07
-1.02217e-07
7.67607e-07
-9.39139e-08
7.52379e-07
-8.50605e-08
7.45941e-07
-7.36703e-08
7.48079e-07
-6.00949e-08
7.54688e-07
-4.48943e-08
7.62292e-07
-3.15713e-08
7.6896e-07
-2.11998e-08
7.74046e-07
-1.4471e-08
7.77657e-07
-1.00522e-08
7.80152e-07
-7.53835e-09
7.81851e-07
-5.8466e-09
7.83023e-07
-4.88603e-09
7.83828e-07
-4.20622e-09
7.84391e-07
-3.78773e-09
7.84778e-07
-3.62413e-09
7.85056e-07
-3.46913e-09
-3.75206e-09
1.08458e-06
2.06377e-07
1.10696e-06
1.69644e-07
1.13809e-06
1.51097e-07
1.17065e-06
1.34588e-07
1.20558e-06
9.23192e-08
1.23509e-06
2.92035e-08
1.23441e-06
-4.37011e-08
1.19399e-06
-1.30179e-07
1.14247e-06
-2.11373e-07
1.11181e-06
-2.54915e-07
1.07701e-06
-2.67612e-07
1.01659e-06
-2.80064e-07
9.64047e-07
-2.92134e-07
9.3319e-07
-2.8371e-07
9.02657e-07
-2.63014e-07
8.74795e-07
-2.46534e-07
8.59699e-07
-2.27305e-07
8.46142e-07
-1.94944e-07
8.25845e-07
-1.5815e-07
8.09858e-07
-1.32967e-07
8.10671e-07
-1.26398e-07
8.27884e-07
-1.28433e-07
8.49769e-07
-1.24102e-07
8.63307e-07
-1.07451e-07
8.62153e-07
-8.39064e-08
8.48861e-07
-6.03787e-08
8.30742e-07
-4.19756e-08
8.14443e-07
-2.85951e-08
8.0272e-07
-1.98487e-08
7.95389e-07
-1.38687e-08
7.9115e-07
-1.02318e-08
7.88772e-07
-7.67493e-09
7.87404e-07
-6.16988e-09
7.86576e-07
-5.01861e-09
7.86044e-07
-4.3542e-09
7.85693e-07
-3.85538e-09
7.85468e-07
-3.56223e-09
7.85328e-07
-3.4845e-09
7.85256e-07
-3.39691e-09
-3.73825e-09
1.07169e-06
1.75078e-07
1.09418e-06
1.47147e-07
1.11826e-06
1.27026e-07
1.14726e-06
1.05582e-07
1.1705e-06
6.90816e-08
1.1842e-06
1.55056e-08
1.1913e-06
-5.08067e-08
1.17301e-06
-1.11888e-07
1.12459e-06
-1.6295e-07
1.0816e-06
-2.11927e-07
1.05526e-06
-2.4127e-07
1.01822e-06
-2.43031e-07
9.712e-07
-2.4511e-07
9.40791e-07
-2.53301e-07
9.19903e-07
-2.42126e-07
8.85524e-07
-2.12155e-07
8.48183e-07
-1.89964e-07
8.33129e-07
-1.79891e-07
8.38521e-07
-1.63542e-07
8.39354e-07
-1.33799e-07
8.18755e-07
-1.05799e-07
7.83322e-07
-9.30004e-08
7.52518e-07
-9.32979e-08
7.37578e-07
-9.25114e-08
7.36926e-07
-8.32551e-08
7.43826e-07
-6.72782e-08
7.52732e-07
-5.0882e-08
7.60967e-07
-3.683e-08
7.6769e-07
-2.65709e-08
7.72845e-07
-1.90246e-08
7.7666e-07
-1.40465e-08
7.79408e-07
-1.04223e-08
7.8135e-07
-8.11236e-09
7.82695e-07
-6.36323e-09
7.83609e-07
-5.26821e-09
7.84211e-07
-4.45773e-09
7.84592e-07
-3.94282e-09
7.8481e-07
-3.70276e-09
7.84922e-07
-3.5089e-09
-3.74209e-09
1.06004e-06
1.47989e-07
1.08087e-06
1.26316e-07
1.10219e-06
1.05698e-07
1.12593e-06
8.18485e-08
1.14503e-06
4.99777e-08
1.15358e-06
6.9568e-09
1.14819e-06
-4.54198e-08
1.13577e-06
-9.94629e-08
1.11603e-06
-1.43209e-07
1.07754e-06
-1.73434e-07
1.03556e-06
-1.9929e-07
1.01101e-06
-2.18484e-07
9.86382e-07
-2.20483e-07
9.46196e-07
-2.13116e-07
9.11442e-07
-2.07372e-07
8.96517e-07
-1.9723e-07
8.84819e-07
-1.78266e-07
8.62981e-07
-1.58053e-07
8.41851e-07
-1.42412e-07
8.35322e-07
-1.27271e-07
8.4082e-07
-1.11296e-07
8.4519e-07
-9.73714e-08
8.39354e-07
-8.7461e-08
8.25708e-07
-7.88658e-08
8.11211e-07
-6.8758e-08
8.00601e-07
-5.66686e-08
7.94475e-07
-4.47556e-08
7.9147e-07
-3.38251e-08
7.90042e-07
-2.51429e-08
7.8925e-07
-1.82331e-08
7.88618e-07
-1.34144e-08
7.88022e-07
-9.82617e-09
7.87426e-07
-7.51634e-09
7.86873e-07
-5.81052e-09
7.86374e-07
-4.76886e-09
7.85953e-07
-4.03663e-09
7.85606e-07
-3.59593e-09
7.85329e-07
-3.42516e-09
7.85107e-07
-3.2879e-09
-3.56956e-09
1.04941e-06
1.25022e-07
1.06896e-06
1.06771e-07
1.08761e-06
8.70491e-08
1.10417e-06
6.52893e-08
1.11898e-06
3.51613e-08
1.12846e-06
-2.51904e-09
1.12476e-06
-4.17193e-08
1.10885e-06
-8.35562e-08
1.08927e-06
-1.23627e-07
1.06741e-06
-1.51576e-07
1.03756e-06
-1.69435e-07
1.004e-06
-1.84927e-07
9.77098e-07
-1.93582e-07
9.53692e-07
-1.89709e-07
9.26986e-07
-1.80665e-07
9.02818e-07
-1.73062e-07
8.87109e-07
-1.62557e-07
8.7375e-07
-1.44695e-07
8.55585e-07
-1.24248e-07
8.36434e-07
-1.08119e-07
8.23129e-07
-9.79912e-08
8.16826e-07
-9.10688e-08
8.13416e-07
-8.40505e-08
8.08615e-07
-7.40655e-08
8.01949e-07
-6.20915e-08
7.95021e-07
-4.9741e-08
7.89376e-07
-3.91099e-08
7.85687e-07
-3.01361e-08
7.83801e-07
-2.32576e-08
7.83195e-07
-1.76266e-08
7.83301e-07
-1.35206e-08
7.83711e-07
-1.02364e-08
7.84168e-07
-7.97339e-09
7.84557e-07
-6.19923e-09
7.84825e-07
-5.03702e-09
7.84978e-07
-4.18942e-09
7.8502e-07
-3.63822e-09
7.84977e-07
-3.38167e-09
7.84866e-07
-3.17658e-09
-3.38523e-09
1.03946e-06
1.04542e-07
1.05744e-06
8.87962e-08
1.07358e-06
7.09039e-08
1.08876e-06
5.01081e-08
1.09921e-06
2.47126e-08
1.10287e-06
-6.1732e-09
1.10217e-06
-4.10179e-08
1.09295e-06
-7.43364e-08
1.07288e-06
-1.03562e-07
1.05139e-06
-1.30088e-07
1.03163e-06
-1.49671e-07
1.00588e-06
-1.59174e-07
9.7648e-07
-1.64186e-07
9.53775e-07
-1.67004e-07
9.36009e-07
-1.629e-07
9.13987e-07
-1.5104e-07
8.89158e-07
-1.37728e-07
8.71396e-07
-1.26933e-07
8.64288e-07
-1.1714e-07
8.60901e-07
-1.04732e-07
8.53396e-07
-9.04857e-08
8.39725e-07
-7.73974e-08
8.23784e-07
-6.81098e-08
8.10516e-07
-6.07977e-08
8.0186e-07
-5.34357e-08
7.97126e-07
-4.50072e-08
7.94682e-07
-3.66655e-08
7.93276e-07
-2.87305e-08
7.92187e-07
-2.21684e-08
7.91186e-07
-1.66259e-08
7.90188e-07
-1.25219e-08
7.89242e-07
-9.2911e-09
7.88352e-07
-7.08281e-09
7.87565e-07
-5.41245e-09
7.86867e-07
-4.33929e-09
7.86277e-07
-3.59963e-09
7.85772e-07
-3.13301e-09
7.85348e-07
-2.95768e-09
7.84979e-07
-2.80756e-09
-3.05943e-09
1.03116e-06
8.65253e-08
1.04712e-06
7.28385e-08
1.06126e-06
5.67652e-08
1.07308e-06
3.8288e-08
1.08203e-06
1.57593e-08
1.08618e-06
-1.03252e-08
1.08283e-06
-3.76669e-08
1.07413e-06
-6.56416e-08
1.06198e-06
-9.14067e-08
1.0434e-06
-1.11513e-07
1.02087e-06
-1.27139e-07
1.00093e-06
-1.39233e-07
9.81493e-07
-1.44748e-07
9.57647e-07
-1.43159e-07
9.33715e-07
-1.38967e-07
9.1646e-07
-1.33785e-07
9.03929e-07
-1.25197e-07
8.89468e-07
-1.12472e-07
8.71241e-07
-9.89118e-08
8.53851e-07
-8.73429e-08
8.41618e-07
-7.82527e-08
8.34423e-07
-7.02018e-08
8.28968e-07
-6.26555e-08
8.22598e-07
-5.44267e-08
8.15132e-07
-4.59701e-08
8.07655e-07
-3.753e-08
8.01146e-07
-3.01567e-08
7.96096e-07
-2.36805e-08
7.92488e-07
-1.85606e-08
7.90088e-07
-1.42256e-08
7.88544e-07
-1.09785e-08
7.87576e-07
-8.32213e-09
7.86935e-07
-6.44222e-09
7.86489e-07
-4.96674e-09
7.86125e-07
-3.97537e-09
7.85809e-07
-3.283e-09
7.8549e-07
-2.81465e-09
7.85171e-07
-2.63851e-09
7.84832e-07
-2.46883e-09
-2.69571e-09
1.02334e-06
7.04503e-08
1.03782e-06
5.83646e-08
1.05032e-06
4.42591e-08
1.06062e-06
2.79942e-08
1.06751e-06
8.86338e-09
1.07004e-06
-1.28488e-08
1.06829e-06
-3.5923e-08
1.06112e-06
-5.84696e-08
1.04888e-06
-7.91661e-08
1.03453e-06
-9.71643e-08
1.01815e-06
-1.10761e-07
9.98162e-07
-1.19242e-07
9.77395e-07
-1.23981e-07
9.59471e-07
-1.25234e-07
9.42504e-07
-1.22001e-07
9.23541e-07
-1.14821e-07
9.04278e-07
-1.05934e-07
8.88412e-07
-9.6607e-08
8.76847e-07
-8.73464e-08
8.67176e-07
-7.76715e-08
8.56764e-07
-6.78413e-08
8.45018e-07
-5.84552e-08
8.32874e-07
-5.05121e-08
8.22078e-07
-4.36309e-08
8.13522e-07
-3.74142e-08
8.07213e-07
-3.12205e-08
8.02593e-07
-2.5537e-08
7.99133e-07
-2.02204e-08
7.9639e-07
-1.58178e-08
7.94167e-07
-1.20026e-08
7.92296e-07
-9.10701e-09
7.90739e-07
-6.765e-09
7.89412e-07
-5.11546e-09
7.88311e-07
-3.86611e-09
7.87374e-07
-3.03793e-09
7.86596e-07
-2.50557e-09
7.8593e-07
-2.14812e-09
7.85366e-07
-2.07474e-09
7.84861e-07
-1.96348e-09
-2.23378e-09
1.01673e-06
5.59182e-08
1.02969e-06
4.5409e-08
1.04076e-06
3.31859e-08
1.04956e-06
1.91919e-08
1.05547e-06
2.95818e-09
1.05768e-06
-1.50571e-08
1.05558e-06
-3.38285e-08
1.04961e-06
-5.2496e-08
1.04018e-06
-6.97345e-08
1.02714e-06
-8.41257e-08
1.01177e-06
-9.53906e-08
9.95917e-07
-1.03392e-07
9.79243e-07
-1.07307e-07
9.61045e-07
-1.07037e-07
9.42877e-07
-1.03832e-07
9.26697e-07
-9.86419e-08
9.12221e-07
-9.14577e-08
8.97991e-07
-8.23775e-08
8.83348e-07
-7.27031e-08
8.69032e-07
-6.33556e-08
8.56341e-07
-5.51506e-08
8.4568e-07
-4.77939e-08
8.36572e-07
-4.14044e-08
8.28241e-07
-3.52996e-08
8.20405e-07
-2.95776e-08
8.13261e-07
-2.40772e-08
8.07029e-07
-1.93052e-08
8.01873e-07
-1.50638e-08
7.97755e-07
-1.16995e-08
7.94591e-07
-8.83868e-09
7.92186e-07
-6.70256e-09
7.90391e-07
-4.97008e-09
7.8902e-07
-3.74384e-09
7.87973e-07
-2.81899e-09
7.87125e-07
-2.19022e-09
7.86435e-07
-1.81603e-09
7.85825e-07
-1.53799e-09
7.85283e-07
-1.53239e-09
7.84762e-07
-1.44305e-09
-1.72831e-09
1.01083e-06
4.26918e-08
1.0226e-06
3.36384e-08
1.03257e-06
2.32157e-08
1.04034e-06
1.14271e-08
1.04529e-06
-1.99141e-09
1.04704e-06
-1.68111e-08
1.04546e-06
-3.22445e-08
1.04028e-06
-4.73179e-08
1.03186e-06
-6.13129e-08
1.02112e-06
-7.33873e-08
1.00839e-06
-8.26563e-08
9.9365e-07
-8.86559e-08
9.77904e-07
-9.15609e-08
9.62379e-07
-9.1511e-08
9.4703e-07
-8.84836e-08
9.31264e-07
-8.2876e-08
9.15391e-07
-7.55847e-08
9.00378e-07
-6.73644e-08
8.86684e-07
-5.90088e-08
8.7422e-07
-5.08922e-08
8.62468e-07
-4.33983e-08
8.5112e-07
-3.64463e-08
8.40209e-07
-3.04926e-08
8.30119e-07
-2.52104e-08
8.21332e-07
-2.07905e-08
8.14043e-07
-1.67876e-08
8.08119e-07
-1.33818e-08
8.03378e-07
-1.03224e-08
7.99543e-07
-7.86444e-09
7.9646e-07
-5.75559e-09
7.93937e-07
-4.17981e-09
7.91899e-07
-2.93192e-09
7.90217e-07
-2.06201e-09
7.88855e-07
-1.45692e-09
7.8772e-07
-1.05534e-09
7.86788e-07
-8.83893e-10
7.85992e-07
-7.42357e-10
7.85318e-07
-8.58445e-10
7.84709e-07
-8.34237e-10
-1.16664e-09
1.00577e-06
3.04971e-08
1.01655e-06
2.28603e-08
1.02561e-06
1.41624e-08
1.03252e-06
4.50863e-09
1.03688e-06
-6.34471e-09
1.03842e-06
-1.83505e-08
1.03691e-06
-3.07382e-08
1.03247e-06
-4.28805e-08
1.02537e-06
-5.4213e-08
1.0158e-06
-6.38153e-08
1.00423e-06
-7.10879e-08
9.91459e-07
-7.58817e-08
9.77815e-07
-7.79164e-08
9.63245e-07
-7.69418e-08
9.48075e-07
-7.33132e-08
9.32991e-07
-6.77924e-08
9.18395e-07
-6.09882e-08
9.04195e-07
-5.31648e-08
8.90239e-07
-4.50521e-08
8.76627e-07
-3.728e-08
8.63698e-07
-3.04694e-08
8.51866e-07
-2.46145e-08
8.41211e-07
-1.98379e-08
8.31771e-07
-1.57704e-08
8.23433e-07
-1.24529e-08
8.16139e-07
-9.49289e-09
8.09843e-07
-7.08593e-09
8.04553e-07
-5.03304e-09
8.00177e-07
-3.48781e-09
7.96661e-07
-2.23985e-09
7.93854e-07
-1.37261e-09
7.91657e-07
-7.34832e-10
7.89912e-07
-3.1673e-10
7.88542e-07
-8.77055e-11
7.87428e-07
5.86936e-11
7.86529e-07
1.49398e-11
7.85757e-07
3.04518e-11
7.85098e-07
-1.99857e-10
7.84483e-07
-2.19597e-10
-5.85545e-10
1.00083e-06
1.91242e-08
1.0108e-06
1.28909e-08
1.01906e-06
5.89364e-09
1.02529e-06
-1.72176e-09
1.02909e-06
-1.01391e-08
1.03032e-06
-1.95853e-08
1.02889e-06
-2.93089e-08
1.02476e-06
-3.87431e-08
1.01811e-06
-4.75671e-08
1.00939e-06
-5.50904e-08
9.98897e-07
-6.05984e-08
9.86793e-07
-6.37777e-08
9.7343e-07
-6.45535e-08
9.5933e-07
-6.28412e-08
9.44852e-07
-5.88359e-08
9.30086e-07
-5.3026e-08
9.15141e-07
-4.60436e-08
9.00362e-07
-3.83859e-08
8.86075e-07
-3.07649e-08
8.72589e-07
-2.37939e-08
8.60045e-07
-1.79251e-08
8.48479e-07
-1.30489e-08
8.37891e-07
-9.24984e-09
8.28371e-07
-6.25039e-09
8.19955e-07
-4.03704e-09
8.12803e-07
-2.34013e-09
8.06839e-07
-1.12286e-09
8.02002e-07
-1.95806e-10
7.98058e-07
4.564e-10
7.94879e-07
9.39334e-10
7.923e-07
1.20577e-09
7.90239e-07
1.32648e-09
7.88564e-07
1.35868e-09
7.87225e-07
1.25053e-09
7.8612e-07
1.16455e-09
7.8522e-07
9.14317e-10
7.84452e-07
7.99049e-10
7.83793e-07
4.5852e-10
7.83197e-07
3.76245e-10
-2.86006e-11
9.91475e-07
8.29726e-09
1.00065e-06
3.71867e-09
1.0079e-06
-1.36067e-09
1.01308e-06
-6.89813e-09
1.0159e-06
-1.29611e-08
1.01609e-06
-1.97791e-08
1.01355e-06
-2.67646e-08
1.00833e-06
-3.35273e-08
1.00063e-06
-3.98597e-08
9.90625e-07
-4.50892e-08
9.78599e-07
-4.85729e-08
9.64936e-07
-5.01146e-08
9.50112e-07
-4.97291e-08
9.34427e-07
-4.71566e-08
9.18246e-07
-4.26545e-08
9.02058e-07
-3.68386e-08
8.86291e-07
-3.02762e-08
8.71306e-07
-2.3401e-08
8.57341e-07
-1.68003e-08
8.44547e-07
-1.10001e-08
8.32978e-07
-6.35598e-09
8.22738e-07
-2.80858e-09
8.13815e-07
-3.27089e-10
8.0615e-07
1.41521e-09
7.99659e-07
2.4534e-09
7.94242e-07
3.07738e-09
7.89741e-07
3.37783e-09
7.86058e-07
3.48749e-09
7.83092e-07
3.42237e-09
7.80773e-07
3.25788e-09
7.7896e-07
3.01894e-09
7.77568e-07
2.71896e-09
7.76487e-07
2.43892e-09
7.75652e-07
2.08554e-09
7.74986e-07
1.83111e-09
7.74442e-07
1.45807e-09
7.73978e-07
1.26329e-09
7.73556e-07
8.80112e-10
7.73164e-07
7.6873e-10
3.83246e-10
9.45184e-07
-6.64226e-10
9.51931e-07
-3.02852e-09
9.56234e-07
-5.66346e-09
9.57906e-07
-8.56953e-09
9.56771e-07
-1.18261e-08
9.52405e-07
-1.54138e-08
9.44676e-07
-1.90354e-08
9.33686e-07
-2.25373e-08
9.19578e-07
-2.57513e-08
9.02712e-07
-2.82239e-08
8.83712e-07
-2.95724e-08
8.63256e-07
-2.96583e-08
8.41951e-07
-2.84246e-08
8.20654e-07
-2.58594e-08
8.00204e-07
-2.22047e-08
7.81217e-07
-1.78518e-08
7.64153e-07
-1.3212e-08
7.49432e-07
-8.67988e-09
7.37282e-07
-4.65023e-09
7.27675e-07
-1.39305e-09
7.20333e-07
9.86118e-10
7.14898e-07
2.62626e-09
7.10937e-07
3.6339e-09
7.08185e-07
4.16726e-09
7.0631e-07
4.32848e-09
7.05124e-07
4.26363e-09
7.04468e-07
4.03338e-09
7.04228e-07
3.72754e-09
7.04272e-07
3.378e-09
7.04508e-07
3.02265e-09
7.04849e-07
2.67734e-09
7.05236e-07
2.33234e-09
7.05641e-07
2.03343e-09
7.0601e-07
1.71644e-09
7.06361e-07
1.48028e-09
7.06629e-07
1.19081e-09
7.06866e-07
1.02579e-09
7.06992e-07
7.53781e-10
7.07094e-07
6.66748e-10
4.01922e-10
6.69913e-07
6.66885e-07
6.61221e-07
6.52652e-07
6.40826e-07
6.25412e-07
6.06377e-07
5.83839e-07
5.58088e-07
5.29864e-07
5.00292e-07
4.70633e-07
4.42209e-07
4.16349e-07
3.94145e-07
3.76293e-07
3.63081e-07
3.54401e-07
3.49751e-07
3.48358e-07
3.49344e-07
3.5197e-07
3.55604e-07
3.59771e-07
3.641e-07
3.68364e-07
3.72397e-07
3.76124e-07
3.79502e-07
3.82525e-07
3.85202e-07
3.87535e-07
3.89568e-07
3.91285e-07
3.92765e-07
3.93956e-07
3.94981e-07
3.95735e-07
3.96402e-07
)
;

boundaryField
{
    inlet
    {
        type            calculated;
        value           nonuniform List<scalar> 
20
(
-1e-06
-1e-06
-1e-06
-1e-06
-1e-06
-1e-06
-1e-06
-1e-06
-1e-06
-1e-06
-1e-06
-1e-06
-1e-06
-1e-06
-1e-06
-1e-06
-1e-06
-1e-06
-1e-06
-1e-06
)
;
    }
    outlet
    {
        type            calculated;
        value           nonuniform List<scalar> 
27
(
7.86143e-07
7.85946e-07
7.85851e-07
7.85583e-07
7.85557e-07
7.85228e-07
7.85242e-07
7.84926e-07
7.84935e-07
7.84681e-07
7.84653e-07
7.84469e-07
7.84399e-07
7.84257e-07
7.84148e-07
7.83902e-07
7.8264e-07
7.72752e-07
7.07076e-07
3.96804e-07
3.73458e-07
6.7354e-07
7.38854e-07
7.48152e-07
7.49012e-07
7.48966e-07
7.48827e-07
)
;
    }
    lowerWall
    {
        type            calculated;
        value           uniform 0;
    }
    upperWall
    {
        type            calculated;
        value           uniform 0;
    }
    defaultFaces
    {
        type            empty;
        value           nonuniform List<scalar> 0();
    }
}


// ************************************************************************* //
