/*--------------------------------*- C++ -*----------------------------------*\
| =========                 |                                                 |
| \\      /  F ield         | OpenFOAM: The Open Source CFD Toolbox           |
|  \\    /   O peration     | Version:  2112                                  |
|   \\  /    A nd           | Website:  www.openfoam.com                      |
|    \\/     M anipulation  |                                                 |
\*---------------------------------------------------------------------------*/
FoamFile
{
    version     2.0;
    format      ascii;
    arch        "LSB;label=32;scalar=64";
    class       volVectorField;
    location    "0.24";
    object      U;
}
// * * * * * * * * * * * * * * * * * * * * * * * * * * * * * * * * * * * * * //

dimensions      [0 1 -1 0 0 0 0];

internalField   nonuniform List<vector> 
1880
(
(0.0990133 0.000607088 0)
(0.098446 0.00115509 0)
(0.0973621 0.00131423 0)
(0.0958569 0.00129799 0)
(0.0941718 0.0013496 0)
(0.092472 0.00139657 0)
(0.0905334 0.00144239 0)
(0.0889656 0.00136098 0)
(0.0870331 0.00142495 0)
(0.0854139 0.00139825 0)
(0.0832893 0.00146903 0)
(0.0817987 0.00134633 0)
(0.0794468 0.00137046 0)
(0.0779984 0.00125545 0)
(0.0756739 0.00137045 0)
(0.0742856 0.00143489 0)
(0.0716122 0.00147354 0)
(0.0700696 0.00145062 0)
(0.0672619 0.00107626 0)
(0.066047 0.00124564 0)
(0.063363 0.000461348 0)
(0.0626476 0.00150343 0)
(0.0595704 -0.000157234 0)
(0.0597314 0.00251446 0)
(0.0545373 -0.000593391 0)
(0.056434 0.00370937 0)
(0.0472004 0.000349257 0)
(0.0502559 0.00384735 0)
(0.0368446 0.00388377 0)
(0.0385225 0.00515505 0)
(0.0999718 0.000705865 0)
(0.100344 0.00140341 0)
(0.100633 0.00167664 0)
(0.101011 0.00171443 0)
(0.101052 0.00184443 0)
(0.101399 0.00189872 0)
(0.100945 0.00212416 0)
(0.101533 0.00198157 0)
(0.100648 0.00226758 0)
(0.101435 0.00201455 0)
(0.100069 0.0024769 0)
(0.101358 0.00212515 0)
(0.099427 0.00265307 0)
(0.100637 0.00216299 0)
(0.0984986 0.00262222 0)
(0.0997922 0.00228562 0)
(0.0976416 0.00298766 0)
(0.0985714 0.00248517 0)
(0.0966705 0.00331912 0)
(0.0964675 0.00217817 0)
(0.0958842 0.00332924 0)
(0.0930146 0.00187537 0)
(0.0950195 0.00341987 0)
(0.0889959 0.00211353 0)
(0.092398 0.00438505 0)
(0.0854482 0.00320877 0)
(0.0868955 0.00607942 0)
(0.0806573 0.0069491 0)
(0.0795068 0.00790574 0)
(0.070581 0.0131407 0)
(0.0999767 0.000250536 0)
(0.100237 0.000672728 0)
(0.100491 0.000975601 0)
(0.100858 0.00114046 0)
(0.10107 0.00128137 0)
(0.10145 0.00138131 0)
(0.101323 0.00156437 0)
(0.101918 0.00153508 0)
(0.101576 0.00182093 0)
(0.102186 0.00165232 0)
(0.101606 0.00213591 0)
(0.102579 0.00174377 0)
(0.101908 0.00240152 0)
(0.102352 0.0019581 0)
(0.102082 0.0024505 0)
(0.101872 0.0023951 0)
(0.102477 0.00258542 0)
(0.101186 0.00280569 0)
(0.10249 0.00295973 0)
(0.100508 0.00253603 0)
(0.101704 0.00368272 0)
(0.0993242 0.00244177 0)
(0.0999281 0.00425346 0)
(0.0974058 0.00399271 0)
(0.0972503 0.00468513 0)
(0.0950774 0.00671726 0)
(0.0935235 0.00773511 0)
(0.0917609 0.00815272 0)
(0.0905508 0.0159787 0)
(0.085469 0.0115037 0)
(0.0999749 0.000231683 0)
(0.100139 0.00063261 0)
(0.100253 0.000970445 0)
(0.100515 0.0011605 0)
(0.10069 0.00134275 0)
(0.101038 0.00141441 0)
(0.100921 0.00162969 0)
(0.101502 0.00158553 0)
(0.101238 0.00192564 0)
(0.101807 0.00169393 0)
(0.101256 0.00226874 0)
(0.102336 0.00174276 0)
(0.101523 0.00269113 0)
(0.102417 0.00186746 0)
(0.101562 0.00303583 0)
(0.102344 0.00207293 0)
(0.101968 0.00333308 0)
(0.101884 0.00250787 0)
(0.102285 0.00372087 0)
(0.101203 0.00304135 0)
(0.102044 0.0042377 0)
(0.100277 0.00379372 0)
(0.100634 0.00504428 0)
(0.0991219 0.00513503 0)
(0.0986484 0.00647607 0)
(0.0970837 0.00737804 0)
(0.0970658 0.00945814 0)
(0.0943552 0.0103446 0)
(0.0949153 0.0148502 0)
(0.0933497 0.0162844 0)
(0.0999738 0.000146215 0)
(0.100099 0.00041275 0)
(0.100155 0.000665674 0)
(0.100361 0.000845526 0)
(0.100516 0.00101281 0)
(0.10083 0.00110614 0)
(0.100721 0.00128751 0)
(0.101255 0.00130741 0)
(0.101104 0.00157311 0)
(0.101516 0.00147622 0)
(0.101184 0.00187664 0)
(0.10192 0.00164445 0)
(0.101591 0.0022003 0)
(0.101944 0.00198824 0)
(0.101745 0.00245093 0)
(0.101971 0.00243217 0)
(0.102014 0.00272377 0)
(0.101833 0.00282562 0)
(0.101929 0.00351036 0)
(0.101663 0.00299184 0)
(0.101563 0.00485382 0)
(0.101127 0.00352344 0)
(0.100777 0.00610104 0)
(0.100134 0.00532377 0)
(0.0996228 0.00746936 0)
(0.0989756 0.00779078 0)
(0.0981954 0.010893 0)
(0.0979657 0.0103002 0)
(0.0968371 0.0162737 0)
(0.0974813 0.0154702 0)
(0.0999726 0.000122772 0)
(0.100087 0.000351671 0)
(0.100112 0.000579863 0)
(0.100285 0.000761908 0)
(0.100408 0.000931729 0)
(0.100706 0.00103774 0)
(0.100571 0.00121159 0)
(0.101109 0.00125813 0)
(0.100964 0.00150423 0)
(0.101389 0.00143617 0)
(0.101041 0.00182857 0)
(0.101798 0.00160484 0)
(0.101462 0.00222557 0)
(0.101856 0.00190526 0)
(0.10168 0.00260775 0)
(0.101874 0.00232393 0)
(0.102126 0.00291274 0)
(0.10164 0.00292764 0)
(0.102255 0.00345598 0)
(0.101497 0.00367839 0)
(0.101969 0.0045212 0)
(0.101493 0.00458265 0)
(0.101126 0.00608436 0)
(0.101212 0.00605816 0)
(0.100478 0.00794679 0)
(0.100293 0.00853528 0)
(0.100206 0.010771 0)
(0.0996596 0.0115935 0)
(0.0997222 0.0153111 0)
(0.100113 0.0162277 0)
(0.0999722 9.42385e-05 0)
(0.100076 0.000273755 0)
(0.100083 0.000449019 0)
(0.10023 0.00060811 0)
(0.10034 0.000745222 0)
(0.100616 0.000857719 0)
(0.100487 0.000991204 0)
(0.100994 0.00108708 0)
(0.100911 0.00125747 0)
(0.10127 0.00130409 0)
(0.101036 0.00153292 0)
(0.101655 0.00155446 0)
(0.101511 0.0018652 0)
(0.101753 0.00195845 0)
(0.101743 0.00223279 0)
(0.101922 0.00242416 0)
(0.102108 0.00268317 0)
(0.101934 0.00288218 0)
(0.102183 0.00356175 0)
(0.101963 0.00341403 0)
(0.102167 0.00491494 0)
(0.101983 0.00440416 0)
(0.101873 0.00638401 0)
(0.101945 0.00622671 0)
(0.101559 0.00813756 0)
(0.101788 0.00855928 0)
(0.101575 0.011109 0)
(0.101751 0.0112637 0)
(0.101938 0.0151646 0)
(0.102592 0.0154588 0)
(0.0999724 7.34536e-05 0)
(0.100071 0.000217823 0)
(0.100071 0.00035659 0)
(0.100205 0.000498772 0)
(0.100309 0.000614878 0)
(0.100572 0.000730181 0)
(0.100448 0.000841513 0)
(0.100942 0.000961259 0)
(0.100888 0.00110281 0)
(0.101231 0.00119023 0)
(0.101045 0.00137373 0)
(0.101624 0.00145453 0)
(0.101571 0.00171471 0)
(0.101738 0.00187647 0)
(0.101894 0.00210285 0)
(0.101925 0.00239674 0)
(0.102384 0.00252754 0)
(0.102 0.00301213 0)
(0.102533 0.00326539 0)
(0.102247 0.00376673 0)
(0.102553 0.00454253 0)
(0.102613 0.00477369 0)
(0.102481 0.00621333 0)
(0.102783 0.00637419 0)
(0.10274 0.00803794 0)
(0.102828 0.0087318 0)
(0.103242 0.0105373 0)
(0.103402 0.0114652 0)
(0.103899 0.0140992 0)
(0.104737 0.0151211 0)
(0.0999731 5.46842e-05 0)
(0.100068 0.000166416 0)
(0.100068 0.000269195 0)
(0.10019 0.000390286 0)
(0.1003 0.000478314 0)
(0.100546 0.000590318 0)
(0.100444 0.000669124 0)
(0.100913 0.000810291 0)
(0.100906 0.000904905 0)
(0.101216 0.00105274 0)
(0.101099 0.001146 0)
(0.101634 0.0013409 0)
(0.101657 0.00146153 0)
(0.101813 0.0017799 0)
(0.102001 0.00187929 0)
(0.102119 0.0022707 0)
(0.102514 0.00242058 0)
(0.10234 0.00279157 0)
(0.102744 0.00327306 0)
(0.102695 0.00351094 0)
(0.103003 0.00450451 0)
(0.103154 0.00465646 0)
(0.103236 0.00598237 0)
(0.103594 0.00633914 0)
(0.10371 0.00775287 0)
(0.104079 0.00843744 0)
(0.104537 0.0102118 0)
(0.104947 0.0109025 0)
(0.105677 0.0132998 0)
(0.106586 0.0141493 0)
(0.0999741 3.69276e-05 0)
(0.100066 0.00011622 0)
(0.100071 0.000185009 0)
(0.100186 0.000281876 0)
(0.100307 0.000344379 0)
(0.100541 0.000445982 0)
(0.100464 0.00050113 0)
(0.100913 0.000645788 0)
(0.100952 0.000716202 0)
(0.101236 0.000888423 0)
(0.101183 0.000941126 0)
(0.101682 0.00118016 0)
(0.101786 0.00123955 0)
(0.101907 0.00163023 0)
(0.102191 0.00165537 0)
(0.102289 0.00214913 0)
(0.102775 0.00218698 0)
(0.102631 0.00271769 0)
(0.103064 0.002982 0)
(0.103152 0.00347821 0)
(0.103453 0.00415771 0)
(0.103756 0.00458155 0)
(0.103964 0.00562606 0)
(0.104313 0.00616174 0)
(0.104767 0.00727937 0)
(0.105078 0.00818894 0)
(0.10578 0.00944457 0)
(0.106353 0.010447 0)
(0.107168 0.0121818 0)
(0.108172 0.0132611 0)
(0.0999753 1.92374e-05 0)
(0.100065 6.52965e-05 0)
(0.100079 0.000100412 0)
(0.100189 0.000170552 0)
(0.100329 0.000207103 0)
(0.100553 0.000293776 0)
(0.100508 0.000325553 0)
(0.100939 0.000466655 0)
(0.101026 0.000513721 0)
(0.101286 0.000701069 0)
(0.101291 0.000717659 0)
(0.101774 0.000983993 0)
(0.10193 0.000998819 0)
(0.102065 0.00141622 0)
(0.102371 0.00143065 0)
(0.102545 0.00190441 0)
(0.103012 0.00200021 0)
(0.102997 0.00243543 0)
(0.103395 0.00277659 0)
(0.103615 0.0031969 0)
(0.103951 0.00383778 0)
(0.104328 0.00432383 0)
(0.104651 0.00517711 0)
(0.10508 0.00582111 0)
(0.105625 0.00677458 0)
(0.106089 0.00760877 0)
(0.106859 0.00878647 0)
(0.107562 0.00964653 0)
(0.108475 0.0111234 0)
(0.10956 0.0120904 0)
(0.0999767 7.93426e-07 0)
(0.100066 1.15869e-05 0)
(0.100091 1.27379e-05 0)
(0.100201 5.42753e-05 0)
(0.100363 6.81003e-05 0)
(0.100581 0.00013726 0)
(0.100571 0.000152467 0)
(0.100987 0.00028336 0)
(0.101123 0.000318868 0)
(0.101362 0.000506135 0)
(0.101424 0.000505154 0)
(0.101892 0.000775859 0)
(0.102105 0.000765047 0)
(0.102246 0.0011923 0)
(0.102591 0.00118667 0)
(0.102814 0.00167511 0)
(0.103292 0.00174416 0)
(0.103369 0.00220495 0)
(0.103758 0.00246662 0)
(0.104085 0.00294887 0)
(0.104456 0.00344476 0)
(0.104888 0.00401169 0)
(0.105336 0.00469137 0)
(0.105767 0.00540623 0)
(0.106461 0.00614702 0)
(0.106986 0.0070401 0)
(0.107808 0.00794032 0)
(0.108641 0.008834 0)
(0.109602 0.00996157 0)
(0.110712 0.0109364 0)
(0.099978 -2.01837e-05 0)
(0.100069 -5.03935e-05 0)
(0.100109 -8.86727e-05 0)
(0.100225 -8.34064e-05 0)
(0.100416 -9.71498e-05 0)
(0.100634 -5.45748e-05 0)
(0.100662 -6.01361e-05 0)
(0.101068 4.87376e-05 0)
(0.101249 7.04918e-05 0)
(0.101473 0.000242543 0)
(0.101585 0.000230251 0)
(0.102049 0.000483367 0)
(0.102304 0.000465744 0)
(0.102468 0.000865311 0)
(0.102829 0.000877581 0)
(0.10312 0.00132365 0)
(0.103593 0.00142609 0)
(0.103764 0.0018347 0)
(0.10415 0.00209297 0)
(0.104554 0.002554 0)
(0.104966 0.00297533 0)
(0.105444 0.00355887 0)
(0.105952 0.00413042 0)
(0.106448 0.00482858 0)
(0.10718 0.00549585 0)
(0.107794 0.00627673 0)
(0.108649 0.00709516 0)
(0.10955 0.0078751 0)
(0.110552 0.00880563 0)
(0.111706 0.00966425 0)
(0.0999793 -4.32699e-05 0)
(0.100073 -0.000116876 0)
(0.100129 -0.000193455 0)
(0.100255 -0.000218606 0)
(0.100476 -0.000250034 0)
(0.100699 -0.000225302 0)
(0.100766 -0.000240081 0)
(0.101167 -0.000145691 0)
(0.101392 -0.00012657 0)
(0.101605 2.93534e-05 0)
(0.101768 1.83395e-05 0)
(0.102235 0.000251189 0)
(0.102532 0.000236498 0)
(0.10272 0.000601892 0)
(0.103099 0.000625242 0)
(0.10345 0.00103878 0)
(0.103927 0.00114764 0)
(0.104176 0.00153233 0)
(0.104574 0.00175864 0)
(0.105037 0.00221308 0)
(0.105497 0.00255878 0)
(0.106 0.00313598 0)
(0.106569 0.00360418 0)
(0.107096 0.00427848 0)
(0.107855 0.0048203 0)
(0.108533 0.00554848 0)
(0.109389 0.00620801 0)
(0.110342 0.00691816 0)
(0.111375 0.00764186 0)
(0.112523 0.00841224 0)
(0.099981 -7.73125e-05 0)
(0.100085 -0.000216873 0)
(0.100171 -0.000352339 0)
(0.100322 -0.000424217 0)
(0.100582 -0.000484279 0)
(0.100818 -0.000489485 0)
(0.100928 -0.000519323 0)
(0.101328 -0.00044988 0)
(0.101587 -0.00044024 0)
(0.101792 -0.00031651 0)
(0.102001 -0.00032825 0)
(0.102477 -0.00013256 0)
(0.102803 -0.000146908 0)
(0.10301 0.000164375 0)
(0.103403 0.000204703 0)
(0.10381 0.000570667 0)
(0.104296 0.000691867 0)
(0.104617 0.00103099 0)
(0.105038 0.0012374 0)
(0.105543 0.00165972 0)
(0.106032 0.00196417 0)
(0.106548 0.00251216 0)
(0.10713 0.00293718 0)
(0.107684 0.00355414 0)
(0.108438 0.00405457 0)
(0.109152 0.00468911 0)
(0.110015 0.00526465 0)
(0.110984 0.00588291 0)
(0.112035 0.00646144 0)
(0.113194 0.00711351 0)
(0.0999823 -0.00010546 0)
(0.100099 -0.000294351 0)
(0.100221 -0.000463547 0)
(0.100408 -0.000553007 0)
(0.100711 -0.000616877 0)
(0.10097 -0.000636776 0)
(0.101127 -0.000670926 0)
(0.101528 -0.000622172 0)
(0.101813 -0.000620793 0)
(0.102017 -0.000527619 0)
(0.102276 -0.000534843 0)
(0.102764 -0.00036942 0)
(0.10312 -0.000378777 0)
(0.103353 -0.000112919 0)
(0.103764 -5.71256e-05 0)
(0.104218 0.000265701 0)
(0.104716 0.00039072 0)
(0.1051 0.000699517 0)
(0.10556 0.000904814 0)
(0.106106 0.00131315 0)
(0.106638 0.00159542 0)
(0.107159 0.00210492 0)
(0.107749 0.00247042 0)
(0.108306 0.00301177 0)
(0.109034 0.00342023 0)
(0.109751 0.0039498 0)
(0.1106 0.00439884 0)
(0.111547 0.00490619 0)
(0.112611 0.00533706 0)
(0.11374 0.00586441 0)
(0.0999844 -0.000197499 0)
(0.100139 -0.000539901 0)
(0.100326 -0.000801396 0)
(0.100569 -0.000929459 0)
(0.100912 -0.00100516 0)
(0.101193 -0.00104579 0)
(0.101394 -0.00108778 0)
(0.101792 -0.00106065 0)
(0.10209 -0.00106439 0)
(0.102301 -0.000998626 0)
(0.102617 -0.000996767 0)
(0.103126 -0.000870282 0)
(0.103501 -0.00087405 0)
(0.103749 -0.000653013 0)
(0.104163 -0.000574794 0)
(0.104653 -0.000302502 0)
(0.105183 -0.000203638 0)
(0.105646 3.91281e-05 0)
(0.106171 0.000212567 0)
(0.106732 0.000587062 0)
(0.107276 0.000868524 0)
(0.107744 0.00135704 0)
(0.108298 0.00172128 0)
(0.108799 0.00221839 0)
(0.109495 0.00259854 0)
(0.110165 0.00305477 0)
(0.111028 0.00342834 0)
(0.111927 0.00384829 0)
(0.113026 0.00417462 0)
(0.114115 0.00458613 0)
(0.0999856 -0.000226646 0)
(0.10024 -0.000602662 0)
(0.100571 -0.000854126 0)
(0.100922 -0.000967607 0)
(0.101317 -0.00103702 0)
(0.101624 -0.00110573 0)
(0.101853 -0.00115856 0)
(0.102236 -0.00114814 0)
(0.102525 -0.0011579 0)
(0.102747 -0.00114484 0)
(0.103077 -0.00115073 0)
(0.103576 -0.00106642 0)
(0.103921 -0.00105041 0)
(0.104179 -0.000869418 0)
(0.104561 -0.000803282 0)
(0.105038 -0.000626379 0)
(0.105526 -0.000578084 0)
(0.106005 -0.000362161 0)
(0.106566 -0.00012222 0)
(0.107146 0.000306166 0)
(0.107737 0.000655141 0)
(0.108179 0.0011305 0)
(0.108745 0.00146207 0)
(0.109192 0.00185753 0)
(0.109884 0.0021278 0)
(0.110481 0.00243197 0)
(0.11137 0.0026629 0)
(0.112185 0.00293139 0)
(0.113334 0.00311915 0)
(0.114348 0.00339366 0)
(0.0999859 -0.000687338 0)
(0.100338 -0.0013622 0)
(0.100731 -0.00158489 0)
(0.101057 -0.00161132 0)
(0.101357 -0.00165642 0)
(0.101543 -0.00174555 0)
(0.101612 -0.00180276 0)
(0.101803 -0.00177509 0)
(0.101865 -0.00175116 0)
(0.101923 -0.00173448 0)
(0.102003 -0.00173463 0)
(0.102276 -0.00170523 0)
(0.102237 -0.0016677 0)
(0.102296 -0.00148698 0)
(0.102316 -0.00135879 0)
(0.102651 -0.0012511 0)
(0.102793 -0.00125582 0)
(0.103141 -0.00115128 0)
(0.10334 -0.000940974 0)
(0.103783 -0.000575205 0)
(0.104091 -0.000204954 0)
(0.104602 0.000264574 0)
(0.105115 0.000630389 0)
(0.105839 0.0010052 0)
(0.106595 0.00126351 0)
(0.107537 0.00150307 0)
(0.108512 0.00166643 0)
(0.109662 0.00184037 0)
(0.110848 0.00194036 0)
(0.112188 0.00209291 0)
(0.0990189 -0.000601284 0)
(0.098462 -0.00114608 0)
(0.0974377 -0.00128633 0)
(0.0959679 -0.00126923 0)
(0.0944156 -0.00129342 0)
(0.092772 -0.00134934 0)
(0.0910757 -0.00134795 0)
(0.0895573 -0.00128896 0)
(0.088031 -0.00127722 0)
(0.086459 -0.00128448 0)
(0.0849437 -0.0012558 0)
(0.0835321 -0.00117945 0)
(0.082008 -0.00108799 0)
(0.0806813 -0.000991975 0)
(0.0794552 -0.000969466 0)
(0.0784195 -0.0010023 0)
(0.0771668 -0.00100586 0)
(0.0761214 -0.000875956 0)
(0.0750738 -0.000645226 0)
(0.0745467 -0.000375757 0)
(0.074098 -0.000110164 0)
(0.074253 0.000121566 0)
(0.0744368 0.000284561 0)
(0.0751723 0.000415947 0)
(0.0758145 0.000483909 0)
(0.0769216 0.000546894 0)
(0.0778222 0.000586567 0)
(0.0791801 0.000628115 0)
(0.0802395 0.000649824 0)
(0.0817988 0.000676982 0)
(0.0188581 0.0041364 0)
(0.0587736 0.0246683 0)
(0.0395398 0.0190792 0)
(0.0737595 0.0278505 8.59527e-22)
(0.0550865 0.0222797 6.92465e-22)
(0.0893435 0.0376115 0)
(0.0752471 0.0383083 3.09938e-22)
(0.103243 0.0465371 -4.97023e-23)
(0.0878594 0.0333115 8.23451e-22)
(0.117777 0.0402701 0)
(0.0720674 0.0182775 0)
(0.0803549 0.0227735 0)
(0.0825775 0.0270364 0)
(0.0964985 0.0404218 0)
(0.0967593 0.0385256 0)
(0.102848 0.0399895 1.67855e-22)
(0.106323 0.0377713 5.23334e-23)
(0.120622 0.0563591 -1.15724e-22)
(0.132651 0.061833 -6.24506e-22)
(0.136343 0.057392 -5.23169e-22)
(0.0870148 0.022735 0)
(0.0905754 0.0290184 0)
(0.0928747 0.0312093 0)
(0.098529 0.0261046 0)
(0.104886 0.0406824 0)
(0.108701 0.0396634 -1.67854e-22)
(0.11178 0.0397109 -5.2333e-23)
(0.117634 0.0357279 1.15723e-22)
(0.132295 0.0425104 3.23214e-22)
(0.145743 0.0474416 5.23293e-22)
(0.0914212 0.0204932 -4.08015e-22)
(0.0947797 0.0242158 0)
(0.101444 0.0293786 -3.13682e-22)
(0.102808 0.0296733 -2.56489e-22)
(0.105972 0.0350659 -1.87499e-22)
(0.1135 0.0372523 0)
(0.119317 0.0380776 0)
(0.124054 0.0393189 1.45377e-22)
(0.131104 0.0405421 3.03111e-22)
(0.139876 0.0412486 4.41026e-22)
(0.0964694 0.0218371 4.08019e-22)
(0.0994441 0.0231306 0)
(0.102317 0.0282579 3.13683e-22)
(0.106595 0.0261162 2.5649e-22)
(0.108886 0.0326031 1.875e-22)
(0.115746 0.0326091 0)
(0.120175 0.0345122 0)
(0.125562 0.0314599 -1.45378e-22)
(0.133053 0.0328037 -3.03113e-22)
(0.139863 0.0337241 -4.4103e-22)
(0.0999056 0.0202846 0)
(0.102555 0.0219071 -2.91475e-22)
(0.105838 0.0253844 0)
(0.109452 0.0256999 -1.89299e-22)
(0.112112 0.0294 0)
(0.117542 0.0296423 0)
(0.122754 0.0315815 0)
(0.128122 0.0305845 -1.53448e-22)
(0.132903 0.0308749 0)
(0.137794 0.028982 0)
(0.10275 0.0195928 2.90956e-22)
(0.105372 0.0201855 5.51244e-22)
(0.107949 0.0237646 2.16622e-22)
(0.111474 0.0231924 1.89299e-22)
(0.114437 0.0269404 0)
(0.119217 0.0265381 -3.1286e-23)
(0.123873 0.0272739 0)
(0.128441 0.0254295 1.53449e-22)
(0.133237 0.0266671 0)
(0.138757 0.0241105 0)
(0.105298 0.0179892 -2.90957e-22)
(0.107545 0.0188792 -2.59769e-22)
(0.110233 0.0214985 -2.16622e-22)
(0.113454 0.0215998 0)
(0.116454 0.023771 0)
(0.120615 0.0236536 3.1286e-23)
(0.125026 0.0250443 0)
(0.1291 0.0236017 0)
(0.133244 0.0231895 0)
(0.137728 0.0205958 0)
(0.107393 0.0167568 0)
(0.109507 0.0172445 -2.09451e-22)
(0.111977 0.0194535 0)
(0.115003 0.0194453 -1.24075e-22)
(0.117966 0.0215108 0)
(0.121526 0.021012 0)
(0.125446 0.0214435 6.35709e-23)
(0.129533 0.0198776 1.42777e-22)
(0.133292 0.020342 0)
(0.136898 0.0175552 3.04701e-22)
(0.109212 0.0151235 0)
(0.111115 0.0157572 2.09452e-22)
(0.113532 0.0174528 0)
(0.116269 0.0175618 1.24075e-22)
(0.119146 0.0187598 0)
(0.122497 0.0185031 0)
(0.126083 0.0192038 -6.35711e-23)
(0.129421 0.01778 -1.42777e-22)
(0.132755 0.0172987 0)
(0.13624 0.0149586 -3.04702e-22)
(0.1107 0.0136853 9.90879e-23)
(0.112488 0.0141435 0)
(0.114759 0.0154729 0)
(0.117358 0.0155452 4.88796e-23)
(0.12006 0.0166354 0)
(0.122982 0.0161759 0)
(0.126215 0.0164195 0)
(0.129496 0.0151131 -6.40814e-23)
(0.132497 0.0148886 0)
(0.135306 0.0126569 0)
(0.111964 0.0121134 -7.49946e-24)
(0.113639 0.0125842 0)
(0.115792 0.0136088 6.35726e-23)
(0.118168 0.0136924 -4.67491e-24)
(0.120723 0.0143537 0)
(0.123512 0.0140176 0)
(0.126429 0.0142451 -3.03772e-23)
(0.129222 0.0130757 6.40815e-23)
(0.131955 0.0125455 -9.03447e-23)
(0.134582 0.0106773 -1.21208e-22)
(0.11299 0.0106353 -6.21709e-24)
(0.114588 0.010995 0)
(0.116603 0.0118068 -4.83053e-24)
(0.118848 0.0118356 -3.64736e-24)
(0.121238 0.0123808 2.00203e-23)
(0.123758 0.0119984 3.28361e-24)
(0.126415 0.0120224 1.46553e-24)
(0.129032 0.0109864 -5.62434e-23)
(0.13151 0.0105115 6.16229e-24)
(0.133805 0.00884985 8.46678e-24)
(0.113841 0.00914476 -8.53717e-23)
(0.11537 0.00946415 0)
(0.117261 0.0100824 -5.87422e-23)
(0.119351 0.010104 -4.05575e-23)
(0.121588 0.0104509 -2.00204e-23)
(0.12396 0.0101083 -6.74646e-24)
(0.126392 0.0100688 2.89117e-23)
(0.128735 0.00917317 5.62434e-23)
(0.131013 0.0086447 8.41826e-23)
(0.133134 0.00723756 1.12742e-22)
(0.114513 0.00769793 0)
(0.115991 0.00793776 0)
(0.117773 0.00842477 0)
(0.119736 0.00841056 0)
(0.121841 0.00865695 0)
(0.124031 0.00832809 3.46285e-24)
(0.12628 0.00820331 0)
(0.128458 0.00742738 0)
(0.130561 0.00693711 0)
(0.132504 0.00573781 0)
(0.115061 0.00629073 0)
(0.116481 0.00648083 0)
(0.118173 0.00683645 0)
(0.120006 0.00681621 0)
(0.121998 0.00695678 0)
(0.124039 0.00665902 1.29229e-24)
(0.12615 0.00649584 0)
(0.128163 0.00583823 0)
(0.130132 0.00537264 0)
(0.13194 0.00437529 0)
(0.115474 0.00489527 0)
(0.116815 0.00502581 0)
(0.118479 0.00527766 2.38952e-23)
(0.120159 0.00524436 0)
(0.12209 0.00531003 8.33155e-24)
(0.123948 0.00504852 -1.29229e-24)
(0.125977 0.00485805 0)
(0.127819 0.00430862 -2.16101e-23)
(0.129705 0.00389574 0)
(0.131345 0.00308609 0)
(0.115755 0.00357452 0)
(0.116892 0.00365642 0)
(0.118582 0.00380483 -2.38953e-23)
(0.119989 0.00376376 0)
(0.121926 0.00375759 -8.33157e-24)
(0.123469 0.00353144 0)
(0.125495 0.00332355 0)
(0.126998 0.00287397 2.16102e-23)
(0.128866 0.00250017 0)
(0.130123 0.00186716 0)
(0.113584 0.0021621 -8.52826e-24)
(0.11432 0.00219019 -7.25967e-24)
(0.115959 0.00223372 -5.78674e-24)
(0.116832 0.00219168 0)
(0.118691 0.00212794 -2.16235e-24)
(0.119584 0.00196437 0)
(0.121508 0.00176683 2.32574e-24)
(0.122216 0.00145623 0)
(0.123957 0.00114828 7.48717e-24)
(0.124208 0.000728002 1.0219e-23)
(0.0829927 0.000654161 8.52731e-24)
(0.0837788 0.000610482 7.2588e-24)
(0.0850987 0.000557074 5.78601e-24)
(0.0858644 0.00049061 0)
(0.0872311 0.000400847 2.16205e-24)
(0.0878033 0.00029451 0)
(0.0890228 0.000152487 -2.32537e-24)
(0.0891282 2.10406e-06 0)
(0.0899418 -0.000183611 -7.48583e-24)
(0.0892447 -0.000358327 -1.02171e-23)
(0.00453412 0.00277981 0)
(0.0019457 0.00035404 0)
(-0.00804799 0.00612551 0)
(-0.0325419 0.0122145 0)
(-0.0838793 0.0168069 0)
(-0.109878 0.00958472 0)
(-0.124877 0.00571238 0)
(-0.128816 0.00125442 0)
(-0.124026 -0.0017107 0)
(-0.110635 -0.00475628 0)
(-0.0917322 -0.00634783 0)
(-0.0680461 -0.00855029 0)
(-0.0409205 -0.00802891 0)
(-0.0167324 -0.00713861 0)
(0.00580455 -0.00599763 0)
(0.0235857 -0.00443596 0)
(0.0378153 -0.0029588 0)
(0.0481092 -0.00161611 0)
(0.0551268 -0.000524525 0)
(0.059454 0.00027795 0)
(0.0617012 0.000792866 0)
(0.0624427 0.00106172 0)
(0.0622204 0.00115256 0)
(0.0614336 0.00111077 0)
(0.0603573 0.000992186 0)
(0.0591808 0.000841045 0)
(0.0580284 0.000684291 0)
(0.0569797 0.000540084 0)
(0.0560581 0.000418398 0)
(0.0552875 0.000321477 0)
(0.0546345 0.0002471 0)
(0.0541165 0.000190728 0)
(0.0536738 0.000149075 0)
(0.05334 0.000116481 0)
(0.0530434 9.30004e-05 0)
(0.0528331 7.19255e-05 0)
(0.0526408 5.8645e-05 0)
(0.0525059 4.25832e-05 0)
(0.0524018 3.67938e-05 0)
(0.0522947 2.27277e-05 0)
(0.0037253 -0.00801442 0)
(0.000619669 0.00846773 0)
(-0.0182987 0.019545 0)
(-0.065502 0.0396461 0)
(-0.0966353 0.0360537 0)
(-0.116701 0.0207229 0)
(-0.123222 0.00900536 0)
(-0.126477 -0.00145388 0)
(-0.116734 -0.0115069 0)
(-0.104961 -0.0186718 0)
(-0.0810352 -0.0248902 0)
(-0.0580621 -0.0283433 0)
(-0.0299347 -0.0294764 0)
(-0.00496358 -0.0260123 0)
(0.0182258 -0.0227256 0)
(0.0367802 -0.0183493 0)
(0.0518237 -0.01423 0)
(0.0632605 -0.0104842 0)
(0.0717827 -0.00729797 0)
(0.0781058 -0.00473173 0)
(0.0828126 -0.00279478 0)
(0.0863321 -0.00140215 0)
(0.0889714 -0.000438836 0)
(0.0909549 0.000201733 0)
(0.0923967 0.000590882 0)
(0.0934289 0.000793527 0)
(0.0940877 0.000859761 0)
(0.0945142 0.000840467 0)
(0.0947066 0.000768986 0)
(0.094814 0.000675719 0)
(0.0947808 0.000577792 0)
(0.0947629 0.000482193 0)
(0.0946523 0.000401293 0)
(0.0946106 0.000324388 0)
(0.0944936 0.000268465 0)
(0.0944654 0.000208734 0)
(0.0943723 0.000174156 0)
(0.0943617 0.000125037 0)
(0.0943075 0.000107945 0)
(0.094302 6.50694e-05 0)
(0.00109019 0.000800623 0)
(-0.0239772 0.0184681 0)
(-0.0479971 0.0519729 0)
(-0.064622 0.0613288 0)
(-0.0828984 0.0518169 0)
(-0.09345 0.031494 0)
(-0.0999899 0.0129477 0)
(-0.0978303 -0.003086 0)
(-0.0911396 -0.0175087 0)
(-0.0760299 -0.0304919 0)
(-0.0593565 -0.0409018 0)
(-0.0347409 -0.0470311 0)
(-0.0121427 -0.0471656 0)
(0.0112218 -0.0428664 0)
(0.0318356 -0.0365544 0)
(0.0485449 -0.0290978 0)
(0.0619509 -0.022105 0)
(0.072038 -0.0160131 0)
(0.078999 -0.0111796 0)
(0.0836157 -0.0076304 0)
(0.0869034 -0.00514955 0)
(0.0896156 -0.00341823 0)
(0.092054 -0.00221418 0)
(0.0943142 -0.00135489 0)
(0.0962922 -0.000752655 0)
(0.0980071 -0.000328573 0)
(0.0993716 -4.64202e-05 0)
(0.100489 0.000138925 0)
(0.101288 0.00024414 0)
(0.101933 0.000296036 0)
(0.102331 0.000308767 0)
(0.102681 0.000295456 0)
(0.102849 0.000272896 0)
(0.103049 0.000235546 0)
(0.103104 0.00020645 0)
(0.103238 0.000162259 0)
(0.103244 0.000138206 0)
(0.103353 9.29271e-05 0)
(0.103344 7.89059e-05 0)
(0.103443 3.38518e-05 0)
(0.00286646 0.00728904 0)
(-0.0102381 0.0422205 0)
(-0.0216184 0.0529137 0)
(-0.0328849 0.0652643 0)
(-0.0500056 0.0580202 0)
(-0.0583014 0.0359766 0)
(-0.0648459 0.0120954 0)
(-0.059031 -0.00837125 0)
(-0.0495122 -0.0273385 0)
(-0.0349495 -0.0422844 0)
(-0.0198558 -0.0552584 0)
(-0.00381463 -0.0631714 0)
(0.0147104 -0.0635944 0)
(0.0310761 -0.0582685 0)
(0.0465314 -0.0498881 0)
(0.0591146 -0.040355 0)
(0.0694544 -0.0312254 0)
(0.0787456 -0.022631 0)
(0.0863216 -0.0152512 0)
(0.0910739 -0.00997194 0)
(0.0933477 -0.00679665 0)
(0.0944494 -0.00494964 0)
(0.0953663 -0.00374994 0)
(0.0965184 -0.00282402 0)
(0.0978099 -0.00207554 0)
(0.0991475 -0.00144929 0)
(0.100318 -0.000956185 0)
(0.101353 -0.000570515 0)
(0.102128 -0.000295658 0)
(0.102791 -0.000102704 0)
(0.103229 1.71851e-05 0)
(0.103635 8.6729e-05 0)
(0.10386 0.000121481 0)
(0.104119 0.00012553 0)
(0.104223 0.000122518 0)
(0.104407 9.68901e-05 0)
(0.104446 8.42896e-05 0)
(0.104598 4.60758e-05 0)
(0.104605 3.65385e-05 0)
(0.104743 -9.36221e-06 0)
(-0.0118717 0.00769724 0)
(-0.00109768 0.0359385 0)
(-0.00982753 0.0617845 0)
(-0.00473972 0.0757882 0)
(-0.0124393 0.0698728 0)
(-0.0121506 0.0449568 0)
(-0.0144997 0.0145937 0)
(-0.00512266 -0.0139441 0)
(0.0068778 -0.0349622 0)
(0.0217098 -0.0506007 0)
(0.0318587 -0.0628205 0)
(0.0417362 -0.0720636 0)
(0.0515474 -0.0724201 0)
(0.0597217 -0.0658404 0)
(0.0668307 -0.0559875 0)
(0.0728292 -0.0449762 0)
(0.0758594 -0.0358939 0)
(0.0787866 -0.0281394 0)
(0.0841756 -0.0201974 0)
(0.0904601 -0.0128848 0)
(0.0951317 -0.00776173 0)
(0.0975369 -0.0050126 0)
(0.0984509 -0.00379476 0)
(0.0989199 -0.0031612 0)
(0.0994432 -0.0026578 0)
(0.100195 -0.00212694 0)
(0.100996 -0.00161578 0)
(0.101811 -0.00114835 0)
(0.102457 -0.000779289 0)
(0.103035 -0.000491022 0)
(0.103418 -0.00029315 0)
(0.103783 -0.000157229 0)
(0.103983 -7.29637e-05 0)
(0.104227 -2.66462e-05 0)
(0.104325 3.90242e-07 0)
(0.104509 3.10732e-07 0)
(0.104551 3.61687e-06 0)
(0.104707 -2.17377e-05 0)
(0.104718 -2.52076e-05 0)
(0.104863 -6.72121e-05 0)
(0.0153999 0.0151354 0)
(0.0144745 0.0459222 0)
(0.0235937 0.0579509 0)
(0.0353059 0.0712326 0)
(0.0313986 0.0638102 0)
(0.0394632 0.0381732 0)
(0.0402395 0.00707018 0)
(0.0477014 -0.0238198 0)
(0.0583528 -0.0465155 0)
(0.0683239 -0.058167 0)
(0.0769094 -0.0668456 0)
(0.0781263 -0.0759582 0)
(0.0794935 -0.0775107 0)
(0.0828889 -0.0702083 0)
(0.0844889 -0.0597274 0)
(0.0876773 -0.0463808 0)
(0.0886456 -0.0344483 0)
(0.0849728 -0.0276625 0)
(0.082346 -0.0229926 0)
(0.0843319 -0.017468 0)
(0.0893057 -0.0117279 0)
(0.0944043 -0.00728708 0)
(0.0979753 -0.00470407 0)
(0.0999316 -0.00348105 0)
(0.100839 -0.00293247 0)
(0.101388 -0.00252256 0)
(0.101837 -0.00209006 0)
(0.102352 -0.00160552 0)
(0.102801 -0.00116354 0)
(0.103256 -0.000782082 0)
(0.103567 -0.000505985 0)
(0.103883 -0.000308986 0)
(0.104054 -0.000187008 0)
(0.104273 -0.000114084 0)
(0.104358 -7.35777e-05 0)
(0.104526 -6.33936e-05 0)
(0.104561 -5.52712e-05 0)
(0.104708 -7.57561e-05 0)
(0.104717 -7.67973e-05 0)
(0.104856 -0.000118855 0)
(-0.0376762 -0.0126063 0)
(0.00292651 0.0228953 0)
(0.0174131 0.0455237 0)
(0.0569854 0.0678742 0)
(0.0709563 0.0700355 0)
(0.0861608 0.0447582 0)
(0.0879911 0.0114425 0)
(0.0928617 -0.0233079 0)
(0.0967732 -0.0496438 0)
(0.100021 -0.061622 0)
(0.105271 -0.0671497 0)
(0.104537 -0.07328 0)
(0.0959205 -0.0760427 0)
(0.0919787 -0.0692474 0)
(0.0892052 -0.0598399 0)
(0.0881339 -0.0490842 0)
(0.0916339 -0.034829 0)
(0.0920277 -0.0237491 0)
(0.0874724 -0.0192808 0)
(0.083617 -0.017451 0)
(0.0839555 -0.0147735 0)
(0.0877557 -0.0111152 0)
(0.0926982 -0.00769802 0)
(0.0970139 -0.00520757 0)
(0.09993 -0.00372129 0)
(0.101623 -0.0028646 0)
(0.102478 -0.00232393 0)
(0.102982 -0.00185747 0)
(0.10328 -0.00144638 0)
(0.103572 -0.00106507 0)
(0.103765 -0.000767886 0)
(0.103995 -0.000533322 0)
(0.104119 -0.000373972 0)
(0.104301 -0.000263103 0)
(0.10437 -0.000193108 0)
(0.104523 -0.000156889 0)
(0.104557 -0.000131686 0)
(0.104695 -0.000138752 0)
(0.104705 -0.00013325 0)
(0.104837 -0.000171525 0)
(0.117593 0.0409152 0)
(0.073602 0.0174698 0)
(0.0662437 0.0173221 0)
(0.0738387 0.0326173 0)
(0.0900038 0.041279 0)
(0.109776 0.0270482 0)
(0.117551 0.00307319 0)
(0.123657 -0.0298074 0)
(0.123855 -0.0562325 0)
(0.122176 -0.0673378 0)
(0.125391 -0.0706793 0)
(0.127833 -0.0709037 0)
(0.119014 -0.0700612 0)
(0.106823 -0.0642202 0)
(0.0988577 -0.0544517 0)
(0.091101 -0.0463373 0)
(0.0882422 -0.0365523 0)
(0.0905643 -0.0248332 0)
(0.0919029 -0.0170461 0)
(0.0903073 -0.0147108 0)
(0.0881714 -0.0145105 0)
(0.0879004 -0.0134985 0)
(0.0899279 -0.0112959 0)
(0.0933715 -0.00861824 0)
(0.0969793 -0.00621935 0)
(0.0999454 -0.00435968 0)
(0.101908 -0.00307329 0)
(0.103058 -0.00217196 0)
(0.103606 -0.0015597 0)
(0.103912 -0.00109507 0)
(0.104042 -0.000769779 0)
(0.104193 -0.00052554 0)
(0.104261 -0.000371003 0)
(0.104396 -0.000267788 0)
(0.104439 -0.000210526 0)
(0.104562 -0.000183319 0)
(0.104582 -0.000166913 0)
(0.104699 -0.000178167 0)
(0.104703 -0.000175677 0)
(0.10482 -0.000216821 0)
(0.142263 0.0319447 0)
(0.137105 0.0419749 0)
(0.134149 0.0446046 0)
(0.126907 0.0436181 0)
(0.132044 0.0388468 0)
(0.144618 0.0235638 0)
(0.149906 0.00199625 0)
(0.157973 -0.027486 0)
(0.158771 -0.0507519 0)
(0.151989 -0.0620816 0)
(0.145961 -0.0676757 0)
(0.139304 -0.0672043 0)
(0.130316 -0.0614735 0)
(0.118018 -0.0555022 0)
(0.108121 -0.0485207 0)
(0.100615 -0.0406671 0)
(0.0940363 -0.0333465 0)
(0.0915814 -0.0256807 0)
(0.0934641 -0.0188709 0)
(0.0966982 -0.0146626 0)
(0.0986628 -0.0128815 0)
(0.0985681 -0.012207 0)
(0.0974515 -0.0115618 0)
(0.0968335 -0.0103087 0)
(0.0973812 -0.00848614 0)
(0.0988865 -0.00640797 0)
(0.100655 -0.00454218 0)
(0.102198 -0.00307946 0)
(0.103219 -0.00209036 0)
(0.103835 -0.00142619 0)
(0.104105 -0.00102383 0)
(0.104271 -0.000747966 0)
(0.104316 -0.000571177 0)
(0.104412 -0.00043715 0)
(0.104438 -0.000348467 0)
(0.104544 -0.000289361 0)
(0.104567 -0.000249453 0)
(0.104677 -0.00024215 0)
(0.104687 -0.000229981 0)
(0.104793 -0.000264399 0)
(0.147884 0.0379296 0)
(0.149677 0.0307568 0)
(0.157954 0.0306495 0)
(0.15876 0.0357547 0)
(0.168675 0.0306496 0)
(0.174691 0.0179308 0)
(0.175993 -0.00264946 0)
(0.183265 -0.0317973 0)
(0.180726 -0.0513101 0)
(0.169017 -0.0581126 0)
(0.15662 -0.0604125 0)
(0.139447 -0.0605241 0)
(0.123271 -0.0563186 0)
(0.114641 -0.0487101 0)
(0.108717 -0.0422928 0)
(0.103934 -0.0369246 0)
(0.101242 -0.0307015 0)
(0.0997996 -0.0247526 0)
(0.0991527 -0.0209663 0)
(0.0999536 -0.0187727 0)
(0.102636 -0.0163135 0)
(0.106034 -0.0130681 0)
(0.107969 -0.0102466 0)
(0.1075 -0.00861759 0)
(0.105595 -0.00781032 0)
(0.103774 -0.00694129 0)
(0.102787 -0.00570199 0)
(0.102677 -0.0041914 0)
(0.103024 -0.002808 0)
(0.103525 -0.00172966 0)
(0.103913 -0.00104202 0)
(0.104223 -0.000625468 0)
(0.104377 -0.000420073 0)
(0.104512 -0.000311832 0)
(0.104547 -0.000269119 0)
(0.104627 -0.000250653 0)
(0.104629 -0.000242634 0)
(0.104703 -0.000254785 0)
(0.1047 -0.000254028 0)
(0.104781 -0.000296319 0)
(0.144633 0.0351024 0)
(0.152207 0.0265927 0)
(0.156683 0.0309604 0)
(0.162679 0.0337672 0)
(0.175725 0.0256198 0)
(0.179442 0.0174873 0)
(0.185326 -0.00250185 0)
(0.186749 -0.0296898 0)
(0.175142 -0.0420216 0)
(0.160368 -0.0461003 0)
(0.148843 -0.0468019 0)
(0.138766 -0.0441088 0)
(0.126587 -0.0446702 0)
(0.118103 -0.0445335 0)
(0.114134 -0.0392856 0)
(0.109157 -0.0339635 0)
(0.105302 -0.0297122 0)
(0.106002 -0.0238663 0)
(0.107662 -0.0185831 0)
(0.105822 -0.0169134 0)
(0.101978 -0.0171692 0)
(0.100194 -0.0159284 0)
(0.101726 -0.0125983 0)
(0.104933 -0.00869307 0)
(0.107541 -0.00577439 0)
(0.108441 -0.00417398 0)
(0.107841 -0.00349081 0)
(0.106629 -0.00306192 0)
(0.105472 -0.0026275 0)
(0.104727 -0.00209676 0)
(0.104342 -0.00160379 0)
(0.104244 -0.00116803 0)
(0.10424 -0.000855758 0)
(0.104333 -0.000625311 0)
(0.104397 -0.000482578 0)
(0.104507 -0.000390156 0)
(0.104554 -0.000335002 0)
(0.104646 -0.000316666 0)
(0.104666 -0.000300561 0)
(0.104745 -0.000332474 0)
(0.145769 0.0301265 0)
(0.151044 0.0220013 0)
(0.152248 0.0236956 0)
(0.161386 0.0228532 0)
(0.169711 0.0182113 0)
(0.174871 0.0111561 0)
(0.1813 -0.00566296 0)
(0.177331 -0.0237053 0)
(0.16875 -0.0341901 0)
(0.158602 -0.0402447 0)
(0.1453 -0.0441972 0)
(0.138642 -0.0432414 0)
(0.135307 -0.0405167 0)
(0.126682 -0.0396168 0)
(0.119086 -0.0361885 0)
(0.114745 -0.0310352 0)
(0.109694 -0.0290307 0)
(0.10642 -0.0271651 0)
(0.10753 -0.0214303 0)
(0.1087 -0.0149147 0)
(0.105573 -0.01225 0)
(0.0998681 -0.0130463 0)
(0.0955959 -0.0140292 0)
(0.0946947 -0.0131426 0)
(0.0966604 -0.0105887 0)
(0.0998973 -0.00740213 0)
(0.102846 -0.00463313 0)
(0.104779 -0.00265955 0)
(0.10563 -0.00151726 0)
(0.10577 -0.000892523 0)
(0.105549 -0.000609031 0)
(0.105282 -0.000460922 0)
(0.105037 -0.000403515 0)
(0.104892 -0.000358646 0)
(0.10478 -0.000339644 0)
(0.104745 -0.000322078 0)
(0.104703 -0.000311368 0)
(0.104719 -0.000316461 0)
(0.104705 -0.000312614 0)
(0.104741 -0.000351265 0)
(0.145063 0.0262515 0)
(0.148732 0.0208478 0)
(0.150528 0.0203976 0)
(0.157073 0.0192334 0)
(0.16254 0.0151159 0)
(0.168936 0.00736378 0)
(0.172101 -0.00482969 0)
(0.168255 -0.0190193 0)
(0.162899 -0.027693 0)
(0.15706 -0.0290663 0)
(0.14695 -0.031765 0)
(0.136467 -0.036721 0)
(0.130919 -0.0366335 0)
(0.124825 -0.0330885 0)
(0.117327 -0.0300395 0)
(0.114565 -0.0261021 0)
(0.113983 -0.0224815 0)
(0.109793 -0.0211168 0)
(0.104437 -0.0192519 0)
(0.102669 -0.0148216 0)
(0.104204 -0.0101741 0)
(0.105967 -0.00777734 0)
(0.10573 -0.00775668 0)
(0.10355 -0.0085977 0)
(0.101021 -0.00897437 0)
(0.0995166 -0.00827034 0)
(0.0993531 -0.00672484 0)
(0.10009 -0.00485373 0)
(0.101132 -0.00324031 0)
(0.10213 -0.00204719 0)
(0.102916 -0.00131683 0)
(0.103493 -0.000876939 0)
(0.103882 -0.000651245 0)
(0.104159 -0.000510851 0)
(0.104335 -0.000437288 0)
(0.104472 -0.000385548 0)
(0.104549 -0.000354345 0)
(0.104622 -0.000345796 0)
(0.104651 -0.000335145 0)
(0.104697 -0.000368654 0)
(0.143677 0.021656 0)
(0.1461 0.01775 0)
(0.149194 0.0160715 0)
(0.153162 0.0141915 0)
(0.157731 0.0101735 0)
(0.163163 0.00418108 0)
(0.165679 -0.00414177 0)
(0.163196 -0.01547 0)
(0.155889 -0.0249417 0)
(0.150074 -0.027848 0)
(0.147421 -0.0286663 0)
(0.140501 -0.0314065 0)
(0.131172 -0.0321923 0)
(0.126138 -0.0295698 0)
(0.122512 -0.0284187 0)
(0.11787 -0.0288315 0)
(0.115101 -0.0262629 0)
(0.113887 -0.0208353 0)
(0.111494 -0.0165369 0)
(0.10848 -0.0150685 0)
(0.107255 -0.015176 0)
(0.108733 -0.014819 0)
(0.111887 -0.0131518 0)
(0.11467 -0.0107076 0)
(0.115563 -0.00850731 0)
(0.114336 -0.00676572 0)
(0.111942 -0.00532861 0)
(0.1095 -0.00403455 0)
(0.107624 -0.00296164 0)
(0.106404 -0.00209153 0)
(0.105685 -0.0014891 0)
(0.105281 -0.00105869 0)
(0.105053 -0.000793503 0)
(0.104918 -0.000607154 0)
(0.104833 -0.000498578 0)
(0.104778 -0.0004238 0)
(0.10474 -0.000379655 0)
(0.104718 -0.000362821 0)
(0.104703 -0.000348378 0)
(0.104699 -0.000377851 0)
(0.141467 0.0194026 0)
(0.14463 0.0160687 0)
(0.14701 0.01403 0)
(0.150218 0.0124778 0)
(0.154664 0.00802252 0)
(0.156981 0.00152263 0)
(0.158499 -0.00486024 0)
(0.159154 -0.0109762 0)
(0.154197 -0.0177145 0)
(0.146635 -0.0235781 0)
(0.142705 -0.0252183 0)
(0.139424 -0.0246449 0)
(0.132609 -0.0262356 0)
(0.126613 -0.0273291 0)
(0.12423 -0.0244036 0)
(0.120884 -0.0206624 0)
(0.114993 -0.0193661 0)
(0.110949 -0.0183408 0)
(0.111012 -0.0152215 0)
(0.112429 -0.0114329 0)
(0.111271 -0.00979249 0)
(0.10684 -0.0104548 0)
(0.101841 -0.0112601 0)
(0.0987626 -0.0104551 0)
(0.0979369 -0.00815987 0)
(0.0985495 -0.0054127 0)
(0.0997354 -0.00323464 0)
(0.100933 -0.00184975 0)
(0.10195 -0.00114955 0)
(0.102736 -0.000795757 0)
(0.103335 -0.000649988 0)
(0.10376 -0.000552201 0)
(0.104073 -0.000503668 0)
(0.10428 -0.000447987 0)
(0.104433 -0.000413849 0)
(0.104524 -0.000379576 0)
(0.104595 -0.00035688 0)
(0.104626 -0.000350902 0)
(0.104654 -0.000341893 0)
(0.104657 -0.000374001 0)
(0.140136 0.0157324 0)
(0.142931 0.013422 0)
(0.145058 0.0114148 0)
(0.14807 0.00867914 0)
(0.151305 0.00574018 0)
(0.153574 0.00151197 0)
(0.153895 -0.00539812 0)
(0.152373 -0.0115344 0)
(0.150957 -0.0149738 0)
(0.147417 -0.0187201 0)
(0.140688 -0.0229328 0)
(0.136078 -0.0239277 0)
(0.134002 -0.0226991 0)
(0.129309 -0.0231232 0)
(0.123053 -0.0237473 0)
(0.119893 -0.0214624 0)
(0.118992 -0.0182766 0)
(0.116735 -0.017312 0)
(0.113185 -0.0173783 0)
(0.111125 -0.015478 0)
(0.111476 -0.0116748 0)
(0.112621 -0.00846756 0)
(0.112662 -0.00744167 0)
(0.111117 -0.00782307 0)
(0.108993 -0.00817879 0)
(0.107242 -0.00773936 0)
(0.106178 -0.00667093 0)
(0.105628 -0.00528923 0)
(0.105391 -0.00398101 0)
(0.10526 -0.00286386 0)
(0.105187 -0.00204297 0)
(0.105097 -0.00143936 0)
(0.105031 -0.00104393 0)
(0.104941 -0.000765589 0)
(0.104886 -0.000593593 0)
(0.104809 -0.000477199 0)
(0.104775 -0.000406564 0)
(0.104716 -0.000372702 0)
(0.104703 -0.000349355 0)
(0.104658 -0.000370495 0)
(0.138925 0.0137514 0)
(0.141237 0.0117441 0)
(0.143549 0.00963401 0)
(0.145765 0.00754144 0)
(0.147954 0.00410677 0)
(0.150075 -0.000155499 0)
(0.150752 -0.00384642 0)
(0.149332 -0.00863026 0)
(0.146822 -0.0139149 0)
(0.14427 -0.01616 0)
(0.140972 -0.0171407 0)
(0.136263 -0.0199134 0)
(0.131934 -0.0214288 0)
(0.128883 -0.0195645 0)
(0.125505 -0.0179022 0)
(0.121652 -0.0182722 0)
(0.118982 -0.0177377 0)
(0.117441 -0.0145932 0)
(0.115414 -0.011132 0)
(0.11262 -0.00977847 0)
(0.110277 -0.0102903 0)
(0.109073 -0.0108032 0)
(0.108637 -0.0101269 0)
(0.108185 -0.00820554 0)
(0.107398 -0.0058979 0)
(0.106414 -0.00390878 0)
(0.105546 -0.00255582 0)
(0.104911 -0.0017055 0)
(0.10457 -0.00123413 0)
(0.104414 -0.000931008 0)
(0.104416 -0.00075794 0)
(0.104446 -0.000618856 0)
(0.10453 -0.000533031 0)
(0.104569 -0.000453804 0)
(0.104636 -0.000404514 0)
(0.104641 -0.000363312 0)
(0.104679 -0.000336538 0)
(0.104652 -0.000328486 0)
(0.104669 -0.000318318 0)
(0.104624 -0.000347178 0)
(0.137673 0.0113046 0)
(0.139895 0.00960969 0)
(0.141826 0.00775677 0)
(0.143854 0.00552521 0)
(0.145882 0.00290631 0)
(0.146877 -0.000376204 0)
(0.147157 -0.00452022 0)
(0.146923 -0.00811838 0)
(0.144899 -0.0109461 0)
(0.14173 -0.014244 0)
(0.139187 -0.0166615 0)
(0.136384 -0.0169697 0)
(0.132231 -0.0172652 0)
(0.12842 -0.0183423 0)
(0.126064 -0.0180914 0)
(0.123601 -0.0160711 0)
(0.120077 -0.0144155 0)
(0.11688 -0.0140458 0)
(0.115347 -0.0136642 0)
(0.115003 -0.0120141 0)
(0.114492 -0.00953596 0)
(0.113006 -0.00748243 0)
(0.110842 -0.00656891 0)
(0.108762 -0.00637474 0)
(0.107305 -0.00623912 0)
(0.106457 -0.00576384 0)
(0.106049 -0.00501898 0)
(0.105817 -0.00411035 0)
(0.105685 -0.0032405 0)
(0.105535 -0.00244968 0)
(0.105425 -0.00182848 0)
(0.105274 -0.00133449 0)
(0.105176 -0.000986971 0)
(0.105038 -0.000728241 0)
(0.104969 -0.000558765 0)
(0.104853 -0.000442203 0)
(0.104814 -0.000368448 0)
(0.104718 -0.000333145 0)
(0.104704 -0.000308336 0)
(0.10462 -0.000326785 0)
(0.136694 0.00954117 0)
(0.13861 0.00807469 0)
(0.140401 0.00635556 0)
(0.142062 0.00441603 0)
(0.143562 0.00195973 0)
(0.1447 -0.000896729 0)
(0.144882 -0.00378853 0)
(0.144022 -0.00691718 0)
(0.142785 -0.00989021 0)
(0.140859 -0.0118668 0)
(0.137812 -0.0134176 0)
(0.134828 -0.0149931 0)
(0.13245 -0.0155734 0)
(0.129534 -0.0150131 0)
(0.125966 -0.0145305 0)
(0.123079 -0.0143131 0)
(0.121305 -0.0134045 0)
(0.119684 -0.0115801 0)
(0.117417 -0.00979483 0)
(0.114829 -0.00878678 0)
(0.112778 -0.00837048 0)
(0.111563 -0.00793046 0)
(0.110859 -0.00714467 0)
(0.110121 -0.00597223 0)
(0.109188 -0.00467958 0)
(0.108137 -0.00347371 0)
(0.107196 -0.00253392 0)
(0.106405 -0.0018288 0)
(0.105856 -0.0013573 0)
(0.105447 -0.0010106 0)
(0.105221 -0.000785618 0)
(0.105037 -0.000610656 0)
(0.104967 -0.000497953 0)
(0.104867 -0.000406581 0)
(0.104851 -0.000348606 0)
(0.10477 -0.000306453 0)
(0.104769 -0.000278048 0)
(0.104684 -0.000271188 0)
(0.104687 -0.000260724 0)
(0.104595 -0.000287745 0)
(0.135734 0.00776865 0)
(0.137492 0.00647079 0)
(0.139081 0.00496651 0)
(0.140547 0.00322273 0)
(0.141831 0.00117808 0)
(0.142573 -0.00119593 0)
(0.142723 -0.00378455 0)
(0.142292 -0.00625191 0)
(0.140987 -0.00848188 0)
(0.13911 -0.0105221 0)
(0.137141 -0.0120029 0)
(0.134721 -0.0127943 0)
(0.131771 -0.0133302 0)
(0.12909 -0.0136067 0)
(0.126903 -0.0132252 0)
(0.12454 -0.0123133 0)
(0.121799 -0.0114118 0)
(0.119298 -0.0106875 0)
(0.117518 -0.0098948 0)
(0.11623 -0.00875911 0)
(0.114967 -0.00741715 0)
(0.113462 -0.0061783 0)
(0.111818 -0.00532889 0)
(0.110229 -0.00477332 0)
(0.108939 -0.00433528 0)
(0.107948 -0.00384544 0)
(0.10726 -0.0033194 0)
(0.106722 -0.00274708 0)
(0.106344 -0.00221516 0)
(0.105996 -0.00171699 0)
(0.105757 -0.00131289 0)
(0.1055 -0.000975791 0)
(0.105346 -0.000728776 0)
(0.105148 -0.000539509 0)
(0.105055 -0.000411092 0)
(0.104899 -0.000324861 0)
(0.104851 -0.000267953 0)
(0.10472 -0.000246227 0)
(0.104704 -0.000227568 0)
(0.104586 -0.000249567 0)
(0.134913 0.00628435 0)
(0.136508 0.00515527 0)
(0.137942 0.00383937 0)
(0.139204 0.00233137 0)
(0.140281 0.000563486 0)
(0.140962 -0.00141441 0)
(0.14104 -0.00346803 0)
(0.140561 -0.00553873 0)
(0.139618 -0.00744353 0)
(0.138117 -0.00898047 0)
(0.136111 -0.0102113 0)
(0.133989 -0.0111226 0)
(0.131865 -0.0115067 0)
(0.129488 -0.0114133 0)
(0.126935 -0.0111313 0)
(0.124597 -0.0106891 0)
(0.122583 -0.0099112 0)
(0.120684 -0.00880287 0)
(0.118745 -0.00766196 0)
(0.11677 -0.00673109 0)
(0.11494 -0.00604404 0)
(0.113369 -0.00542701 0)
(0.112086 -0.00478752 0)
(0.110937 -0.00404247 0)
(0.109879 -0.00327803 0)
(0.108856 -0.00254376 0)
(0.107977 -0.00193218 0)
(0.107196 -0.00143035 0)
(0.106607 -0.00106646 0)
(0.1061 -0.000783486 0)
(0.105768 -0.000591104 0)
(0.10546 -0.000443125 0)
(0.105293 -0.000346029 0)
(0.105094 -0.000272967 0)
(0.105017 -0.000225594 0)
(0.104868 -0.000196886 0)
(0.104836 -0.000175288 0)
(0.104704 -0.000176924 0)
(0.104696 -0.000169625 0)
(0.104567 -0.000198654 0)
(0.13417 0.00488421 0)
(0.135647 0.00390347 0)
(0.136955 0.00277064 0)
(0.138082 0.00148736 0)
(0.139004 2.40013e-05 0)
(0.139548 -0.00162345 0)
(0.139627 -0.0033395 0)
(0.139262 -0.00500314 0)
(0.138391 -0.00655303 0)
(0.137079 -0.00790328 0)
(0.135504 -0.00890449 0)
(0.133665 -0.00953626 0)
(0.131559 -0.0099024 0)
(0.129404 -0.00997046 0)
(0.127354 -0.00964602 0)
(0.125297 -0.00901426 0)
(0.12314 -0.00828353 0)
(0.121004 -0.00753193 0)
(0.119071 -0.00676038 0)
(0.117345 -0.00591885 0)
(0.115759 -0.00504507 0)
(0.11421 -0.00420551 0)
(0.112723 -0.00351274 0)
(0.111292 -0.00296942 0)
(0.110037 -0.00255074 0)
(0.108946 -0.00216771 0)
(0.108093 -0.00182152 0)
(0.107368 -0.00148085 0)
(0.106833 -0.00118219 0)
(0.106348 -0.000906264 0)
(0.106015 -0.000684513 0)
(0.105678 -0.000498867 0)
(0.105476 -0.000361805 0)
(0.10523 -0.000259678 0)
(0.105116 -0.000189498 0)
(0.104927 -0.000150013 0)
(0.104872 -0.00012181 0)
(0.104714 -0.000123661 0)
(0.104696 -0.000116243 0)
(0.104552 -0.000146113 0)
(0.13352 0.00363424 0)
(0.134904 0.00280103 0)
(0.136111 0.00184841 0)
(0.137124 0.000774914 0)
(0.137934 -0.000436572 0)
(0.138414 -0.00177521 0)
(0.138468 -0.00315576 0)
(0.138127 -0.00451764 0)
(0.13741 -0.00577571 0)
(0.136296 -0.00682941 0)
(0.134841 -0.00765282 0)
(0.133185 -0.00821613 0)
(0.131413 -0.00844408 0)
(0.129507 -0.00833969 0)
(0.127487 -0.00801343 0)
(0.125443 -0.00752624 0)
(0.123449 -0.00686064 0)
(0.121511 -0.00601946 0)
(0.119628 -0.00512491 0)
(0.117777 -0.00429116 0)
(0.115996 -0.00360156 0)
(0.114314 -0.00302355 0)
(0.112817 -0.0025397 0)
(0.111464 -0.00208411 0)
(0.1103 -0.00165641 0)
(0.109242 -0.00125867 0)
(0.10836 -0.000930807 0)
(0.107564 -0.000657578 0)
(0.106953 -0.000457267 0)
(0.106399 -0.000301361 0)
(0.10602 -0.000197851 0)
(0.105651 -0.000124047 0)
(0.105438 -7.87354e-05 0)
(0.105185 -5.27707e-05 0)
(0.105077 -3.64663e-05 0)
(0.104888 -3.78458e-05 0)
(0.10484 -3.39494e-05 0)
(0.104682 -5.27048e-05 0)
(0.104668 -5.33365e-05 0)
(0.104519 -8.83293e-05 0)
(0.132867 0.00245808 0)
(0.134185 0.00176894 0)
(0.135314 0.000991777 0)
(0.136241 0.000133289 0)
(0.13695 -0.000831762 0)
(0.137349 -0.00190941 0)
(0.137384 -0.0030196 0)
(0.137071 -0.00409237 0)
(0.136388 -0.00509455 0)
(0.135345 -0.00596207 0)
(0.134042 -0.00660257 0)
(0.132532 -0.00697357 0)
(0.130806 -0.00710292 0)
(0.128926 -0.00699292 0)
(0.127002 -0.00663069 0)
(0.125059 -0.00605164 0)
(0.123071 -0.00534261 0)
(0.121055 -0.00458167 0)
(0.119091 -0.00383864 0)
(0.117219 -0.0031403 0)
(0.115483 -0.00250941 0)
(0.113857 -0.00194073 0)
(0.112384 -0.00147311 0)
(0.111026 -0.00109408 0)
(0.109844 -0.00081625 0)
(0.108782 -0.00060149 0)
(0.107932 -0.00044057 0)
(0.107191 -0.000304587 0)
(0.106642 -0.000202476 0)
(0.10614 -0.000116368 0)
(0.105801 -5.36292e-05 0)
(0.105454 -6.84341e-06 0)
(0.105256 2.53071e-05 0)
(0.105008 4.00659e-05 0)
(0.104902 5.09829e-05 0)
(0.104713 4.18063e-05 0)
(0.104666 4.10806e-05 0)
(0.104508 1.50313e-05 0)
(0.104494 1.09439e-05 0)
(0.10435 -2.78422e-05 0)
(0.131602 0.00134231 0)
(0.132866 0.000784859 0)
(0.133915 0.000167681 0)
(0.134727 -0.000488154 0)
(0.135284 -0.0012137 0)
(0.135532 -0.00202749 0)
(0.13542 -0.00286337 0)
(0.134944 -0.00367854 0)
(0.134109 -0.00444633 0)
(0.132925 -0.00508403 0)
(0.131436 -0.00553318 0)
(0.129699 -0.00579491 0)
(0.127771 -0.00582804 0)
(0.125713 -0.00558676 0)
(0.123574 -0.00511313 0)
(0.121403 -0.00449834 0)
(0.119256 -0.00380033 0)
(0.117182 -0.0030472 0)
(0.115236 -0.00230088 0)
(0.113438 -0.00162537 0)
(0.111808 -0.0010762 0)
(0.110334 -0.000655406 0)
(0.109057 -0.000357439 0)
(0.107935 -0.000144572 0)
(0.107006 7.36589e-07 0)
(0.106198 0.0001177 0)
(0.105563 0.000200321 0)
(0.104997 0.000257658 0)
(0.104588 0.0002829 0)
(0.104207 0.000288745 0)
(0.103974 0.000277833 0)
(0.103723 0.000255381 0)
(0.103607 0.000230862 0)
(0.103435 0.000196749 0)
(0.103389 0.0001715 0)
(0.103257 0.00013341 0)
(0.103247 0.000113595 0)
(0.103133 7.40494e-05 0)
(0.103138 6.26913e-05 0)
(0.103031 2.1681e-05 0)
(0.125497 0.000358527 0)
(0.126513 -1.29187e-05 0)
(0.127243 -0.000422947 0)
(0.127661 -0.000859655 0)
(0.127723 -0.00133744 0)
(0.127381 -0.00187412 0)
(0.126609 -0.00242431 0)
(0.125392 -0.00295295 0)
(0.123732 -0.00344739 0)
(0.121658 -0.00386127 0)
(0.11924 -0.0041375 0)
(0.116568 -0.00424991 0)
(0.11374 -0.00418448 0)
(0.110867 -0.00393933 0)
(0.108066 -0.0035284 0)
(0.105428 -0.00298706 0)
(0.103012 -0.00236896 0)
(0.100878 -0.00173161 0)
(0.0990725 -0.00113509 0)
(0.0976134 -0.00062669 0)
(0.0964806 -0.000226475 0)
(0.0956258 7.66273e-05 0)
(0.0950059 0.000286755 0)
(0.094556 0.000420209 0)
(0.0942617 0.000488077 0)
(0.094051 0.0005091 0)
(0.0939478 0.000494468 0)
(0.0938741 0.000463549 0)
(0.093888 0.000425081 0)
(0.0938847 0.000385537 0)
(0.0939568 0.00034699 0)
(0.093975 0.000307097 0)
(0.0940667 0.000272987 0)
(0.0940815 0.00023347 0)
(0.0941714 0.000205104 0)
(0.0941736 0.000165937 0)
(0.0942471 0.000144851 0)
(0.0942378 0.000105971 0)
(0.0942822 9.40578e-05 0)
(0.094271 5.63186e-05 0)
(0.0893905 -0.00049999 0)
(0.0891848 -0.000613029 0)
(0.0886141 -0.000733634 0)
(0.0876807 -0.000872946 0)
(0.08634 -0.0010437 0)
(0.0845377 -0.00122625 0)
(0.0822609 -0.001395 0)
(0.0795076 -0.00155605 0)
(0.0762867 -0.00169188 0)
(0.0726625 -0.00175982 0)
(0.0687634 -0.00174416 0)
(0.0647534 -0.00164347 0)
(0.0608207 -0.00145123 0)
(0.0571594 -0.00117448 0)
(0.0539322 -0.000852221 0)
(0.0512528 -0.000526007 0)
(0.0491841 -0.000223262 0)
(0.0477371 3.47587e-05 0)
(0.0468649 0.000230721 0)
(0.0464796 0.000359626 0)
(0.0464651 0.000430615 0)
(0.0467171 0.000455602 0)
(0.0471418 0.000446818 0)
(0.0476698 0.000418569 0)
(0.0482422 0.000380097 0)
(0.0488193 0.000339481 0)
(0.0493776 0.000302342 0)
(0.0498947 0.000268703 0)
(0.0503749 0.000236809 0)
(0.0507963 0.000205963 0)
(0.0511859 0.000176784 0)
(0.0515096 0.000149407 0)
(0.051814 0.000125649 0)
(0.0520496 0.000103684 0)
(0.0522785 8.655e-05 0)
(0.0524414 6.91148e-05 0)
(0.052602 5.8131e-05 0)
(0.0527138 4.30791e-05 0)
(0.0528048 3.79072e-05 0)
(0.0528978 2.3517e-05 0)
)
;

boundaryField
{
    inlet
    {
        type            fixedValue;
        value           uniform (0.1 0 0);
    }
    outlet
    {
        type            zeroGradient;
    }
    lowerWall
    {
        type            noSlip;
    }
    upperWall
    {
        type            noSlip;
    }
    defaultFaces
    {
        type            empty;
    }
}


// ************************************************************************* //
