/*--------------------------------*- C++ -*----------------------------------*\
| =========                 |                                                 |
| \\      /  F ield         | OpenFOAM: The Open Source CFD Toolbox           |
|  \\    /   O peration     | Version:  2112                                  |
|   \\  /    A nd           | Website:  www.openfoam.com                      |
|    \\/     M anipulation  |                                                 |
\*---------------------------------------------------------------------------*/
FoamFile
{
    version     2.0;
    format      ascii;
    arch        "LSB;label=32;scalar=64";
    class       volVectorField;
    location    "0.17";
    object      U;
}
// * * * * * * * * * * * * * * * * * * * * * * * * * * * * * * * * * * * * * //

dimensions      [0 1 -1 0 0 0 0];

internalField   nonuniform List<vector> 
1880
(
(0.0990412 0.000613364 0)
(0.0983944 0.00115664 0)
(0.0974197 0.0012916 0)
(0.0958753 0.00130397 0)
(0.0941482 0.00132975 0)
(0.0925321 0.00141859 0)
(0.0906632 0.00147124 0)
(0.0887417 0.00137623 0)
(0.0871634 0.00128117 0)
(0.0856394 0.00133369 0)
(0.0837279 0.00147771 0)
(0.0817687 0.00147314 0)
(0.0798189 0.00138065 0)
(0.0781799 0.00111769 0)
(0.076414 0.000946455 0)
(0.0752935 0.000605305 0)
(0.0739613 0.000577652 0)
(0.073424 0.0003095 0)
(0.0722689 0.00050262 0)
(0.0718637 0.000286421 0)
(0.0705799 0.000611914 0)
(0.0700227 0.000460307 0)
(0.0683024 0.00077739 0)
(0.0674142 0.000980506 0)
(0.0648076 0.000719634 0)
(0.0635745 0.00251287 0)
(0.0585568 -0.000112942 0)
(0.058358 0.00626233 0)
(0.0456031 -0.00126157 0)
(0.05019 0.0123481 0)
(0.100005 0.000711867 0)
(0.100279 0.00140779 0)
(0.10074 0.00164034 0)
(0.100956 0.0017212 0)
(0.101077 0.00178616 0)
(0.101336 0.00193368 0)
(0.101312 0.00209603 0)
(0.101116 0.00208715 0)
(0.101066 0.00200404 0)
(0.101159 0.00201059 0)
(0.100829 0.00221842 0)
(0.100768 0.0022746 0)
(0.100308 0.00240936 0)
(0.100609 0.00207839 0)
(0.099526 0.0021573 0)
(0.100038 0.00141192 0)
(0.0982323 0.00173649 0)
(0.0992881 0.00084502 0)
(0.096836 0.00160075 0)
(0.0981821 0.000822786 0)
(0.0952576 0.00177267 0)
(0.0965601 0.00124842 0)
(0.093219 0.00241026 0)
(0.0940883 0.0018624 0)
(0.0907406 0.00385494 0)
(0.0894727 0.00284773 0)
(0.0883741 0.00638212 0)
(0.0810711 0.0051043 0)
(0.0849303 0.0113814 0)
(0.0694233 0.00964585 0)
(0.100004 0.000254545 0)
(0.100176 0.000665565 0)
(0.100599 0.000953308 0)
(0.10083 0.00113728 0)
(0.101038 0.00123977 0)
(0.101454 0.00136361 0)
(0.101615 0.00152057 0)
(0.101601 0.00159999 0)
(0.101791 0.00161517 0)
(0.102108 0.00165958 0)
(0.102079 0.00180162 0)
(0.102207 0.00187838 0)
(0.1022 0.0019712 0)
(0.102642 0.0018181 0)
(0.102148 0.00191959 0)
(0.102464 0.00149661 0)
(0.101329 0.00189663 0)
(0.101773 0.00122737 0)
(0.100264 0.00214577 0)
(0.10046 0.00142643 0)
(0.099278 0.00248842 0)
(0.0983867 0.00241181 0)
(0.098391 0.00290647 0)
(0.0956611 0.00403001 0)
(0.0969025 0.00438711 0)
(0.0926832 0.00556802 0)
(0.0940185 0.00822863 0)
(0.0896016 0.00799561 0)
(0.0896853 0.0138727 0)
(0.0865898 0.0154074 0)
(0.100007 0.000231122 0)
(0.100067 0.000628901 0)
(0.100373 0.00094669 0)
(0.100493 0.00116363 0)
(0.100631 0.00128462 0)
(0.101053 0.00139577 0)
(0.101218 0.00154899 0)
(0.101186 0.00166175 0)
(0.101369 0.00171906 0)
(0.101737 0.00173548 0)
(0.101724 0.00184713 0)
(0.101869 0.00190408 0)
(0.101846 0.00209483 0)
(0.102333 0.00202229 0)
(0.101888 0.00228743 0)
(0.102288 0.00194449 0)
(0.101248 0.00246495 0)
(0.101913 0.00178059 0)
(0.100305 0.00286855 0)
(0.101187 0.00186071 0)
(0.0991792 0.00362058 0)
(0.0999651 0.00247135 0)
(0.098132 0.00477033 0)
(0.0980063 0.00381637 0)
(0.0971653 0.00654427 0)
(0.0953769 0.00623197 0)
(0.0957901 0.00933606 0)
(0.093092 0.0102696 0)
(0.0931117 0.014142 0)
(0.092225 0.016615 0)
(0.100007 0.000144016 0)
(0.100021 0.000408816 0)
(0.100276 0.00064876 0)
(0.100341 0.000838726 0)
(0.100436 0.000965291 0)
(0.100848 0.00107399 0)
(0.101008 0.00120896 0)
(0.100961 0.00133197 0)
(0.101139 0.00141892 0)
(0.101524 0.00146565 0)
(0.101504 0.00155614 0)
(0.10162 0.00163335 0)
(0.101568 0.00180736 0)
(0.102049 0.00185102 0)
(0.101689 0.00211212 0)
(0.102073 0.00201231 0)
(0.101328 0.0024492 0)
(0.10176 0.00218248 0)
(0.100849 0.00289396 0)
(0.101008 0.00270667 0)
(0.100249 0.00345365 0)
(0.0998829 0.00392259 0)
(0.0994949 0.00432862 0)
(0.0986185 0.0056495 0)
(0.098356 0.00648785 0)
(0.0974402 0.00731073 0)
(0.0969264 0.0107585 0)
(0.0963579 0.00994002 0)
(0.0958619 0.0158346 0)
(0.0956388 0.0161643 0)
(0.100009 0.000119448 0)
(0.100004 0.00034806 0)
(0.100234 0.000565818 0)
(0.100265 0.000751868 0)
(0.100321 0.000889053 0)
(0.100712 0.00100422 0)
(0.100864 0.00113416 0)
(0.100812 0.00126307 0)
(0.100981 0.00136763 0)
(0.101373 0.00143239 0)
(0.101349 0.00151937 0)
(0.101469 0.00161221 0)
(0.101396 0.00179227 0)
(0.101896 0.00190421 0)
(0.10155 0.002178 0)
(0.102004 0.00219146 0)
(0.101309 0.00262485 0)
(0.101881 0.00246458 0)
(0.101003 0.00322362 0)
(0.101416 0.00295617 0)
(0.100611 0.00407926 0)
(0.100586 0.00397462 0)
(0.100273 0.00527013 0)
(0.0994559 0.0057462 0)
(0.0999506 0.00706178 0)
(0.0984358 0.00834063 0)
(0.0992774 0.0100183 0)
(0.0983798 0.0117181 0)
(0.0983142 0.0146919 0)
(0.0991042 0.0163681 0)
(0.100009 9.14898e-05 0)
(0.0999911 0.000266789 0)
(0.100203 0.000439235 0)
(0.10021 0.000591773 0)
(0.100242 0.000710109 0)
(0.10062 0.000814728 0)
(0.100768 0.00093222 0)
(0.100715 0.00105811 0)
(0.100883 0.00116601 0)
(0.10128 0.00124799 0)
(0.101265 0.0013312 0)
(0.101389 0.00144525 0)
(0.101331 0.00161144 0)
(0.101833 0.00179214 0)
(0.101556 0.00204241 0)
(0.101996 0.00221335 0)
(0.101483 0.00254688 0)
(0.101959 0.00269727 0)
(0.101438 0.00313942 0)
(0.101634 0.00344904 0)
(0.1013 0.00391497 0)
(0.101134 0.00466687 0)
(0.101058 0.00514129 0)
(0.100683 0.00626508 0)
(0.10073 0.00738394 0)
(0.100434 0.00810126 0)
(0.100561 0.0108681 0)
(0.100541 0.0109165 0)
(0.100914 0.0147359 0)
(0.101367 0.015801 0)
(0.100009 7.1377e-05 0)
(0.0999855 0.000208841 0)
(0.100188 0.000349715 0)
(0.100184 0.000480604 0)
(0.100205 0.000587243 0)
(0.100574 0.000685478 0)
(0.100719 0.000796201 0)
(0.100668 0.000921938 0)
(0.100841 0.00103378 0)
(0.101243 0.00113021 0)
(0.10124 0.0012138 0)
(0.10137 0.00134261 0)
(0.101334 0.00149848 0)
(0.101843 0.00171832 0)
(0.10162 0.00195753 0)
(0.102078 0.00220726 0)
(0.101663 0.00251888 0)
(0.102168 0.00277129 0)
(0.10179 0.00318585 0)
(0.102014 0.00355466 0)
(0.101897 0.00405188 0)
(0.101695 0.00474833 0)
(0.102019 0.00527922 0)
(0.101452 0.00644811 0)
(0.102109 0.00713131 0)
(0.101618 0.00865038 0)
(0.102211 0.00992132 0)
(0.102435 0.0113642 0)
(0.102807 0.0136684 0)
(0.103703 0.0150335 0)
(0.100009 5.35769e-05 0)
(0.0999831 0.000155663 0)
(0.100181 0.000264685 0)
(0.100172 0.000370809 0)
(0.100188 0.000458401 0)
(0.100553 0.000541325 0)
(0.1007 0.000638803 0)
(0.100652 0.000758441 0)
(0.100834 0.000867485 0)
(0.101241 0.000971099 0)
(0.101258 0.00105218 0)
(0.101391 0.00119116 0)
(0.101394 0.00133382 0)
(0.101899 0.00158424 0)
(0.101752 0.00180287 0)
(0.102198 0.00213067 0)
(0.101913 0.0023852 0)
(0.102395 0.00278756 0)
(0.102193 0.00305988 0)
(0.102418 0.00365203 0)
(0.102456 0.00393724 0)
(0.102387 0.00481253 0)
(0.102704 0.00525278 0)
(0.102559 0.00626574 0)
(0.102965 0.00723545 0)
(0.103078 0.00810284 0)
(0.103538 0.00986653 0)
(0.103982 0.0106561 0)
(0.104748 0.0128281 0)
(0.10555 0.0141989 0)
(0.100009 3.65516e-05 0)
(0.0999827 0.000104695 0)
(0.10018 0.000181991 0)
(0.10017 0.000262886 0)
(0.100188 0.000330867 0)
(0.100554 0.000397314 0)
(0.100706 0.000480875 0)
(0.100663 0.000593067 0)
(0.10086 0.000699247 0)
(0.101274 0.000808044 0)
(0.101316 0.000889156 0)
(0.101452 0.00103283 0)
(0.101497 0.00116579 0)
(0.101998 0.00142802 0)
(0.101924 0.00163643 0)
(0.102362 0.00199974 0)
(0.102187 0.00223607 0)
(0.102663 0.00269808 0)
(0.1026 0.00292951 0)
(0.102833 0.00358313 0)
(0.103034 0.00381037 0)
(0.102986 0.00472025 0)
(0.103494 0.00505566 0)
(0.103396 0.00615847 0)
(0.103979 0.00677369 0)
(0.104221 0.00798837 0)
(0.104773 0.00903099 0)
(0.105435 0.010238 0)
(0.106269 0.011759 0)
(0.107139 0.0130861 0)
(0.100009 1.94739e-05 0)
(0.099984 5.36401e-05 0)
(0.100184 9.86151e-05 0)
(0.100178 0.000152932 0)
(0.100202 0.00019968 0)
(0.100574 0.000247178 0)
(0.100735 0.000314291 0)
(0.100701 0.000415601 0)
(0.100914 0.000515494 0)
(0.101337 0.000624105 0)
(0.101407 0.000702536 0)
(0.101546 0.000844275 0)
(0.101636 0.000966028 0)
(0.102131 0.00122904 0)
(0.102133 0.00142594 0)
(0.102556 0.00181051 0)
(0.102485 0.00202922 0)
(0.102955 0.00253606 0)
(0.103003 0.00272862 0)
(0.103273 0.00342236 0)
(0.103549 0.003614 0)
(0.10363 0.00447946 0)
(0.104136 0.00485158 0)
(0.104272 0.00575319 0)
(0.104807 0.00646987 0)
(0.105283 0.00739069 0)
(0.105885 0.00843622 0)
(0.106624 0.00944639 0)
(0.107605 0.0106762 0)
(0.108558 0.0119315 0)
(0.100009 1.50213e-06 0)
(0.0999868 -1.68091e-08 0)
(0.100192 1.15589e-05 0)
(0.100195 3.91974e-05 0)
(0.100228 6.56141e-05 0)
(0.100611 9.64269e-05 0)
(0.100785 0.000148804 0)
(0.100762 0.000238858 0)
(0.100993 0.000333634 0)
(0.101426 0.000441756 0)
(0.101527 0.000519543 0)
(0.101669 0.000655732 0)
(0.101807 0.000768055 0)
(0.102296 0.00102097 0)
(0.102371 0.0012096 0)
(0.102779 0.00159283 0)
(0.102804 0.00180502 0)
(0.103264 0.00231941 0)
(0.103409 0.00249708 0)
(0.103703 0.00318749 0)
(0.104056 0.00335363 0)
(0.104211 0.00418362 0)
(0.104768 0.00449871 0)
(0.105019 0.00537036 0)
(0.105597 0.00591366 0)
(0.106188 0.00686971 0)
(0.106848 0.00761101 0)
(0.10767 0.00863325 0)
(0.108731 0.00956161 0)
(0.109682 0.01069 0)
(0.100009 -1.90642e-05 0)
(0.0999923 -6.14219e-05 0)
(0.100208 -8.90753e-05 0)
(0.100225 -9.51075e-05 0)
(0.100275 -9.56247e-05 0)
(0.100674 -8.82138e-05 0)
(0.100865 -5.83124e-05 0)
(0.100854 1.16023e-05 0)
(0.101105 9.28187e-05 0)
(0.10155 0.000193944 0)
(0.101682 0.00026754 0)
(0.101827 0.000391752 0)
(0.10201 0.000493408 0)
(0.102492 0.000731531 0)
(0.102634 0.000918054 0)
(0.103025 0.00129545 0)
(0.103129 0.00151544 0)
(0.103581 0.00202485 0)
(0.103799 0.00220957 0)
(0.104124 0.00286876 0)
(0.104515 0.00304382 0)
(0.104762 0.00378795 0)
(0.105321 0.00411201 0)
(0.105698 0.0048516 0)
(0.106287 0.00536333 0)
(0.106969 0.00618095 0)
(0.107686 0.00680619 0)
(0.108556 0.00770652 0)
(0.109639 0.00843612 0)
(0.110677 0.00940141 0)
(0.100009 -4.2113e-05 0)
(0.0999987 -0.000127347 0)
(0.100227 -0.000192741 0)
(0.10026 -0.00022734 0)
(0.100331 -0.000244621 0)
(0.100749 -0.00025003 0)
(0.100959 -0.000234257 0)
(0.100961 -0.000176611 0)
(0.101236 -9.89318e-05 0)
(0.101699 3.37451e-06 0)
(0.101864 7.8321e-05 0)
(0.102019 0.000194059 0)
(0.102251 0.000289682 0)
(0.102735 0.000509335 0)
(0.10294 0.000690711 0)
(0.103317 0.00104592 0)
(0.103487 0.00126653 0)
(0.103925 0.00174477 0)
(0.104195 0.00193053 0)
(0.104538 0.00253388 0)
(0.104954 0.00270551 0)
(0.105264 0.00336588 0)
(0.105829 0.00365823 0)
(0.106288 0.00431118 0)
(0.106899 0.00472897 0)
(0.107632 0.00546692 0)
(0.108397 0.00594359 0)
(0.109293 0.0067418 0)
(0.110405 0.00729831 0)
(0.111458 0.00812907 0)
(0.100009 -7.64656e-05 0)
(0.100015 -0.000226521 0)
(0.100267 -0.000349771 0)
(0.100332 -0.000430897 0)
(0.100437 -0.000476821 0)
(0.100879 -0.000502533 0)
(0.10111 -0.000511059 0)
(0.10113 -0.000477789 0)
(0.101429 -0.000411695 0)
(0.101905 -0.000317811 0)
(0.102101 -0.000252455 0)
(0.102267 -0.000159779 0)
(0.102541 -8.09667e-05 0)
(0.103021 0.000111158 0)
(0.103268 0.000292787 0)
(0.10362 0.000637445 0)
(0.103832 0.000883873 0)
(0.104247 0.00134967 0)
(0.104551 0.001565 0)
(0.104907 0.0021203 0)
(0.105336 0.00230807 0)
(0.105701 0.00288241 0)
(0.106265 0.00315956 0)
(0.106788 0.00371014 0)
(0.107418 0.00406744 0)
(0.108182 0.00469158 0)
(0.108983 0.00506928 0)
(0.109905 0.00573811 0)
(0.111009 0.00617309 0)
(0.112104 0.00683644 0)
(0.100008 -0.000105825 0)
(0.100033 -0.000301237 0)
(0.100314 -0.000458664 0)
(0.100419 -0.000558123 0)
(0.100571 -0.000605649 0)
(0.101044 -0.000637066 0)
(0.101293 -0.000666182 0)
(0.101333 -0.000650732 0)
(0.101659 -0.000588246 0)
(0.10215 -0.000500847 0)
(0.102375 -0.000445945 0)
(0.10256 -0.000370652 0)
(0.102887 -0.000289907 0)
(0.103384 -9.94419e-05 0)
(0.103688 0.000101141 0)
(0.104029 0.000434707 0)
(0.104272 0.00068481 0)
(0.104653 0.00110006 0)
(0.10496 0.00130497 0)
(0.105301 0.00177507 0)
(0.105716 0.00194394 0)
(0.106107 0.00241588 0)
(0.106657 0.00265024 0)
(0.107214 0.00309958 0)
(0.107858 0.00338305 0)
(0.108633 0.00389732 0)
(0.109462 0.00418129 0)
(0.11039 0.00472534 0)
(0.111494 0.00504679 0)
(0.112597 0.00557693 0)
(0.100007 -0.000200435 0)
(0.100081 -0.000541788 0)
(0.100415 -0.000792184 0)
(0.10058 -0.000934676 0)
(0.100783 -0.000988529 0)
(0.101276 -0.00103491 0)
(0.101542 -0.0010976 0)
(0.10161 -0.00109905 0)
(0.101957 -0.00102502 0)
(0.102452 -0.000937013 0)
(0.102711 -0.000903557 0)
(0.102948 -0.000862014 0)
(0.103347 -0.000792851 0)
(0.103857 -0.000611908 0)
(0.104168 -0.000395702 0)
(0.104441 -6.08405e-05 0)
(0.104649 0.000235262 0)
(0.104965 0.000654321 0)
(0.105253 0.000898298 0)
(0.105577 0.00132251 0)
(0.105985 0.00150016 0)
(0.106401 0.00189371 0)
(0.106949 0.00209439 0)
(0.107534 0.00245346 0)
(0.1082 0.00267259 0)
(0.108974 0.00307785 0)
(0.109834 0.00328393 0)
(0.110755 0.00370331 0)
(0.111865 0.00393556 0)
(0.112958 0.00432645 0)
(0.100005 -0.000232082 0)
(0.100193 -0.000601731 0)
(0.100647 -0.000840337 0)
(0.100929 -0.000969766 0)
(0.101207 -0.0010226 0)
(0.101704 -0.00109611 0)
(0.101972 -0.0011841 0)
(0.102073 -0.00117925 0)
(0.102437 -0.00109898 0)
(0.102907 -0.00105748 0)
(0.103158 -0.00108861 0)
(0.103411 -0.00107912 0)
(0.103842 -0.000976093 0)
(0.104348 -0.00074978 0)
(0.104659 -0.000464896 0)
(0.104906 -0.000104884 0)
(0.105102 0.000215774 0)
(0.105356 0.000558486 0)
(0.105583 0.000754855 0)
(0.105858 0.00105538 0)
(0.106217 0.00117253 0)
(0.106627 0.0014448 0)
(0.10715 0.00157523 0)
(0.107742 0.00182308 0)
(0.108423 0.00197003 0)
(0.109183 0.00225704 0)
(0.110083 0.0023889 0)
(0.110979 0.00268567 0)
(0.112119 0.00283571 0)
(0.113177 0.00310304 0)
(0.100006 -0.000696637 0)
(0.100296 -0.00136457 0)
(0.100792 -0.00156384 0)
(0.101063 -0.00160842 0)
(0.101264 -0.00163969 0)
(0.101612 -0.00175246 0)
(0.101717 -0.00186408 0)
(0.101649 -0.00180416 0)
(0.101816 -0.00164889 0)
(0.102069 -0.00161163 0)
(0.102112 -0.00170437 0)
(0.102151 -0.00174864 0)
(0.102332 -0.00165896 0)
(0.102584 -0.00141964 0)
(0.102684 -0.0010627 0)
(0.102828 -0.000621627 0)
(0.102931 -0.000211285 0)
(0.103251 0.000142927 0)
(0.103482 0.000376692 0)
(0.10396 0.000612329 0)
(0.104312 0.000725856 0)
(0.104952 0.000896797 0)
(0.105439 0.000989754 0)
(0.106249 0.00112634 0)
(0.10688 0.00122346 0)
(0.107846 0.00138539 0)
(0.108683 0.00146049 0)
(0.109785 0.00163369 0)
(0.110841 0.00171302 0)
(0.112114 0.00185522 0)
(0.099042 -0.000609392 0)
(0.0984135 -0.00114492 0)
(0.0974768 -0.00126987 0)
(0.0959946 -0.00127184 0)
(0.0943525 -0.00128733 0)
(0.0928408 -0.00136372 0)
(0.0911121 -0.00139916 0)
(0.089356 -0.00129113 0)
(0.0879902 -0.00117144 0)
(0.0867075 -0.00120499 0)
(0.0851313 -0.00130939 0)
(0.0834785 -0.00130172 0)
(0.0820096 -0.00115308 0)
(0.0807512 -0.000917314 0)
(0.0796888 -0.000648417 0)
(0.0789904 -0.000375801 0)
(0.0786243 -0.000152839 0)
(0.0786346 1.64041e-05 0)
(0.078758 0.000123986 0)
(0.0791606 0.000205345 0)
(0.0795228 0.00025282 0)
(0.0801699 0.000305094 0)
(0.0806813 0.000337496 0)
(0.0815222 0.000376706 0)
(0.082147 0.000417275 0)
(0.0831821 0.000453423 0)
(0.0839407 0.000487888 0)
(0.0851484 0.000533635 0)
(0.0860598 0.000552048 0)
(0.0874383 0.000582433 0)
(0.0228415 0.00775635 0)
(0.0639181 0.016795 0)
(0.0569567 0.0239027 0)
(0.0784183 0.0390107 9.36715e-22)
(0.0492573 0.0182011 6.30157e-22)
(0.104036 0.0410445 0)
(0.0794374 0.0399159 4.36839e-22)
(0.10567 0.0456918 -5.36825e-23)
(0.0749406 0.0281952 8.88363e-22)
(0.135377 0.0479422 0)
(0.0773689 0.0236678 0)
(0.0843468 0.0261417 0)
(0.0834156 0.0278541 0)
(0.0945972 0.0517497 0)
(0.101155 0.0376272 0)
(0.104572 0.0304086 2.1006e-22)
(0.111535 0.0527813 6.33946e-23)
(0.128465 0.0752754 -1.31289e-22)
(0.118049 0.044366 -6.55229e-22)
(0.137494 0.0376295 -5.33627e-22)
(0.0837179 0.0211842 0)
(0.0913572 0.0273831 0)
(0.0893141 0.0276334 0)
(0.0972985 0.0336853 0)
(0.112004 0.0450374 0)
(0.105877 0.0275 -2.10063e-22)
(0.107197 0.0358902 -6.33962e-23)
(0.128257 0.0551493 1.31297e-22)
(0.141475 0.0524381 3.34717e-22)
(0.14695 0.0243082 5.33644e-22)
(0.0909854 0.0215099 -4.51392e-22)
(0.0944677 0.0255512 0)
(0.0998279 0.0293794 -3.56176e-22)
(0.0996911 0.0318556 -2.90741e-22)
(0.110864 0.0369154 -2.03571e-22)
(0.113992 0.0341659 0)
(0.114239 0.0382335 0)
(0.125328 0.0447008 1.31102e-22)
(0.140718 0.0404347 2.82357e-22)
(0.142934 0.0267929 4.52216e-22)
(0.0954818 0.021353 4.51395e-22)
(0.0982309 0.0236484 0)
(0.101707 0.0276461 3.56176e-22)
(0.105455 0.0276798 2.90742e-22)
(0.111358 0.0340794 2.03575e-22)
(0.115542 0.0282278 0)
(0.117917 0.0325751 0)
(0.128487 0.0357857 -1.31103e-22)
(0.138054 0.0366354 -2.82383e-22)
(0.139566 0.021379 -4.52216e-22)
(0.0987925 0.020305 0)
(0.101528 0.0224902 -3.28989e-22)
(0.105613 0.0251004 0)
(0.108183 0.0260556 -2.24804e-22)
(0.113206 0.029826 0)
(0.11824 0.0286382 0)
(0.121242 0.0315107 0)
(0.127733 0.030164 -1.28178e-22)
(0.136316 0.0297344 0)
(0.141043 0.0224456 0)
(0.101904 0.0190854 3.30555e-22)
(0.104474 0.0203995 6.27477e-22)
(0.107521 0.0234861 2.54462e-22)
(0.110679 0.0235133 2.24805e-22)
(0.114878 0.0268043 0)
(0.119085 0.0238884 -6.5879e-23)
(0.123147 0.0268372 0)
(0.129365 0.0261863 1.28179e-22)
(0.135019 0.0249882 0)
(0.138205 0.0177823 0)
(0.104531 0.0177414 -3.30556e-22)
(0.106561 0.0190812 -2.98488e-22)
(0.109839 0.0209082 -2.54463e-22)
(0.112749 0.0212897 0)
(0.116608 0.0236106 0)
(0.120601 0.0228714 6.58792e-23)
(0.124081 0.0239415 0)
(0.129097 0.0221305 0)
(0.134336 0.0217102 0)
(0.137404 0.0175719 0)
(0.106542 0.0162396 0)
(0.108711 0.0170929 -2.48873e-22)
(0.11146 0.019086 0)
(0.114249 0.0191812 -1.63187e-22)
(0.117574 0.0208344 0)
(0.121251 0.0194536 0)
(0.125028 0.0206113 2.26186e-23)
(0.129108 0.0191618 1.00554e-22)
(0.132942 0.0179415 0)
(0.135991 0.0138883 2.53584e-22)
(0.108445 0.0147029 0)
(0.110202 0.0156217 2.48873e-22)
(0.112845 0.0168132 0)
(0.115569 0.017058 1.63188e-22)
(0.118718 0.0181711 0)
(0.121936 0.0176083 0)
(0.125238 0.0178741 -2.26186e-23)
(0.128849 0.0163585 -1.00554e-22)
(0.132409 0.0155889 0)
(0.134892 0.0127192 -2.53585e-22)
(0.109809 0.0132138 1.19072e-22)
(0.111621 0.0137809 0)
(0.114016 0.0149782 0)
(0.116505 0.0150406 6.97229e-23)
(0.119299 0.0158251 0)
(0.122333 0.0150867 0)
(0.125437 0.015296 0)
(0.128434 0.0138981 -3.89585e-23)
(0.131361 0.0129263 0)
(0.133795 0.0102554 0)
(0.111063 0.0116593 -7.24332e-24)
(0.112705 0.0122397 0)
(0.114881 0.0130179 8.45427e-23)
(0.117277 0.0131096 -4.08203e-24)
(0.119899 0.0136182 0)
(0.122581 0.01312 0)
(0.12537 0.0130017 -6.11536e-24)
(0.128064 0.0117789 3.89586e-23)
(0.130698 0.0109495 -6.12147e-23)
(0.132804 0.00886038 -8.85818e-23)
(0.112005 0.0102087 -5.94208e-24)
(0.113607 0.0105687 0)
(0.115633 0.0112688 -4.36993e-24)
(0.117833 0.0112774 -3.04112e-24)
(0.120217 0.0116077 4.27487e-23)
(0.122711 0.0110893 -2.03842e-23)
(0.125242 0.0109231 2.57908e-24)
(0.127609 0.00980172 -2.8505e-23)
(0.129907 0.00899715 7.50654e-24)
(0.131878 0.00713448 9.79444e-24)
(0.112801 0.0087226 -1.05887e-22)
(0.114331 0.00905466 0)
(0.116179 0.00954013 -8.0173e-23)
(0.11825 0.00954206 -6.25999e-23)
(0.120478 0.00973113 -4.27487e-23)
(0.122737 0.00930034 4.14601e-23)
(0.12504 0.00903177 3.53629e-24)
(0.127195 0.00807991 2.85051e-23)
(0.129276 0.00734971 5.37083e-23)
(0.13106 0.00584574 7.87876e-23)
(0.113417 0.007317 0)
(0.11489 0.00753272 0)
(0.116628 0.00791963 0)
(0.118547 0.00789675 0)
(0.120606 0.00798615 0)
(0.122702 0.00758221 -2.10759e-23)
(0.12481 0.00730246 0)
(0.126779 0.00646448 0)
(0.128665 0.00581145 0)
(0.130321 0.0045274 0)
(0.1139 0.00591936 0)
(0.11532 0.00609232 0)
(0.116954 0.0063636 0)
(0.118742 0.00633071 0)
(0.120679 0.00635418 0)
(0.122612 0.00600449 -1.16001e-23)
(0.12457 0.00570824 0)
(0.126395 0.00500845 0)
(0.128148 0.0044344 0)
(0.129682 0.00340036 0)
(0.114271 0.00457095 0)
(0.11562 0.00467876 0)
(0.117209 0.00486291 3.53036e-23)
(0.118851 0.004822 0)
(0.120698 0.00479651 2.07396e-23)
(0.122467 0.00448977 1.16001e-23)
(0.124328 0.00420545 0)
(0.126003 0.00362841 -6.47752e-24)
(0.127666 0.00313931 0)
(0.129063 0.00230897 0)
(0.114522 0.00325721 0)
(0.115726 0.00332636 0)
(0.11732 0.00343302 -3.53037e-23)
(0.118737 0.00338575 0)
(0.120561 0.00332382 -2.07397e-23)
(0.122066 0.0030697 0)
(0.123904 0.00279843 0)
(0.125301 0.00234342 6.47754e-24)
(0.126938 0.00193332 0)
(0.128024 0.00130418 0)
(0.11337 0.00191768 -1.1245e-23)
(0.114188 0.001945 -1.0058e-23)
(0.115683 0.00196246 -8.68232e-24)
(0.116611 0.00191336 0)
(0.118312 0.00181584 -5.31832e-24)
(0.119231 0.00163352 0)
(0.120945 0.00140201 -1.22361e-24)
(0.121633 0.00108585 0)
(0.123131 0.000759549 3.34493e-24)
(0.123319 0.0003441 5.68368e-24)
(0.0884839 0.000562287 1.12438e-23)
(0.0892569 0.000527025 1.00568e-23)
(0.0903948 0.000463623 8.68124e-24)
(0.0911072 0.000395772 0)
(0.0922512 0.000296457 5.31758e-24)
(0.0927427 0.000182003 0)
(0.0936718 3.13169e-05 1.22342e-24)
(0.0936495 -0.00012239 0)
(0.0941294 -0.000307608 -3.34434e-24)
(0.0932674 -0.000479379 -5.68263e-24)
(0.000231553 -0.00177244 0)
(-0.00873385 -0.000873285 0)
(-0.0308063 0.00607063 0)
(-0.056246 0.00988886 0)
(-0.0885988 0.0104018 0)
(-0.106798 0.00658339 0)
(-0.111911 0.0014651 0)
(-0.103528 -0.00369598 0)
(-0.0828576 -0.00629604 0)
(-0.0596258 -0.00803115 0)
(-0.0336521 -0.00738451 0)
(-0.00992948 -0.00665833 0)
(0.0111898 -0.00536114 0)
(0.0278491 -0.00381992 0)
(0.0405779 -0.00240122 0)
(0.0495367 -0.0012566 0)
(0.0555064 -0.000434995 0)
(0.0592325 9.12887e-05 0)
(0.0613648 0.000382738 0)
(0.0624241 0.000506924 0)
(0.0628064 0.000526327 0)
(0.0627988 0.000489536 0)
(0.0625919 0.000426156 0)
(0.0623016 0.000356742 0)
(0.0619955 0.000292372 0)
(0.0617059 0.00023764 0)
(0.0614489 0.000192679 0)
(0.0612265 0.000156761 0)
(0.0610384 0.000127784 0)
(0.0608816 0.000104923 0)
(0.060748 8.6007e-05 0)
(0.0606428 7.10178e-05 0)
(0.0605472 5.81825e-05 0)
(0.0604821 4.77548e-05 0)
(0.0604127 3.88537e-05 0)
(0.0603798 3.08411e-05 0)
(0.06033 2.49599e-05 0)
(0.0603219 1.77658e-05 0)
(0.0602915 1.47838e-05 0)
(0.0602972 6.69979e-06 0)
(0.00160278 0.00747789 0)
(-0.0111866 0.0237872 0)
(-0.0411019 0.0265879 0)
(-0.0717551 0.0315055 0)
(-0.0998609 0.0262275 0)
(-0.120045 0.0138636 0)
(-0.115003 -0.00303821 0)
(-0.104848 -0.0165786 0)
(-0.078128 -0.0260751 0)
(-0.0558514 -0.0280083 0)
(-0.0270695 -0.0281846 0)
(-0.00281321 -0.0252537 0)
(0.0197648 -0.0216261 0)
(0.0382783 -0.0171044 0)
(0.0531277 -0.0127994 0)
(0.0644666 -0.00914245 0)
(0.0729829 -0.00626945 0)
(0.0793376 -0.00411869 0)
(0.0840576 -0.00256877 0)
(0.0875379 -0.00149557 0)
(0.090079 -0.000785429 0)
(0.091915 -0.000339193 0)
(0.0932302 -7.8504e-05 0)
(0.0941711 6.05661e-05 0)
(0.0948463 0.000123258 0)
(0.0953375 0.000144478 0)
(0.0956962 0.000140646 0)
(0.0959708 0.000130034 0)
(0.0961718 0.000111718 0)
(0.0963427 9.74804e-05 0)
(0.0964586 8.01626e-05 0)
(0.096579 6.80902e-05 0)
(0.0966443 5.44567e-05 0)
(0.096741 4.45224e-05 0)
(0.0967735 3.40109e-05 0)
(0.0968616 2.46647e-05 0)
(0.096873 1.74102e-05 0)
(0.0969598 6.57009e-06 0)
(0.0969599 2.84444e-06 0)
(0.0970474 -1.05271e-05 0)
(-0.0106811 0.00666364 0)
(-0.0259103 0.0309649 0)
(-0.0539496 0.0446958 0)
(-0.0732905 0.0471582 0)
(-0.0989113 0.0431563 0)
(-0.104987 0.018864 0)
(-0.0982982 -0.00901934 0)
(-0.0802264 -0.0317497 0)
(-0.0564325 -0.043268 0)
(-0.0327717 -0.0473426 0)
(-0.00935097 -0.0458892 0)
(0.0108822 -0.0413337 0)
(0.0292263 -0.0353894 0)
(0.0447499 -0.0282105 0)
(0.057471 -0.0213251 0)
(0.0674729 -0.0155496 0)
(0.0752041 -0.0111177 0)
(0.0811747 -0.00786512 0)
(0.0858288 -0.00551428 0)
(0.0894917 -0.00382382 0)
(0.0923813 -0.00261844 0)
(0.094651 -0.00177181 0)
(0.09642 -0.00118931 0)
(0.0977925 -0.000795044 0)
(0.0988508 -0.000536347 0)
(0.0996752 -0.000363605 0)
(0.10031 -0.000256139 0)
(0.100821 -0.000179192 0)
(0.10121 -0.000135613 0)
(0.101544 -9.86972e-05 0)
(0.101787 -8.06475e-05 0)
(0.102021 -6.19575e-05 0)
(0.10217 -5.50583e-05 0)
(0.102347 -4.53829e-05 0)
(0.102435 -4.4336e-05 0)
(0.102581 -4.1076e-05 0)
(0.102627 -4.214e-05 0)
(0.102758 -4.51493e-05 0)
(0.102775 -4.65086e-05 0)
(0.102901 -5.53123e-05 0)
(-0.0143665 0.0302849 0)
(-0.0334845 0.0549977 0)
(-0.0321606 0.0578583 0)
(-0.0576845 0.0635956 0)
(-0.0666924 0.0494712 0)
(-0.0664514 0.0169298 0)
(-0.0511075 -0.0205966 0)
(-0.0338494 -0.0481276 0)
(-0.00913134 -0.061635 0)
(0.00952389 -0.0630514 0)
(0.0278796 -0.0593794 0)
(0.0412472 -0.0530558 0)
(0.0521902 -0.0456835 0)
(0.061123 -0.0371389 0)
(0.0683786 -0.0287556 0)
(0.0745144 -0.0215103 0)
(0.0798609 -0.015766 0)
(0.0844149 -0.0114764 0)
(0.0881542 -0.00835607 0)
(0.0911615 -0.00608763 0)
(0.0935704 -0.00442769 0)
(0.0955052 -0.00320987 0)
(0.0970594 -0.00232466 0)
(0.0983084 -0.00168611 0)
(0.0993056 -0.0012364 0)
(0.100109 -0.000912747 0)
(0.100746 -0.000691924 0)
(0.101271 -0.000524364 0)
(0.101679 -0.000414688 0)
(0.102036 -0.000322813 0)
(0.102298 -0.000265411 0)
(0.102551 -0.000212394 0)
(0.102717 -0.000182145 0)
(0.102909 -0.000149646 0)
(0.103009 -0.000135261 0)
(0.103167 -0.000116705 0)
(0.103221 -0.000110393 0)
(0.10336 -0.000103246 0)
(0.103382 -0.000101455 0)
(0.103516 -0.00010442 0)
(-0.0140876 0.0445712 0)
(-0.0172898 0.0482377 0)
(-0.020705 0.0593997 0)
(-0.0231034 0.0685639 0)
(-0.0153383 0.0496143 0)
(-0.0111082 0.0114812 0)
(0.00453639 -0.0310909 0)
(0.0220673 -0.0608638 0)
(0.0397567 -0.0739526 0)
(0.0517191 -0.0747596 0)
(0.0638259 -0.06866 0)
(0.0735981 -0.0591168 0)
(0.0796403 -0.0495096 0)
(0.0836733 -0.0395363 0)
(0.0852956 -0.0305682 0)
(0.0855441 -0.0235993 0)
(0.0862973 -0.0181987 0)
(0.0881025 -0.0138575 0)
(0.0904731 -0.0104068 0)
(0.0928152 -0.00775693 0)
(0.0948261 -0.00577306 0)
(0.0964556 -0.00430245 0)
(0.0977581 -0.00321971 0)
(0.0988087 -0.00242008 0)
(0.0996602 -0.00183823 0)
(0.100363 -0.00140298 0)
(0.100932 -0.00109324 0)
(0.101412 -0.000850303 0)
(0.101792 -0.00068334 0)
(0.102128 -0.00054203 0)
(0.102379 -0.000448285 0)
(0.102622 -0.000362538 0)
(0.102783 -0.000309797 0)
(0.102969 -0.000254759 0)
(0.103068 -0.00022704 0)
(0.10322 -0.000192974 0)
(0.103274 -0.000179211 0)
(0.10341 -0.000161651 0)
(0.103431 -0.000156664 0)
(0.103562 -0.000153415 0)
(0.0304933 0.0472594 0)
(0.0318735 0.0645817 0)
(0.0531228 0.057864 0)
(0.0476515 0.0639372 0)
(0.0466736 0.0459433 0)
(0.0485489 0.00527099 0)
(0.0528689 -0.0402085 0)
(0.0590178 -0.071357 0)
(0.0708835 -0.0809955 0)
(0.0751796 -0.080562 0)
(0.0790174 -0.075431 0)
(0.0855745 -0.065339 0)
(0.0894472 -0.0543459 0)
(0.0936879 -0.0423461 0)
(0.0977038 -0.0303113 0)
(0.098051 -0.0218112 0)
(0.0958569 -0.0172041 0)
(0.0940664 -0.0142683 0)
(0.0938126 -0.0116221 0)
(0.0947051 -0.00912088 0)
(0.0960353 -0.00696175 0)
(0.0973404 -0.0052467 0)
(0.0984463 -0.00395875 0)
(0.099345 -0.00300926 0)
(0.100071 -0.00232144 0)
(0.100673 -0.00180486 0)
(0.101164 -0.0014324 0)
(0.101587 -0.00113419 0)
(0.101925 -0.000923659 0)
(0.102229 -0.000742125 0)
(0.102458 -0.000617936 0)
(0.102683 -0.000503284 0)
(0.102832 -0.000430459 0)
(0.103006 -0.000354606 0)
(0.103099 -0.000314548 0)
(0.103242 -0.000265855 0)
(0.103293 -0.000245077 0)
(0.103421 -0.00021758 0)
(0.103441 -0.000209575 0)
(0.103564 -0.000200258 0)
(-0.0363388 -0.000656417 0)
(0.034595 0.0278661 0)
(0.0568625 0.0471558 0)
(0.0816742 0.0719532 0)
(0.0892618 0.0521285 0)
(0.094999 0.00954577 0)
(0.094579 -0.037452 0)
(0.0897078 -0.0754468 0)
(0.0925828 -0.0876663 0)
(0.0958922 -0.0814002 0)
(0.0921549 -0.0747783 0)
(0.091615 -0.0650908 0)
(0.0895485 -0.0545311 0)
(0.0868861 -0.0452014 0)
(0.0899497 -0.0340526 0)
(0.0957473 -0.0229484 0)
(0.0990842 -0.0157563 0)
(0.0992959 -0.012493 0)
(0.0983496 -0.0108724 0)
(0.0977656 -0.00936512 0)
(0.0978953 -0.00769368 0)
(0.0984768 -0.00607321 0)
(0.0991948 -0.00470342 0)
(0.0998805 -0.00362867 0)
(0.100475 -0.00282571 0)
(0.100983 -0.00221309 0)
(0.101407 -0.00176653 0)
(0.101776 -0.00140714 0)
(0.102075 -0.00115073 0)
(0.102347 -0.000929125 0)
(0.102552 -0.000775476 0)
(0.102756 -0.000633571 0)
(0.102893 -0.000542067 0)
(0.103052 -0.000447002 0)
(0.103137 -0.000395627 0)
(0.103268 -0.000333463 0)
(0.103315 -0.000306268 0)
(0.103433 -0.00026958 0)
(0.103452 -0.000258825 0)
(0.103565 -0.000243805 0)
(0.125832 0.0502717 0)
(0.0966397 0.0103278 0)
(0.0902957 0.0150355 0)
(0.105198 0.0411832 0)
(0.122954 0.0360518 0)
(0.133838 0.00379862 0)
(0.139049 -0.0364382 0)
(0.134887 -0.0733055 0)
(0.120439 -0.0901317 0)
(0.117116 -0.0823169 0)
(0.112221 -0.0723074 0)
(0.104578 -0.0623447 0)
(0.098256 -0.0490724 0)
(0.0883211 -0.04053 0)
(0.0816698 -0.0349533 0)
(0.0832157 -0.0275347 0)
(0.0894877 -0.0195619 0)
(0.095476 -0.0137549 0)
(0.0988732 -0.0105045 0)
(0.100037 -0.0086959 0)
(0.100199 -0.00733188 0)
(0.100221 -0.00603872 0)
(0.100389 -0.00484261 0)
(0.100693 -0.00382596 0)
(0.101052 -0.00303435 0)
(0.101411 -0.00241822 0)
(0.101733 -0.00196575 0)
(0.102027 -0.00159346 0)
(0.102271 -0.00132293 0)
(0.102499 -0.00108151 0)
(0.102674 -0.000910594 0)
(0.102851 -0.000749012 0)
(0.10297 -0.000643161 0)
(0.10311 -0.00053183 0)
(0.103185 -0.000470701 0)
(0.103302 -0.000396381 0)
(0.103344 -0.000363392 0)
(0.103449 -0.000318176 0)
(0.103467 -0.000304896 0)
(0.103568 -0.000284447 0)
(0.155524 0.0414154 0)
(0.155818 0.0412365 0)
(0.142062 0.0356151 0)
(0.139918 0.0416915 0)
(0.153997 0.0321816 0)
(0.164705 0.000744232 0)
(0.17555 -0.0334497 0)
(0.17967 -0.0567972 0)
(0.153469 -0.0727588 0)
(0.13022 -0.0736854 0)
(0.123038 -0.0640692 0)
(0.1124 -0.0549312 0)
(0.102918 -0.0428753 0)
(0.0954123 -0.0327316 0)
(0.0871696 -0.0294519 0)
(0.0819559 -0.028022 0)
(0.0824166 -0.0242727 0)
(0.0870901 -0.0189047 0)
(0.0928277 -0.0139235 0)
(0.0973127 -0.0102852 0)
(0.0998648 -0.00789773 0)
(0.100949 -0.00631851 0)
(0.101302 -0.00517173 0)
(0.101441 -0.00423684 0)
(0.101584 -0.00345801 0)
(0.101783 -0.00279513 0)
(0.102008 -0.00227642 0)
(0.102243 -0.00183946 0)
(0.10245 -0.00151984 0)
(0.102647 -0.00123937 0)
(0.1028 -0.0010417 0)
(0.102953 -0.000856931 0)
(0.103056 -0.000735629 0)
(0.103177 -0.000608637 0)
(0.103242 -0.00053833 0)
(0.103343 -0.00045298 0)
(0.103379 -0.000414771 0)
(0.10347 -0.000361888 0)
(0.103485 -0.000346365 0)
(0.103572 -0.000320975 0)
(0.152522 0.0339816 0)
(0.157169 0.0326851 0)
(0.15751 0.0254133 0)
(0.157684 0.0324159 0)
(0.175018 0.0243847 0)
(0.189472 -0.00835088 0)
(0.19056 -0.0455138 0)
(0.184281 -0.0581002 0)
(0.164445 -0.0575962 0)
(0.13664 -0.0626311 0)
(0.123219 -0.0604948 0)
(0.115089 -0.0491549 0)
(0.10558 -0.0376439 0)
(0.101911 -0.029271 0)
(0.102581 -0.0251005 0)
(0.101451 -0.0240098 0)
(0.0975183 -0.0236662 0)
(0.0941321 -0.0220879 0)
(0.093476 -0.0186103 0)
(0.0951472 -0.0141096 0)
(0.097626 -0.0099612 0)
(0.0997209 -0.00694382 0)
(0.101062 -0.00502605 0)
(0.101791 -0.00385987 0)
(0.102157 -0.00313819 0)
(0.102356 -0.00261659 0)
(0.10249 -0.00222534 0)
(0.102617 -0.00186944 0)
(0.102733 -0.00159274 0)
(0.10286 -0.00132606 0)
(0.102965 -0.00112979 0)
(0.103079 -0.000937306 0)
(0.103158 -0.000808651 0)
(0.103254 -0.000671173 0)
(0.103307 -0.000594383 0)
(0.103389 -0.000500332 0)
(0.103419 -0.000457992 0)
(0.103493 -0.000398751 0)
(0.103506 -0.00038139 0)
(0.103578 -0.00035178 0)
(0.142402 0.0371512 0)
(0.15514 0.0338552 0)
(0.156887 0.0272869 0)
(0.160644 0.0236839 0)
(0.177558 0.0100903 0)
(0.189506 -0.00898387 0)
(0.183578 -0.0302126 0)
(0.165435 -0.0420051 0)
(0.153289 -0.0412656 0)
(0.140719 -0.0431428 0)
(0.124429 -0.0464582 0)
(0.114308 -0.040502 0)
(0.108597 -0.0326664 0)
(0.105577 -0.0304143 0)
(0.107082 -0.0294715 0)
(0.112305 -0.0250183 0)
(0.116327 -0.0189472 0)
(0.115482 -0.0150347 0)
(0.111028 -0.0135402 0)
(0.106199 -0.0125418 0)
(0.102913 -0.0109313 0)
(0.101429 -0.00885762 0)
(0.10114 -0.00686557 0)
(0.101371 -0.00524401 0)
(0.101742 -0.00405527 0)
(0.102105 -0.00318661 0)
(0.102407 -0.00257597 0)
(0.10265 -0.00209107 0)
(0.102832 -0.00174369 0)
(0.102982 -0.00143618 0)
(0.103089 -0.00121728 0)
(0.10319 -0.00100843 0)
(0.103257 -0.000869644 0)
(0.103334 -0.000722115 0)
(0.103375 -0.0006395 0)
(0.103439 -0.0005383 0)
(0.103462 -0.000492596 0)
(0.103519 -0.000428251 0)
(0.103529 -0.000409418 0)
(0.103585 -0.000376374 0)
(0.142775 0.0239654 0)
(0.1524 0.0249526 0)
(0.155647 0.0211427 0)
(0.16339 0.0158525 0)
(0.170834 0.00561006 0)
(0.174061 -0.0124251 0)
(0.169174 -0.0278137 0)
(0.157787 -0.0345583 0)
(0.15089 -0.0386779 0)
(0.143605 -0.0416573 0)
(0.129055 -0.0424741 0)
(0.119246 -0.0384264 0)
(0.119642 -0.0309683 0)
(0.118668 -0.0281456 0)
(0.11027 -0.0305618 0)
(0.102201 -0.0311757 0)
(0.100987 -0.0266923 0)
(0.104773 -0.0196332 0)
(0.108964 -0.0133586 0)
(0.110762 -0.0092869 0)
(0.110075 -0.00702907 0)
(0.108189 -0.00568271 0)
(0.106306 -0.00475652 0)
(0.104933 -0.00403233 0)
(0.104079 -0.00344056 0)
(0.103602 -0.00291733 0)
(0.10336 -0.00248923 0)
(0.103261 -0.0020914 0)
(0.103235 -0.00178173 0)
(0.103257 -0.00148567 0)
(0.10329 -0.00126811 0)
(0.103339 -0.00105483 0)
(0.103375 -0.000911784 0)
(0.103424 -0.000758306 0)
(0.10345 -0.000672033 0)
(0.103493 -0.000565906 0)
(0.103509 -0.000517865 0)
(0.103548 -0.000449839 0)
(0.103555 -0.000429953 0)
(0.103592 -0.000394351 0)
(0.141898 0.0246199 0)
(0.147162 0.0237876 0)
(0.153318 0.0162929 0)
(0.157192 0.0105606 0)
(0.16288 0.00320758 0)
(0.167253 -0.00651418 0)
(0.161872 -0.0173083 0)
(0.151494 -0.0284613 0)
(0.144037 -0.0324199 0)
(0.139375 -0.0285538 0)
(0.130982 -0.0282035 0)
(0.120366 -0.0330356 0)
(0.115742 -0.031667 0)
(0.115537 -0.0223731 0)
(0.110881 -0.0155959 0)
(0.101009 -0.0161916 0)
(0.0918544 -0.0191745 0)
(0.087578 -0.0194551 0)
(0.0881843 -0.01648 0)
(0.091342 -0.0121797 0)
(0.0948909 -0.00848808 0)
(0.0977908 -0.00608348 0)
(0.0998273 -0.00470517 0)
(0.101161 -0.00389021 0)
(0.102014 -0.00334132 0)
(0.102558 -0.00287573 0)
(0.102905 -0.00248699 0)
(0.103126 -0.00210926 0)
(0.103265 -0.00180884 0)
(0.103355 -0.0015152 0)
(0.103411 -0.00129764 0)
(0.103454 -0.00108204 0)
(0.103481 -0.000936886 0)
(0.103509 -0.000780164 0)
(0.103525 -0.000691874 0)
(0.103548 -0.000582883 0)
(0.103557 -0.000533473 0)
(0.103577 -0.00046321 0)
(0.103581 -0.00044269 0)
(0.103601 -0.000405451 0)
(0.139899 0.0180525 0)
(0.146333 0.0163569 0)
(0.150569 0.013262 0)
(0.153405 0.00877368 0)
(0.156964 -0.000776747 0)
(0.156514 -0.00980862 0)
(0.155854 -0.0147634 0)
(0.153087 -0.0208281 0)
(0.141887 -0.0287348 0)
(0.13287 -0.0311755 0)
(0.132743 -0.028133 0)
(0.129655 -0.0269774 0)
(0.118881 -0.0280324 0)
(0.111843 -0.0260037 0)
(0.11423 -0.0214743 0)
(0.121461 -0.0183529 0)
(0.125859 -0.0176191 0)
(0.123806 -0.0176042 0)
(0.118112 -0.0166094 0)
(0.112686 -0.0143183 0)
(0.108988 -0.0114685 0)
(0.106825 -0.00883939 0)
(0.105611 -0.00676579 0)
(0.104894 -0.00522938 0)
(0.104434 -0.00413042 0)
(0.10412 -0.00331103 0)
(0.103907 -0.00271787 0)
(0.103769 -0.00222982 0)
(0.103687 -0.00187254 0)
(0.103641 -0.00155038 0)
(0.103619 -0.00131891 0)
(0.103608 -0.0010963 0)
(0.103604 -0.000947724 0)
(0.103604 -0.000788817 0)
(0.103604 -0.00069939 0)
(0.103605 -0.000589271 0)
(0.103606 -0.000539316 0)
(0.103607 -0.000468221 0)
(0.103608 -0.000447463 0)
(0.103609 -0.000409527 0)
(0.139398 0.0166106 0)
(0.143117 0.0146866 0)
(0.146124 0.0103497 0)
(0.150063 0.00584518 0)
(0.152523 0.00151779 0)
(0.151706 -0.0058959 0)
(0.149327 -0.014639 0)
(0.146477 -0.0176535 0)
(0.142653 -0.0182041 0)
(0.135872 -0.0231491 0)
(0.12869 -0.0267428 0)
(0.124865 -0.0230231 0)
(0.122343 -0.017719 0)
(0.118299 -0.0176143 0)
(0.112817 -0.0213195 0)
(0.107514 -0.0231565 0)
(0.10407 -0.0203211 0)
(0.102421 -0.0146761 0)
(0.101726 -0.00954296 0)
(0.101551 -0.00645774 0)
(0.101726 -0.00499104 0)
(0.102106 -0.00429906 0)
(0.102548 -0.00387755 0)
(0.102953 -0.00350625 0)
(0.103275 -0.00314859 0)
(0.103504 -0.0027706 0)
(0.103651 -0.00242792 0)
(0.103728 -0.00207707 0)
(0.103762 -0.00179207 0)
(0.103762 -0.00150718 0)
(0.103751 -0.00129408 0)
(0.10373 -0.00108097 0)
(0.103714 -0.000937111 0)
(0.103692 -0.000781197 0)
(0.10368 -0.00069328 0)
(0.103661 -0.000584509 0)
(0.103655 -0.000535141 0)
(0.103637 -0.000464747 0)
(0.103635 -0.000444196 0)
(0.103618 -0.000406539 0)
(0.138213 0.0128854 0)
(0.141432 0.0109536 0)
(0.144107 0.00801223 0)
(0.145774 0.00431184 0)
(0.14773 -0.00133585 0)
(0.148825 -0.00648013 0)
(0.146322 -0.0102336 0)
(0.142161 -0.0157664 0)
(0.139423 -0.0204268 0)
(0.136302 -0.0200603 0)
(0.130318 -0.0192668 0)
(0.12421 -0.0220529 0)
(0.121507 -0.0238365 0)
(0.121422 -0.0204536 0)
(0.120742 -0.0149264 0)
(0.117583 -0.0124056 0)
(0.113016 -0.01332 0)
(0.109347 -0.0146702 0)
(0.107397 -0.0145395 0)
(0.106598 -0.0129725 0)
(0.106235 -0.0107598 0)
(0.105941 -0.00855812 0)
(0.105621 -0.00669361 0)
(0.105284 -0.00522571 0)
(0.104961 -0.00412737 0)
(0.104674 -0.00328788 0)
(0.104442 -0.0026751 0)
(0.104256 -0.0021773 0)
(0.104122 -0.00181752 0)
(0.104015 -0.00149962 0)
(0.103942 -0.00127343 0)
(0.103875 -0.00105778 0)
(0.103832 -0.000914369 0)
(0.103783 -0.000761287 0)
(0.103757 -0.000675265 0)
(0.103717 -0.000569359 0)
(0.103703 -0.000521317 0)
(0.103667 -0.000452984 0)
(0.103661 -0.00043302 0)
(0.103627 -0.000396585 0)
(0.136804 0.0113437 0)
(0.13927 0.00931757 0)
(0.141288 0.00645943 0)
(0.143341 0.00326069 0)
(0.144688 -0.000392147 0)
(0.144141 -0.00500175 0)
(0.143156 -0.00952765 0)
(0.141442 -0.0121439 0)
(0.137193 -0.0142623 0)
(0.132638 -0.0173557 0)
(0.130309 -0.0186429 0)
(0.127978 -0.0167563 0)
(0.123143 -0.0150757 0)
(0.117774 -0.0157929 0)
(0.1147 -0.0171852 0)
(0.113839 -0.0170824 0)
(0.113334 -0.0149404 0)
(0.111939 -0.0117777 0)
(0.109896 -0.00888636 0)
(0.107956 -0.00683936 0)
(0.106515 -0.0055371 0)
(0.105598 -0.00467868 0)
(0.105079 -0.00405067 0)
(0.104802 -0.00352793 0)
(0.104649 -0.00308075 0)
(0.104544 -0.00266106 0)
(0.104455 -0.00230381 0)
(0.104357 -0.00195558 0)
(0.104266 -0.00167815 0)
(0.104165 -0.00140623 0)
(0.104084 -0.00120453 0)
(0.103997 -0.0010047 0)
(0.103938 -0.000870498 0)
(0.103867 -0.000725564 0)
(0.103829 -0.00064411 0)
(0.10377 -0.000543481 0)
(0.103749 -0.000497867 0)
(0.103695 -0.000433065 0)
(0.103687 -0.000414119 0)
(0.103635 -0.000379851 0)
(0.135672 0.00898039 0)
(0.137719 0.00718826 0)
(0.139394 0.00484555 0)
(0.140639 0.00208413 0)
(0.141713 -0.00135163 0)
(0.141932 -0.0048022 0)
(0.140486 -0.00793378 0)
(0.138278 -0.0111445 0)
(0.1363 -0.0135881 0)
(0.133466 -0.0145486 0)
(0.129175 -0.0152337 0)
(0.125348 -0.0163309 0)
(0.123314 -0.0166123 0)
(0.121931 -0.0152124 0)
(0.119738 -0.0130608 0)
(0.116635 -0.0116059 0)
(0.113402 -0.0112034 0)
(0.110857 -0.0110313 0)
(0.109245 -0.0104356 0)
(0.10828 -0.00937199 0)
(0.107613 -0.00805673 0)
(0.10705 -0.00670594 0)
(0.106535 -0.00547374 0)
(0.106061 -0.00441866 0)
(0.105642 -0.00357104 0)
(0.105278 -0.00288364 0)
(0.10498 -0.00236417 0)
(0.10473 -0.00193153 0)
(0.104538 -0.00161602 0)
(0.104369 -0.00133448 0)
(0.104246 -0.00113373 0)
(0.104124 -0.000941579 0)
(0.104043 -0.000814108 0)
(0.103949 -0.000677864 0)
(0.103899 -0.000601666 0)
(0.10382 -0.000507856 0)
(0.103792 -0.000465425 0)
(0.103722 -0.000405437 0)
(0.103711 -0.000387876 0)
(0.103643 -0.000356655 0)
(0.134445 0.00757363 0)
(0.136145 0.0059034 0)
(0.137562 0.00382607 0)
(0.138711 0.00152561 0)
(0.139462 -0.00109292 0)
(0.139347 -0.00403764 0)
(0.138506 -0.0067764 0)
(0.137003 -0.00894395 0)
(0.134572 -0.0108113 0)
(0.131779 -0.0124606 0)
(0.129309 -0.0132229 0)
(0.126826 -0.0129183 0)
(0.123801 -0.0124398 0)
(0.120596 -0.0124198 0)
(0.117978 -0.0124473 0)
(0.116108 -0.0120251 0)
(0.114574 -0.0109633 0)
(0.112988 -0.00943435 0)
(0.111323 -0.00784196 0)
(0.109781 -0.00646093 0)
(0.108497 -0.0053653 0)
(0.107498 -0.00450835 0)
(0.106751 -0.00382853 0)
(0.106195 -0.00326231 0)
(0.105775 -0.00279217 0)
(0.105437 -0.00237132 0)
(0.105161 -0.0020243 0)
(0.104915 -0.00169906 0)
(0.104714 -0.00144584 0)
(0.104524 -0.00120422 0)
(0.104381 -0.00102772 0)
(0.104235 -0.000855058 0)
(0.104138 -0.000740199 0)
(0.104023 -0.00061658 0)
(0.103962 -0.000547702 0)
(0.103866 -0.000462727 0)
(0.103832 -0.000424423 0)
(0.103746 -0.000370537 0)
(0.103732 -0.000354742 0)
(0.103649 -0.0003274 0)
(0.133427 0.00596327 0)
(0.134888 0.0045223 0)
(0.136086 0.0027759 0)
(0.136939 0.000815671 0)
(0.137547 -0.00142897 0)
(0.137575 -0.00375273 0)
(0.136727 -0.00593886 0)
(0.135307 -0.00798088 0)
(0.133605 -0.00960415 0)
(0.131442 -0.0106013 0)
(0.128768 -0.0112468 0)
(0.126073 -0.0117291 0)
(0.123761 -0.011833 0)
(0.121698 -0.0113302 0)
(0.119591 -0.010406 0)
(0.11739 -0.00946449 0)
(0.115202 -0.00871237 0)
(0.113188 -0.00808757 0)
(0.111509 -0.00740133 0)
(0.110182 -0.00660169 0)
(0.10912 -0.00573691 0)
(0.108241 -0.00487096 0)
(0.107495 -0.00406742 0)
(0.106858 -0.00335402 0)
(0.106319 -0.00276078 0)
(0.105861 -0.00226103 0)
(0.105487 -0.00187448 0)
(0.105165 -0.00154202 0)
(0.104912 -0.00129597 0)
(0.104681 -0.00107144 0)
(0.10451 -0.00091085 0)
(0.104338 -0.000755949 0)
(0.104224 -0.000653848 0)
(0.10409 -0.000544307 0)
(0.104019 -0.00048377 0)
(0.103907 -0.000409125 0)
(0.103867 -0.000375682 0)
(0.103767 -0.000329017 0)
(0.103751 -0.000315323 0)
(0.103654 -0.000292599 0)
(0.132477 0.00476637 0)
(0.133752 0.00350843 0)
(0.134803 0.0020145 0)
(0.135556 0.000392666 0)
(0.136014 -0.00137946 0)
(0.135972 -0.00329871 0)
(0.135339 -0.00510524 0)
(0.13422 -0.00663302 0)
(0.132624 -0.00791796 0)
(0.130625 -0.00894513 0)
(0.128477 -0.0095328 0)
(0.126324 -0.00961624 0)
(0.124112 -0.00940427 0)
(0.121818 -0.00913022 0)
(0.119572 -0.00882415 0)
(0.117511 -0.00838209 0)
(0.11565 -0.00775712 0)
(0.113955 -0.00694017 0)
(0.112402 -0.00602267 0)
(0.110998 -0.00513422 0)
(0.109773 -0.00434637 0)
(0.108737 -0.00367106 0)
(0.107879 -0.00310289 0)
(0.10717 -0.00261648 0)
(0.106589 -0.00221018 0)
(0.106101 -0.00185115 0)
(0.105699 -0.00156089 0)
(0.105348 -0.00129633 0)
(0.105068 -0.00109547 0)
(0.104811 -0.000907119 0)
(0.104619 -0.000771985 0)
(0.104426 -0.00064049 0)
(0.104298 -0.000554297 0)
(0.104148 -0.000461388 0)
(0.104068 -0.000410621 0)
(0.103942 -0.000347847 0)
(0.103898 -0.000320008 0)
(0.103785 -0.000281586 0)
(0.103767 -0.000270307 0)
(0.103658 -0.000252848 0)
(0.131663 0.0035805 0)
(0.132816 0.00251303 0)
(0.133746 0.00128266 0)
(0.134379 -5.77781e-05 0)
(0.134759 -0.00151594 0)
(0.13475 -0.00303538 0)
(0.134195 -0.00447381 0)
(0.133183 -0.00576886 0)
(0.131845 -0.00684388 0)
(0.130188 -0.00758265 0)
(0.128246 -0.00799844 0)
(0.126178 -0.00818758 0)
(0.124118 -0.0081734 0)
(0.122082 -0.00792512 0)
(0.120074 -0.00745021 0)
(0.118121 -0.00684354 0)
(0.116247 -0.00619857 0)
(0.114481 -0.00555803 0)
(0.112867 -0.00494159 0)
(0.111445 -0.00433735 0)
(0.110222 -0.0037478 0)
(0.109177 -0.00318794 0)
(0.108287 -0.00268047 0)
(0.107529 -0.00223064 0)
(0.106891 -0.0018547 0)
(0.106349 -0.00153112 0)
(0.105902 -0.00127739 0)
(0.105513 -0.00105239 0)
(0.105204 -0.000885296 0)
(0.104922 -0.000730025 0)
(0.104711 -0.000620209 0)
(0.1045 -0.000513447 0)
(0.10436 -0.000444398 0)
(0.104195 -0.000369736 0)
(0.104108 -0.000329725 0)
(0.10397 -0.000280048 0)
(0.103922 -0.00025843 0)
(0.103799 -0.000229106 0)
(0.103779 -0.000220511 0)
(0.10366 -0.000208842 0)
(0.130953 0.0025824 0)
(0.132018 0.00169128 0)
(0.132868 0.000681632 0)
(0.13344 -0.000394619 0)
(0.133752 -0.0015379 0)
(0.133726 -0.00274345 0)
(0.133262 -0.00389358 0)
(0.132412 -0.00488081 0)
(0.131235 -0.00567962 0)
(0.129733 -0.00627721 0)
(0.127991 -0.00662701 0)
(0.126149 -0.00670034 0)
(0.124264 -0.00654806 0)
(0.122324 -0.00624352 0)
(0.120353 -0.00584081 0)
(0.118417 -0.00538491 0)
(0.116573 -0.00489473 0)
(0.114851 -0.00437503 0)
(0.11327 -0.00383608 0)
(0.111851 -0.00330288 0)
(0.110599 -0.00280641 0)
(0.109508 -0.00236282 0)
(0.108571 -0.00197972 0)
(0.107771 -0.00164836 0)
(0.107097 -0.00137343 0)
(0.106521 -0.00113429 0)
(0.106046 -0.000946237 0)
(0.105632 -0.000777223 0)
(0.105303 -0.000652931 0)
(0.105001 -0.000536254 0)
(0.104777 -0.000455168 0)
(0.104552 -0.000375726 0)
(0.104403 -0.000325486 0)
(0.104227 -0.000270662 0)
(0.104134 -0.000242343 0)
(0.103988 -0.000206808 0)
(0.103936 -0.000191946 0)
(0.103805 -0.000172438 0)
(0.103784 -0.00016677 0)
(0.103658 -0.000161306 0)
(0.130292 0.00162705 0)
(0.131302 0.000908176 0)
(0.132091 0.000116281 0)
(0.132611 -0.000727781 0)
(0.132879 -0.00161357 0)
(0.13285 -0.00253215 0)
(0.132441 -0.0034033 0)
(0.131673 -0.00415803 0)
(0.130602 -0.00476826 0)
(0.12925 -0.00518939 0)
(0.127669 -0.00537969 0)
(0.125948 -0.00535852 0)
(0.124145 -0.00518297 0)
(0.122276 -0.00489182 0)
(0.12037 -0.0045106 0)
(0.118485 -0.00407087 0)
(0.116672 -0.00360846 0)
(0.114964 -0.00315015 0)
(0.113386 -0.00271047 0)
(0.11196 -0.00230254 0)
(0.110697 -0.00193602 0)
(0.109594 -0.00161267 0)
(0.108644 -0.00133492 0)
(0.107829 -0.00109666 0)
(0.10714 -0.000901924 0)
(0.10655 -0.000734948 0)
(0.106063 -0.000606803 0)
(0.105638 -0.000492258 0)
(0.1053 -0.000410907 0)
(0.104991 -0.000333814 0)
(0.10476 -0.000282576 0)
(0.104529 -0.000231585 0)
(0.104377 -0.000201037 0)
(0.104196 -0.000166976 0)
(0.104102 -0.000150878 0)
(0.103951 -0.000130135 0)
(0.103899 -0.000122345 0)
(0.103763 -0.000113075 0)
(0.103742 -0.000110475 0)
(0.103612 -0.000111401 0)
(0.129217 0.000756402 0)
(0.130182 0.000196039 0)
(0.130905 -0.000396574 0)
(0.131351 -0.00101122 0)
(0.131531 -0.00164578 0)
(0.131419 -0.00230536 0)
(0.130957 -0.0029302 0)
(0.130165 -0.00345175 0)
(0.129087 -0.00385108 0)
(0.127735 -0.00410473 0)
(0.126151 -0.00417359 0)
(0.124423 -0.00405369 0)
(0.122618 -0.00378956 0)
(0.120764 -0.00343523 0)
(0.118893 -0.00303384 0)
(0.117054 -0.00262309 0)
(0.115297 -0.00223315 0)
(0.113655 -0.00187869 0)
(0.112151 -0.00156116 0)
(0.110801 -0.00128071 0)
(0.10961 -0.00103874 0)
(0.108575 -0.000834166 0)
(0.107688 -0.000665795 0)
(0.10693 -0.000527179 0)
(0.106291 -0.000418504 0)
(0.105748 -0.00032829 0)
(0.105299 -0.000262753 0)
(0.10491 -0.000204533 0)
(0.104601 -0.00016703 0)
(0.104317 -0.000130104 0)
(0.104108 -0.000109159 0)
(0.103896 -8.6812e-05 0)
(0.103759 -7.61236e-05 0)
(0.103592 -6.29314e-05 0)
(0.103509 -5.90751e-05 0)
(0.103367 -5.30445e-05 0)
(0.103322 -5.23621e-05 0)
(0.103193 -5.3232e-05 0)
(0.103176 -5.37105e-05 0)
(0.103051 -6.08384e-05 0)
(0.12433 -3.71012e-05 0)
(0.125078 -0.000403981 0)
(0.125525 -0.000788409 0)
(0.125628 -0.00117895 0)
(0.125405 -0.00157336 0)
(0.124845 -0.00198447 0)
(0.123917 -0.00237179 0)
(0.12265 -0.00267853 0)
(0.121095 -0.0028977 0)
(0.119292 -0.00301855 0)
(0.117315 -0.00300064 0)
(0.115271 -0.002832 0)
(0.113247 -0.00255222 0)
(0.111293 -0.00221004 0)
(0.109447 -0.00184128 0)
(0.107745 -0.00147701 0)
(0.106212 -0.00114442 0)
(0.104855 -0.00085946 0)
(0.103671 -0.000625126 0)
(0.102655 -0.000438285 0)
(0.101795 -0.000294063 0)
(0.101076 -0.00018598 0)
(0.100479 -0.000107862 0)
(0.0999872 -5.22309e-05 0)
(0.0995837 -1.51622e-05 0)
(0.0992508 1.07483e-05 0)
(0.0989813 2.45599e-05 0)
(0.0987532 3.52883e-05 0)
(0.0985759 3.68972e-05 0)
(0.0984136 3.98947e-05 0)
(0.0983 3.61819e-05 0)
(0.0981774 3.4672e-05 0)
(0.0981085 2.9181e-05 0)
(0.0980076 2.53142e-05 0)
(0.0979706 1.92706e-05 0)
(0.0978791 1.35629e-05 0)
(0.0978639 8.61539e-06 0)
(0.0977746 4.8352e-08 0)
(0.0977724 -2.64357e-06 0)
(0.0976827 -1.45334e-05 0)
(0.0930304 -0.000621189 0)
(0.0925018 -0.000724104 0)
(0.0916143 -0.00084211 0)
(0.0903562 -0.000956254 0)
(0.0887671 -0.00106458 0)
(0.0868279 -0.00117363 0)
(0.0845438 -0.00125761 0)
(0.0820018 -0.00129608 0)
(0.0792685 -0.00129239 0)
(0.0764051 -0.00123419 0)
(0.0735497 -0.00110342 0)
(0.0708774 -0.000914408 0)
(0.0685102 -0.000703507 0)
(0.0665016 -0.000498061 0)
(0.0648686 -0.000312604 0)
(0.0636037 -0.000157099 0)
(0.0626713 -3.71581e-05 0)
(0.0620168 4.79006e-05 0)
(0.0615824 0.000103888 0)
(0.0613172 0.000137517 0)
(0.0611777 0.00015445 0)
(0.0611282 0.000159472 0)
(0.0611399 0.000156111 0)
(0.0611921 0.000147617 0)
(0.0612675 0.000136339 0)
(0.0613563 0.000123908 0)
(0.0614487 0.000111109 0)
(0.061541 9.87887e-05 0)
(0.061629 8.68124e-05 0)
(0.0617092 7.61496e-05 0)
(0.0617858 6.57494e-05 0)
(0.0618469 5.69693e-05 0)
(0.0619109 4.84425e-05 0)
(0.0619508 4.10155e-05 0)
(0.0620028 3.43853e-05 0)
(0.0620217 2.78484e-05 0)
(0.0620619 2.29792e-05 0)
(0.062062 1.65367e-05 0)
(0.062088 1.39594e-05 0)
(0.0620769 6.15393e-06 0)
)
;

boundaryField
{
    inlet
    {
        type            fixedValue;
        value           uniform (0.1 0 0);
    }
    outlet
    {
        type            zeroGradient;
    }
    lowerWall
    {
        type            noSlip;
    }
    upperWall
    {
        type            noSlip;
    }
    defaultFaces
    {
        type            empty;
    }
}


// ************************************************************************* //
