/*--------------------------------*- C++ -*----------------------------------*\
| =========                 |                                                 |
| \\      /  F ield         | OpenFOAM: The Open Source CFD Toolbox           |
|  \\    /   O peration     | Version:  2112                                  |
|   \\  /    A nd           | Website:  www.openfoam.com                      |
|    \\/     M anipulation  |                                                 |
\*---------------------------------------------------------------------------*/
FoamFile
{
    version     2.0;
    format      ascii;
    arch        "LSB;label=32;scalar=64";
    class       surfaceScalarField;
    location    "0.38";
    object      phi;
}
// * * * * * * * * * * * * * * * * * * * * * * * * * * * * * * * * * * * * * //

dimensions      [0 3 -1 0 0 0 0];

oriented        oriented;

internalField   nonuniform List<scalar> 
3653
(
9.9229e-07
7.71006e-09
9.79183e-07
1.31067e-08
9.63576e-07
1.5607e-08
9.482e-07
1.53766e-08
9.31482e-07
1.67178e-08
9.1523e-07
1.62519e-08
8.96818e-07
1.84122e-08
8.79742e-07
1.7076e-08
8.60619e-07
1.9123e-08
8.42869e-07
1.77504e-08
8.23247e-07
1.96217e-08
8.04625e-07
1.86223e-08
7.84744e-07
1.98801e-08
7.64616e-07
2.0128e-08
7.44064e-07
2.05519e-08
7.21559e-07
2.25053e-08
7.01059e-07
2.05007e-08
6.7478e-07
2.62783e-08
6.52737e-07
2.20436e-08
6.23595e-07
2.91415e-08
5.95756e-07
2.78393e-08
5.65396e-07
3.03602e-08
5.29886e-07
3.55095e-08
4.92042e-07
3.7844e-08
4.49886e-07
4.21563e-08
3.99758e-07
5.01276e-08
3.47674e-07
5.20844e-08
2.89285e-07
5.83892e-08
2.2362e-07
6.56648e-08
7.12703e-08
1.52349e-07
1.00249e-06
5.2238e-09
1.00656e-06
9.03235e-09
1.00853e-06
1.3641e-08
1.01047e-06
1.34285e-08
1.01065e-06
1.65375e-08
1.01228e-06
1.46267e-08
1.01058e-06
2.01172e-08
1.01205e-06
1.56055e-08
1.00831e-06
2.2856e-08
1.00862e-06
1.74437e-08
1.00472e-06
2.35205e-08
1.00203e-06
2.13094e-08
9.98162e-07
2.37513e-08
9.93934e-07
2.43559e-08
9.873e-07
2.71858e-08
9.84049e-07
2.57561e-08
9.72183e-07
3.23669e-08
9.68344e-07
3.01178e-08
9.54567e-07
3.58203e-08
9.46557e-07
3.7151e-08
9.30537e-07
4.38595e-08
9.1904e-07
4.18578e-08
8.94198e-07
6.0351e-08
8.82353e-07
4.9689e-08
8.49597e-07
7.4912e-08
8.2811e-07
7.1615e-08
7.88717e-07
9.14775e-08
7.53107e-07
9.39991e-08
6.89184e-07
1.29588e-07
1.22356e-07
6.38098e-07
1.00094e-06
4.28207e-09
1.00512e-06
4.85569e-09
1.00717e-06
1.15944e-08
1.01021e-06
1.03842e-08
1.01162e-06
1.51255e-08
1.01378e-06
1.24718e-08
1.01529e-06
1.86018e-08
1.01708e-06
1.38184e-08
1.01817e-06
2.17624e-08
1.01918e-06
1.6434e-08
1.02016e-06
2.25389e-08
1.01993e-06
2.15452e-08
1.02081e-06
2.28706e-08
1.01986e-06
2.53093e-08
1.01863e-06
2.84126e-08
1.01942e-06
2.49617e-08
1.01399e-06
3.78011e-08
1.01627e-06
2.78389e-08
1.00826e-06
4.38314e-08
1.00733e-06
3.80736e-08
1.00046e-06
5.07362e-08
9.95647e-07
4.66679e-08
9.85979e-07
7.00192e-08
9.80565e-07
5.51031e-08
9.6629e-07
8.9187e-08
9.54441e-07
8.3464e-08
9.39598e-07
1.0632e-07
9.18719e-07
1.14878e-07
8.96942e-07
1.51365e-07
1.50578e-07
8.6872e-07
1.00073e-06
3.55678e-09
1.00269e-06
2.89165e-09
1.00445e-06
9.83832e-09
1.00677e-06
8.06082e-09
1.00815e-06
1.37424e-08
1.01007e-06
1.05527e-08
1.01152e-06
1.71545e-08
1.01314e-06
1.21925e-08
1.01452e-06
2.03915e-08
1.01602e-06
1.49258e-08
1.01655e-06
2.20147e-08
1.01872e-06
1.93708e-08
1.01749e-06
2.40992e-08
1.02031e-06
2.24933e-08
1.01797e-06
3.07521e-08
1.02001e-06
2.29266e-08
1.01814e-06
3.96679e-08
1.01815e-06
2.78245e-08
1.01625e-06
4.5734e-08
1.01499e-06
3.93334e-08
1.01204e-06
5.36861e-08
1.00921e-06
4.94989e-08
1.00704e-06
7.21874e-08
1.00002e-06
6.21198e-08
9.98033e-07
9.11787e-08
9.9094e-07
9.05571e-08
9.83248e-07
1.14012e-07
9.76979e-07
1.21147e-07
9.71866e-07
1.56477e-07
1.67422e-07
9.55022e-07
1.00074e-06
2.81293e-09
1.00131e-06
2.33013e-09
1.00346e-06
7.6871e-09
1.00455e-06
6.96923e-09
1.0068e-06
1.14878e-08
1.00781e-06
9.54835e-09
1.00983e-06
1.51283e-08
1.01102e-06
1.10051e-08
1.01259e-06
1.8818e-08
1.01405e-06
1.34669e-08
1.0149e-06
2.1167e-08
1.01668e-06
1.75885e-08
1.01671e-06
2.40765e-08
1.01854e-06
2.06593e-08
1.01787e-06
3.142e-08
1.01932e-06
2.14831e-08
1.01852e-06
4.04646e-08
1.01897e-06
2.73722e-08
1.01816e-06
4.65483e-08
1.01749e-06
3.9997e-08
1.01613e-06
5.5051e-08
1.01459e-06
5.10319e-08
1.01341e-06
7.33713e-08
1.01047e-06
6.50621e-08
1.00901e-06
9.26396e-08
1.00642e-06
9.31484e-08
1.00373e-06
1.16697e-07
1.00132e-06
1.23555e-07
1.00066e-06
1.57144e-07
1.65021e-07
1.00306e-06
1.0007e-06
2.11159e-09
1.00102e-06
2.00953e-09
1.00263e-06
6.0784e-09
1.00365e-06
5.94968e-09
1.00556e-06
9.57974e-09
1.00656e-06
8.54772e-09
1.00865e-06
1.30392e-08
1.00949e-06
1.01612e-08
1.01156e-06
1.67476e-08
1.0126e-06
1.24282e-08
1.01399e-06
1.97752e-08
1.01556e-06
1.60244e-08
1.01633e-06
2.33066e-08
1.01749e-06
1.94939e-08
1.0188e-06
3.01141e-08
1.01841e-06
2.18745e-08
1.02043e-06
3.84462e-08
1.01947e-06
2.83269e-08
1.02062e-06
4.53983e-08
1.02001e-06
4.06058e-08
1.02044e-06
5.46256e-08
1.01896e-06
5.25107e-08
1.0206e-06
7.17263e-08
1.01787e-06
6.77935e-08
1.01957e-06
9.09422e-08
1.0187e-06
9.40135e-08
1.01924e-06
1.16163e-07
1.01967e-06
1.23121e-07
1.02437e-06
1.52448e-07
1.63378e-07
1.02601e-06
1.00076e-06
1.35529e-09
1.00066e-06
2.10585e-09
1.00226e-06
4.48215e-09
1.00288e-06
5.32367e-09
1.00478e-06
7.68495e-09
1.0058e-06
7.52622e-09
1.00769e-06
1.11485e-08
1.00889e-06
8.96065e-09
1.01073e-06
1.49072e-08
1.01205e-06
1.11128e-08
1.01363e-06
1.81932e-08
1.01515e-06
1.45063e-08
1.01646e-06
2.19966e-08
1.01776e-06
1.81944e-08
1.01937e-06
2.84948e-08
1.01961e-06
2.16348e-08
1.0219e-06
3.61623e-08
1.02156e-06
2.86664e-08
1.0235e-06
4.34597e-08
1.02373e-06
4.03765e-08
1.02472e-06
5.36315e-08
1.02505e-06
5.21814e-08
1.02679e-06
6.99856e-08
1.02653e-06
6.80515e-08
1.02902e-06
8.84504e-08
1.03045e-06
9.25882e-08
1.03317e-06
1.13442e-07
1.03656e-06
1.19733e-07
1.04222e-06
1.46783e-07
1.55864e-07
1.04974e-06
1.00056e-06
7.95921e-10
1.00064e-06
2.0238e-09
1.0019e-06
3.21871e-09
1.00264e-06
4.59337e-09
1.00437e-06
5.94915e-09
1.00536e-06
6.53609e-09
1.00744e-06
9.07233e-09
1.00843e-06
7.96662e-09
1.01072e-06
1.26232e-08
1.01179e-06
1.00415e-08
1.01393e-06
1.60537e-08
1.0152e-06
1.32305e-08
1.01731e-06
1.98883e-08
1.01825e-06
1.7252e-08
1.02094e-06
2.58038e-08
1.02105e-06
2.15266e-08
1.02417e-06
3.3047e-08
1.02427e-06
2.85646e-08
1.02699e-06
4.07361e-08
1.02774e-06
3.96272e-08
1.03019e-06
5.11847e-08
1.03089e-06
5.14777e-08
1.03434e-06
6.65339e-08
1.03522e-06
6.71758e-08
1.03927e-06
8.43971e-08
1.0421e-06
8.97607e-08
1.04723e-06
1.08311e-07
1.05155e-06
1.15412e-07
1.06016e-06
1.38171e-07
1.48411e-07
1.06762e-06
1.0005e-06
3.00907e-10
1.00063e-06
1.88839e-09
1.00173e-06
2.11754e-09
1.00258e-06
3.74714e-09
1.00409e-06
4.44116e-09
1.00537e-06
5.25045e-09
1.0072e-06
7.24683e-09
1.00857e-06
6.59431e-09
1.01076e-06
1.0433e-08
1.01206e-06
8.73864e-09
1.01445e-06
1.36691e-08
1.01579e-06
1.18834e-08
1.0183e-06
1.73785e-08
1.01956e-06
1.60005e-08
1.02244e-06
2.2917e-08
1.02329e-06
2.06802e-08
1.02658e-06
2.97522e-08
1.0275e-06
2.76432e-08
1.03064e-06
3.76044e-08
1.03234e-06
3.79276e-08
1.03541e-06
4.81107e-08
1.0373e-06
4.95916e-08
1.04146e-06
6.23738e-08
1.04382e-06
6.48091e-08
1.04883e-06
7.93901e-08
1.05326e-06
8.53351e-08
1.05966e-06
1.01904e-07
1.06607e-06
1.09003e-07
1.07547e-06
1.28768e-07
1.38338e-07
1.08555e-06
1.00037e-06
-6.9678e-11
1.00065e-06
1.6047e-09
1.00165e-06
1.12087e-09
1.00258e-06
2.81796e-09
1.00411e-06
2.90978e-09
1.00541e-06
3.94792e-09
1.00741e-06
5.25559e-09
1.00881e-06
5.19111e-09
1.0112e-06
8.04218e-09
1.01263e-06
7.30762e-09
1.01524e-06
1.10553e-08
1.01677e-06
1.03553e-08
1.01963e-06
1.45175e-08
1.02112e-06
1.45092e-08
1.0244e-06
1.96422e-08
1.02576e-06
1.93164e-08
1.02933e-06
2.61809e-08
1.03099e-06
2.59912e-08
1.03465e-06
3.39373e-08
1.03698e-06
3.55967e-08
1.04096e-06
4.41332e-08
1.04364e-06
4.69144e-08
1.04865e-06
5.73606e-08
1.0522e-06
6.12608e-08
1.05823e-06
7.33655e-08
1.06374e-06
7.98156e-08
1.07165e-06
9.40035e-08
1.07898e-06
1.01664e-07
1.0898e-06
1.17956e-07
1.2776e-07
1.10037e-06
1.00028e-06
-3.53244e-10
1.00073e-06
1.16061e-09
1.00163e-06
2.17384e-10
1.00277e-06
1.67809e-09
1.00422e-06
1.46057e-09
1.00577e-06
2.39404e-09
1.00773e-06
3.303e-09
1.00939e-06
3.52434e-09
1.01183e-06
5.60449e-09
1.01352e-06
5.61697e-09
1.01628e-06
8.30093e-09
1.01812e-06
8.50731e-09
1.02111e-06
1.1529e-08
1.02315e-06
1.24693e-08
1.02646e-06
1.63357e-08
1.02859e-06
1.71883e-08
1.03226e-06
2.25109e-08
1.0347e-06
2.35494e-08
1.03871e-06
2.99285e-08
1.04183e-06
3.24708e-08
1.04634e-06
3.96233e-08
1.05001e-06
4.32518e-08
1.05555e-06
5.18199e-08
1.06028e-06
5.65299e-08
1.06699e-06
6.66489e-08
1.07364e-06
7.31721e-08
1.08229e-06
8.535e-08
1.09095e-06
9.30086e-08
1.10227e-06
1.06636e-07
1.15884e-07
1.11414e-06
1.00023e-06
-5.84321e-10
1.0008e-06
5.91575e-10
1.00174e-06
-7.21204e-10
1.00298e-06
4.33158e-10
1.00456e-06
-1.16569e-10
1.00621e-06
7.43909e-10
1.00831e-06
1.2021e-09
1.01015e-06
1.69006e-09
1.01268e-06
3.0657e-09
1.01466e-06
3.63942e-09
1.01752e-06
5.44281e-09
1.01973e-06
6.30278e-09
1.02287e-06
8.38618e-09
1.02534e-06
9.99297e-09
1.02882e-06
1.28556e-08
1.03154e-06
1.44695e-08
1.0354e-06
1.86583e-08
1.03851e-06
2.04326e-08
1.04292e-06
2.55243e-08
1.04669e-06
2.86936e-08
1.05174e-06
3.45738e-08
1.05622e-06
3.87723e-08
1.06228e-06
4.57596e-08
1.06798e-06
5.08368e-08
1.07533e-06
5.92919e-08
1.0828e-06
6.57097e-08
1.09224e-06
7.59108e-08
1.1017e-06
8.35472e-08
1.1136e-06
9.47291e-08
1.03579e-07
1.12591e-06
1.00021e-06
-7.98166e-10
1.00094e-06
-1.32677e-10
1.00196e-06
-1.74314e-09
1.00343e-06
-1.03344e-09
1.0051e-06
-1.78499e-09
1.00697e-06
-1.12791e-09
1.00915e-06
-9.78575e-10
1.01121e-06
-3.71003e-10
1.01382e-06
4.53825e-10
1.0161e-06
1.35645e-09
1.01905e-06
2.50121e-09
1.02164e-06
3.70814e-09
1.02484e-06
5.18175e-09
1.02783e-06
7.00977e-09
1.03141e-06
9.27411e-09
1.03468e-06
1.12001e-08
1.03874e-06
1.45936e-08
1.04245e-06
1.67211e-08
1.04718e-06
2.07989e-08
1.05162e-06
2.42498e-08
1.05704e-06
2.9155e-08
1.06232e-06
3.34905e-08
1.06878e-06
3.92989e-08
1.0753e-06
4.43225e-08
1.08315e-06
5.14458e-08
1.09135e-06
5.75044e-08
1.10121e-06
6.60473e-08
1.11146e-06
7.33025e-08
1.12359e-06
8.25937e-08
9.05954e-08
1.13658e-06
1.00021e-06
-1.00625e-09
1.00108e-06
-1.00718e-09
1.00224e-06
-2.90084e-09
1.00391e-06
-2.70564e-09
1.00576e-06
-3.63173e-09
1.00782e-06
-3.18796e-09
1.01014e-06
-3.29466e-09
1.01245e-06
-2.68105e-09
1.01517e-06
-2.27318e-09
1.01777e-06
-1.2376e-09
1.02084e-06
-5.67922e-10
1.02379e-06
7.58545e-10
1.02716e-06
1.81015e-09
1.03051e-06
3.65606e-09
1.0343e-06
5.47992e-09
1.038e-06
7.50376e-09
1.04233e-06
1.02636e-08
1.04655e-06
1.25035e-08
1.05161e-06
1.57347e-08
1.0566e-06
1.92656e-08
1.06239e-06
2.33625e-08
1.06831e-06
2.75656e-08
1.07516e-06
3.2449e-08
1.08231e-06
3.71807e-08
1.0906e-06
4.31555e-08
1.09937e-06
4.87347e-08
1.10962e-06
5.57928e-08
1.12042e-06
6.25042e-08
1.13279e-06
7.02179e-08
7.76414e-08
1.14575e-06
1.00033e-06
-1.33314e-09
1.00144e-06
-2.11541e-09
1.00291e-06
-4.37382e-09
1.00485e-06
-4.65081e-09
1.00694e-06
-5.71525e-09
1.00921e-06
-5.45661e-09
1.01167e-06
-5.75622e-09
1.0142e-06
-5.21584e-09
1.01704e-06
-5.11213e-09
1.01992e-06
-4.11265e-09
1.02309e-06
-3.74415e-09
1.02634e-06
-2.48502e-09
1.02984e-06
-1.69072e-09
1.03349e-06
2.32825e-12
1.03748e-06
1.48609e-09
1.04155e-06
3.43368e-09
1.04614e-06
5.67469e-09
1.0508e-06
7.84476e-09
1.05611e-06
1.04218e-08
1.06159e-06
1.37873e-08
1.06771e-06
1.72486e-08
1.0742e-06
2.10692e-08
1.08141e-06
2.52439e-08
1.08904e-06
2.95453e-08
1.09766e-06
3.4544e-08
1.10688e-06
3.95143e-08
1.11734e-06
4.53235e-08
1.1285e-06
5.13497e-08
1.14093e-06
5.7783e-08
6.40565e-08
1.15452e-06
1.00038e-06
-1.713e-09
1.00187e-06
-3.60392e-09
1.00375e-06
-6.25907e-09
1.00606e-06
-6.95846e-09
1.0084e-06
-8.04897e-09
1.01088e-06
-7.94561e-09
1.0135e-06
-8.3728e-09
1.01629e-06
-8.00774e-09
1.01929e-06
-8.11082e-09
1.02244e-06
-7.263e-09
1.02581e-06
-7.11313e-09
1.02933e-06
-6.0051e-09
1.03302e-06
-5.38385e-09
1.03701e-06
-3.98635e-09
1.04121e-06
-2.71307e-09
1.0456e-06
-9.53126e-10
1.05049e-06
7.86251e-10
1.05555e-06
2.77721e-09
1.06112e-06
4.86044e-09
1.06695e-06
7.95184e-09
1.07336e-06
1.08443e-08
1.08029e-06
1.41343e-08
1.08784e-06
1.76936e-08
1.0959e-06
2.14902e-08
1.10484e-06
2.56013e-08
1.11441e-06
2.99409e-08
1.12506e-06
3.46787e-08
1.13646e-06
3.99425e-08
1.1489e-06
4.53477e-08
5.09774e-08
1.16198e-06
1.00082e-06
-2.52898e-09
1.00289e-06
-5.68293e-09
1.00528e-06
-8.64774e-09
1.0079e-06
-9.57137e-09
1.01043e-06
-1.05845e-08
1.01312e-06
-1.06383e-08
1.01596e-06
-1.12051e-08
1.01904e-06
-1.10866e-08
1.0222e-06
-1.12786e-08
1.02559e-06
-1.06524e-08
1.02916e-06
-1.06836e-08
1.0329e-06
-9.74515e-09
1.03675e-06
-9.22718e-09
1.04091e-06
-8.14503e-09
1.0453e-06
-7.1035e-09
1.04994e-06
-5.59758e-09
1.05502e-06
-4.28934e-09
1.06038e-06
-2.58781e-09
1.06608e-06
-8.39332e-10
1.07221e-06
1.82296e-09
1.07891e-06
4.14147e-09
1.08622e-06
6.82642e-09
1.09404e-06
9.87222e-09
1.10238e-06
1.31499e-08
1.11149e-06
1.64887e-08
1.12128e-06
2.0156e-08
1.132e-06
2.39601e-08
1.14361e-06
2.83314e-08
1.15632e-06
3.26411e-08
3.71797e-08
1.17011e-06
1.00175e-06
-4.28353e-09
1.00528e-06
-9.20353e-09
1.00848e-06
-1.18553e-08
1.01149e-06
-1.25827e-08
1.01422e-06
-1.33061e-08
1.01721e-06
-1.36294e-08
1.02029e-06
-1.42835e-08
1.02359e-06
-1.43965e-08
1.02677e-06
-1.44532e-08
1.03015e-06
-1.40313e-08
1.03359e-06
-1.41211e-08
1.0372e-06
-1.33636e-08
1.04088e-06
-1.28988e-08
1.04484e-06
-1.21075e-08
1.04899e-06
-1.12548e-08
1.05351e-06
-1.01199e-08
1.05844e-06
-9.21879e-09
1.06366e-06
-7.81032e-09
1.06913e-06
-6.30061e-09
1.07505e-06
-4.106e-09
1.08161e-06
-2.41747e-09
1.08887e-06
-4.29266e-10
1.09672e-06
2.01812e-09
1.10514e-06
4.73381e-09
1.11434e-06
7.28988e-09
1.12418e-06
1.03182e-08
1.13489e-06
1.32473e-08
1.14649e-06
1.67273e-08
1.15911e-06
2.0023e-08
2.37236e-08
1.17257e-06
1.00297e-06
-7.25424e-09
1.00689e-06
-1.3123e-08
1.0097e-06
-1.4668e-08
1.01189e-06
-1.47725e-08
1.0137e-06
-1.5109e-08
1.01552e-06
-1.54546e-08
1.01706e-06
-1.58263e-08
1.01841e-06
-1.57458e-08
1.01942e-06
-1.54607e-08
1.02055e-06
-1.51613e-08
1.02141e-06
-1.49844e-08
1.02228e-06
-1.42269e-08
1.02312e-06
-1.37387e-08
1.02426e-06
-1.32512e-08
1.02564e-06
-1.2639e-08
1.02728e-06
-1.17573e-08
1.02903e-06
-1.09615e-08
1.0311e-06
-9.88795e-09
1.03368e-06
-8.88121e-09
1.03725e-06
-7.67304e-09
1.04145e-06
-6.62117e-09
1.04609e-06
-5.06507e-09
1.05142e-06
-3.31092e-09
1.05767e-06
-1.51419e-09
1.06503e-06
-7.58789e-11
1.07381e-06
1.5429e-09
1.08393e-06
3.1276e-09
1.09547e-06
5.18721e-09
1.10824e-06
7.25383e-09
9.52233e-09
1.12244e-06
9.92746e-07
9.79623e-07
9.64955e-07
9.50182e-07
9.35073e-07
9.19619e-07
9.03792e-07
8.88047e-07
8.72586e-07
8.57425e-07
8.4244e-07
8.28213e-07
8.14475e-07
8.01223e-07
7.88584e-07
7.76827e-07
7.65866e-07
7.55978e-07
7.47096e-07
7.39423e-07
7.32802e-07
7.27737e-07
7.24426e-07
7.22912e-07
7.22836e-07
7.24379e-07
7.27507e-07
7.32694e-07
7.39948e-07
7.4947e-07
2.65841e-07
-1.13492e-07
3.59651e-07
-9.38102e-08
4.4662e-07
-8.69686e-08
5.09439e-07
-6.28191e-08
5.70631e-07
-6.11924e-08
6.19911e-07
-4.92793e-08
6.62904e-07
-4.29932e-08
7.13358e-07
-5.04538e-08
7.68536e-07
-5.51788e-08
-1.22089e-07
8.90626e-07
6.99692e-07
-1.75086e-07
7.4446e-07
-1.38577e-07
7.86776e-07
-1.29285e-07
8.3683e-07
-1.12873e-07
8.64383e-07
-8.87457e-08
8.87541e-07
-7.24369e-08
9.26519e-07
-8.1972e-08
9.53252e-07
-7.71862e-08
9.97068e-07
-9.89947e-08
-1.52443e-07
1.02742e-06
8.80534e-07
-1.869e-07
9.01393e-07
-1.59437e-07
8.98705e-07
-1.26597e-07
9.22422e-07
-1.36589e-07
9.25553e-07
-9.18773e-08
9.4605e-07
-9.29341e-08
9.59392e-07
-9.5314e-08
1.01589e-06
-1.3368e-07
1.02737e-06
-1.1048e-07
-1.7318e-07
1.04811e-06
9.51688e-07
-1.83566e-07
9.57723e-07
-1.65471e-07
9.60048e-07
-1.28922e-07
9.64194e-07
-1.40734e-07
9.78897e-07
-1.06581e-07
9.89885e-07
-1.03922e-07
1.00086e-06
-1.06293e-07
1.0206e-06
-1.53413e-07
1.04581e-06
-1.35689e-07
-1.72005e-07
1.04463e-06
9.90391e-07
-1.70898e-07
9.89481e-07
-1.64561e-07
9.89425e-07
-1.28867e-07
9.92251e-07
-1.4356e-07
9.9696e-07
-1.1129e-07
1.01301e-06
-1.19973e-07
1.01938e-06
-1.12659e-07
1.02464e-06
-1.58677e-07
1.03807e-06
-1.49122e-07
-1.81057e-07
1.04713e-06
1.01911e-06
-1.64e-07
1.01455e-06
-1.59996e-07
1.01517e-06
-1.29492e-07
1.01123e-06
-1.39615e-07
1.01825e-06
-1.18315e-07
1.02595e-06
-1.27668e-07
1.03457e-06
-1.2128e-07
1.03647e-06
-1.60573e-07
1.04525e-06
-1.57902e-07
-1.83845e-07
1.04803e-06
1.04026e-06
-1.54526e-07
1.03426e-06
-1.53992e-07
1.03336e-06
-1.28591e-07
1.03226e-06
-1.38521e-07
1.03446e-06
-1.20513e-07
1.03767e-06
-1.3088e-07
1.04248e-06
-1.26085e-07
1.04074e-06
-1.58836e-07
1.04306e-06
-1.60216e-07
-1.87334e-07
1.04655e-06
1.06035e-06
-1.4726e-07
1.05284e-06
-1.46483e-07
1.05105e-06
-1.26803e-07
1.04639e-06
-1.33854e-07
1.04716e-06
-1.21285e-07
1.04746e-06
-1.31177e-07
1.05029e-06
-1.28923e-07
1.0469e-06
-1.55439e-07
1.0454e-06
-1.5872e-07
-1.86085e-07
1.04415e-06
1.07696e-06
-1.38669e-07
1.06885e-06
-1.38373e-07
1.06484e-06
-1.22794e-07
1.05992e-06
-1.28937e-07
1.05792e-06
-1.19281e-07
1.05554e-06
-1.28805e-07
1.05429e-06
-1.27666e-07
1.04884e-06
-1.49987e-07
1.04458e-06
-1.54463e-07
-1.82111e-07
1.04061e-06
1.09168e-06
-1.29974e-07
1.08267e-06
-1.29367e-07
1.07723e-06
-1.1735e-07
1.07048e-06
-1.22192e-07
1.06661e-06
-1.15406e-07
1.06199e-06
-1.24191e-07
1.05772e-06
-1.23388e-07
1.05073e-06
-1.43003e-07
1.04515e-06
-1.48882e-07
-1.73374e-07
1.03641e-06
1.10443e-06
-1.2026e-07
1.09468e-06
-1.1962e-07
1.08755e-06
-1.10216e-07
1.07967e-06
-1.14314e-07
1.0735e-06
-1.09242e-07
1.06675e-06
-1.17438e-07
1.06079e-06
-1.17424e-07
1.05176e-06
-1.33973e-07
1.04276e-06
-1.39884e-07
-1.62323e-07
1.03171e-06
1.11543e-06
-1.09784e-07
1.10482e-06
-1.0901e-07
1.09629e-06
-1.01678e-07
1.08705e-06
-1.0508e-07
1.07929e-06
-1.01478e-07
1.07051e-06
-1.08658e-07
1.06229e-06
-1.0921e-07
1.05179e-06
-1.23473e-07
1.04161e-06
-1.29702e-07
-1.49067e-07
1.02836e-06
1.12521e-06
-9.84211e-08
1.11386e-06
-9.76525e-08
1.10396e-06
-9.17853e-08
1.09342e-06
-9.45336e-08
1.08393e-06
-9.19911e-08
1.07362e-06
-9.83454e-08
1.0638e-06
-9.93869e-08
1.05161e-06
-1.11286e-07
1.03923e-06
-1.17324e-07
-1.34203e-07
1.02437e-06
1.13365e-06
-8.63193e-08
1.12141e-06
-8.54197e-08
1.11037e-06
-8.07387e-08
1.09874e-06
-8.29093e-08
1.08789e-06
-8.11396e-08
1.07602e-06
-8.64767e-08
1.06455e-06
-8.79133e-08
1.05124e-06
-9.79795e-08
1.03758e-06
-1.03659e-07
-1.1794e-07
1.02132e-06
1.14164e-06
-7.34359e-08
1.12866e-06
-7.24486e-08
1.11653e-06
-6.86005e-08
1.10373e-06
-7.01162e-08
1.09149e-06
-6.88972e-08
1.07835e-06
-7.33328e-08
1.06542e-06
-7.49879e-08
1.05075e-06
-8.33039e-08
1.03563e-06
-8.85406e-08
-1.00547e-07
1.01823e-06
1.14859e-06
-6.0052e-08
1.13488e-06
-5.87378e-08
1.12185e-06
-5.55637e-08
1.10814e-06
-5.6411e-08
1.09481e-06
-5.55635e-08
1.0805e-06
-5.90275e-08
1.06632e-06
-6.0802e-08
1.05059e-06
-6.758e-08
1.03436e-06
-7.23112e-08
-8.21328e-08
1.01595e-06
1.15592e-06
-4.58584e-08
1.14136e-06
-4.41754e-08
1.12726e-06
-4.14617e-08
1.11233e-06
-4.14841e-08
1.09764e-06
-4.08708e-08
1.08196e-06
-4.3349e-08
1.06635e-06
-4.51975e-08
1.0493e-06
-5.05239e-08
1.03182e-06
-5.48369e-08
-6.26176e-08
1.01231e-06
1.15708e-06
-3.037e-08
1.14119e-06
-2.82827e-08
1.12577e-06
-2.60417e-08
1.10962e-06
-2.53337e-08
1.0937e-06
-2.49547e-08
1.07677e-06
-2.64154e-08
1.05983e-06
-2.82642e-08
1.04139e-06
-3.20858e-08
1.02243e-06
-3.58684e-08
-4.14711e-08
1.00128e-06
1.10401e-06
-1.19421e-08
1.08617e-06
-1.04404e-08
1.06925e-06
-9.12352e-09
1.0524e-06
-8.48561e-09
1.03599e-06
-8.54458e-09
1.01901e-06
-9.42934e-09
1.00168e-06
-1.09412e-08
9.82732e-07
-1.31352e-08
9.62562e-07
-1.56989e-08
-1.86602e-08
9.39751e-07
7.37528e-07
7.27088e-07
7.17964e-07
7.09478e-07
7.00934e-07
6.91505e-07
6.80563e-07
6.67428e-07
6.51729e-07
6.33069e-07
9.88706e-08
-9.88706e-08
9.37246e-08
5.14598e-09
6.68354e-08
2.68893e-08
-3.03018e-08
9.71372e-08
-2.86789e-07
2.56487e-07
-5.49946e-07
2.63157e-07
-7.49766e-07
1.9982e-07
-8.97222e-07
1.47456e-07
-9.70293e-07
7.30711e-08
-9.78148e-07
7.85498e-09
-9.30267e-07
-4.78808e-08
-8.4311e-07
-8.71573e-08
-7.31384e-07
-1.11726e-07
-6.0364e-07
-1.27744e-07
-4.63251e-07
-1.40389e-07
-3.09073e-07
-1.54178e-07
-1.56253e-07
-1.5282e-07
-1.00042e-08
-1.46249e-07
1.17692e-07
-1.27696e-07
2.2168e-07
-1.03988e-07
3.01363e-07
-7.96834e-08
3.60351e-07
-5.89871e-08
4.02967e-07
-4.26166e-08
4.32612e-07
-2.96446e-08
4.51245e-07
-1.8633e-08
4.60038e-07
-8.79288e-09
4.59634e-07
4.03109e-10
4.51319e-07
8.31568e-09
4.36549e-07
1.47699e-08
4.17831e-07
1.8718e-08
3.97595e-07
2.02355e-08
3.78194e-07
1.94018e-08
3.60927e-07
1.72663e-08
3.46696e-07
1.42311e-08
3.3528e-07
1.14158e-08
3.26679e-07
8.60111e-09
3.19999e-07
6.68003e-09
3.15198e-07
4.80101e-09
3.1125e-07
3.94768e-09
2.84653e-09
8.38937e-08
-1.82764e-07
1.17717e-07
-2.86769e-08
-5.14194e-09
1.49748e-07
-2.73393e-07
3.65388e-07
-5.21017e-07
5.04111e-07
-6.99511e-07
4.41651e-07
-8.33372e-07
3.33681e-07
-9.2375e-07
2.37834e-07
-9.55692e-07
1.05014e-07
-9.33249e-07
-1.45886e-08
-8.62073e-07
-1.19056e-07
-7.6398e-07
-1.8525e-07
-6.42402e-07
-2.33304e-07
-5.10946e-07
-2.592e-07
-3.71944e-07
-2.79391e-07
-2.2144e-07
-3.04682e-07
-6.85187e-08
-3.05741e-07
8.05926e-08
-2.9536e-07
2.13127e-07
-2.60231e-07
3.23571e-07
-2.14432e-07
4.10753e-07
-1.66865e-07
4.78444e-07
-1.26677e-07
5.31528e-07
-9.57007e-08
5.7378e-07
-7.18966e-08
6.07634e-07
-5.24875e-08
6.34885e-07
-3.60432e-08
6.56294e-07
-2.10066e-08
6.71728e-07
-7.11768e-09
6.80558e-07
5.9393e-09
6.83304e-07
1.59725e-08
6.81035e-07
2.25047e-08
6.75944e-07
2.44924e-08
6.69615e-07
2.35954e-08
6.63646e-07
2.02004e-08
6.58354e-07
1.67078e-08
6.54219e-07
1.27354e-08
6.50818e-07
1.00812e-08
6.48181e-07
7.43775e-09
6.45854e-07
6.27534e-09
4.89744e-09
-2.67806e-08
-1.55984e-07
-1.28254e-07
7.27965e-08
-2.3392e-07
2.55414e-07
-3.75243e-07
5.06711e-07
-4.93146e-07
6.22015e-07
-5.87511e-07
5.36016e-07
-6.70435e-07
4.16605e-07
-7.18916e-07
2.86315e-07
-7.25165e-07
1.11262e-07
-6.85387e-07
-5.43662e-08
-6.05949e-07
-1.98495e-07
-5.0564e-07
-2.85559e-07
-3.99551e-07
-3.39393e-07
-2.85842e-07
-3.72909e-07
-1.71866e-07
-3.93367e-07
-5.25875e-08
-4.23961e-07
7.43064e-08
-4.32635e-07
1.96314e-07
-4.17368e-07
3.06802e-07
-3.70719e-07
4.00509e-07
-3.08139e-07
4.74217e-07
-2.40573e-07
5.29621e-07
-1.82081e-07
5.7288e-07
-1.3896e-07
6.08386e-07
-1.07403e-07
6.37473e-07
-8.15748e-08
6.61554e-07
-6.01238e-08
6.82834e-07
-4.22872e-08
7.02925e-07
-2.72088e-08
7.21184e-07
-1.23194e-08
7.35733e-07
1.42316e-09
7.45003e-07
1.32351e-08
7.49288e-07
2.02077e-08
7.49864e-07
2.30195e-08
7.48608e-07
2.14557e-08
7.46902e-07
1.84137e-08
7.4549e-07
1.41479e-08
7.44845e-07
1.0726e-08
7.44592e-07
7.69035e-09
7.44913e-07
5.95466e-09
4.57172e-09
-2.20437e-08
-1.3394e-07
-1.06919e-07
1.57671e-07
-1.79828e-07
3.28323e-07
-2.86845e-07
6.13728e-07
-3.60596e-07
6.95766e-07
-4.09367e-07
5.84787e-07
-4.47646e-07
4.54884e-07
-4.62734e-07
3.01403e-07
-4.49512e-07
9.80401e-08
-4.00519e-07
-1.0336e-07
-3.24379e-07
-2.74635e-07
-2.31182e-07
-3.78755e-07
-1.34463e-07
-4.36112e-07
-4.1205e-08
-4.66167e-07
5.32863e-08
-4.87859e-07
1.48758e-07
-5.19432e-07
2.48724e-07
-5.32601e-07
3.41768e-07
-5.10412e-07
4.19519e-07
-4.4847e-07
4.84606e-07
-3.73226e-07
5.39636e-07
-2.95603e-07
5.80715e-07
-2.2316e-07
6.1076e-07
-1.69006e-07
6.36942e-07
-1.33585e-07
6.60839e-07
-1.05472e-07
6.79679e-07
-7.89632e-08
6.93017e-07
-5.56258e-08
7.04476e-07
-3.86673e-08
7.17569e-07
-2.54129e-08
7.32737e-07
-1.37441e-08
7.47695e-07
-1.72283e-09
7.59668e-07
8.23403e-09
7.67307e-07
1.53806e-08
7.70772e-07
1.79905e-08
7.7136e-07
1.78255e-08
7.70371e-07
1.51376e-08
7.69165e-07
1.19322e-08
7.68204e-07
8.65076e-09
7.67805e-07
6.35387e-09
4.36185e-09
2.54567e-09
-1.36486e-07
-1.26741e-07
2.86958e-07
-1.47251e-07
3.48833e-07
-1.43006e-07
6.09483e-07
-1.39777e-07
6.92537e-07
-1.5133e-07
5.9634e-07
-1.62929e-07
4.66483e-07
-1.53158e-07
2.91632e-07
-1.26624e-07
7.15056e-08
-8.1814e-08
-1.4817e-07
-2.6339e-08
-3.3011e-07
3.70138e-08
-4.42108e-07
1.03966e-07
-5.03064e-07
1.73408e-07
-5.35609e-07
2.50234e-07
-5.64685e-07
3.26108e-07
-5.95306e-07
4.02299e-07
-6.08792e-07
4.75491e-07
-5.83604e-07
5.30685e-07
-5.03664e-07
5.63031e-07
-4.05572e-07
5.90119e-07
-3.22692e-07
6.16388e-07
-2.49429e-07
6.35012e-07
-1.87629e-07
6.48835e-07
-1.47407e-07
6.65283e-07
-1.2192e-07
6.83622e-07
-9.73026e-08
6.9727e-07
-6.92739e-08
7.03596e-07
-4.49937e-08
7.06538e-07
-2.83549e-08
7.11614e-07
-1.88197e-08
7.21061e-07
-1.11699e-08
7.33832e-07
-4.53708e-09
7.4699e-07
2.22326e-09
7.58119e-07
6.8609e-09
7.66002e-07
9.94312e-09
7.70635e-07
1.05046e-08
7.72853e-07
9.71427e-09
7.73588e-07
7.91481e-09
7.7364e-07
6.30258e-09
4.25473e-09
-6.28541e-08
-7.36316e-08
-6.7721e-08
2.91825e-07
2.31767e-08
2.57936e-07
4.90169e-08
5.83643e-07
7.85561e-08
6.62997e-07
1.03085e-07
5.71811e-07
1.33647e-07
4.35921e-07
1.74858e-07
2.50422e-07
2.11663e-07
3.47e-08
2.49854e-07
-1.8636e-07
2.83846e-07
-3.64102e-07
3.17056e-07
-4.75318e-07
3.55609e-07
-5.41618e-07
4.00048e-07
-5.80048e-07
4.52952e-07
-6.17588e-07
5.06876e-07
-6.4923e-07
5.48069e-07
-6.49985e-07
5.80379e-07
-6.15914e-07
6.12701e-07
-5.35986e-07
6.28169e-07
-4.2104e-07
6.29127e-07
-3.2365e-07
6.36561e-07
-2.56862e-07
6.50285e-07
-2.01354e-07
6.59631e-07
-1.56753e-07
6.66226e-07
-1.28515e-07
6.77303e-07
-1.0838e-07
6.91811e-07
-8.37817e-08
7.02225e-07
-5.54085e-08
7.0461e-07
-3.0739e-08
7.02274e-07
-1.64842e-08
7.0129e-07
-1.01856e-08
7.05575e-07
-8.82209e-09
7.15196e-07
-7.39774e-09
7.28e-07
-5.94364e-09
7.41243e-07
-3.29932e-09
7.52858e-07
-1.11027e-09
7.6176e-07
8.11676e-10
7.67783e-07
1.89195e-09
7.71618e-07
2.4677e-09
2.61552e-09
-2.27969e-07
1.54337e-07
-5.94879e-08
1.23344e-07
7.59521e-08
1.22496e-07
2.79599e-07
3.79996e-07
3.94797e-07
5.47799e-07
4.58865e-07
5.07743e-07
5.00208e-07
3.94578e-07
5.32578e-07
2.18053e-07
5.53251e-07
1.40266e-08
5.65634e-07
-1.98744e-07
5.69198e-07
-3.67666e-07
5.74912e-07
-4.81031e-07
5.92955e-07
-5.59661e-07
6.29437e-07
-6.1653e-07
6.68619e-07
-6.56771e-07
6.97231e-07
-6.77842e-07
7.08323e-07
-6.61077e-07
6.93796e-07
-6.01386e-07
6.77316e-07
-5.19506e-07
6.72689e-07
-4.16413e-07
6.64264e-07
-3.15225e-07
6.54923e-07
-2.47521e-07
6.576e-07
-2.04031e-07
6.67383e-07
-1.66536e-07
6.7388e-07
-1.35012e-07
6.77962e-07
-1.12462e-07
6.85612e-07
-9.1432e-08
6.96726e-07
-6.65222e-08
7.05609e-07
-3.96215e-08
7.08476e-07
-1.93512e-08
7.06638e-07
-8.34816e-09
7.0456e-07
-6.74345e-09
7.05737e-07
-8.57561e-09
7.11482e-07
-1.16885e-08
7.20959e-07
-1.27762e-08
7.3237e-07
-1.2521e-08
7.44161e-07
-1.0979e-08
7.54017e-07
-7.96482e-09
7.62702e-07
-6.21739e-09
-2.20567e-09
6.44978e-07
3.99985e-07
4.43933e-07
3.24388e-07
3.11737e-07
2.54691e-07
3.88112e-07
3.03621e-07
5.47899e-07
3.88012e-07
6.73964e-07
3.81678e-07
7.5841e-07
3.10131e-07
8.06509e-07
1.69954e-07
8.3009e-07
-9.55394e-09
8.30983e-07
-1.99637e-07
8.23878e-07
-3.60561e-07
8.20624e-07
-4.77777e-07
8.32163e-07
-5.71199e-07
8.5632e-07
-6.40687e-07
8.76085e-07
-6.76536e-07
8.71793e-07
-6.7355e-07
8.43807e-07
-6.33091e-07
8.01722e-07
-5.59301e-07
7.553e-07
-4.73083e-07
7.27823e-07
-3.88937e-07
7.21775e-07
-3.09176e-07
7.20085e-07
-2.45832e-07
7.18857e-07
-2.02803e-07
7.21769e-07
-1.69448e-07
7.263e-07
-1.39543e-07
7.28722e-07
-1.14884e-07
7.30717e-07
-9.34263e-08
7.36146e-07
-7.19516e-08
7.45471e-07
-4.89463e-08
7.558e-07
-2.96803e-08
7.63881e-07
-1.64294e-08
7.68431e-07
-1.12937e-08
7.6996e-07
-1.01046e-08
7.70182e-07
-1.191e-08
7.71076e-07
-1.36709e-08
7.73577e-07
-1.5022e-08
7.78931e-07
-1.63324e-08
7.85004e-07
-1.40379e-08
7.92949e-07
-1.41624e-08
-8.01321e-09
1.02035e-06
4.07052e-07
9.5332e-07
3.91423e-07
8.50438e-07
3.57573e-07
7.92482e-07
3.61577e-07
8.12587e-07
3.67907e-07
8.70021e-07
3.24244e-07
9.34509e-07
2.45643e-07
9.82735e-07
1.21727e-07
1.00847e-06
-3.52856e-08
1.02483e-06
-2.15999e-07
1.03886e-06
-3.74587e-07
1.04463e-06
-4.83554e-07
1.04263e-06
-5.69194e-07
1.03507e-06
-6.33132e-07
1.00754e-06
-6.49006e-07
9.57487e-07
-6.23495e-07
8.8952e-07
-5.65123e-07
8.1928e-07
-4.89062e-07
7.64461e-07
-4.18265e-07
7.3223e-07
-3.56706e-07
7.24986e-07
-3.01931e-07
7.35504e-07
-2.5635e-07
7.50244e-07
-2.17543e-07
7.59493e-07
-1.78696e-07
7.61032e-07
-1.41082e-07
7.58683e-07
-1.12536e-07
7.57381e-07
-9.21241e-08
7.59344e-07
-7.39148e-08
7.64033e-07
-5.3635e-08
7.70567e-07
-3.62138e-08
7.78673e-07
-2.45355e-08
7.88116e-07
-2.07366e-08
7.97364e-07
-1.93532e-08
8.04137e-07
-1.86826e-08
8.07306e-07
-1.68405e-08
8.06599e-07
-1.4315e-08
8.04544e-07
-1.42773e-08
8.0207e-07
-1.15632e-08
8.01193e-07
-1.32855e-08
-9.16592e-09
1.08478e-06
3.70379e-07
1.09574e-06
3.80468e-07
1.09336e-06
3.59948e-07
1.1031e-06
3.51837e-07
1.13275e-06
3.38255e-07
1.17049e-06
2.86506e-07
1.20812e-06
2.08012e-07
1.23377e-06
9.60804e-08
1.24705e-06
-4.85638e-08
1.24466e-06
-2.13609e-07
1.23686e-06
-3.66786e-07
1.22343e-06
-4.70129e-07
1.1802e-06
-5.25964e-07
1.11733e-06
-5.70256e-07
1.04636e-06
-5.78039e-07
9.64322e-07
-5.41459e-07
8.92031e-07
-4.92832e-07
8.3889e-07
-4.3592e-07
8.01547e-07
-3.80922e-07
7.80755e-07
-3.35914e-07
7.71053e-07
-2.9223e-07
7.66138e-07
-2.51435e-07
7.68189e-07
-2.19593e-07
7.7685e-07
-1.87358e-07
7.83026e-07
-1.47257e-07
7.81113e-07
-1.10623e-07
7.77052e-07
-8.80633e-08
7.79173e-07
-7.60351e-08
7.87626e-07
-6.20884e-08
7.95774e-07
-4.43617e-08
7.98681e-07
-2.74422e-08
7.9747e-07
-1.95256e-08
7.96713e-07
-1.85965e-08
7.99528e-07
-2.14978e-08
8.05527e-07
-2.28387e-08
8.12409e-07
-2.11975e-08
8.1691e-07
-1.87785e-08
8.18873e-07
-1.35261e-08
8.17074e-07
-1.14864e-08
-6.60501e-09
1.07621e-06
3.38804e-07
1.1219e-06
3.3477e-07
1.15593e-06
3.25919e-07
1.19905e-06
3.0872e-07
1.25018e-06
2.87129e-07
1.29842e-06
2.38264e-07
1.33961e-06
1.66823e-07
1.36546e-06
7.02233e-08
1.37367e-06
-5.67668e-08
1.35369e-06
-1.93626e-07
1.30304e-06
-3.16139e-07
1.24707e-06
-4.14164e-07
1.18662e-06
-4.65511e-07
1.10252e-06
-4.86153e-07
1.01949e-06
-4.95016e-07
9.51538e-07
-4.73503e-07
8.9705e-07
-4.38344e-07
8.65218e-07
-4.04088e-07
8.48005e-07
-3.6371e-07
8.35224e-07
-3.23133e-07
8.27608e-07
-2.84614e-07
8.17477e-07
-2.41304e-07
7.99229e-07
-2.01345e-07
7.83696e-07
-1.71825e-07
7.79649e-07
-1.4321e-07
7.80562e-07
-1.11536e-07
7.78807e-07
-8.63082e-08
7.77655e-07
-7.4883e-08
7.83957e-07
-6.83902e-08
7.96449e-07
-5.6854e-08
8.05839e-07
-3.68326e-08
8.05033e-07
-1.87191e-08
7.94821e-07
-8.38479e-09
7.82916e-07
-9.5926e-09
7.75678e-07
-1.56002e-08
7.76563e-07
-2.20835e-08
7.83659e-07
-2.58742e-08
7.9311e-07
-2.29769e-08
8.03434e-07
-2.18104e-08
-1.1522e-08
1.08405e-06
3.0188e-07
1.13431e-06
2.84515e-07
1.17609e-06
2.8413e-07
1.21428e-06
2.7053e-07
1.25632e-06
2.45092e-07
1.2982e-06
1.96388e-07
1.33715e-06
1.27868e-07
1.37296e-06
3.44116e-08
1.38495e-06
-6.87479e-08
1.35836e-06
-1.67038e-07
1.29968e-06
-2.57462e-07
1.22727e-06
-3.4175e-07
1.16534e-06
-4.03579e-07
1.10411e-06
-4.24924e-07
1.03707e-06
-4.27981e-07
9.87277e-07
-4.23709e-07
9.48935e-07
-4.00002e-07
9.11032e-07
-3.66185e-07
8.80182e-07
-3.32859e-07
8.53835e-07
-2.96786e-07
8.30406e-07
-2.61185e-07
8.15382e-07
-2.26281e-07
8.03857e-07
-1.8982e-07
7.89617e-07
-1.57586e-07
7.79162e-07
-1.32755e-07
7.79308e-07
-1.11682e-07
7.84896e-07
-9.18957e-08
7.87105e-07
-7.70925e-08
7.85122e-07
-6.6407e-08
7.84573e-07
-5.6305e-08
7.88206e-07
-4.04654e-08
7.92978e-07
-2.34917e-08
7.94162e-07
-9.56844e-09
7.90126e-07
-5.55644e-09
7.83223e-07
-8.69694e-09
7.75987e-07
-1.48477e-08
7.73057e-07
-2.29439e-08
7.73059e-07
-2.29789e-08
7.78511e-07
-2.72626e-08
-1.78103e-08
1.08119e-06
2.68728e-07
1.12274e-06
2.42963e-07
1.16156e-06
2.45307e-07
1.19399e-06
2.381e-07
1.23199e-06
2.07092e-07
1.26953e-06
1.58851e-07
1.30469e-06
9.27093e-08
1.33256e-06
6.54237e-09
1.33791e-06
-7.41019e-08
1.31182e-06
-1.40948e-07
1.2653e-06
-2.10947e-07
1.21033e-06
-2.86778e-07
1.15331e-06
-3.46552e-07
1.10078e-06
-3.724e-07
1.04569e-06
-3.72888e-07
9.91819e-07
-3.69839e-07
9.50754e-07
-3.58938e-07
9.14802e-07
-3.30233e-07
8.81394e-07
-2.99452e-07
8.57685e-07
-2.73076e-07
8.38892e-07
-2.42392e-07
8.21913e-07
-2.09302e-07
8.12806e-07
-1.80713e-07
8.11319e-07
-1.56099e-07
8.10464e-07
-1.31899e-07
8.08286e-07
-1.09504e-07
8.07656e-07
-9.12659e-08
8.08068e-07
-7.75045e-08
8.05422e-07
-6.3761e-08
7.98204e-07
-4.90871e-08
7.90427e-07
-3.26887e-08
7.87123e-07
-2.01873e-08
7.90636e-07
-1.30814e-08
7.9863e-07
-1.35502e-08
8.07286e-07
-1.73534e-08
8.12616e-07
-2.01781e-08
8.12759e-07
-2.30864e-08
8.09382e-07
-1.96015e-08
8.02816e-07
-2.06971e-08
-1.38951e-08
1.07888e-06
2.36398e-07
1.11186e-06
2.09981e-07
1.14602e-06
2.1115e-07
1.1791e-06
2.05018e-07
1.21147e-06
1.74715e-07
1.24359e-06
1.26739e-07
1.27157e-06
6.47209e-08
1.28366e-06
-5.54182e-09
1.28099e-06
-7.14308e-08
1.26538e-06
-1.25342e-07
1.23417e-06
-1.79734e-07
1.19194e-06
-2.44549e-07
1.14248e-06
-2.97092e-07
1.09327e-06
-3.23189e-07
1.05019e-06
-3.29806e-07
1.00552e-06
-3.25174e-07
9.63821e-07
-3.17238e-07
9.34886e-07
-3.01298e-07
9.09649e-07
-2.74215e-07
8.84625e-07
-2.48052e-07
8.67236e-07
-2.25002e-07
8.54959e-07
-1.97024e-07
8.42101e-07
-1.67855e-07
8.32344e-07
-1.46342e-07
8.29282e-07
-1.28837e-07
8.27493e-07
-1.07716e-07
8.20814e-07
-8.45861e-08
8.11188e-07
-6.78793e-08
8.04934e-07
-5.75071e-08
8.04563e-07
-4.87157e-08
8.07175e-07
-3.53005e-08
8.08764e-07
-2.17766e-08
8.07453e-07
-1.17703e-08
8.05123e-07
-1.12204e-08
8.03679e-07
-1.59087e-08
8.05878e-07
-2.23771e-08
8.0973e-07
-2.69386e-08
8.14649e-07
-2.45201e-08
8.17822e-07
-2.38702e-08
-1.29762e-08
1.07426e-06
2.0629e-07
1.09907e-06
1.85167e-07
1.12939e-06
1.80827e-07
1.16178e-06
1.72633e-07
1.19153e-06
1.44963e-07
1.21945e-06
9.88184e-08
1.23897e-06
4.52004e-08
1.24287e-06
-9.43758e-09
1.23616e-06
-6.47227e-08
1.22619e-06
-1.15368e-07
1.20748e-06
-1.61028e-07
1.17234e-06
-2.09407e-07
1.12885e-06
-2.53605e-07
1.08656e-06
-2.80893e-07
1.04914e-06
-2.9239e-07
1.01357e-06
-2.89606e-07
9.74506e-07
-2.78172e-07
9.4098e-07
-2.67771e-07
9.19555e-07
-2.52791e-07
8.99076e-07
-2.27573e-07
8.76125e-07
-2.02051e-07
8.60208e-07
-1.81107e-07
8.51047e-07
-1.58695e-07
8.39831e-07
-1.35126e-07
8.26578e-07
-1.15584e-07
8.17836e-07
-9.8974e-08
8.13916e-07
-8.06663e-08
8.09534e-07
-6.34968e-08
8.0346e-07
-5.14332e-08
7.99899e-07
-4.5155e-08
8.02497e-07
-3.78983e-08
8.08588e-07
-2.78681e-08
8.12407e-07
-1.5589e-08
8.08971e-07
-7.7838e-09
7.9947e-07
-6.40827e-09
7.87336e-07
-1.0243e-08
7.77992e-07
-1.75951e-08
7.72756e-07
-1.92835e-08
7.71961e-07
-2.30756e-08
-1.51332e-08
1.06753e-06
1.79362e-07
1.09034e-06
1.62361e-07
1.11722e-06
1.53949e-07
1.14596e-06
1.43894e-07
1.17261e-06
1.18312e-07
1.19399e-06
7.74338e-08
1.20829e-06
3.09007e-08
1.21258e-06
-1.37293e-08
1.20464e-06
-5.67812e-08
1.19271e-06
-1.03431e-07
1.1796e-06
-1.47919e-07
1.15454e-06
-1.84346e-07
1.11886e-06
-2.17926e-07
1.0821e-06
-2.4414e-07
1.04531e-06
-2.55602e-07
1.01291e-06
-2.57197e-07
9.86402e-07
-2.51668e-07
9.57801e-07
-2.3917e-07
9.29548e-07
-2.24538e-07
9.09267e-07
-2.07292e-07
8.92632e-07
-1.85416e-07
8.75642e-07
-1.64116e-07
8.63018e-07
-1.46071e-07
8.55114e-07
-1.27223e-07
8.45715e-07
-1.06185e-07
8.34328e-07
-8.75874e-08
8.27113e-07
-7.34508e-08
8.26152e-07
-6.25358e-08
8.26189e-07
-5.14708e-08
8.21798e-07
-4.07634e-08
8.13851e-07
-2.99511e-08
8.07292e-07
-2.13095e-08
8.05994e-07
-1.42906e-08
8.0957e-07
-1.13596e-08
8.1489e-07
-1.17287e-08
8.18251e-07
-1.36041e-08
8.17088e-07
-1.64321e-08
8.12952e-07
-1.51471e-08
8.05918e-07
-1.60419e-08
-1.04495e-08
1.06056e-06
1.5522e-07
1.08188e-06
1.41041e-07
1.10527e-06
1.30558e-07
1.13131e-06
1.1785e-07
1.1549e-06
9.47229e-08
1.17107e-06
6.12608e-08
1.18081e-06
2.11652e-08
1.18526e-06
-1.8177e-08
1.18215e-06
-5.36756e-08
1.17005e-06
-9.13295e-08
1.15383e-06
-1.31703e-07
1.13535e-06
-1.65864e-07
1.10912e-06
-1.91698e-07
1.07715e-06
-2.12162e-07
1.04573e-06
-2.24184e-07
1.01537e-06
-2.26837e-07
9.88427e-07
-2.24727e-07
9.65341e-07
-2.16084e-07
9.41188e-07
-2.00385e-07
9.18382e-07
-1.84486e-07
9.0265e-07
-1.69684e-07
8.89874e-07
-1.5134e-07
8.74345e-07
-1.30542e-07
8.59358e-07
-1.12236e-07
8.49796e-07
-9.66226e-08
8.43957e-07
-8.17482e-08
8.37664e-07
-6.71575e-08
8.30108e-07
-5.49805e-08
8.2327e-07
-4.4632e-08
8.18184e-07
-3.56774e-08
8.14483e-07
-2.62507e-08
8.11339e-07
-1.8166e-08
8.08952e-07
-1.19027e-08
8.07068e-07
-9.47603e-09
8.05203e-07
-9.86404e-09
8.03014e-07
-1.1415e-08
7.99943e-07
-1.33607e-08
7.96923e-07
-1.21271e-08
7.93183e-07
-1.23025e-08
-7.90746e-09
1.05466e-06
1.32269e-07
1.07501e-06
1.20695e-07
1.09564e-06
1.09923e-07
1.11728e-06
9.62092e-08
1.13696e-06
7.50407e-08
1.1518e-06
4.64262e-08
1.15906e-06
1.39017e-08
1.16053e-06
-1.96454e-08
1.15998e-06
-5.31202e-08
1.15303e-06
-8.43805e-08
1.13669e-06
-1.15362e-07
1.11751e-06
-1.46688e-07
1.09698e-06
-1.71168e-07
1.07122e-06
-1.864e-07
1.04444e-06
-1.97412e-07
1.01979e-06
-2.0218e-07
9.93573e-07
-1.98512e-07
9.68716e-07
-1.91227e-07
9.49907e-07
-1.81577e-07
9.3259e-07
-1.67168e-07
9.1317e-07
-1.50265e-07
8.95749e-07
-1.3392e-07
8.82847e-07
-1.1764e-07
8.71864e-07
-1.01253e-07
8.61118e-07
-8.58765e-08
8.51648e-07
-7.22787e-08
8.43749e-07
-5.92579e-08
8.36077e-07
-4.73086e-08
8.28199e-07
-3.67537e-08
8.21451e-07
-2.89297e-08
8.17526e-07
-2.23254e-08
8.16426e-07
-1.70665e-08
8.1658e-07
-1.20563e-08
8.15653e-07
-8.5488e-09
8.12637e-07
-6.848e-09
8.0771e-07
-6.48875e-09
8.02171e-07
-7.82133e-09
7.97411e-07
-7.36741e-09
7.93567e-07
-8.45802e-09
-6.1683e-09
1.04855e-06
1.12076e-07
1.06737e-06
1.01876e-07
1.08643e-06
9.08562e-08
1.10509e-06
7.7549e-08
1.12136e-06
5.87786e-08
1.13373e-06
3.40499e-08
1.14118e-06
6.45585e-09
1.14279e-06
-2.12592e-08
1.13958e-06
-4.99077e-08
1.13387e-06
-7.86749e-08
1.12377e-06
-1.05255e-07
1.10634e-06
-1.2926e-07
1.08594e-06
-1.50767e-07
1.06578e-06
-1.6624e-07
1.043e-06
-1.74631e-07
1.01919e-06
-1.78373e-07
9.98014e-07
-1.77336e-07
9.7744e-07
-1.70653e-07
9.56571e-07
-1.60708e-07
9.38087e-07
-1.48684e-07
9.21941e-07
-1.34119e-07
9.06513e-07
-1.18492e-07
8.92516e-07
-1.03643e-07
8.80607e-07
-8.93446e-08
8.69315e-07
-7.45842e-08
8.57826e-07
-6.07896e-08
8.47677e-07
-4.9109e-08
8.4035e-07
-3.99813e-08
8.35159e-07
-3.15626e-08
8.30135e-07
-2.39061e-08
8.24269e-07
-1.64591e-08
8.1812e-07
-1.09178e-08
8.12953e-07
-6.88966e-09
8.09549e-07
-5.1439e-09
8.07348e-07
-4.64759e-09
8.05718e-07
-4.85907e-09
8.03362e-07
-5.46507e-09
8.00856e-07
-4.86119e-09
7.97399e-07
-5.00133e-09
-3.25377e-09
1.04328e-06
9.31609e-08
1.06094e-06
8.42154e-08
1.07776e-06
7.40391e-08
1.09405e-06
6.1253e-08
1.10827e-06
4.45632e-08
1.1183e-06
2.40162e-08
1.12443e-06
3.32094e-10
1.12707e-06
-2.39009e-08
1.12499e-06
-4.78328e-08
1.11827e-06
-7.19482e-08
1.10882e-06
-9.58044e-08
1.09612e-06
-1.16562e-07
1.0789e-06
-1.33549e-07
1.05986e-06
-1.47202e-07
1.04103e-06
-1.55798e-07
1.02101e-06
-1.58347e-07
1.00058e-06
-1.56908e-07
9.81925e-07
-1.51999e-07
9.6405e-07
-1.42833e-07
9.46125e-07
-1.30759e-07
9.29779e-07
-1.17773e-07
9.1531e-07
-1.04022e-07
9.00987e-07
-8.932e-08
8.86776e-07
-7.5134e-08
8.74471e-07
-6.22793e-08
8.64603e-07
-5.09216e-08
8.55705e-07
-4.02103e-08
8.46504e-07
-3.07805e-08
8.37417e-07
-2.24753e-08
8.29704e-07
-1.61932e-08
8.24136e-07
-1.08917e-08
8.20333e-07
-7.1147e-09
8.17309e-07
-3.86548e-09
8.14079e-07
-1.91373e-09
8.10233e-07
-8.01339e-10
8.05987e-07
-6.12996e-10
8.01663e-07
-1.14171e-09
7.98024e-07
-1.2217e-09
7.94831e-07
-1.8091e-09
-1.33585e-09
1.03847e-06
7.60112e-08
1.05472e-06
6.79562e-08
1.07023e-06
5.85316e-08
1.08445e-06
4.70314e-08
1.09656e-06
3.2461e-08
1.10582e-06
1.47544e-08
1.1111e-06
-4.94523e-09
1.11258e-06
-2.53858e-08
1.1113e-06
-4.65501e-08
1.10654e-06
-6.71897e-08
1.09741e-06
-8.66735e-08
1.08574e-06
-1.04898e-07
1.07241e-06
-1.20212e-07
1.05622e-06
-1.3102e-07
1.03855e-06
-1.38125e-07
1.0216e-06
-1.41394e-07
1.00442e-06
-1.39732e-07
9.86399e-07
-1.33976e-07
9.69244e-07
-1.25679e-07
9.53384e-07
-1.14899e-07
9.37449e-07
-1.01839e-07
9.21569e-07
-8.81414e-08
9.07114e-07
-7.48656e-08
8.94199e-07
-6.22183e-08
8.81802e-07
-4.98824e-08
8.69675e-07
-3.87949e-08
8.58619e-07
-2.9154e-08
8.49265e-07
-2.14271e-08
8.41397e-07
-1.46069e-08
8.34374e-07
-9.17024e-09
8.27762e-07
-4.27973e-09
8.21669e-07
-1.02208e-09
8.16363e-07
1.44077e-09
8.12138e-07
2.31142e-09
8.08589e-07
2.74795e-09
8.05661e-07
2.3146e-09
8.02604e-07
1.91533e-09
7.99868e-07
1.51413e-09
7.96813e-07
1.24615e-09
1.24745e-09
1.03418e-06
6.00655e-08
1.04924e-06
5.2901e-08
1.06328e-06
4.44899e-08
1.076e-06
3.43126e-08
1.08669e-06
2.17688e-08
1.09455e-06
6.89731e-09
1.09935e-06
-9.75153e-09
1.10116e-06
-2.71952e-08
1.09956e-06
-4.49518e-08
1.09501e-06
-6.26381e-08
1.08799e-06
-7.96524e-08
1.07796e-06
-9.48712e-08
1.06547e-06
-1.07722e-07
1.05207e-06
-1.1762e-07
1.03768e-06
-1.23728e-07
1.02192e-06
-1.25641e-07
1.006e-06
-1.2381e-07
9.90452e-07
-1.18427e-07
9.7446e-07
-1.09687e-07
9.58109e-07
-9.85478e-08
9.42339e-07
-8.6069e-08
9.27245e-07
-7.3047e-08
9.12315e-07
-5.99356e-08
8.97771e-07
-4.76745e-08
8.84351e-07
-3.64618e-08
8.72315e-07
-2.67592e-08
8.61278e-07
-1.81171e-08
8.50978e-07
-1.11272e-08
8.41578e-07
-5.20687e-09
8.33414e-07
-1.00625e-09
8.26594e-07
2.54009e-09
8.21006e-07
4.56608e-09
8.1625e-07
6.19721e-09
8.11999e-07
6.56184e-09
8.0795e-07
6.7971e-09
8.04178e-07
6.08658e-09
8.00544e-07
5.54963e-09
7.97498e-07
4.55936e-09
7.94676e-07
4.06815e-09
3.20885e-09
1.03066e-06
4.53542e-08
1.04457e-06
3.89906e-08
1.05745e-06
3.16086e-08
1.06889e-06
2.28706e-08
1.07837e-06
1.22969e-08
1.08532e-06
-5.99332e-11
1.08952e-06
-1.39535e-08
1.09089e-06
-2.85557e-08
1.0896e-06
-4.36658e-08
1.08558e-06
-5.86143e-08
1.07892e-06
-7.29956e-08
1.07023e-06
-8.61844e-08
1.05976e-06
-9.72483e-08
1.04758e-06
-1.05446e-07
1.03434e-06
-1.10481e-07
1.02051e-06
-1.11818e-07
1.00589e-06
-1.09188e-07
9.90496e-07
-1.0303e-07
9.74711e-07
-9.39019e-08
9.58609e-07
-8.24457e-08
9.42168e-07
-6.96283e-08
9.25816e-07
-5.66949e-08
9.1013e-07
-4.42493e-08
8.95302e-07
-3.28466e-08
8.81315e-07
-2.24754e-08
8.68275e-07
-1.37184e-08
8.56447e-07
-6.28928e-09
8.46032e-07
-7.11964e-10
8.36986e-07
3.83839e-09
8.29094e-07
6.88617e-09
8.22204e-07
9.43038e-09
8.16283e-07
1.04872e-08
8.11204e-07
1.12762e-08
8.07054e-07
1.07116e-08
8.03495e-07
1.03564e-08
8.00604e-07
8.97732e-09
7.97863e-07
8.29018e-09
7.95568e-07
6.85485e-09
7.93215e-07
6.42065e-09
5.21961e-09
1.0262e-06
3.14623e-08
1.03925e-06
2.5938e-08
1.05111e-06
1.97471e-08
1.06147e-06
1.25171e-08
1.06995e-06
3.81564e-09
1.0761e-06
-6.21245e-09
1.07962e-06
-1.74756e-08
1.08059e-06
-2.9524e-08
1.07889e-06
-4.19626e-08
1.07466e-06
-5.43848e-08
1.06815e-06
-6.64882e-08
1.05949e-06
-7.75263e-08
1.04899e-06
-8.67468e-08
1.03699e-06
-9.34474e-08
1.02357e-06
-9.70587e-08
1.00891e-06
-9.71548e-08
9.93246e-07
-9.35272e-08
9.76582e-07
-8.63654e-08
9.58991e-07
-7.63109e-08
9.4085e-07
-6.43049e-08
9.2273e-07
-5.15085e-08
9.05015e-07
-3.89797e-08
8.88091e-07
-2.73252e-08
8.72234e-07
-1.69902e-08
8.57849e-07
-8.09028e-09
8.45143e-07
-1.01199e-09
8.33954e-07
4.89953e-09
8.24235e-07
9.0071e-09
8.15939e-07
1.21339e-08
8.09013e-07
1.38125e-08
8.03414e-07
1.50294e-08
7.9895e-07
1.49514e-08
7.95419e-07
1.48072e-08
7.92562e-07
1.35685e-08
7.9016e-07
1.27576e-08
7.88134e-07
1.10039e-08
7.86315e-07
1.01093e-08
7.8487e-07
8.2991e-09
7.83559e-07
7.73199e-09
6.0649e-09
1.01491e-06
1.78277e-08
1.02732e-06
1.35352e-08
1.03827e-06
8.79518e-09
1.04743e-06
3.35487e-09
1.05449e-06
-3.24027e-09
1.05919e-06
-1.09138e-08
1.06106e-06
-1.93504e-08
1.06001e-06
-2.84724e-08
1.05604e-06
-3.79948e-08
1.04918e-06
-4.7519e-08
1.03951e-06
-5.68212e-08
1.02723e-06
-6.52472e-08
1.01258e-06
-7.20925e-08
9.95826e-07
-7.66957e-08
9.77108e-07
-7.83411e-08
9.56774e-07
-7.68209e-08
9.34983e-07
-7.17358e-08
9.12295e-07
-6.36774e-08
8.89406e-07
-5.34223e-08
8.66925e-07
-4.18237e-08
8.45455e-07
-3.00384e-08
8.25754e-07
-1.92792e-08
8.08364e-07
-9.93497e-09
7.93391e-07
-2.01685e-09
7.80728e-07
4.57203e-09
7.7033e-07
9.38641e-09
7.62274e-07
1.29551e-08
7.56218e-07
1.50635e-08
7.5197e-07
1.63825e-08
7.49132e-07
1.665e-08
7.47488e-07
1.66738e-08
7.46687e-07
1.57522e-08
7.46599e-07
1.48952e-08
7.4698e-07
1.31874e-08
7.47725e-07
1.20129e-08
7.48616e-07
1.01121e-08
7.49592e-07
9.13416e-09
7.50495e-07
7.39529e-09
7.51361e-07
6.86669e-09
5.41933e-09
9.528e-07
4.77937e-09
9.63819e-07
2.51624e-09
9.72706e-07
-9.20736e-11
9.79128e-07
-3.06761e-09
9.82613e-07
-6.72467e-09
9.82658e-07
-1.0959e-08
9.78915e-07
-1.5607e-08
9.7108e-07
-2.06377e-08
9.59011e-07
-2.5926e-08
9.42689e-07
-3.11966e-08
9.2211e-07
-3.62427e-08
8.97629e-07
-4.07662e-08
8.69714e-07
-4.41773e-08
8.38967e-07
-4.59486e-08
8.06308e-07
-4.56822e-08
7.72451e-07
-4.29637e-08
7.38425e-07
-3.771e-08
7.05357e-07
-3.06094e-08
6.74493e-07
-2.25578e-08
6.47058e-07
-1.43895e-08
6.23869e-07
-6.84895e-09
6.05183e-07
-5.93066e-10
5.91173e-07
4.07479e-09
5.81626e-07
7.52983e-09
5.76234e-07
9.96466e-09
5.7418e-07
1.14404e-08
5.74911e-07
1.22239e-08
5.77671e-07
1.23036e-08
5.8206e-07
1.19932e-08
5.87439e-07
1.12713e-08
5.93599e-07
1.05139e-08
5.99875e-07
9.47591e-09
6.06236e-07
8.53442e-09
6.12066e-07
7.35711e-09
6.17632e-07
6.44666e-09
6.22411e-07
5.33331e-09
6.26897e-07
4.64806e-09
6.30613e-07
3.67953e-09
6.34147e-07
3.3329e-09
2.49912e-09
6.37848e-07
6.40365e-07
6.40273e-07
6.37205e-07
6.3048e-07
6.19521e-07
6.03914e-07
5.83277e-07
5.57351e-07
5.26154e-07
4.89911e-07
4.49145e-07
4.04968e-07
3.59019e-07
3.13337e-07
2.70373e-07
2.32663e-07
2.02054e-07
1.79496e-07
1.65106e-07
1.58258e-07
1.57664e-07
1.61739e-07
1.69269e-07
1.79234e-07
1.90674e-07
2.02898e-07
2.15202e-07
2.27195e-07
2.38466e-07
2.4898e-07
2.58456e-07
2.6699e-07
2.74347e-07
2.80794e-07
2.86127e-07
2.90776e-07
2.94455e-07
2.97788e-07
)
;

boundaryField
{
    inlet
    {
        type            calculated;
        value           nonuniform List<scalar> 
20
(
-1e-06
-1e-06
-1e-06
-1e-06
-1e-06
-1e-06
-1e-06
-1e-06
-1e-06
-1e-06
-1e-06
-1e-06
-1e-06
-1e-06
-1e-06
-1e-06
-1e-06
-1e-06
-1e-06
-1e-06
)
;
    }
    outlet
    {
        type            calculated;
        value           nonuniform List<scalar> 
27
(
7.98756e-07
8.02345e-07
8.14513e-07
8.08351e-07
7.84799e-07
7.98901e-07
8.16903e-07
7.74118e-07
8.01234e-07
7.90641e-07
7.91828e-07
7.94485e-07
7.92914e-07
7.9423e-07
7.92715e-07
7.91205e-07
7.82714e-07
7.52006e-07
6.37067e-07
3.00287e-07
3.08404e-07
6.43803e-07
7.45239e-07
7.68015e-07
7.73747e-07
7.73257e-07
7.67524e-07
)
;
    }
    lowerWall
    {
        type            calculated;
        value           uniform 0;
    }
    upperWall
    {
        type            calculated;
        value           uniform 0;
    }
    defaultFaces
    {
        type            empty;
        value           nonuniform List<scalar> 0();
    }
}


// ************************************************************************* //
