/*--------------------------------*- C++ -*----------------------------------*\
| =========                 |                                                 |
| \\      /  F ield         | OpenFOAM: The Open Source CFD Toolbox           |
|  \\    /   O peration     | Version:  2112                                  |
|   \\  /    A nd           | Website:  www.openfoam.com                      |
|    \\/     M anipulation  |                                                 |
\*---------------------------------------------------------------------------*/
FoamFile
{
    version     2.0;
    format      ascii;
    arch        "LSB;label=32;scalar=64";
    class       volVectorField;
    location    "0.18";
    object      U;
}
// * * * * * * * * * * * * * * * * * * * * * * * * * * * * * * * * * * * * * //

dimensions      [0 1 -1 0 0 0 0];

internalField   nonuniform List<vector> 
1880
(
(0.0990505 0.000608884 0)
(0.0984021 0.00116004 0)
(0.0973943 0.00129918 0)
(0.0958913 0.00131393 0)
(0.0941207 0.00131583 0)
(0.0925033 0.00138157 0)
(0.0907477 0.00148085 0)
(0.0887813 0.00144577 0)
(0.0870296 0.00131922 0)
(0.0855277 0.00127183 0)
(0.0837232 0.00139964 0)
(0.0818444 0.00145663 0)
(0.0798168 0.00147237 0)
(0.0781249 0.00126723 0)
(0.0761084 0.00114323 0)
(0.0748094 0.000770818 0)
(0.0731679 0.000711643 0)
(0.0725125 0.000390583 0)
(0.0711707 0.000545925 0)
(0.0707383 0.000331673 0)
(0.0693354 0.000599945 0)
(0.06882 0.000541966 0)
(0.0669772 0.000675846 0)
(0.0661843 0.00120504 0)
(0.0633438 0.000428817 0)
(0.0624631 0.00296618 0)
(0.0566959 -0.000559255 0)
(0.0576191 0.00659768 0)
(0.0435125 -0.00102145 0)
(0.0488576 0.010814 0)
(0.100018 0.000706872 0)
(0.100275 0.00141112 0)
(0.100713 0.00164797 0)
(0.101003 0.00173966 0)
(0.101068 0.00178666 0)
(0.101267 0.00188721 0)
(0.101323 0.00207511 0)
(0.101176 0.00215116 0)
(0.101015 0.00209938 0)
(0.101152 0.00200259 0)
(0.100768 0.0021637 0)
(0.100779 0.00219281 0)
(0.100107 0.00247844 0)
(0.100646 0.00218671 0)
(0.0993591 0.00246417 0)
(0.100154 0.00167737 0)
(0.0980776 0.00204428 0)
(0.0993116 0.0010765 0)
(0.0967168 0.00172345 0)
(0.0980841 0.000981694 0)
(0.0951495 0.00180598 0)
(0.0963645 0.00128711 0)
(0.0931816 0.00252728 0)
(0.0936111 0.00178056 0)
(0.0910975 0.00402357 0)
(0.0884019 0.00281877 0)
(0.0891044 0.00644129 0)
(0.0800615 0.00511682 0)
(0.0847625 0.0114677 0)
(0.0697522 0.00952957 0)
(0.10002 0.000253454 0)
(0.100168 0.000667889 0)
(0.100566 0.000953534 0)
(0.100885 0.00114826 0)
(0.101035 0.00125201 0)
(0.10138 0.00134637 0)
(0.101624 0.00150563 0)
(0.101653 0.00163224 0)
(0.10175 0.00167277 0)
(0.102107 0.00167365 0)
(0.102073 0.00179431 0)
(0.102216 0.00186314 0)
(0.102045 0.00205109 0)
(0.102658 0.00189199 0)
(0.102125 0.00214389 0)
(0.102681 0.00161577 0)
(0.101495 0.00213566 0)
(0.101991 0.00133568 0)
(0.100635 0.00222029 0)
(0.100486 0.00163257 0)
(0.0997941 0.00235029 0)
(0.0982485 0.0026834 0)
(0.0988408 0.00285317 0)
(0.0956451 0.00396861 0)
(0.0970404 0.00483092 0)
(0.0929619 0.00511064 0)
(0.0939048 0.0086764 0)
(0.0899965 0.00817703 0)
(0.0895094 0.013165 0)
(0.0871555 0.0164697 0)
(0.100025 0.000231858 0)
(0.100061 0.000630312 0)
(0.100335 0.000942881 0)
(0.100552 0.00117256 0)
(0.100629 0.00130464 0)
(0.100975 0.00139112 0)
(0.101235 0.00153226 0)
(0.101251 0.00166952 0)
(0.101321 0.00177049 0)
(0.101725 0.00177503 0)
(0.101728 0.00188064 0)
(0.101903 0.00188914 0)
(0.101732 0.0021339 0)
(0.102365 0.0020208 0)
(0.101883 0.00243487 0)
(0.102507 0.00200174 0)
(0.101346 0.00271439 0)
(0.102182 0.00185051 0)
(0.100501 0.00309885 0)
(0.101377 0.00194147 0)
(0.0995091 0.00374411 0)
(0.0999478 0.00259128 0)
(0.0986321 0.00479055 0)
(0.0978237 0.00398193 0)
(0.0976791 0.00648391 0)
(0.0953689 0.0064372 0)
(0.0959048 0.00928334 0)
(0.0936093 0.010386 0)
(0.0929454 0.0140913 0)
(0.0923447 0.016793 0)
(0.100027 0.000145659 0)
(0.100016 0.000409504 0)
(0.100238 0.00064465 0)
(0.100403 0.000845335 0)
(0.100435 0.000984001 0)
(0.10077 0.0010791 0)
(0.101031 0.00119938 0)
(0.101032 0.00133214 0)
(0.101084 0.00145273 0)
(0.101505 0.00150865 0)
(0.101524 0.00160232 0)
(0.101682 0.00164302 0)
(0.101491 0.00183731 0)
(0.102064 0.00183916 0)
(0.101695 0.00218919 0)
(0.102185 0.00203864 0)
(0.101446 0.00258251 0)
(0.10187 0.00228041 0)
(0.101094 0.00297075 0)
(0.101099 0.00290681 0)
(0.100538 0.00342204 0)
(0.0999915 0.00410611 0)
(0.0997075 0.00444052 0)
(0.0988291 0.00546215 0)
(0.0984648 0.00702639 0)
(0.0976984 0.00683879 0)
(0.0970786 0.0111273 0)
(0.0965378 0.01012 0)
(0.09607 0.0153604 0)
(0.0958609 0.016654 0)
(0.100028 0.0001213 0)
(0.1 0.000348865 0)
(0.100194 0.00056226 0)
(0.100327 0.000756541 0)
(0.100321 0.000905523 0)
(0.100635 0.00101321 0)
(0.100889 0.00112874 0)
(0.100886 0.00125951 0)
(0.100924 0.00139213 0)
(0.101352 0.001475 0)
(0.101373 0.00156877 0)
(0.101545 0.00162804 0)
(0.101336 0.00181101 0)
(0.101921 0.00187987 0)
(0.10155 0.00222751 0)
(0.102101 0.00219006 0)
(0.101384 0.0027558 0)
(0.101966 0.00251175 0)
(0.101193 0.00336931 0)
(0.101472 0.00306029 0)
(0.100907 0.00414616 0)
(0.100574 0.00414112 0)
(0.100629 0.00525387 0)
(0.0994711 0.00590909 0)
(0.100165 0.00708961 0)
(0.0987469 0.00833728 0)
(0.0991526 0.0102498 0)
(0.0989055 0.0115367 0)
(0.0983212 0.0148412 0)
(0.0991396 0.016498 0)
(0.100028 9.35994e-05 0)
(0.0999875 0.000267974 0)
(0.100163 0.000435763 0)
(0.100273 0.000595234 0)
(0.100243 0.000725087 0)
(0.100543 0.00082621 0)
(0.100794 0.00092937 0)
(0.100791 0.00105356 0)
(0.100828 0.00118202 0)
(0.101259 0.00128787 0)
(0.101292 0.00137777 0)
(0.101468 0.00147041 0)
(0.101284 0.0016217 0)
(0.101848 0.00177189 0)
(0.101566 0.00205137 0)
(0.102052 0.00221345 0)
(0.101565 0.00260068 0)
(0.101991 0.0027684 0)
(0.101613 0.00319612 0)
(0.101689 0.00358101 0)
(0.1015 0.00395967 0)
(0.101239 0.00475061 0)
(0.101234 0.00529979 0)
(0.100838 0.0061404 0)
(0.100894 0.00772083 0)
(0.100603 0.00790353 0)
(0.100726 0.0110138 0)
(0.100747 0.0110954 0)
(0.100998 0.0144877 0)
(0.101615 0.0159849 0)
(0.100028 7.34339e-05 0)
(0.0999823 0.000210575 0)
(0.100149 0.000346394 0)
(0.100247 0.000482569 0)
(0.100206 0.000600302 0)
(0.100498 0.000698019 0)
(0.100747 0.000794788 0)
(0.100745 0.000916391 0)
(0.100788 0.00104277 0)
(0.101222 0.00116567 0)
(0.101271 0.00125658 0)
(0.101451 0.00137282 0)
(0.101294 0.00150662 0)
(0.101858 0.00169972 0)
(0.101631 0.00195264 0)
(0.102123 0.00219577 0)
(0.101736 0.00255411 0)
(0.102176 0.00281745 0)
(0.101959 0.0032399 0)
(0.102028 0.00365719 0)
(0.102119 0.0040883 0)
(0.101741 0.00486623 0)
(0.102221 0.00532034 0)
(0.101599 0.00650703 0)
(0.102203 0.00725818 0)
(0.101904 0.00856531 0)
(0.10223 0.0101594 0)
(0.102691 0.0112441 0)
(0.102977 0.0137454 0)
(0.10375 0.0151671 0)
(0.100029 5.55068e-05 0)
(0.09998 0.000157965 0)
(0.100142 0.000261346 0)
(0.100235 0.000371336 0)
(0.10019 0.000470042 0)
(0.100478 0.000554771 0)
(0.100728 0.000638217 0)
(0.100729 0.000752 0)
(0.100783 0.000870508 0)
(0.101219 0.00100208 0)
(0.101292 0.00109001 0)
(0.101471 0.0012254 0)
(0.101361 0.0013387 0)
(0.101909 0.00157086 0)
(0.101767 0.00177922 0)
(0.102232 0.0021193 0)
(0.10198 0.00238304 0)
(0.102394 0.00283 0)
(0.102337 0.00308264 0)
(0.102447 0.00372808 0)
(0.102624 0.00399569 0)
(0.10248 0.00484726 0)
(0.102846 0.00538179 0)
(0.102721 0.00622454 0)
(0.103095 0.00740153 0)
(0.103247 0.008066 0)
(0.103688 0.00993685 0)
(0.104159 0.0107577 0)
(0.104855 0.0127752 0)
(0.105745 0.0142502 0)
(0.100029 3.82739e-05 0)
(0.0999798 0.000107479 0)
(0.100141 0.000178755 0)
(0.100234 0.000261934 0)
(0.10019 0.000340871 0)
(0.100479 0.000411157 0)
(0.100736 0.000481029 0)
(0.10074 0.000585627 0)
(0.10081 0.000696673 0)
(0.101249 0.000832948 0)
(0.101353 0.000921598 0)
(0.101531 0.00106857 0)
(0.10147 0.00117104 0)
(0.102006 0.00141818 0)
(0.101943 0.00160496 0)
(0.10239 0.00198348 0)
(0.102251 0.00221443 0)
(0.102655 0.00272703 0)
(0.102738 0.00293288 0)
(0.102853 0.00364411 0)
(0.103198 0.00384857 0)
(0.103076 0.00476536 0)
(0.103618 0.00513062 0)
(0.103578 0.00617312 0)
(0.10407 0.00687906 0)
(0.104418 0.00795621 0)
(0.104912 0.00916132 0)
(0.10557 0.0102319 0)
(0.106455 0.0117895 0)
(0.107264 0.0131752 0)
(0.100029 2.09326e-05 0)
(0.0999811 5.67863e-05 0)
(0.100146 9.56106e-05 0)
(0.100241 0.000150595 0)
(0.100204 0.000207876 0)
(0.100499 0.000261095 0)
(0.100767 0.000315019 0)
(0.100778 0.000407081 0)
(0.100866 0.000507925 0)
(0.10131 0.000642828 0)
(0.101448 0.000729796 0)
(0.101623 0.000880632 0)
(0.101615 0.000972036 0)
(0.102136 0.00122284 0)
(0.102155 0.00138735 0)
(0.102583 0.00178932 0)
(0.102544 0.00198759 0)
(0.102951 0.00254841 0)
(0.103125 0.00271627 0)
(0.103307 0.00345153 0)
(0.103691 0.00365849 0)
(0.103735 0.0044837 0)
(0.104247 0.00493662 0)
(0.104447 0.00575482 0)
(0.104922 0.00654699 0)
(0.105439 0.00740601 0)
(0.106052 0.00849122 0)
(0.106763 0.0095026 0)
(0.10775 0.0107035 0)
(0.108727 0.011955 0)
(0.100029 2.69113e-06 0)
(0.0999841 3.54663e-06 0)
(0.100154 8.78686e-06 0)
(0.100257 3.53633e-05 0)
(0.100231 7.18257e-05 0)
(0.100535 0.000109779 0)
(0.100817 0.000150403 0)
(0.100837 0.000229631 0)
(0.100946 0.000321189 0)
(0.101397 0.000453185 0)
(0.101572 0.00054134 0)
(0.101744 0.000691404 0)
(0.101791 0.000776717 0)
(0.102299 0.00101874 0)
(0.102395 0.00116978 0)
(0.102807 0.00156839 0)
(0.10286 0.00175118 0)
(0.103267 0.00231866 0)
(0.103524 0.0024696 0)
(0.103747 0.00320011 0)
(0.10419 0.00338308 0)
(0.104325 0.00418393 0)
(0.104874 0.00455679 0)
(0.105197 0.00538604 0)
(0.105714 0.00596971 0)
(0.106341 0.00688121 0)
(0.107028 0.00768024 0)
(0.107791 0.00866768 0)
(0.108899 0.00959592 0)
(0.10985 0.010742 0)
(0.100029 -1.81667e-05 0)
(0.0999895 -5.76134e-05 0)
(0.10017 -9.14269e-05 0)
(0.100287 -0.000100175 0)
(0.100278 -9.1701e-05 0)
(0.100598 -7.55514e-05 0)
(0.100898 -5.53162e-05 0)
(0.100928 2.51722e-06 0)
(0.101059 7.65908e-05 0)
(0.101518 0.000197461 0)
(0.10173 0.00028344 0)
(0.101901 0.000425766 0)
(0.101999 0.000503815 0)
(0.102496 0.00072901 0)
(0.102663 0.000872555 0)
(0.103059 0.00125842 0)
(0.103185 0.00144325 0)
(0.103597 0.00199974 0)
(0.103909 0.00216335 0)
(0.104184 0.00285339 0)
(0.104644 0.00306039 0)
(0.104886 0.00376979 0)
(0.105431 0.00415463 0)
(0.105871 0.00486797 0)
(0.106418 0.00539738 0)
(0.107114 0.00620619 0)
(0.107866 0.00685598 0)
(0.108692 0.00774422 0)
(0.1098 0.00848526 0)
(0.11085 0.00942746 0)
(0.100029 -4.14537e-05 0)
(0.0999958 -0.00012335 0)
(0.100188 -0.000194416 0)
(0.100322 -0.000233768 0)
(0.100333 -0.000243694 0)
(0.100673 -0.00023777 0)
(0.100993 -0.000229033 0)
(0.101035 -0.000185988 0)
(0.101191 -0.000120593 0)
(0.101664 -2.08871e-06 0)
(0.101914 8.83991e-05 0)
(0.102089 0.000224874 0)
(0.10224 0.000301706 0)
(0.102735 0.000507995 0)
(0.102971 0.000646198 0)
(0.103358 0.00100458 0)
(0.103549 0.00118923 0)
(0.10396 0.00170923 0)
(0.104311 0.00187733 0)
(0.10462 0.00250804 0)
(0.105088 0.00271212 0)
(0.105403 0.00334588 0)
(0.105949 0.00368648 0)
(0.106461 0.0043314 0)
(0.107042 0.00475366 0)
(0.107778 0.0054916 0)
(0.108582 0.0059918 0)
(0.109433 0.0067778 0)
(0.11057 0.00734303 0)
(0.111639 0.00816502 0)
(0.100028 -7.58902e-05 0)
(0.100012 -0.00022275 0)
(0.100229 -0.000350659 0)
(0.100393 -0.00043826 0)
(0.100439 -0.000478947 0)
(0.100804 -0.000490879 0)
(0.101144 -0.000502509 0)
(0.1012 -0.000487077 0)
(0.101384 -0.000439512 0)
(0.101869 -0.00033244 0)
(0.102151 -0.000247029 0)
(0.102331 -0.000130603 0)
(0.102533 -6.6491e-05 0)
(0.103024 0.000107187 0)
(0.103313 0.000238977 0)
(0.103681 0.000572515 0)
(0.103911 0.000777939 0)
(0.10431 0.00127628 0)
(0.104678 0.00148097 0)
(0.105013 0.00206389 0)
(0.105477 0.0022906 0)
(0.10585 0.00284846 0)
(0.106395 0.00317002 0)
(0.10696 0.00372616 0)
(0.107571 0.00408138 0)
(0.108332 0.00471574 0)
(0.109166 0.005112 0)
(0.110056 0.00576857 0)
(0.111176 0.00622202 0)
(0.112284 0.00686673 0)
(0.100027 -0.000105329 0)
(0.100029 -0.000297936 0)
(0.100277 -0.000458213 0)
(0.100479 -0.000566984 0)
(0.100572 -0.000611997 0)
(0.100968 -0.000624722 0)
(0.101326 -0.000653131 0)
(0.1014 -0.000661459 0)
(0.101615 -0.000622262 0)
(0.102115 -0.000521466 0)
(0.102425 -0.000442441 0)
(0.102614 -0.00034599 0)
(0.102869 -0.000283047 0)
(0.103378 -0.000118304 0)
(0.103733 3.21471e-05 0)
(0.104103 0.000354933 0)
(0.104373 0.000576602 0)
(0.104756 0.00102562 0)
(0.105118 0.0012286 0)
(0.105449 0.00172616 0)
(0.105885 0.00193135 0)
(0.106281 0.00239258 0)
(0.106811 0.00266108 0)
(0.107394 0.00312078 0)
(0.108026 0.00339734 0)
(0.108791 0.00392324 0)
(0.109647 0.00422176 0)
(0.110551 0.0047561 0)
(0.111666 0.00509163 0)
(0.112781 0.00560923 0)
(0.100025 -0.000199491 0)
(0.100076 -0.000540047 0)
(0.10038 -0.000791014 0)
(0.100639 -0.000945588 0)
(0.100783 -0.000998498 0)
(0.1012 -0.00101685 0)
(0.10157 -0.00107635 0)
(0.101674 -0.0011156 0)
(0.101923 -0.00107306 0)
(0.102423 -0.00096313 0)
(0.102749 -0.000890734 0)
(0.102969 -0.000827164 0)
(0.103306 -0.00078284 0)
(0.103851 -0.00064477 0)
(0.104247 -0.000491184 0)
(0.104578 -0.000185435 0)
(0.104817 7.56434e-05 0)
(0.105132 0.000523735 0)
(0.105454 0.000778841 0)
(0.105762 0.00123973 0)
(0.106172 0.00145931 0)
(0.106585 0.00185754 0)
(0.107115 0.00209157 0)
(0.107712 0.00246786 0)
(0.108374 0.00268235 0)
(0.109134 0.00310063 0)
(0.110018 0.00332049 0)
(0.11092 0.00373004 0)
(0.112042 0.00397773 0)
(0.113141 0.00435724 0)
(0.100021 -0.000229771 0)
(0.100186 -0.000601785 0)
(0.100616 -0.000842449 0)
(0.100983 -0.000981804 0)
(0.101207 -0.00102752 0)
(0.101632 -0.00106936 0)
(0.101992 -0.00116625 0)
(0.102126 -0.00121541 0)
(0.10241 -0.00115303 0)
(0.102891 -0.00106084 0)
(0.103192 -0.00104793 0)
(0.103407 -0.00105104 0)
(0.103773 -0.00101034 0)
(0.104321 -0.000852727 0)
(0.10473 -0.000625959 0)
(0.10505 -0.00027856 0)
(0.105293 4.78994e-05 0)
(0.105576 0.000452619 0)
(0.105835 0.000678468 0)
(0.106096 0.00102023 0)
(0.106442 0.0011699 0)
(0.106838 0.00144462 0)
(0.107339 0.00159617 0)
(0.107923 0.00185272 0)
(0.108607 0.00199055 0)
(0.109343 0.00228627 0)
(0.110265 0.00242614 0)
(0.111144 0.00271271 0)
(0.112297 0.00287429 0)
(0.113356 0.00313415 0)
(0.100019 -0.000690826 0)
(0.100293 -0.0013665 0)
(0.100766 -0.00157252 0)
(0.101109 -0.00162737 0)
(0.101258 -0.00163509 0)
(0.101545 -0.00170177 0)
(0.101742 -0.0018397 0)
(0.101706 -0.00187176 0)
(0.101789 -0.00173506 0)
(0.102036 -0.00160596 0)
(0.102113 -0.00161955 0)
(0.102124 -0.0016771 0)
(0.102255 -0.00167565 0)
(0.102543 -0.00155397 0)
(0.10268 -0.00130212 0)
(0.10285 -0.000902579 0)
(0.102928 -0.000470246 0)
(0.103244 -4.22583e-05 0)
(0.103454 0.000249035 0)
(0.103929 0.000545479 0)
(0.104273 0.000703269 0)
(0.10492 0.000890563 0)
(0.105408 0.00100605 0)
(0.106225 0.00115165 0)
(0.106879 0.00124076 0)
(0.107832 0.00141328 0)
(0.108702 0.00148978 0)
(0.1098 0.00165581 0)
(0.110878 0.0017426 0)
(0.112156 0.00188104 0)
(0.099051 -0.000604686 0)
(0.0984227 -0.00114814 0)
(0.0974528 -0.00127763 0)
(0.0960102 -0.00128139 0)
(0.0943278 -0.00127189 0)
(0.0928168 -0.0013267 0)
(0.0912052 -0.00140693 0)
(0.0894021 -0.00136026 0)
(0.0878716 -0.00120723 0)
(0.0865975 -0.00114539 0)
(0.0851549 -0.0012228 0)
(0.0835672 -0.00128114 0)
(0.082068 -0.00122555 0)
(0.0807267 -0.00105958 0)
(0.0794926 -0.000823654 0)
(0.0785696 -0.000541349 0)
(0.0779692 -0.000280321 0)
(0.0778232 -6.74195e-05 0)
(0.0778301 7.6644e-05 0)
(0.078181 0.000185443 0)
(0.0785062 0.000247911 0)
(0.0791555 0.000307579 0)
(0.0796642 0.000347572 0)
(0.0805292 0.000385313 0)
(0.0811635 0.000426903 0)
(0.0822167 0.000467419 0)
(0.0829977 0.000497123 0)
(0.0842202 0.000545904 0)
(0.0851524 0.000565234 0)
(0.0865517 0.000594311 0)
(0.0232243 0.010014 0)
(0.0605794 0.0168948 0)
(0.0530699 0.0189308 0)
(0.0843085 0.0411007 1.01646e-21)
(0.0497329 0.0221646 6.84687e-22)
(0.0931448 0.0348454 0)
(0.0787387 0.0376876 4.31206e-22)
(0.115126 0.0521175 9.538e-23)
(0.0772569 0.034208 9.06595e-22)
(0.124394 0.0380989 0)
(0.0748042 0.0218592 0)
(0.0861039 0.0293361 0)
(0.0841905 0.0234069 0)
(0.0924517 0.046659 0)
(0.101446 0.0494409 0)
(0.105413 0.0350077 1.89833e-22)
(0.104945 0.0326161 9.32608e-23)
(0.130295 0.0687943 -8.88142e-23)
(0.12814 0.0661117 -6.53111e-22)
(0.134644 0.0475169 -5.3387e-22)
(0.083325 0.0205183 0)
(0.0917512 0.0268554 0)
(0.0918905 0.0301923 0)
(0.0925945 0.0283522 0)
(0.10984 0.0447852 0)
(0.114154 0.0388113 -1.89846e-22)
(0.108275 0.0302769 -9.32645e-23)
(0.119903 0.0396052 8.88153e-23)
(0.136719 0.0608601 3.28712e-22)
(0.149891 0.0390209 5.33987e-22)
(0.0919849 0.0216153 -4.53291e-22)
(0.0937259 0.0249492 0)
(0.100604 0.0298408 -3.58542e-22)
(0.10036 0.031345 -3.00462e-22)
(0.108089 0.0367274 -2.07191e-22)
(0.115824 0.0366345 0)
(0.11806 0.0358342 0)
(0.120648 0.0399108 1.15453e-22)
(0.135425 0.0477697 2.72949e-22)
(0.147301 0.0318396 4.42393e-22)
(0.0956586 0.0213562 4.53294e-22)
(0.098472 0.023113 0)
(0.101788 0.0283309 3.58542e-22)
(0.105319 0.0268214 3.00463e-22)
(0.110578 0.033934 2.07192e-22)
(0.116942 0.0311055 0)
(0.119312 0.0315047 0)
(0.124993 0.0304729 -1.15453e-22)
(0.136196 0.0395984 -2.72952e-22)
(0.144306 0.0287521 -4.42395e-22)
(0.0993221 0.0201006 0)
(0.101334 0.0223806 -3.31254e-22)
(0.10562 0.025601 0)
(0.108687 0.0258671 -2.28496e-22)
(0.112596 0.0296158 0)
(0.118418 0.0288268 0)
(0.122573 0.0313194 0)
(0.126807 0.0297539 -1.2119e-22)
(0.133765 0.0317345 0)
(0.14232 0.0242892 0)
(0.102051 0.0192289 3.31849e-22)
(0.104495 0.0201637 6.31346e-22)
(0.107712 0.0236823 2.56276e-22)
(0.110855 0.0231489 2.28496e-22)
(0.114688 0.0271771 0)
(0.11942 0.024921 -6.61728e-23)
(0.123352 0.0259655 0)
(0.128474 0.0249939 1.21191e-22)
(0.134579 0.0269782 0)
(0.140317 0.0201068 0)
(0.104795 0.0176299 -3.3185e-22)
(0.106638 0.0190619 -3.00092e-22)
(0.109879 0.0212789 -2.56277e-22)
(0.112935 0.0212343 0)
(0.116386 0.0234573 0)
(0.120861 0.0229999 6.6173e-23)
(0.124626 0.0242332 0)
(0.128575 0.0222531 0)
(0.133682 0.022194 0)
(0.138473 0.0181442 0)
(0.106691 0.0163783 0)
(0.108744 0.0170504 -2.49471e-22)
(0.111597 0.0191569 0)
(0.114481 0.0190853 -1.63541e-22)
(0.117607 0.0211018 0)
(0.121308 0.0198699 0)
(0.125135 0.0203757 2.39068e-23)
(0.129113 0.0190731 1.01691e-22)
(0.133012 0.0189073 0)
(0.136657 0.0146452 2.61075e-22)
(0.108585 0.0147132 0)
(0.110362 0.0156399 2.49471e-22)
(0.112958 0.0170141 0)
(0.115684 0.0170763 1.63542e-22)
(0.118726 0.0182018 0)
(0.122131 0.017764 0)
(0.125502 0.0181019 -2.39069e-23)
(0.128762 0.0165011 -1.01692e-22)
(0.13239 0.0158732 0)
(0.135526 0.0130174 -2.61076e-22)
(0.109952 0.0133191 1.1909e-22)
(0.111729 0.0138212 0)
(0.114146 0.0150466 0)
(0.116698 0.0150614 6.92549e-23)
(0.119419 0.0159815 0)
(0.122426 0.0153034 0)
(0.125609 0.0153692 0)
(0.128618 0.0140178 -4.10381e-23)
(0.131529 0.0133571 0)
(0.134184 0.0105992 0)
(0.111186 0.0117226 -7.41689e-24)
(0.112873 0.0122843 0)
(0.115037 0.0131329 8.40432e-23)
(0.117415 0.0131675 -4.32909e-24)
(0.120023 0.0137063 0)
(0.122755 0.0132659 0)
(0.125578 0.0131771 -8.01107e-24)
(0.128214 0.0119236 4.10381e-23)
(0.130876 0.0111734 -6.46616e-23)
(0.133211 0.00907429 -9.33587e-23)
(0.11215 0.0102899 -6.11341e-24)
(0.113763 0.0106341 0)
(0.11579 0.0113383 -4.58196e-24)
(0.11801 0.0113366 -3.26625e-24)
(0.120385 0.0117211 4.15156e-23)
(0.122873 0.0112341 -1.87913e-23)
(0.125448 0.0110614 2.2943e-24)
(0.127842 0.00993763 -3.13686e-23)
(0.130143 0.00923125 7.23117e-24)
(0.132217 0.00735464 9.68598e-24)
(0.112943 0.0087924 -1.0556e-22)
(0.114506 0.00911312 0)
(0.11636 0.00962013 -7.94614e-23)
(0.118417 0.00961035 -6.16598e-23)
(0.120656 0.00982399 -4.15157e-23)
(0.122933 0.00941917 3.80285e-23)
(0.125262 0.00917374 5.71679e-24)
(0.127432 0.00820875 3.13687e-23)
(0.129529 0.00751764 5.74306e-23)
(0.131406 0.00601318 8.3673e-23)
(0.113575 0.0073819 0)
(0.115067 0.00759829 0)
(0.116812 0.0079834 0)
(0.118733 0.00795996 0)
(0.120803 0.00807809 0)
(0.122908 0.00768682 -1.92372e-23)
(0.125043 0.0074257 0)
(0.127041 0.0065793 0)
(0.128944 0.00596072 0)
(0.130658 0.00468124 0)
(0.114066 0.00597843 0)
(0.115503 0.00614994 0)
(0.117151 0.00642525 0)
(0.118932 0.00639268 0)
(0.120884 0.00643249 0)
(0.122833 0.00609411 -1.05127e-23)
(0.124814 0.0058171 0)
(0.126664 0.00510866 0)
(0.128439 0.00455065 0)
(0.130023 0.00352193 0)
(0.114448 0.00462165 0)
(0.115807 0.00473225 0)
(0.117411 0.00491482 3.46831e-23)
(0.119049 0.00487588 0)
(0.120912 0.00486447 1.98157e-23)
(0.122696 0.00456513 1.05127e-23)
(0.12458 0.00429612 0)
(0.126276 0.00371044 -8.16799e-24)
(0.127967 0.00323257 0)
(0.129402 0.00240837 0)
(0.114704 0.00330195 0)
(0.115905 0.00337257 0)
(0.117522 0.00347882 -3.46832e-23)
(0.118927 0.00343497 0)
(0.12077 0.00337883 -1.98157e-23)
(0.122282 0.00313211 0)
(0.124147 0.00287185 0)
(0.125555 0.00240578 8.16801e-24)
(0.127222 0.00200028 0)
(0.128333 0.0013742 0)
(0.113429 0.0019498 -1.11315e-23)
(0.114233 0.00197772 -9.92048e-24)
(0.115751 0.00199464 -8.51428e-24)
(0.116661 0.00194934 0)
(0.118383 0.00185642 -5.07315e-24)
(0.119295 0.00167734 0)
(0.121036 0.00145219 -8.67071e-25)
(0.121719 0.0011303 0)
(0.123247 0.000806991 3.8561e-24)
(0.123436 0.000392903 6.28833e-24)
(0.0876161 0.000574336 1.11303e-23)
(0.0883856 0.000537937 9.9193e-24)
(0.089549 0.00047691 8.51322e-24)
(0.0902624 0.000407449 0)
(0.0914328 0.000309215 5.07245e-24)
(0.0919325 0.000197652 0)
(0.0929026 4.73102e-05 8.66936e-25)
(0.0928872 -0.000108588 0)
(0.0934106 -0.000292937 -3.85542e-24)
(0.0925676 -0.000467035 -6.28718e-24)
(0.00115656 -0.00145157 0)
(-0.00701519 -0.00124643 0)
(-0.0264722 0.00584798 0)
(-0.051742 0.0100312 0)
(-0.0872781 0.0121546 0)
(-0.11013 0.0082734 0)
(-0.120118 0.00262866 0)
(-0.112397 -0.00329105 0)
(-0.0925525 -0.00630919 0)
(-0.0695474 -0.00820568 0)
(-0.0425625 -0.00772508 0)
(-0.0182516 -0.00716116 0)
(0.00423982 -0.00585637 0)
(0.0223384 -0.00435871 0)
(0.0366266 -0.00287448 0)
(0.0468738 -0.00159561 0)
(0.0538337 -0.000631065 0)
(0.0582416 1.86858e-05 0)
(0.0607935 0.000401624 0)
(0.0620669 0.000583464 0)
(0.0625132 0.000630325 0)
(0.06247 0.00059899 0)
(0.0621707 0.0005282 0)
(0.0617625 0.000444382 0)
(0.0613334 0.00036414 0)
(0.0609277 0.000294936 0)
(0.0605676 0.000237914 0)
(0.0602575 0.000192014 0)
(0.0599958 0.00015535 0)
(0.059779 0.000126529 0)
(0.0595952 0.00010318 0)
(0.05945 8.47042e-05 0)
(0.05932 6.92878e-05 0)
(0.0592284 5.66532e-05 0)
(0.0591354 4.62316e-05 0)
(0.0590848 3.66709e-05 0)
(0.0590196 2.98931e-05 0)
(0.0589989 2.13741e-05 0)
(0.0589603 1.79557e-05 0)
(0.058955 8.81695e-06 0)
(0.00249444 0.00535888 0)
(-0.00916036 0.0216128 0)
(-0.037529 0.0254255 0)
(-0.0686796 0.0329967 0)
(-0.100886 0.0294933 0)
(-0.12306 0.0187174 0)
(-0.120648 0.00012937 0)
(-0.111938 -0.0156958 0)
(-0.0857202 -0.0256875 0)
(-0.0637762 -0.0285089 0)
(-0.0341131 -0.0293553 0)
(-0.0101898 -0.0263346 0)
(0.0130464 -0.0231063 0)
(0.0322724 -0.0187571 0)
(0.048268 -0.0143723 0)
(0.0606975 -0.0104318 0)
(0.0701391 -0.00723845 0)
(0.0772131 -0.00480093 0)
(0.0824801 -0.00301479 0)
(0.0863781 -0.00175484 0)
(0.0892367 -0.000903689 0)
(0.0913091 -0.000357512 0)
(0.0927904 -3.21476e-05 0)
(0.0938383 0.000143101 0)
(0.0945737 0.000219337 0)
(0.0950924 0.00024053 0)
(0.0954541 0.000228492 0)
(0.0957219 0.000207694 0)
(0.0959062 0.000178473 0)
(0.0960625 0.000153734 0)
(0.0961587 0.000127534 0)
(0.0962654 0.000107155 0)
(0.0963133 8.70345e-05 0)
(0.0963999 7.09784e-05 0)
(0.0964186 5.61907e-05 0)
(0.0964995 4.18378e-05 0)
(0.0965012 3.22006e-05 0)
(0.0965827 1.74772e-05 0)
(0.0965776 1.27361e-05 0)
(0.0966601 -3.78067e-06 0)
(-0.00735002 0.00439203 0)
(-0.0208329 0.0288421 0)
(-0.0528339 0.0445531 0)
(-0.067697 0.0501413 0)
(-0.096919 0.0480239 0)
(-0.103307 0.02414 0)
(-0.0988793 -0.0043908 0)
(-0.0826356 -0.0295261 0)
(-0.0589445 -0.0427851 0)
(-0.034774 -0.0478538 0)
(-0.0112438 -0.0465224 0)
(0.00898036 -0.0420684 0)
(0.0268836 -0.0368846 0)
(0.0419455 -0.0302322 0)
(0.0545803 -0.0234769 0)
(0.0647524 -0.0174016 0)
(0.072849 -0.0125179 0)
(0.0792472 -0.00885373 0)
(0.0842939 -0.00619398 0)
(0.0882897 -0.00428482 0)
(0.0914635 -0.00292035 0)
(0.0939793 -0.00195331 0)
(0.0959564 -0.00128133 0)
(0.0974978 -0.000822172 0)
(0.098683 -0.000522758 0)
(0.0996016 -0.000325678 0)
(0.100299 -0.000207731 0)
(0.100854 -0.000126757 0)
(0.101267 -8.41152e-05 0)
(0.10162 -5.13785e-05 0)
(0.101869 -3.78364e-05 0)
(0.10211 -2.49341e-05 0)
(0.102259 -2.30648e-05 0)
(0.10244 -1.88101e-05 0)
(0.102525 -2.14438e-05 0)
(0.102674 -2.34605e-05 0)
(0.102716 -2.67228e-05 0)
(0.10285 -3.4135e-05 0)
(0.102865 -3.6424e-05 0)
(0.102993 -4.9044e-05 0)
(-0.0104667 0.0227744 0)
(-0.0263564 0.0546082 0)
(-0.0285407 0.0566486 0)
(-0.0504955 0.0639748 0)
(-0.0634199 0.0553779 0)
(-0.062398 0.0236658 0)
(-0.0519595 -0.0135472 0)
(-0.0374061 -0.0449221 0)
(-0.0133997 -0.061374 0)
(0.00597633 -0.0639352 0)
(0.0259373 -0.0608072 0)
(0.0416966 -0.0537917 0)
(0.053829 -0.046441 0)
(0.0629954 -0.0383561 0)
(0.0698288 -0.0303155 0)
(0.0749414 -0.0231712 0)
(0.0793226 -0.0172946 0)
(0.083399 -0.0127156 0)
(0.0870917 -0.00928651 0)
(0.0902603 -0.0067646 0)
(0.0928781 -0.00491317 0)
(0.0950047 -0.00354849 0)
(0.0967181 -0.00254866 0)
(0.0980969 -0.00181899 0)
(0.0991946 -0.00130296 0)
(0.100079 -0.000931394 0)
(0.100772 -0.000681715 0)
(0.101343 -0.00049763 0)
(0.101778 -0.000380117 0)
(0.102159 -0.000286977 0)
(0.102433 -0.000230157 0)
(0.1027 -0.000180173 0)
(0.10287 -0.000153323 0)
(0.103071 -0.00012504 0)
(0.103172 -0.000113241 0)
(0.103336 -9.96104e-05 0)
(0.103389 -9.50276e-05 0)
(0.103534 -9.26695e-05 0)
(0.103554 -9.17099e-05 0)
(0.103693 -9.92741e-05 0)
(-0.0189511 0.033907 0)
(-0.0252 0.0438925 0)
(-0.0280408 0.0592565 0)
(-0.0249873 0.0712428 0)
(-0.014827 0.056232 0)
(-0.0096515 0.0199384 0)
(-1.55051e-05 -0.0213084 0)
(0.00931978 -0.055538 0)
(0.0243055 -0.0736372 0)
(0.0392712 -0.0767009 0)
(0.0521282 -0.0726971 0)
(0.0654185 -0.0631906 0)
(0.0753405 -0.0526782 0)
(0.0825794 -0.0420266 0)
(0.0874276 -0.0318725 0)
(0.089019 -0.0239643 0)
(0.0888897 -0.0184938 0)
(0.0891266 -0.0144605 0)
(0.0903885 -0.0111854 0)
(0.0922907 -0.00849915 0)
(0.0942849 -0.00637255 0)
(0.0960551 -0.00474125 0)
(0.09751 -0.00352111 0)
(0.0986801 -0.00261299 0)
(0.0996136 -0.00195382 0)
(0.100376 -0.00146168 0)
(0.100985 -0.00111577 0)
(0.1015 -0.000849243 0)
(0.1019 -0.000668377 0)
(0.102257 -0.000520962 0)
(0.102518 -0.000424072 0)
(0.102774 -0.000338391 0)
(0.10294 -0.00028721 0)
(0.103136 -0.0002349 0)
(0.103235 -0.000208668 0)
(0.103395 -0.000178994 0)
(0.103448 -0.000166353 0)
(0.10359 -0.000153373 0)
(0.103611 -0.000148817 0)
(0.103747 -0.000150405 0)
(0.030238 0.0477482 0)
(0.0184519 0.0692439 0)
(0.0396304 0.0559204 0)
(0.042684 0.0591188 0)
(0.0490487 0.0475514 0)
(0.0505949 0.0155335 0)
(0.0514895 -0.0250796 0)
(0.0479778 -0.0610168 0)
(0.0519719 -0.082256 0)
(0.0609456 -0.0840591 0)
(0.067131 -0.0791321 0)
(0.0742377 -0.0702799 0)
(0.0802066 -0.0591599 0)
(0.0844229 -0.0480034 0)
(0.0904484 -0.0357971 0)
(0.0959612 -0.0244688 0)
(0.0976657 -0.0171441 0)
(0.0966276 -0.0135162 0)
(0.0954227 -0.0113888 0)
(0.0952471 -0.00945549 0)
(0.0959829 -0.00753253 0)
(0.0971192 -0.00579274 0)
(0.0982646 -0.00437248 0)
(0.0992558 -0.00327924 0)
(0.10006 -0.00248178 0)
(0.100717 -0.00188793 0)
(0.101243 -0.0014696 0)
(0.101691 -0.00114339 0)
(0.102044 -0.000916934 0)
(0.102364 -0.000728089 0)
(0.1026 -0.000599753 0)
(0.102836 -0.000484072 0)
(0.102989 -0.000412121 0)
(0.103172 -0.000338228 0)
(0.103265 -0.000298982 0)
(0.103415 -0.000254371 0)
(0.103466 -0.00023429 0)
(0.1036 -0.000211345 0)
(0.10362 -0.000203497 0)
(0.103748 -0.000199347 0)
(-0.0366677 0.00156957 0)
(0.0276702 0.0323631 0)
(0.0485507 0.038978 0)
(0.0823513 0.0618484 0)
(0.0955102 0.0541791 0)
(0.100736 0.0221205 0)
(0.0994897 -0.0174367 0)
(0.0953227 -0.0562136 0)
(0.0894205 -0.0855952 0)
(0.0885761 -0.0897991 0)
(0.0900706 -0.0811157 0)
(0.0895911 -0.0705848 0)
(0.0889368 -0.0581104 0)
(0.0846651 -0.0480379 0)
(0.0823189 -0.0393257 0)
(0.0863275 -0.0289869 0)
(0.0928371 -0.0192739 0)
(0.0972444 -0.0131399 0)
(0.0987308 -0.0103049 0)
(0.0987117 -0.00892891 0)
(0.0985524 -0.00773388 0)
(0.098766 -0.00640589 0)
(0.099287 -0.00509268 0)
(0.0999187 -0.00394491 0)
(0.100521 -0.00304432 0)
(0.101056 -0.00234552 0)
(0.1015 -0.00184076 0)
(0.101889 -0.0014424 0)
(0.102198 -0.00116203 0)
(0.102483 -0.000927796 0)
(0.102695 -0.000766496 0)
(0.102909 -0.000621 0)
(0.103049 -0.000528823 0)
(0.103216 -0.000434503 0)
(0.103302 -0.000383051 0)
(0.10344 -0.000324543 0)
(0.103487 -0.000297588 0)
(0.10361 -0.000265382 0)
(0.103629 -0.000254527 0)
(0.103747 -0.000244957 0)
(0.117673 0.050527 0)
(0.0967701 0.0214333 0)
(0.0898875 0.00906584 0)
(0.103664 0.0251666 0)
(0.123082 0.0326224 0)
(0.13492 0.0144576 0)
(0.136816 -0.0186632 0)
(0.14324 -0.0529526 0)
(0.139327 -0.0785819 0)
(0.121597 -0.0874294 0)
(0.113565 -0.0805251 0)
(0.107443 -0.0696608 0)
(0.102051 -0.0552424 0)
(0.0951623 -0.0418607 0)
(0.0852286 -0.035186 0)
(0.0798767 -0.0306345 0)
(0.0820311 -0.0242913 0)
(0.088298 -0.0175007 0)
(0.0943859 -0.0123697 0)
(0.0982432 -0.00928631 0)
(0.0999728 -0.00749594 0)
(0.100541 -0.00621095 0)
(0.100749 -0.00508309 0)
(0.100961 -0.00405779 0)
(0.101241 -0.00320663 0)
(0.101563 -0.00251798 0)
(0.101873 -0.00201413 0)
(0.102168 -0.0016097 0)
(0.102413 -0.0013225 0)
(0.102647 -0.00107454 0)
(0.102823 -0.000900065 0)
(0.103007 -0.000737058 0)
(0.103127 -0.000631758 0)
(0.103274 -0.000521528 0)
(0.103349 -0.000460301 0)
(0.103472 -0.000389628 0)
(0.103515 -0.000356653 0)
(0.103625 -0.00031593 0)
(0.103642 -0.000302361 0)
(0.103748 -0.000287614 0)
(0.143849 0.0370897 0)
(0.154934 0.0395837 0)
(0.150906 0.0321485 0)
(0.14374 0.0305695 0)
(0.153918 0.0296082 0)
(0.162231 0.0136575 0)
(0.1639 -0.0207975 0)
(0.17036 -0.0542999 0)
(0.171854 -0.0666193 0)
(0.148852 -0.0703879 0)
(0.127251 -0.0688587 0)
(0.115835 -0.0610875 0)
(0.105709 -0.0495248 0)
(0.099526 -0.0361938 0)
(0.0941505 -0.0280783 0)
(0.087931 -0.0262313 0)
(0.083984 -0.0251986 0)
(0.0843882 -0.0219351 0)
(0.0882408 -0.0172437 0)
(0.0931904 -0.0127435 0)
(0.0973184 -0.00932333 0)
(0.0998919 -0.00701158 0)
(0.101141 -0.00548918 0)
(0.101639 -0.00441323 0)
(0.101848 -0.00359615 0)
(0.102011 -0.00290766 0)
(0.102187 -0.00236299 0)
(0.102395 -0.00189614 0)
(0.10259 -0.00155099 0)
(0.102789 -0.00125362 0)
(0.102944 -0.00104461 0)
(0.103105 -0.000853465 0)
(0.103211 -0.00072997 0)
(0.103338 -0.000602353 0)
(0.103405 -0.00053089 0)
(0.103511 -0.000448666 0)
(0.103548 -0.000410039 0)
(0.103643 -0.000361539 0)
(0.103658 -0.00034552 0)
(0.10375 -0.000326018 0)
(0.156489 0.028659 0)
(0.161763 0.029242 0)
(0.164871 0.0210434 0)
(0.162198 0.0197887 0)
(0.167343 0.0216986 0)
(0.178416 0.0117726 0)
(0.188144 -0.0216754 0)
(0.181796 -0.0585316 0)
(0.168016 -0.0662979 0)
(0.150629 -0.0593536 0)
(0.129945 -0.0586669 0)
(0.117183 -0.0547898 0)
(0.107965 -0.0441785 0)
(0.101471 -0.0337608 0)
(0.101182 -0.0269117 0)
(0.103715 -0.0233338 0)
(0.10374 -0.021677 0)
(0.100476 -0.0207969 0)
(0.0970017 -0.0193609 0)
(0.0956505 -0.0165321 0)
(0.0964677 -0.0127332 0)
(0.0983068 -0.0090528 0)
(0.100078 -0.00626532 0)
(0.10132 -0.00443523 0)
(0.102049 -0.00333081 0)
(0.102446 -0.00263501 0)
(0.102659 -0.00219203 0)
(0.102806 -0.00183124 0)
(0.102916 -0.00156364 0)
(0.103035 -0.00130759 0)
(0.10313 -0.00111733 0)
(0.103243 -0.000927743 0)
(0.103319 -0.000801523 0)
(0.103419 -0.000665393 0)
(0.103471 -0.000588197 0)
(0.103557 -0.000497578 0)
(0.103587 -0.000454796 0)
(0.103665 -0.000399976 0)
(0.103678 -0.000382009 0)
(0.103753 -0.000358448 0)
(0.147402 0.0289817 0)
(0.154388 0.0312606 0)
(0.161932 0.025686 0)
(0.16084 0.0233064 0)
(0.165858 0.0162235 0)
(0.177918 0.000311953 0)
(0.188085 -0.0217931 0)
(0.175785 -0.0402612 0)
(0.153631 -0.0471125 0)
(0.143084 -0.0439257 0)
(0.132312 -0.0430247 0)
(0.11863 -0.0428081 0)
(0.110967 -0.036493 0)
(0.107279 -0.0305043 0)
(0.105044 -0.0293938 0)
(0.105904 -0.0284078 0)
(0.110308 -0.0235989 0)
(0.114369 -0.017287 0)
(0.11452 -0.0130982 0)
(0.111227 -0.0114229 0)
(0.107079 -0.0105531 0)
(0.10393 -0.00932409 0)
(0.102277 -0.00767892 0)
(0.101769 -0.00599858 0)
(0.101841 -0.00460068 0)
(0.102117 -0.003521 0)
(0.10242 -0.00276376 0)
(0.102695 -0.00218806 0)
(0.102911 -0.00178999 0)
(0.103091 -0.00145704 0)
(0.103219 -0.00122455 0)
(0.103335 -0.00100882 0)
(0.103409 -0.000868048 0)
(0.103493 -0.00071977 0)
(0.103536 -0.000635691 0)
(0.103604 -0.000537425 0)
(0.103628 -0.00049094 0)
(0.103689 -0.000430893 0)
(0.103699 -0.000411312 0)
(0.103757 -0.000384394 0)
(0.143372 0.0220859 0)
(0.151254 0.0211351 0)
(0.1559 0.0184652 0)
(0.159332 0.0155648 0)
(0.166342 0.0103821 0)
(0.173106 -0.00243181 0)
(0.173839 -0.0211384 0)
(0.163713 -0.0342448 0)
(0.150655 -0.0411325 0)
(0.143607 -0.0431424 0)
(0.136187 -0.0416828 0)
(0.123646 -0.0404028 0)
(0.116796 -0.0364849 0)
(0.118324 -0.0294852 0)
(0.116751 -0.0262244 0)
(0.107643 -0.027697 0)
(0.0993248 -0.0280533 0)
(0.0977801 -0.0242265 0)
(0.101296 -0.0180654 0)
(0.105764 -0.0123066 0)
(0.108377 -0.00834761 0)
(0.108682 -0.00608025 0)
(0.107592 -0.00480337 0)
(0.106174 -0.00396475 0)
(0.105023 -0.00336437 0)
(0.104266 -0.00285489 0)
(0.103824 -0.00244843 0)
(0.103596 -0.00206664 0)
(0.103491 -0.00176804 0)
(0.103467 -0.00147972 0)
(0.103473 -0.001265 0)
(0.10351 -0.00105213 0)
(0.103541 -0.000910096 0)
(0.103588 -0.000756886 0)
(0.103614 -0.000669407 0)
(0.103658 -0.000566249 0)
(0.103675 -0.000517335 0)
(0.103716 -0.000453554 0)
(0.103723 -0.000432836 0)
(0.103763 -0.000403398 0)
(0.144352 0.0205888 0)
(0.147074 0.0217581 0)
(0.151927 0.0180339 0)
(0.15616 0.012417 0)
(0.159488 0.0056086 0)
(0.164905 -0.00423742 0)
(0.166242 -0.0132576 0)
(0.159617 -0.0227007 0)
(0.14814 -0.0330003 0)
(0.137964 -0.0349985 0)
(0.132623 -0.0291543 0)
(0.126403 -0.02798 0)
(0.117701 -0.0319684 0)
(0.112988 -0.0296769 0)
(0.112257 -0.0204361 0)
(0.108817 -0.0140312 0)
(0.101351 -0.0144524 0)
(0.093866 -0.0172158 0)
(0.0899114 -0.0177637 0)
(0.0900322 -0.0153987 0)
(0.0925431 -0.0116247 0)
(0.0955844 -0.00813027 0)
(0.0981872 -0.00571585 0)
(0.100088 -0.00426065 0)
(0.101361 -0.00342427 0)
(0.102189 -0.00286239 0)
(0.102724 -0.00246198 0)
(0.103072 -0.00209151 0)
(0.103294 -0.00179932 0)
(0.10344 -0.00151188 0)
(0.103531 -0.00129632 0)
(0.103595 -0.00108073 0)
(0.103632 -0.000936477 0)
(0.103667 -0.000779935 0)
(0.103686 -0.000690318 0)
(0.103711 -0.000584185 0)
(0.103721 -0.000533787 0)
(0.103743 -0.000467686 0)
(0.103747 -0.000446268 0)
(0.103768 -0.000415178 0)
(0.141078 0.0168936 0)
(0.144276 0.0155181 0)
(0.149635 0.0120681 0)
(0.152577 0.00973421 0)
(0.156733 0.00437853 0)
(0.158069 -0.00610294 0)
(0.154984 -0.0155542 0)
(0.154441 -0.0201577 0)
(0.150174 -0.0244761 0)
(0.137471 -0.0306091 0)
(0.129225 -0.0324779 0)
(0.129498 -0.029047 0)
(0.126011 -0.026389 0)
(0.116138 -0.0259792 0)
(0.110264 -0.0242339 0)
(0.112822 -0.0209674 0)
(0.119757 -0.0183198 0)
(0.124326 -0.0169773 0)
(0.123083 -0.0161283 0)
(0.118112 -0.0147682 0)
(0.112954 -0.0126188 0)
(0.109231 -0.0101014 0)
(0.106975 -0.00778136 0)
(0.105706 -0.00592598 0)
(0.104982 -0.00456902 0)
(0.104537 -0.00356772 0)
(0.104246 -0.00286585 0)
(0.104049 -0.00231323 0)
(0.103922 -0.00191924 0)
(0.103844 -0.00157749 0)
(0.103801 -0.00133378 0)
(0.10378 -0.00110356 0)
(0.103771 -0.000951911 0)
(0.103768 -0.000791157 0)
(0.103768 -0.000699351 0)
(0.103769 -0.000591538 0)
(0.10377 -0.000540308 0)
(0.103772 -0.000473188 0)
(0.103773 -0.00045145 0)
(0.103775 -0.000419583 0)
(0.140037 0.0157332 0)
(0.14299 0.0143259 0)
(0.145722 0.0113808 0)
(0.148544 0.00661083 0)
(0.152123 0.00197968 0)
(0.153612 -0.00246101 0)
(0.151932 -0.0106421 0)
(0.14735 -0.0189874 0)
(0.143371 -0.0206663 0)
(0.14003 -0.0205797 0)
(0.133086 -0.0244421 0)
(0.125298 -0.0264852 0)
(0.121576 -0.022387 0)
(0.120075 -0.0173391 0)
(0.117176 -0.0168665 0)
(0.111903 -0.0198518 0)
(0.106123 -0.0213658 0)
(0.102337 -0.0187913 0)
(0.100802 -0.0136616 0)
(0.100532 -0.00886941 0)
(0.100816 -0.00587518 0)
(0.101326 -0.00439654 0)
(0.101907 -0.00370635 0)
(0.102461 -0.00329589 0)
(0.102928 -0.00298105 0)
(0.103287 -0.00265379 0)
(0.103545 -0.00235832 0)
(0.103712 -0.00203926 0)
(0.103814 -0.0017742 0)
(0.103861 -0.00150175 0)
(0.103881 -0.0012937 0)
(0.103876 -0.00108166 0)
(0.103869 -0.000938733 0)
(0.103851 -0.00078268 0)
(0.103842 -0.000693044 0)
(0.103823 -0.000586788 0)
(0.103818 -0.000536217 0)
(0.1038 -0.000469749 0)
(0.103798 -0.00044822 0)
(0.103781 -0.000416539 0)
(0.138579 0.012537 0)
(0.140946 0.0108516 0)
(0.143939 0.00809279 0)
(0.146125 0.00522025 0)
(0.147368 0.0010015 0)
(0.14882 -0.00525891 0)
(0.148774 -0.00984607 0)
(0.145232 -0.0133384 0)
(0.140343 -0.0190225 0)
(0.136836 -0.0225257 0)
(0.133349 -0.0207836 0)
(0.127828 -0.0197391 0)
(0.12229 -0.0223056 0)
(0.119624 -0.0233445 0)
(0.119464 -0.0194683 0)
(0.119123 -0.0140406 0)
(0.116616 -0.0117283 0)
(0.112605 -0.0125945 0)
(0.10919 -0.01378 0)
(0.107263 -0.0135688 0)
(0.106424 -0.0120428 0)
(0.10605 -0.00992728 0)
(0.105785 -0.00784202 0)
(0.105514 -0.0060675 0)
(0.105232 -0.00470074 0)
(0.104954 -0.00365507 0)
(0.104709 -0.00290454 0)
(0.104497 -0.00231544 0)
(0.104337 -0.00189776 0)
(0.104208 -0.00154572 0)
(0.104121 -0.00129854 0)
(0.104045 -0.00107052 0)
(0.103999 -0.000921436 0)
(0.103947 -0.000765173 0)
(0.103921 -0.000676015 0)
(0.103879 -0.000571923 0)
(0.103866 -0.000522393 0)
(0.103828 -0.00045777 0)
(0.103823 -0.000436791 0)
(0.103787 -0.000406171 0)
(0.137209 0.0112579 0)
(0.139305 0.00948361 0)
(0.14134 0.00699561 0)
(0.143086 0.00384712 0)
(0.145035 0.00042573 0)
(0.145437 -0.00334973 0)
(0.14398 -0.00820397 0)
(0.142609 -0.0124804 0)
(0.140087 -0.0142415 0)
(0.135002 -0.0159618 0)
(0.13045 -0.018723 0)
(0.128413 -0.0191332 0)
(0.126037 -0.0165198 0)
(0.121199 -0.0146549 0)
(0.116177 -0.015321 0)
(0.11348 -0.0165781 0)
(0.112804 -0.0162962 0)
(0.112375 -0.0140432 0)
(0.111093 -0.0108856 0)
(0.109228 -0.00806235 0)
(0.107465 -0.00609139 0)
(0.106157 -0.00485103 0)
(0.105339 -0.00405914 0)
(0.104889 -0.00348023 0)
(0.104668 -0.00302967 0)
(0.104556 -0.00261917 0)
(0.104495 -0.00227961 0)
(0.104434 -0.0019453 0)
(0.104378 -0.00167724 0)
(0.104301 -0.00141121 0)
(0.104236 -0.00121026 0)
(0.104156 -0.00100874 0)
(0.104101 -0.000873542 0)
(0.10403 -0.000727454 0)
(0.103993 -0.000643715 0)
(0.103932 -0.000545196 0)
(0.103911 -0.000498269 0)
(0.103855 -0.000437148 0)
(0.103847 -0.000417251 0)
(0.103793 -0.000388644 0)
(0.135951 0.00901357 0)
(0.137773 0.00736861 0)
(0.139621 0.00520587 0)
(0.141 0.00272356 0)
(0.141962 -0.000342303 0)
(0.142594 -0.00397979 0)
(0.142074 -0.00725955 0)
(0.139823 -0.0102523 0)
(0.137167 -0.0132901 0)
(0.134958 -0.0151222 0)
(0.131729 -0.0154045 0)
(0.127214 -0.0157693 0)
(0.123608 -0.0166203 0)
(0.121891 -0.0164932 0)
(0.120692 -0.0147227 0)
(0.118612 -0.0124151 0)
(0.115599 -0.010969 0)
(0.112484 -0.0105901 0)
(0.110101 -0.0104061 0)
(0.108643 -0.00980317 0)
(0.107805 -0.00875866 0)
(0.107242 -0.00747733 0)
(0.10677 -0.00618123 0)
(0.106329 -0.00499259 0)
(0.105923 -0.00400288 0)
(0.105551 -0.00318444 0)
(0.105235 -0.00256436 0)
(0.104959 -0.0020565 0)
(0.104746 -0.00168931 0)
(0.104559 -0.00137638 0)
(0.104426 -0.00115612 0)
(0.104296 -0.000952451 0)
(0.104213 -0.000819428 0)
(0.104115 -0.00068013 0)
(0.104064 -0.000600864 0)
(0.103982 -0.000508784 0)
(0.103954 -0.000464976 0)
(0.10388 -0.000408536 0)
(0.103869 -0.000390075 0)
(0.103798 -0.000364318 0)
(0.134789 0.00768473 0)
(0.136356 0.00615398 0)
(0.137843 0.00422369 0)
(0.139029 0.00196915 0)
(0.139976 -0.000493271 0)
(0.140211 -0.00326486 0)
(0.139485 -0.00620347 0)
(0.138218 -0.00875782 0)
(0.136211 -0.0105998 0)
(0.133272 -0.0121576 0)
(0.13033 -0.0134424 0)
(0.127957 -0.0137195 0)
(0.125492 -0.0130045 0)
(0.122393 -0.0123154 0)
(0.119229 -0.0121638 0)
(0.116806 -0.0120646 0)
(0.115163 -0.0115211 0)
(0.113797 -0.0103496 0)
(0.112322 -0.00877242 0)
(0.110753 -0.00718052 0)
(0.109301 -0.00582999 0)
(0.108096 -0.00477288 0)
(0.107168 -0.00396881 0)
(0.106481 -0.00333067 0)
(0.105984 -0.00282843 0)
(0.105609 -0.0023916 0)
(0.105325 -0.00204225 0)
(0.10508 -0.00171608 0)
(0.104886 -0.00146077 0)
(0.104697 -0.00121674 0)
(0.104555 -0.00103571 0)
(0.104406 -0.000858609 0)
(0.104308 -0.000741254 0)
(0.104189 -0.000616095 0)
(0.104128 -0.000544915 0)
(0.104027 -0.000461976 0)
(0.103993 -0.000422563 0)
(0.103903 -0.000372233 0)
(0.103889 -0.000355675 0)
(0.103802 -0.000333603 0)
(0.133749 0.00610407 0)
(0.135146 0.00474816 0)
(0.136459 0.00309783 0)
(0.137416 0.00122917 0)
(0.138057 -0.000904893 0)
(0.138322 -0.00326211 0)
(0.137822 -0.00551869 0)
(0.136482 -0.00759697 0)
(0.134712 -0.0094574 0)
(0.132728 -0.0107337 0)
(0.130303 -0.0113637 0)
(0.127486 -0.0117394 0)
(0.12482 -0.0119889 0)
(0.122609 -0.0118318 0)
(0.120636 -0.0110774 0)
(0.118612 -0.00999398 0)
(0.116488 -0.00898696 0)
(0.114367 -0.00822788 0)
(0.112439 -0.00760314 0)
(0.110868 -0.00692047 0)
(0.10965 -0.00613963 0)
(0.108685 -0.00529844 0)
(0.107891 -0.00446933 0)
(0.107216 -0.00369231 0)
(0.106645 -0.00302487 0)
(0.106153 -0.00244832 0)
(0.105748 -0.00199923 0)
(0.105397 -0.00161839 0)
(0.105124 -0.00133906 0)
(0.104877 -0.00109489 0)
(0.104697 -0.000921584 0)
(0.104516 -0.000758968 0)
(0.104398 -0.000653087 0)
(0.104257 -0.000541766 0)
(0.104185 -0.000479031 0)
(0.104068 -0.000406485 0)
(0.104028 -0.000372149 0)
(0.103923 -0.00032903 0)
(0.103907 -0.000314731 0)
(0.103806 -0.000297064 0)
(0.13283 0.00491221 0)
(0.134078 0.00372326 0)
(0.135203 0.00230535 0)
(0.136047 0.000695628 0)
(0.136601 -0.00102476 0)
(0.13674 -0.00290153 0)
(0.136263 -0.00480692 0)
(0.135257 -0.00648554 0)
(0.13381 -0.00782828 0)
(0.131885 -0.00889957 0)
(0.129675 -0.00967348 0)
(0.127482 -0.00996573 0)
(0.125331 -0.00977768 0)
(0.123094 -0.00936785 0)
(0.120787 -0.00896271 0)
(0.118593 -0.00855387 0)
(0.116634 -0.00803192 0)
(0.114883 -0.00733872 0)
(0.113284 -0.00646749 0)
(0.11181 -0.00552791 0)
(0.11048 -0.00464765 0)
(0.109324 -0.00388032 0)
(0.108355 -0.00324231 0)
(0.107554 -0.00270593 0)
(0.106908 -0.00227168 0)
(0.106374 -0.00189333 0)
(0.105945 -0.00159258 0)
(0.105573 -0.00131842 0)
(0.10528 -0.00110848 0)
(0.105008 -0.000913644 0)
(0.104809 -0.000772465 0)
(0.104606 -0.00063683 0)
(0.104474 -0.000548681 0)
(0.104315 -0.000455196 0)
(0.104234 -0.000403043 0)
(0.104102 -0.000342757 0)
(0.104057 -0.000314428 0)
(0.103939 -0.000279621 0)
(0.103921 -0.000267956 0)
(0.103807 -0.000255335 0)
(0.13202 0.00371946 0)
(0.133172 0.00269375 0)
(0.134181 0.0015114 0)
(0.13491 0.000195906 0)
(0.13535 -0.00123827 0)
(0.135473 -0.00277343 0)
(0.135099 -0.00427153 0)
(0.13419 -0.00562096 0)
(0.132892 -0.00679161 0)
(0.131307 -0.0076689 0)
(0.129451 -0.00816373 0)
(0.127394 -0.00836378 0)
(0.125284 -0.00837646 0)
(0.123209 -0.00819741 0)
(0.12118 -0.007789 0)
(0.119213 -0.00718046 0)
(0.117319 -0.00648878 0)
(0.115501 -0.00580207 0)
(0.113789 -0.00515757 0)
(0.112238 -0.00455391 0)
(0.110891 -0.00396997 0)
(0.109744 -0.00340158 0)
(0.108774 -0.00287135 0)
(0.107947 -0.00238421 0)
(0.107254 -0.00196918 0)
(0.106663 -0.00160619 0)
(0.106179 -0.00132291 0)
(0.105759 -0.00107604 0)
(0.105429 -0.000893917 0)
(0.105127 -0.000730215 0)
(0.104905 -0.000614367 0)
(0.104681 -0.000504352 0)
(0.104537 -0.000434109 0)
(0.104363 -0.000359708 0)
(0.104274 -0.000319058 0)
(0.104129 -0.000272254 0)
(0.10408 -0.00025059 0)
(0.103951 -0.000224976 0)
(0.103932 -0.000216251 0)
(0.103808 -0.000209184 0)
(0.131323 0.00270191 0)
(0.132401 0.0018407 0)
(0.133318 0.000865186 0)
(0.133976 -0.000211125 0)
(0.134356 -0.00135226 0)
(0.134438 -0.00255823 0)
(0.1341 -0.00376447 0)
(0.133336 -0.00483986 0)
(0.132236 -0.00570602 0)
(0.130819 -0.0063539 0)
(0.12912 -0.00677821 0)
(0.127273 -0.00693963 0)
(0.12539 -0.00683251 0)
(0.123469 -0.00652332 0)
(0.121498 -0.00609032 0)
(0.119526 -0.00559747 0)
(0.117622 -0.00508843 0)
(0.115826 -0.00456742 0)
(0.114158 -0.00403019 0)
(0.112641 -0.00348287 0)
(0.11129 -0.00295433 0)
(0.110104 -0.00247222 0)
(0.10908 -0.00205655 0)
(0.108202 -0.00169801 0)
(0.107466 -0.00140502 0)
(0.106839 -0.00115009 0)
(0.106327 -0.000951511 0)
(0.10588 -0.000773819 0)
(0.105529 -0.000642858 0)
(0.105207 -0.000522986 0)
(0.104971 -0.00043934 0)
(0.104732 -0.000359238 0)
(0.104578 -0.000309408 0)
(0.104392 -0.000256128 0)
(0.104298 -0.000228188 0)
(0.104144 -0.000196042 0)
(0.104093 -0.00018167 0)
(0.103955 -0.000166003 0)
(0.103934 -0.000160506 0)
(0.103802 -0.000159401 0)
(0.130662 0.00172544 0)
(0.131695 0.00102208 0)
(0.132546 0.000251266 0)
(0.133145 -0.000598005 0)
(0.133473 -0.00149164 0)
(0.133528 -0.00242771 0)
(0.133229 -0.00334976 0)
(0.132546 -0.00416317 0)
(0.13154 -0.00482739 0)
(0.130248 -0.00531608 0)
(0.128711 -0.00557938 0)
(0.127012 -0.0056029 0)
(0.125219 -0.00543931 0)
(0.123356 -0.00514559 0)
(0.121443 -0.00475269 0)
(0.119525 -0.00429 0)
(0.11766 -0.00379522 0)
(0.115886 -0.00330349 0)
(0.114225 -0.00283513 0)
(0.112704 -0.00239971 0)
(0.111343 -0.00200927 0)
(0.110148 -0.00166481 0)
(0.109116 -0.00136912 0)
(0.108229 -0.00111289 0)
(0.107483 -0.000904531 0)
(0.106844 -0.000725259 0)
(0.106322 -0.000589765 0)
(0.105865 -0.000470146 0)
(0.105507 -0.000385738 0)
(0.105178 -0.000308473 0)
(0.104937 -0.000257195 0)
(0.104693 -0.000207731 0)
(0.104537 -0.000179025 0)
(0.104347 -0.000147744 0)
(0.104251 -0.000133084 0)
(0.104093 -0.000116263 0)
(0.104042 -0.000109548 0)
(0.1039 -0.000104284 0)
(0.10388 -0.00010219 0)
(0.103744 -0.000107239 0)
(0.129558 0.000825197 0)
(0.130554 0.00027155 0)
(0.131331 -0.000310531 0)
(0.131843 -0.000937295 0)
(0.132078 -0.00158723 0)
(0.132034 -0.00226453 0)
(0.131652 -0.00293692 0)
(0.130916 -0.00351841 0)
(0.129876 -0.0039655 0)
(0.128565 -0.00426655 0)
(0.127006 -0.00439076 0)
(0.125273 -0.00431737 0)
(0.123449 -0.00407078 0)
(0.121575 -0.00370222 0)
(0.119675 -0.00326172 0)
(0.117792 -0.00279693 0)
(0.115978 -0.00235051 0)
(0.114271 -0.00195051 0)
(0.112693 -0.00160159 0)
(0.111264 -0.00129814 0)
(0.109996 -0.00103857 0)
(0.10889 -0.000819398 0)
(0.107941 -0.000640249 0)
(0.10713 -0.000493061 0)
(0.10645 -0.00037998 0)
(0.105873 -0.000286503 0)
(0.105402 -0.000220961 0)
(0.104992 -0.000163673 0)
(0.104673 -0.000128194 0)
(0.104378 -9.48568e-05 0)
(0.104166 -7.6804e-05 0)
(0.103947 -5.83964e-05 0)
(0.103811 -5.09212e-05 0)
(0.103639 -4.14685e-05 0)
(0.103558 -3.98768e-05 0)
(0.103413 -3.78715e-05 0)
(0.103371 -3.85849e-05 0)
(0.103239 -4.33081e-05 0)
(0.103224 -4.45062e-05 0)
(0.103096 -5.5198e-05 0)
(0.124477 8.12608e-06 0)
(0.125254 -0.000355606 0)
(0.125747 -0.000736687 0)
(0.125899 -0.00113975 0)
(0.12571 -0.00154846 0)
(0.125184 -0.00197384 0)
(0.124284 -0.00239872 0)
(0.123015 -0.00275233 0)
(0.121432 -0.00300484 0)
(0.119585 -0.00315968 0)
(0.117541 -0.00318828 0)
(0.115401 -0.00305903 0)
(0.113265 -0.00279185 0)
(0.111196 -0.00243687 0)
(0.109243 -0.00203692 0)
(0.107446 -0.00162875 0)
(0.105834 -0.00124727 0)
(0.104415 -0.000916709 0)
(0.103184 -0.000644894 0)
(0.102131 -0.000429009 0)
(0.101244 -0.000263848 0)
(0.100507 -0.000141881 0)
(0.0999015 -5.59453e-05 0)
(0.0994076 3.45841e-06 0)
(0.0990088 4.06201e-05 0)
(0.0986836 6.5105e-05 0)
(0.098427 7.5443e-05 0)
(0.0982104 8.22824e-05 0)
(0.0980488 7.94449e-05 0)
(0.0978981 7.74295e-05 0)
(0.0978 6.95511e-05 0)
(0.0976873 6.33377e-05 0)
(0.0976323 5.42186e-05 0)
(0.0975386 4.64961e-05 0)
(0.097513 3.78665e-05 0)
(0.0974266 2.85048e-05 0)
(0.0974196 2.20553e-05 0)
(0.097334 1.01116e-05 0)
(0.0973362 6.65243e-06 0)
(0.0972504 -8.14472e-06 0)
(0.0923692 -0.000612563 0)
(0.0918757 -0.000709669 0)
(0.091043 -0.00082705 0)
(0.0898289 -0.000951122 0)
(0.0882615 -0.0010681 0)
(0.0863389 -0.00118879 0)
(0.0840394 -0.0012954 0)
(0.0814263 -0.00135378 0)
(0.0785882 -0.00136289 0)
(0.0755947 -0.00132096 0)
(0.0725651 -0.00120755 0)
(0.0696743 -0.00102339 0)
(0.0670722 -0.000801363 0)
(0.0648412 -0.000574782 0)
(0.0630164 -0.000363359 0)
(0.0616025 -0.000181213 0)
(0.0605713 -3.83085e-05 0)
(0.0598664 6.3916e-05 0)
(0.0594206 0.000130987 0)
(0.0591721 0.000170869 0)
(0.0590688 0.000190481 0)
(0.0590682 0.000195426 0)
(0.0591359 0.000190225 0)
(0.0592466 0.000179166 0)
(0.0593797 0.000164934 0)
(0.0595237 0.000149452 0)
(0.0596675 0.000133622 0)
(0.0598066 0.000118478 0)
(0.0599373 0.0001039 0)
(0.0600546 9.09581e-05 0)
(0.0601651 7.85565e-05 0)
(0.0602545 6.79109e-05 0)
(0.0603446 5.79039e-05 0)
(0.0604052 4.89223e-05 0)
(0.0604765 4.11425e-05 0)
(0.0605103 3.33196e-05 0)
(0.0605639 2.77068e-05 0)
(0.0605751 2.0079e-05 0)
(0.0606085 1.71916e-05 0)
(0.0606075 8.37761e-06 0)
)
;

boundaryField
{
    inlet
    {
        type            fixedValue;
        value           uniform (0.1 0 0);
    }
    outlet
    {
        type            zeroGradient;
    }
    lowerWall
    {
        type            noSlip;
    }
    upperWall
    {
        type            noSlip;
    }
    defaultFaces
    {
        type            empty;
    }
}


// ************************************************************************* //
