/*--------------------------------*- C++ -*----------------------------------*\
| =========                 |                                                 |
| \\      /  F ield         | OpenFOAM: The Open Source CFD Toolbox           |
|  \\    /   O peration     | Version:  2112                                  |
|   \\  /    A nd           | Website:  www.openfoam.com                      |
|    \\/     M anipulation  |                                                 |
\*---------------------------------------------------------------------------*/
FoamFile
{
    version     2.0;
    format      ascii;
    arch        "LSB;label=32;scalar=64";
    class       surfaceScalarField;
    location    "0.05";
    object      phi;
}
// * * * * * * * * * * * * * * * * * * * * * * * * * * * * * * * * * * * * * //

dimensions      [0 3 -1 0 0 0 0];

oriented        oriented;

internalField   nonuniform List<scalar> 
3653
(
9.92699e-07
7.30144e-09
9.80005e-07
1.26932e-08
9.64044e-07
1.59616e-08
9.4873e-07
1.53136e-08
9.36635e-07
1.20947e-08
9.27886e-07
8.74904e-09
9.21816e-07
6.07052e-09
9.17748e-07
4.06785e-09
9.14913e-07
2.83513e-09
9.12676e-07
2.23653e-09
9.10686e-07
1.99046e-09
9.08752e-07
1.93353e-09
9.06742e-07
2.01002e-09
9.04545e-07
2.19696e-09
9.02065e-07
2.48075e-09
8.99204e-07
2.86029e-09
8.95854e-07
3.3503e-09
8.91892e-07
3.96193e-09
8.87142e-07
4.74985e-09
8.81456e-07
5.68627e-09
8.74422e-07
7.03396e-09
8.66071e-07
8.35065e-09
8.54946e-07
1.11258e-08
8.42524e-07
1.2422e-08
8.22918e-07
1.96056e-08
8.03681e-07
1.92366e-08
7.64616e-07
3.90655e-08
7.28446e-07
3.61705e-08
6.42415e-07
8.60304e-08
9.64166e-08
5.45999e-07
1.0028e-06
4.49718e-09
1.00624e-06
9.25791e-09
1.00948e-06
1.27203e-08
1.0112e-06
1.3593e-08
1.01118e-06
1.21158e-08
1.01014e-06
9.78876e-09
1.00863e-06
7.58381e-09
1.00688e-06
5.81257e-09
1.00508e-06
4.63336e-09
1.00332e-06
4.00302e-09
1.00155e-06
3.75792e-09
9.99711e-07
3.77313e-09
9.97732e-07
3.98842e-09
9.95544e-07
4.38571e-09
9.93065e-07
4.95968e-09
9.90208e-07
5.71745e-09
9.86871e-07
6.68724e-09
9.82932e-07
7.90103e-09
9.78246e-07
9.43562e-09
9.72613e-07
1.13191e-08
9.65826e-07
1.38204e-08
9.57477e-07
1.66999e-08
9.47351e-07
2.12516e-08
9.34451e-07
2.53225e-08
9.18743e-07
3.53138e-08
8.98454e-07
3.95257e-08
8.72829e-07
6.46905e-08
8.42844e-07
6.61555e-08
8.05994e-07
1.2288e-07
1.32315e-07
7.70095e-07
1.00188e-06
2.61848e-09
1.00475e-06
6.39112e-09
1.00793e-06
9.53655e-09
1.01024e-06
1.1283e-08
1.01109e-06
1.12628e-08
1.01083e-06
1.00494e-08
1.00991e-06
8.50178e-09
1.00861e-06
7.1128e-09
1.00714e-06
6.10821e-09
1.00561e-06
5.53334e-09
1.00404e-06
5.32874e-09
1.00238e-06
5.42805e-09
1.00059e-06
5.78589e-09
9.98585e-07
6.38558e-09
9.96316e-07
7.22919e-09
9.937e-07
8.33276e-09
9.90654e-07
9.73348e-09
9.87073e-07
1.14818e-08
9.82838e-07
1.36709e-08
9.7779e-07
1.63675e-08
9.71779e-07
1.98315e-08
9.64478e-07
2.40007e-08
9.55897e-07
2.98327e-08
9.44996e-07
3.62235e-08
9.33138e-07
4.71712e-08
9.16395e-07
5.62691e-08
9.01591e-07
7.94945e-08
8.77329e-07
9.04173e-08
8.60445e-07
1.39764e-07
1.57501e-07
8.35259e-07
1.00086e-06
1.75518e-09
1.00257e-06
4.68002e-09
1.00467e-06
7.44248e-09
1.0065e-06
9.45059e-09
1.00765e-06
1.01163e-08
1.00806e-06
9.63866e-09
1.00789e-06
8.67113e-09
1.00729e-06
7.70724e-09
1.00641e-06
6.99109e-09
1.00534e-06
6.60516e-09
1.00412e-06
6.54882e-09
1.00275e-06
6.79562e-09
1.00121e-06
7.32636e-09
9.99461e-07
8.13589e-09
9.97458e-07
9.23285e-09
9.95142e-07
1.06481e-08
9.92448e-07
1.2428e-08
9.89296e-07
1.46334e-08
9.85601e-07
1.73666e-08
9.81241e-07
2.07269e-08
9.76125e-07
2.49473e-08
9.70042e-07
3.00841e-08
9.63017e-07
3.68574e-08
9.54544e-07
4.46971e-08
9.45349e-07
5.63655e-08
9.33863e-07
6.77552e-08
9.23781e-07
8.95765e-08
9.09652e-07
1.04546e-07
9.05402e-07
1.44014e-07
1.65242e-07
8.97662e-07
1.00047e-06
1.28972e-09
1.00166e-06
3.48737e-09
1.00327e-06
5.8267e-09
1.00486e-06
7.86461e-09
1.00604e-06
8.93401e-09
1.00667e-06
9.00877e-09
1.00681e-06
8.53476e-09
1.00656e-06
7.95476e-09
1.00603e-06
7.52337e-09
1.00528e-06
7.34979e-09
1.00436e-06
7.471e-09
1.00327e-06
7.88506e-09
1.00201e-06
8.58845e-09
1.00055e-06
9.59399e-09
9.98864e-07
1.09206e-08
9.9691e-07
1.26023e-08
9.94645e-07
1.46931e-08
9.92013e-07
1.72656e-08
9.88958e-07
2.04218e-08
9.85406e-07
2.42791e-08
9.81323e-07
2.90298e-08
9.76575e-07
3.48317e-08
9.71319e-07
4.2114e-08
9.65147e-07
5.08693e-08
9.59128e-07
6.23846e-08
9.5168e-07
7.52031e-08
9.46944e-07
9.43121e-08
9.40122e-07
1.11368e-07
9.41519e-07
1.42618e-07
1.67048e-07
9.39712e-07
1.00031e-06
9.78449e-10
1.00115e-06
2.6448e-09
1.00238e-06
4.60028e-09
1.0037e-06
6.54637e-09
1.00482e-06
7.81176e-09
1.00559e-06
8.24407e-09
1.00597e-06
8.14665e-09
1.00603e-06
7.89673e-09
1.00582e-06
7.73891e-09
1.00538e-06
7.78716e-09
1.00476e-06
8.09149e-09
1.00397e-06
8.676e-09
1.003e-06
9.55129e-09
1.00187e-06
1.07324e-08
1.00054e-06
1.22495e-08
9.98994e-07
1.41455e-08
9.97209e-07
1.64778e-08
9.95154e-07
1.93209e-08
9.92805e-07
2.2771e-08
9.9013e-07
2.69534e-08
9.87137e-07
3.20235e-08
9.83785e-07
3.81837e-08
9.80248e-07
4.56505e-08
9.76381e-07
5.47364e-08
9.72982e-07
6.57835e-08
9.69307e-07
7.88783e-08
9.6804e-07
9.5579e-08
9.66295e-07
1.13113e-07
9.71324e-07
1.37588e-07
1.61392e-07
9.7698e-07
1.00021e-06
7.68225e-10
1.00086e-06
1.99013e-09
1.00188e-06
3.58933e-09
1.00304e-06
5.38248e-09
1.00412e-06
6.72723e-09
1.00497e-06
7.3967e-09
1.00553e-06
7.59197e-09
1.0058e-06
7.61888e-09
1.00585e-06
7.69728e-09
1.00568e-06
7.95169e-09
1.00534e-06
8.4375e-09
1.00483e-06
9.18077e-09
1.00418e-06
1.02036e-08
1.00338e-06
1.15312e-08
1.00243e-06
1.3201e-08
1.00132e-06
1.52564e-08
1.00004e-06
1.77528e-08
9.98597e-07
2.07662e-08
9.96981e-07
2.43869e-08
9.95197e-07
2.87371e-08
9.9329e-07
3.39306e-08
9.9128e-07
4.01939e-08
9.89366e-07
4.75642e-08
9.87514e-07
5.65882e-08
9.86397e-07
6.69004e-08
9.8564e-07
7.96351e-08
9.87134e-07
9.40851e-08
9.89385e-07
1.10863e-07
9.96841e-07
1.30132e-07
1.5261e-07
1.00562e-06
1.00017e-06
6.02091e-10
1.00071e-06
1.4483e-09
1.0016e-06
2.70188e-09
1.00267e-06
4.30577e-09
1.00374e-06
5.65962e-09
1.00465e-06
6.48256e-09
1.00535e-06
6.89459e-09
1.00582e-06
7.14922e-09
1.00608e-06
7.43875e-09
1.00615e-06
7.87663e-09
1.00607e-06
8.52002e-09
1.00585e-06
9.40135e-09
1.00551e-06
1.05498e-08
1.00504e-06
1.19937e-08
1.00447e-06
1.37695e-08
1.00381e-06
1.59224e-08
1.00305e-06
1.85087e-08
1.00222e-06
2.16015e-08
1.00132e-06
2.5279e-08
1.00041e-06
2.96546e-08
9.99533e-07
3.48049e-08
9.98763e-07
4.0964e-08
9.98291e-07
4.80367e-08
9.98176e-07
5.67031e-08
9.98939e-07
6.61374e-08
1.00048e-06
7.80949e-08
1.00411e-06
9.04516e-08
1.00901e-06
1.05962e-07
1.01814e-06
1.21e-07
1.41317e-07
1.02944e-06
1.00015e-06
4.54395e-10
1.00063e-06
9.62496e-10
1.00146e-06
1.8776e-09
1.0025e-06
3.26311e-09
1.00359e-06
4.57079e-09
1.00458e-06
5.48959e-09
1.00541e-06
6.07149e-09
1.00604e-06
6.51412e-09
1.0065e-06
6.98247e-09
1.00679e-06
7.57968e-09
1.00695e-06
8.36108e-09
1.007e-06
9.3587e-09
1.00694e-06
1.06016e-08
1.00681e-06
1.21226e-08
1.00663e-06
1.39582e-08
1.0064e-06
1.61528e-08
1.00614e-06
1.87604e-08
1.0059e-06
2.18471e-08
1.0057e-06
2.54795e-08
1.00559e-06
2.97598e-08
1.00566e-06
3.47346e-08
1.006e-06
4.06286e-08
1.00677e-06
4.72656e-08
1.00811e-06
5.53612e-08
1.01038e-06
6.38636e-08
1.01371e-06
7.47661e-08
1.0189e-06
8.52671e-08
1.0257e-06
9.91619e-08
1.03578e-06
1.10919e-07
1.28914e-07
1.04818e-06
1.00014e-06
3.1051e-10
1.00061e-06
4.92753e-10
1.00142e-06
1.06743e-09
1.00248e-06
2.20776e-09
1.00362e-06
3.43176e-09
1.0047e-06
4.40573e-09
1.00565e-06
5.12174e-09
1.00644e-06
5.72487e-09
1.00707e-06
6.34982e-09
1.00757e-06
7.0853e-09
1.00795e-06
7.98182e-09
1.00824e-06
9.06895e-09
1.00846e-06
1.03759e-08
1.00865e-06
1.19364e-08
1.00882e-06
1.37864e-08
1.009e-06
1.59688e-08
1.00923e-06
1.85337e-08
1.00954e-06
2.1539e-08
1.00998e-06
2.50407e-08
1.01061e-06
2.91278e-08
1.01152e-06
3.38245e-08
1.01281e-06
3.93351e-08
1.01464e-06
4.54427e-08
1.01717e-06
5.28318e-08
1.02064e-06
6.03924e-08
1.02531e-06
7.00947e-08
1.03161e-06
7.89675e-08
1.03963e-06
9.11419e-08
1.05025e-06
1.00302e-07
1.15832e-07
1.06333e-06
1.00015e-06
1.58439e-10
1.00063e-06
1.00862e-11
1.00147e-06
2.32609e-10
1.00258e-06
1.099e-09
1.0038e-06
2.20871e-09
1.00499e-06
3.21295e-09
1.00607e-06
4.04568e-09
1.007e-06
4.79511e-09
1.00779e-06
5.56162e-09
1.00846e-06
6.41713e-09
1.00903e-06
7.40671e-09
1.00954e-06
8.55682e-09
1.01002e-06
9.89643e-09
1.0105e-06
1.14594e-08
1.01101e-06
1.32808e-08
1.01157e-06
1.54015e-08
1.01224e-06
1.78662e-08
1.01305e-06
2.07253e-08
1.01407e-06
2.40259e-08
1.01535e-06
2.78432e-08
1.01699e-06
3.21848e-08
1.0191e-06
3.72285e-08
1.0218e-06
4.27471e-08
1.02527e-06
4.9356e-08
1.02967e-06
5.59906e-08
1.03532e-06
6.44458e-08
1.04238e-06
7.1909e-08
1.05117e-06
8.23554e-08
1.062e-06
8.94657e-08
1.02618e-07
1.07522e-06
1.00017e-06
-1.37584e-11
1.00069e-06
-5.0916e-10
1.00159e-06
-6.68057e-10
1.0028e-06
-1.0801e-10
1.00414e-06
8.71898e-10
1.00545e-06
1.89946e-09
1.00665e-06
2.84743e-09
1.0077e-06
3.74047e-09
1.00862e-06
4.64108e-09
1.00944e-06
5.60324e-09
1.01018e-06
6.66432e-09
1.01088e-06
7.8513e-09
1.01159e-06
9.19315e-09
1.01232e-06
1.07229e-08
1.01313e-06
1.24752e-08
1.01404e-06
1.44888e-08
1.01511e-06
1.68031e-08
1.01637e-06
1.94622e-08
1.01789e-06
2.2505e-08
1.01974e-06
2.5993e-08
1.022e-06
2.9924e-08
1.02478e-06
3.44465e-08
1.02819e-06
3.93425e-08
1.0324e-06
4.51389e-08
1.03751e-06
5.08815e-08
1.04385e-06
5.81053e-08
1.0514e-06
6.4361e-08
1.06064e-06
7.31225e-08
1.07145e-06
7.86556e-08
8.95305e-08
1.08453e-06
1.0002e-06
-2.14799e-10
1.0008e-06
-1.1096e-09
1.00182e-06
-1.68573e-09
1.00316e-06
-1.44529e-09
1.00463e-06
-6.04122e-10
1.00607e-06
4.58223e-10
1.00738e-06
1.53625e-09
1.00854e-06
2.58475e-09
1.00956e-06
3.61842e-09
1.01049e-06
4.67643e-09
1.01136e-06
5.78971e-09
1.01223e-06
6.98752e-09
1.01312e-06
8.30092e-09
1.01408e-06
9.76287e-09
1.01515e-06
1.14084e-08
1.01636e-06
1.32736e-08
1.01777e-06
1.53938e-08
1.01943e-06
1.78079e-08
1.02138e-06
2.05478e-08
1.02371e-06
2.3663e-08
1.02649e-06
2.71449e-08
1.02983e-06
3.11137e-08
1.0338e-06
3.53719e-08
1.03858e-06
4.03537e-08
1.04422e-06
4.52451e-08
1.05102e-06
5.13037e-08
1.05888e-06
5.65049e-08
1.06831e-06
6.36907e-08
1.07895e-06
6.80098e-08
7.67939e-08
1.09169e-06
1.00026e-06
-4.7361e-10
1.00099e-06
-1.8376e-09
1.00217e-06
-2.86676e-09
1.00369e-06
-2.96921e-09
1.00534e-06
-2.25422e-09
1.00691e-06
-1.11219e-09
1.00831e-06
1.3705e-10
1.00953e-06
1.37012e-09
1.01061e-06
2.53863e-09
1.0116e-06
3.68162e-09
1.01256e-06
4.82644e-09
1.01354e-06
6.00663e-09
1.01459e-06
7.25882e-09
1.01573e-06
8.61827e-09
1.01702e-06
1.01208e-08
1.01849e-06
1.18007e-08
1.0202e-06
1.36905e-08
1.02218e-06
1.58238e-08
1.0245e-06
1.82251e-08
1.02723e-06
2.09342e-08
1.03044e-06
2.39404e-08
1.03421e-06
2.73391e-08
1.03862e-06
3.09585e-08
1.04383e-06
3.51437e-08
1.04985e-06
3.92278e-08
1.05695e-06
4.42051e-08
1.06499e-06
4.84667e-08
1.07445e-06
5.42304e-08
1.08486e-06
5.7593e-08
6.45254e-08
1.09713e-06
1.00037e-06
-8.47076e-10
1.00132e-06
-2.7834e-09
1.00276e-06
-4.30701e-09
1.00452e-06
-4.7284e-09
1.00633e-06
-4.06728e-09
1.00799e-06
-2.7665e-09
1.00941e-06
-1.28233e-09
1.01062e-06
1.52153e-10
1.01171e-06
1.44737e-09
1.01273e-06
2.66278e-09
1.01374e-06
3.81699e-09
1.0148e-06
4.94948e-09
1.01595e-06
6.10692e-09
1.01724e-06
7.32996e-09
1.01871e-06
8.65574e-09
1.02039e-06
1.01171e-08
1.02234e-06
1.17438e-08
1.02459e-06
1.35655e-08
1.02722e-06
1.56014e-08
1.03027e-06
1.78823e-08
1.03381e-06
2.03972e-08
1.03793e-06
2.32188e-08
1.04269e-06
2.62048e-08
1.04821e-06
2.96207e-08
1.05449e-06
3.29434e-08
1.06177e-06
3.69259e-08
1.0699e-06
4.03381e-08
1.07929e-06
4.48446e-08
1.08946e-06
4.74218e-08
5.27601e-08
1.10122e-06
1.00054e-06
-1.38592e-09
1.00183e-06
-4.07666e-09
1.00369e-06
-6.15995e-09
1.00579e-06
-6.83631e-09
1.0078e-06
-6.07135e-09
1.00949e-06
-4.45708e-09
1.01086e-06
-2.65607e-09
1.012e-06
-9.89101e-10
1.01298e-06
4.66257e-10
1.01392e-06
1.72771e-09
1.0149e-06
2.83837e-09
1.01597e-06
3.87416e-09
1.01719e-06
4.8931e-09
1.01858e-06
5.94104e-09
1.02018e-06
7.05541e-09
1.02203e-06
8.26778e-09
1.02416e-06
9.60431e-09
1.02664e-06
1.10893e-08
1.0295e-06
1.27384e-08
1.03281e-06
1.45749e-08
1.03662e-06
1.65893e-08
1.041e-06
1.88344e-08
1.04601e-06
2.11986e-08
1.05175e-06
2.38758e-08
1.05822e-06
2.64778e-08
1.0656e-06
2.9543e-08
1.07376e-06
3.21802e-08
1.08303e-06
3.55764e-08
1.09296e-06
3.74902e-08
4.14641e-08
1.10426e-06
1.00094e-06
-2.32605e-09
1.00278e-06
-5.92139e-09
1.00516e-06
-8.53603e-09
1.00757e-06
-9.2455e-09
1.00962e-06
-8.11943e-09
1.0112e-06
-6.03463e-09
1.01239e-06
-3.84683e-09
1.01331e-06
-1.9172e-09
1.01412e-06
-3.43221e-10
1.01497e-06
8.78569e-10
1.01591e-06
1.89765e-09
1.01699e-06
2.79798e-09
1.01824e-06
3.64414e-09
1.0197e-06
4.48414e-09
1.02139e-06
5.35716e-09
1.02337e-06
6.2937e-09
1.02566e-06
7.31684e-09
1.0283e-06
8.44557e-09
1.03135e-06
9.69244e-09
1.03485e-06
1.10742e-08
1.03885e-06
1.25831e-08
1.04343e-06
1.42545e-08
1.04862e-06
1.601e-08
1.05452e-06
1.79775e-08
1.0611e-06
1.98965e-08
1.06854e-06
2.21041e-08
1.07668e-06
2.40364e-08
1.08583e-06
2.64272e-08
1.09554e-06
2.77802e-08
3.05708e-08
1.10644e-06
1.00197e-06
-4.30083e-09
1.00498e-06
-8.92307e-09
1.00845e-06
-1.20116e-08
1.01138e-06
-1.21778e-08
1.01322e-06
-9.95638e-09
1.01424e-06
-7.05193e-09
1.01482e-06
-4.42779e-09
1.0152e-06
-2.30066e-09
1.0156e-06
-7.43975e-10
1.01613e-06
3.47812e-10
1.01687e-06
1.1581e-09
1.01785e-06
1.82169e-09
1.01907e-06
2.42168e-09
1.02055e-06
3.00346e-09
1.02231e-06
3.59975e-09
1.02437e-06
4.23408e-09
1.02676e-06
4.92353e-09
1.02953e-06
5.68061e-09
1.03271e-06
6.51344e-09
1.03635e-06
7.43299e-09
1.0405e-06
8.43471e-09
1.04521e-06
9.53768e-09
1.05053e-06
1.06954e-08
1.05653e-06
1.19766e-08
1.06318e-06
1.32453e-08
1.07065e-06
1.46389e-08
1.07875e-06
1.59362e-08
1.08781e-06
1.73634e-08
1.09731e-06
1.82753e-08
1.99419e-08
1.10794e-06
1.0029e-06
-7.19891e-09
1.00649e-06
-1.25138e-08
1.01006e-06
-1.55829e-08
1.01246e-06
-1.45802e-08
1.01351e-06
-1.09994e-08
1.01383e-06
-7.37695e-09
1.0139e-06
-4.50028e-09
1.01393e-06
-2.32801e-09
1.01409e-06
-9.07541e-10
1.01452e-06
-7.64646e-11
1.01524e-06
4.38941e-10
1.01622e-06
8.34965e-10
1.01748e-06
1.16845e-09
1.01901e-06
1.47268e-09
1.02083e-06
1.77457e-09
1.02298e-06
2.09075e-09
1.02547e-06
2.43155e-09
1.02835e-06
2.80426e-09
1.03165e-06
3.21293e-09
1.03542e-06
3.66271e-09
1.0397e-06
4.15126e-09
1.04455e-06
4.68719e-09
1.05e-06
5.24941e-09
1.05611e-06
5.86694e-09
1.06287e-06
6.48378e-09
1.07037e-06
7.13688e-09
1.07853e-06
7.77981e-09
1.08749e-06
8.39977e-09
1.09692e-06
8.84214e-09
9.42197e-09
1.10744e-06
9.92801e-07
9.80287e-07
9.64704e-07
9.50124e-07
9.39125e-07
9.31748e-07
9.27248e-07
9.2492e-07
9.24012e-07
9.23936e-07
9.24375e-07
9.25209e-07
9.26378e-07
9.27851e-07
9.29625e-07
9.31716e-07
9.34147e-07
9.36952e-07
9.40165e-07
9.43827e-07
9.47979e-07
9.52666e-07
9.57915e-07
9.63782e-07
9.70266e-07
9.77403e-07
9.85183e-07
9.93582e-07
1.00242e-06
1.01185e-06
6.16424e-07
-7.04252e-08
6.85746e-07
-6.93226e-08
7.38361e-07
-5.26146e-08
7.5922e-07
-2.08594e-08
8.22241e-07
-6.30202e-08
7.81323e-07
4.09178e-08
9.00926e-07
-1.19603e-07
9.05537e-07
-4.61085e-09
9.28812e-07
-2.32758e-08
-3.32676e-07
1.26149e-06
8.11548e-07
-1.11878e-07
8.29705e-07
-8.74791e-08
8.73724e-07
-9.66336e-08
8.81565e-07
-2.87006e-08
9.05719e-07
-8.71739e-08
1.0063e-06
-5.9661e-08
9.46138e-07
-5.94439e-08
1.03281e-06
-9.12856e-08
1.21918e-06
-2.09645e-07
-3.27876e-07
1.21438e-06
8.5068e-07
-1.27299e-07
8.75351e-07
-1.1215e-07
8.8911e-07
-1.10393e-07
9.27058e-07
-6.66487e-08
9.60024e-07
-1.20139e-07
9.69961e-07
-6.95986e-08
1.03592e-06
-1.25406e-07
1.10399e-06
-1.59355e-07
1.1125e-06
-2.1815e-07
-3.64412e-07
1.14903e-06
9.14726e-07
-1.44364e-07
9.27494e-07
-1.24917e-07
9.37841e-07
-1.2074e-07
9.72691e-07
-1.01499e-07
9.68475e-07
-1.15924e-07
1.02067e-06
-1.21797e-07
1.04323e-06
-1.47962e-07
1.07306e-06
-1.89186e-07
1.09771e-06
-2.42794e-07
-4.02555e-07
1.13585e-06
9.46475e-07
-1.51127e-07
9.54618e-07
-1.3306e-07
9.67729e-07
-1.33851e-07
9.80468e-07
-1.14237e-07
1.00748e-06
-1.4294e-07
1.02327e-06
-1.37586e-07
1.04713e-06
-1.71823e-07
1.08451e-06
-2.26567e-07
1.11739e-06
-2.7567e-07
-3.82255e-07
1.09709e-06
9.81305e-07
-1.55451e-07
9.89602e-07
-1.41358e-07
9.93944e-07
-1.38193e-07
1.01566e-06
-1.35958e-07
1.01806e-06
-1.45331e-07
1.0408e-06
-1.60334e-07
1.05797e-06
-1.88988e-07
1.06046e-06
-2.29057e-07
1.06658e-06
-2.81794e-07
-3.76613e-07
1.06094e-06
1.00607e-06
-1.55896e-07
1.00817e-06
-1.43461e-07
1.01405e-06
-1.44075e-07
1.02024e-06
-1.42145e-07
1.03046e-06
-1.55551e-07
1.04048e-06
-1.70352e-07
1.04628e-06
-1.94792e-07
1.05789e-06
-2.40665e-07
1.05944e-06
-2.83344e-07
-3.51911e-07
1.03474e-06
1.02715e-06
-1.53611e-07
1.02862e-06
-1.44924e-07
1.02937e-06
-1.44824e-07
1.03583e-06
-1.48607e-07
1.0377e-06
-1.57425e-07
1.04057e-06
-1.73216e-07
1.04541e-06
-1.9964e-07
1.03849e-06
-2.33739e-07
1.02978e-06
-2.7464e-07
-3.30956e-07
1.00883e-06
1.04363e-06
-1.49056e-07
1.04101e-06
-1.42306e-07
1.03969e-06
-1.43509e-07
1.03895e-06
-1.47865e-07
1.03851e-06
-1.56981e-07
1.0385e-06
-1.73206e-07
1.03394e-06
-1.95086e-07
1.02782e-06
-2.27613e-07
1.0146e-06
-2.61418e-07
-3.04683e-07
9.88325e-07
1.05652e-06
-1.42253e-07
1.05198e-06
-1.3776e-07
1.04748e-06
-1.39011e-07
1.0438e-06
-1.44186e-07
1.03989e-06
-1.53067e-07
1.03434e-06
-1.67662e-07
1.02731e-06
-1.88051e-07
1.01395e-06
-2.14257e-07
9.96228e-07
-2.43697e-07
-2.78955e-07
9.705e-07
1.06653e-06
-1.33566e-07
1.05936e-06
-1.30592e-07
1.05227e-06
-1.31915e-07
1.04529e-06
-1.37209e-07
1.03805e-06
-1.45829e-07
1.02958e-06
-1.59185e-07
1.01795e-06
-1.76422e-07
1.00274e-06
-1.99044e-07
9.82722e-07
-2.23682e-07
-2.51599e-07
9.55365e-07
1.07409e-06
-1.23122e-07
1.06486e-06
-1.21367e-07
1.05558e-06
-1.22629e-07
1.04615e-06
-1.27779e-07
1.03617e-06
-1.35853e-07
1.02449e-06
-1.47507e-07
1.01046e-06
-1.62388e-07
9.92496e-07
-1.81081e-07
9.70484e-07
-2.0167e-07
-2.24408e-07
9.43293e-07
1.07969e-06
-1.11119e-07
1.06854e-06
-1.10218e-07
1.05734e-06
-1.11432e-07
1.04579e-06
-1.16231e-07
1.03342e-06
-1.23483e-07
1.0195e-06
-1.33583e-07
1.00317e-06
-1.46059e-07
9.8364e-07
-1.61553e-07
9.60517e-07
-1.78548e-07
-1.96762e-07
9.32871e-07
1.08376e-06
-9.77455e-08
1.07099e-06
-9.74486e-08
1.0582e-06
-9.86429e-08
1.04492e-06
-1.02949e-07
1.03069e-06
-1.09253e-07
1.01489e-06
-1.17785e-07
9.96971e-07
-1.28137e-07
9.76173e-07
-1.40756e-07
9.52226e-07
-1.54601e-07
-1.69219e-07
9.24683e-07
1.08671e-06
-8.32272e-08
1.07259e-06
-8.33279e-08
1.05845e-06
-8.45043e-08
1.04373e-06
-8.82312e-08
1.02801e-06
-9.3535e-08
1.0108e-06
-1.00572e-07
9.91635e-07
-1.08974e-07
9.69952e-07
-1.19072e-07
9.455e-07
-1.30149e-07
-1.4165e-07
9.17932e-07
1.08883e-06
-6.77974e-08
1.07362e-06
-6.81248e-08
1.05836e-06
-6.92435e-08
1.04249e-06
-7.23553e-08
1.02563e-06
-7.66812e-08
1.00734e-06
-8.22816e-08
9.87287e-07
-8.89189e-08
9.64962e-07
-9.67469e-08
9.40181e-07
-1.05368e-07
-1.14162e-07
9.12693e-07
1.09032e-06
-5.16845e-08
1.0743e-06
-5.2103e-08
1.05816e-06
-5.3101e-08
1.04139e-06
-5.55855e-08
1.02369e-06
-5.89789e-08
1.00459e-06
-6.31889e-08
9.83893e-07
-6.82182e-08
9.61113e-07
-7.39668e-08
9.36117e-07
-8.03725e-08
-8.67549e-08
9.0871e-07
1.09127e-06
-3.50092e-08
1.07459e-06
-3.54209e-08
1.05777e-06
-3.62803e-08
1.04033e-06
-3.81473e-08
1.022e-06
-4.06494e-08
1.00234e-06
-4.35312e-08
9.81173e-07
-4.70513e-08
9.58024e-07
-5.08179e-08
9.32876e-07
-5.52246e-08
-5.92233e-08
9.05345e-07
1.0894e-06
-1.69639e-08
1.07152e-06
-1.75399e-08
1.05369e-06
-1.84517e-08
1.03534e-06
-1.97956e-08
1.01609e-06
-2.1399e-08
9.95602e-07
-2.30486e-08
9.73505e-07
-2.49536e-08
9.49561e-07
-2.68745e-08
9.23575e-07
-2.92383e-08
-3.09851e-08
8.95337e-07
9.94883e-07
9.77343e-07
9.58891e-07
9.39095e-07
9.17696e-07
8.94648e-07
8.69694e-07
8.4282e-07
8.13581e-07
7.82596e-07
-1.23903e-07
1.23903e-07
-2.26763e-07
1.0286e-07
-2.32771e-07
6.00793e-09
-1.39209e-07
-9.35618e-08
-4.68255e-09
-1.34527e-07
1.29032e-07
-1.33714e-07
2.43339e-07
-1.14307e-07
3.32544e-07
-8.92055e-08
3.98856e-07
-6.63114e-08
4.47069e-07
-4.82129e-08
4.82007e-07
-3.49383e-08
5.07562e-07
-2.55549e-08
5.26561e-07
-1.89994e-08
5.40957e-07
-1.43957e-08
5.52069e-07
-1.11124e-08
5.60793e-07
-8.72351e-09
5.67741e-07
-6.94809e-09
5.73342e-07
-5.60087e-09
5.77901e-07
-4.55931e-09
5.81642e-07
-3.74131e-09
5.84732e-07
-3.08991e-09
5.87297e-07
-2.56487e-09
5.89435e-07
-2.13788e-09
5.91224e-07
-1.78842e-09
5.92724e-07
-1.50058e-09
5.93986e-07
-1.26191e-09
5.95049e-07
-1.06298e-09
5.95946e-07
-8.96586e-10
5.96702e-07
-7.56931e-10
5.97342e-07
-6.39456e-10
5.97882e-07
-5.40457e-10
5.98339e-07
-4.56907e-10
5.98726e-07
-3.86472e-10
5.99051e-07
-3.25428e-10
5.99328e-07
-2.76901e-10
5.99555e-07
-2.26569e-10
5.99756e-07
-2.01276e-10
5.99907e-07
-1.50547e-10
6.00052e-07
-1.45227e-10
-1.02984e-10
-9.94715e-08
2.23374e-07
-2.45634e-07
2.49023e-07
-2.53481e-07
1.38552e-08
-1.41461e-07
-2.05582e-07
1.63942e-08
-2.92382e-07
1.71116e-07
-2.88435e-07
3.00086e-07
-2.43277e-07
4.00026e-07
-1.89146e-07
4.74573e-07
-1.40858e-07
5.29482e-07
-1.03122e-07
5.7005e-07
-7.55067e-08
6.00368e-07
-5.58732e-08
6.23369e-07
-4.19995e-08
6.41093e-07
-3.21201e-08
6.54957e-07
-2.49765e-08
6.65947e-07
-1.97138e-08
6.74761e-07
-1.57616e-08
6.81899e-07
-1.27389e-08
6.87728e-07
-1.03881e-08
6.9252e-07
-8.5336e-09
6.96483e-07
-7.05254e-09
6.99775e-07
-5.8572e-09
7.02521e-07
-4.88414e-09
7.04819e-07
-4.08661e-09
7.06748e-07
-3.42897e-09
7.08369e-07
-2.88355e-09
7.09736e-07
-2.42909e-09
7.10888e-07
-2.04909e-09
7.11861e-07
-1.73037e-09
7.12684e-07
-1.46234e-09
7.1338e-07
-1.23647e-09
7.13969e-07
-1.04544e-09
7.14467e-07
-8.84502e-10
7.14886e-07
-7.44681e-10
7.15243e-07
-6.34034e-10
7.15536e-07
-5.19179e-10
7.15796e-07
-4.61376e-10
7.15992e-07
-3.46347e-10
7.16179e-07
-3.32411e-10
-2.33814e-10
-2.18361e-07
4.41735e-07
-3.57919e-07
3.88581e-07
-3.45075e-07
1.01121e-09
-1.74481e-07
-3.76177e-07
1.92252e-08
-4.86088e-07
1.87791e-07
-4.57001e-07
3.21155e-07
-3.76642e-07
4.19736e-07
-2.87726e-07
4.90778e-07
-2.119e-07
5.42117e-07
-1.54461e-07
5.79886e-07
-1.13276e-07
6.08293e-07
-8.42795e-08
6.30095e-07
-6.38021e-08
6.47116e-07
-4.91407e-08
6.6059e-07
-3.84512e-08
6.71381e-07
-3.05049e-08
6.80106e-07
-2.44866e-08
6.87218e-07
-1.98502e-08
6.93053e-07
-1.62238e-08
6.9787e-07
-1.33498e-08
7.01864e-07
-1.10464e-08
7.05189e-07
-9.18297e-09
7.07968e-07
-7.6632e-09
7.10297e-07
-6.41543e-09
7.12253e-07
-5.38511e-09
7.139e-07
-4.53001e-09
7.15288e-07
-3.81725e-09
7.1646e-07
-3.22103e-09
7.1745e-07
-2.7208e-09
7.18288e-07
-2.3e-09
7.18997e-07
-1.9453e-09
7.19596e-07
-1.64506e-09
7.20104e-07
-1.39215e-09
7.20532e-07
-1.1723e-09
7.20896e-07
-9.9852e-10
7.21195e-07
-8.18329e-10
7.21461e-07
-7.26854e-10
7.21662e-07
-5.47306e-10
7.21853e-07
-5.23368e-10
-3.65654e-10
-1.63581e-07
6.05316e-07
-3.9591e-07
6.2091e-07
-3.26727e-07
-6.81714e-08
-1.05954e-07
-5.9695e-07
9.52265e-08
-6.87268e-07
2.53997e-07
-6.15772e-07
3.73553e-07
-4.96198e-07
4.60076e-07
-3.74249e-07
5.20773e-07
-2.72598e-07
5.63743e-07
-1.9743e-07
5.95234e-07
-1.44767e-07
6.19179e-07
-1.08225e-07
6.37898e-07
-8.2521e-08
6.52804e-07
-6.40469e-08
6.64822e-07
-5.04695e-08
6.74598e-07
-4.02804e-08
6.82603e-07
-3.24912e-08
6.89193e-07
-2.6441e-08
6.94646e-07
-2.1676e-08
6.99174e-07
-1.78783e-08
7.02949e-07
-1.4821e-08
7.06105e-07
-1.23389e-08
7.0875e-07
-1.0309e-08
7.10973e-07
-8.63848e-09
7.12845e-07
-7.25649e-09
7.14423e-07
-6.10794e-09
7.15755e-07
-5.14959e-09
7.16881e-07
-4.34724e-09
7.17834e-07
-3.67359e-09
7.18641e-07
-3.10654e-09
7.19324e-07
-2.62827e-09
7.19902e-07
-2.22316e-09
7.20391e-07
-1.8818e-09
7.20804e-07
-1.58502e-09
7.21156e-07
-1.35028e-09
7.21445e-07
-1.10731e-09
7.21701e-07
-9.82923e-10
7.21895e-07
-7.41281e-10
7.22079e-07
-7.07352e-10
-4.92305e-10
-1.72769e-07
7.78085e-07
-3.64886e-07
8.13026e-07
-1.55244e-07
-2.77813e-07
1.26304e-07
-8.78497e-07
3.31738e-07
-8.92702e-07
4.2392e-07
-7.07954e-07
4.8016e-07
-5.52438e-07
5.26758e-07
-4.20846e-07
5.64039e-07
-3.09879e-07
5.92671e-07
-2.26063e-07
6.1502e-07
-1.67115e-07
6.33011e-07
-1.26216e-07
6.47789e-07
-9.72986e-08
6.60036e-07
-7.62947e-08
6.70223e-07
-6.06559e-08
6.78707e-07
-4.8765e-08
6.85782e-07
-3.95661e-08
6.91689e-07
-3.2348e-08
6.96629e-07
-2.66159e-08
7.00768e-07
-2.20167e-08
7.04241e-07
-1.82939e-08
7.0716e-07
-1.52584e-08
7.09618e-07
-1.27673e-08
7.11691e-07
-1.07115e-08
7.13441e-07
-9.0067e-09
7.14921e-07
-7.58726e-09
7.16172e-07
-6.40121e-09
7.17232e-07
-5.40704e-09
7.1813e-07
-4.57149e-09
7.18891e-07
-3.86749e-09
7.19536e-07
-3.27324e-09
7.20082e-07
-2.76954e-09
7.20545e-07
-2.34489e-09
7.20936e-07
-1.9756e-09
7.21269e-07
-1.68324e-09
7.21543e-07
-1.38102e-09
7.21785e-07
-1.22532e-09
7.21969e-07
-9.24895e-10
7.22143e-07
-8.81374e-10
-6.11806e-10
-2.04608e-08
7.98546e-07
6.9242e-09
7.85641e-07
2.83524e-07
-5.54413e-07
5.38055e-07
-1.13303e-06
6.97457e-07
-1.0521e-06
7.11836e-07
-7.22332e-07
6.63463e-07
-5.04064e-07
6.30996e-07
-3.8838e-07
6.23282e-07
-3.02165e-07
6.28457e-07
-2.31238e-07
6.38193e-07
-1.76852e-07
6.48885e-07
-1.36908e-07
6.59122e-07
-1.07536e-07
6.68385e-07
-8.55569e-08
6.76522e-07
-6.8793e-08
6.83552e-07
-5.57954e-08
6.89567e-07
-4.55814e-08
6.94685e-07
-3.74659e-08
6.99027e-07
-3.09571e-08
7.02704e-07
-2.56937e-08
7.05816e-07
-2.14067e-08
7.08451e-07
-1.78934e-08
7.10683e-07
-1.49985e-08
7.12573e-07
-1.26016e-08
7.14175e-07
-1.06086e-08
7.15533e-07
-8.94559e-09
7.16685e-07
-7.55348e-09
7.17663e-07
-6.38486e-09
7.18493e-07
-5.4014e-09
7.19197e-07
-4.57189e-09
7.19795e-07
-3.87103e-09
7.20302e-07
-3.2765e-09
7.20732e-07
-2.77494e-09
7.21095e-07
-2.3386e-09
7.21405e-07
-1.99284e-09
7.21659e-07
-1.63566e-09
7.21885e-07
-1.45081e-09
7.22056e-07
-1.09569e-09
7.22218e-07
-1.04316e-09
-7.22813e-10
9.72595e-08
7.01287e-07
6.52597e-07
2.30304e-07
8.18456e-07
-7.20273e-07
8.32449e-07
-1.14702e-06
8.50148e-07
-1.0698e-06
8.64662e-07
-7.36846e-07
8.13274e-07
-4.52676e-07
7.3781e-07
-3.12916e-07
6.86649e-07
-2.51004e-07
6.65316e-07
-2.09905e-07
6.61345e-07
-1.72881e-07
6.64817e-07
-1.40379e-07
6.70779e-07
-1.13498e-07
6.7721e-07
-9.19883e-08
6.83342e-07
-7.49245e-08
6.88897e-07
-6.13513e-08
6.93805e-07
-5.04887e-08
6.98077e-07
-4.17381e-08
7.01764e-07
-3.46442e-08
7.04929e-07
-2.88591e-08
7.07638e-07
-2.41152e-08
7.0995e-07
-2.0206e-08
7.11922e-07
-1.69705e-08
7.13603e-07
-1.42817e-08
7.15033e-07
-1.20394e-08
7.16251e-07
-1.01636e-08
7.17288e-07
-8.59012e-09
7.1817e-07
-7.26693e-09
7.1892e-07
-6.15178e-09
7.19559e-07
-5.21002e-09
7.20101e-07
-4.41347e-09
7.20562e-07
-3.73713e-09
7.20953e-07
-3.16612e-09
7.21283e-07
-2.66909e-09
7.21565e-07
-2.27493e-09
7.21798e-07
-1.86782e-09
7.22003e-07
-1.65643e-09
7.22159e-07
-1.25145e-09
7.22306e-07
-1.19067e-09
-8.23969e-10
1.24829e-06
7.14489e-07
1.45114e-06
2.74522e-08
1.41897e-06
-6.88101e-07
1.03948e-06
-7.67537e-07
6.98687e-07
-7.2901e-07
6.38957e-07
-6.77116e-07
6.99571e-07
-5.13289e-07
7.37598e-07
-3.50943e-07
7.38447e-07
-2.51853e-07
7.27309e-07
-1.98768e-07
7.19014e-07
-1.64586e-07
7.16334e-07
-1.37699e-07
7.17707e-07
-1.14872e-07
7.21138e-07
-9.54187e-08
7.25296e-07
-7.90822e-08
7.2949e-07
-6.55458e-08
7.33415e-07
-5.44133e-08
7.36955e-07
-4.52785e-08
7.40086e-07
-3.77754e-08
7.42824e-07
-3.15963e-08
7.45199e-07
-2.64905e-08
7.4725e-07
-2.2257e-08
7.49015e-07
-1.87352e-08
7.50529e-07
-1.57964e-08
7.51827e-07
-1.33372e-08
7.52938e-07
-1.12741e-08
7.53887e-07
-9.53924e-09
7.54697e-07
-8.0774e-09
7.55389e-07
-6.8433e-09
7.55978e-07
-5.79955e-09
7.5648e-07
-4.91562e-09
7.56908e-07
-4.1643e-09
7.57271e-07
-3.52943e-09
7.57578e-07
-2.97643e-09
7.57841e-07
-2.53752e-09
7.58057e-07
-2.08407e-09
7.58249e-07
-1.84807e-09
7.58394e-07
-1.39662e-09
7.58531e-07
-1.32815e-09
-9.18251e-10
1.33443e-06
5.94439e-07
1.46269e-06
-1.00806e-07
1.22713e-06
-4.52536e-07
8.45035e-07
-3.85445e-07
5.82061e-07
-4.66036e-07
4.9317e-07
-5.88225e-07
5.3314e-07
-5.5326e-07
6.06414e-07
-4.24217e-07
6.61676e-07
-3.07115e-07
6.934e-07
-2.30492e-07
7.10329e-07
-1.81515e-07
7.19577e-07
-1.46946e-07
7.25179e-07
-1.20475e-07
7.29215e-07
-9.94546e-08
7.3262e-07
-8.24868e-08
7.35723e-07
-6.86485e-08
7.38595e-07
-5.72855e-08
7.41229e-07
-4.79128e-08
7.43611e-07
-4.0157e-08
7.45736e-07
-3.37213e-08
7.47612e-07
-2.8367e-08
7.49256e-07
-2.39009e-08
7.50688e-07
-2.01667e-08
7.51929e-07
-1.70373e-08
7.53e-07
-1.44091e-08
7.53924e-07
-1.21974e-08
7.54717e-07
-1.03328e-08
7.55398e-07
-8.75824e-09
7.55981e-07
-7.42648e-09
7.5648e-07
-6.29835e-09
7.56906e-07
-5.34165e-09
7.5727e-07
-4.52755e-09
7.57579e-07
-3.83898e-09
7.57841e-07
-3.23873e-09
7.58066e-07
-2.76194e-09
7.58251e-07
-2.26906e-09
7.58415e-07
-2.01214e-09
7.58539e-07
-1.52095e-09
7.58657e-07
-1.44592e-09
-9.99057e-10
1.39706e-06
3.46413e-07
1.36223e-06
-6.59737e-08
1.23779e-06
-3.28103e-07
1.31136e-06
-4.59013e-07
1.37164e-06
-5.26312e-07
1.25231e-06
-4.68894e-07
1.05912e-06
-3.60072e-07
9.08345e-07
-2.73443e-07
8.21857e-07
-2.20627e-07
7.77501e-07
-1.86135e-07
7.55412e-07
-1.59426e-07
7.45038e-07
-1.36572e-07
7.40982e-07
-1.16419e-07
7.40182e-07
-9.86547e-08
7.40923e-07
-8.32278e-08
7.42329e-07
-7.00542e-08
7.43976e-07
-5.89328e-08
7.45661e-07
-4.95973e-08
7.4728e-07
-4.17769e-08
7.48786e-07
-3.52266e-08
7.50155e-07
-2.97358e-08
7.51381e-07
-2.51271e-08
7.52467e-07
-2.12534e-08
7.53423e-07
-1.79926e-08
7.54257e-07
-1.52438e-08
7.54983e-07
-1.29232e-08
7.55612e-07
-1.09614e-08
7.56154e-07
-9.30098e-09
7.56622e-07
-7.89386e-09
7.57023e-07
-6.69987e-09
7.57368e-07
-5.68588e-09
7.57662e-07
-4.82197e-09
7.57914e-07
-4.09056e-09
7.58127e-07
-3.45237e-09
7.5831e-07
-2.94509e-09
7.58461e-07
-2.42022e-09
7.58596e-07
-2.14637e-09
7.58698e-07
-1.62275e-09
7.58794e-07
-1.54239e-09
-1.06528e-09
1.28592e-06
1.96339e-07
1.20871e-06
1.12416e-08
1.08343e-06
-2.0283e-07
9.60514e-07
-3.36093e-07
8.30049e-07
-3.95847e-07
7.51521e-07
-3.90367e-07
7.21951e-07
-3.30502e-07
7.21998e-07
-2.73489e-07
7.31302e-07
-2.29931e-07
7.39722e-07
-1.94554e-07
7.44776e-07
-1.6448e-07
7.46994e-07
-1.38791e-07
7.47637e-07
-1.17061e-07
7.47792e-07
-9.88096e-08
7.48036e-07
-8.34725e-08
7.48532e-07
-7.055e-08
7.49246e-07
-5.96472e-08
7.50095e-07
-5.04462e-08
7.51001e-07
-4.26825e-08
7.51906e-07
-3.61318e-08
7.52774e-07
-3.06032e-08
7.53582e-07
-2.59353e-08
7.5432e-07
-2.19914e-08
7.54984e-07
-1.86567e-08
7.55575e-07
-1.58349e-08
7.56097e-07
-1.34449e-08
7.56554e-07
-1.14188e-08
7.56953e-07
-9.6998e-09
7.57299e-07
-8.2401e-09
7.57599e-07
-6.99933e-09
7.57857e-07
-5.94405e-09
7.58079e-07
-5.04385e-09
7.58269e-07
-4.28091e-09
7.58431e-07
-3.61455e-09
7.58571e-07
-3.0845e-09
7.58686e-07
-2.53551e-09
7.58789e-07
-2.24895e-09
7.58866e-07
-1.70064e-09
7.5894e-07
-1.61627e-09
-1.11605e-09
1.17075e-06
1.2268e-07
1.21897e-06
-3.69835e-08
1.19649e-06
-1.80345e-07
1.08994e-06
-2.29547e-07
9.67819e-07
-2.73723e-07
8.81478e-07
-3.04026e-07
8.4267e-07
-2.91693e-07
8.2101e-07
-2.5183e-07
8.02312e-07
-2.11233e-07
7.85934e-07
-1.78176e-07
7.73445e-07
-1.5199e-07
7.65124e-07
-1.3047e-07
7.6008e-07
-1.12018e-07
7.57175e-07
-9.5904e-08
7.55575e-07
-8.18724e-08
7.54777e-07
-6.97527e-08
7.54483e-07
-5.93533e-08
7.54505e-07
-5.04682e-08
7.5472e-07
-4.2897e-08
7.55044e-07
-3.64561e-08
7.55423e-07
-3.09822e-08
7.5582e-07
-2.63324e-08
7.56212e-07
-2.23836e-08
7.56585e-07
-1.90298e-08
7.56931e-07
-1.61809e-08
7.57246e-07
-1.37599e-08
7.57529e-07
-1.17018e-08
7.57781e-07
-9.95143e-09
7.58003e-07
-8.462e-09
7.58197e-07
-7.19371e-09
7.58367e-07
-6.11339e-09
7.58513e-07
-5.19065e-09
7.5864e-07
-4.40777e-09
7.58749e-07
-3.72327e-09
7.58843e-07
-3.17844e-09
7.58921e-07
-2.61347e-09
7.5899e-07
-2.31857e-09
7.59043e-07
-1.75362e-09
7.59094e-07
-1.66661e-09
-1.1507e-09
1.1132e-06
7.04185e-08
1.08737e-06
-1.11557e-08
1.02754e-06
-1.20513e-07
1.00111e-06
-2.0311e-07
9.70505e-07
-2.43121e-07
9.18458e-07
-2.51979e-07
8.61863e-07
-2.35099e-07
8.21778e-07
-2.11745e-07
7.98822e-07
-1.88277e-07
7.86157e-07
-1.65512e-07
7.78289e-07
-1.44122e-07
7.72544e-07
-1.24725e-07
7.68093e-07
-1.07567e-07
7.64731e-07
-9.25413e-08
7.62301e-07
-7.94429e-08
7.60618e-07
-6.80696e-08
7.59498e-07
-5.82336e-08
7.58788e-07
-4.97578e-08
7.58367e-07
-4.2476e-08
7.58145e-07
-3.62347e-08
7.58058e-07
-3.0895e-08
7.58059e-07
-2.63328e-08
7.58114e-07
-2.24387e-08
7.58201e-07
-1.91168e-08
7.58304e-07
-1.62841e-08
7.58413e-07
-1.38691e-08
7.58522e-07
-1.18103e-08
7.58625e-07
-1.00551e-08
7.58722e-07
-8.55841e-09
7.5881e-07
-7.28168e-09
7.58889e-07
-6.19253e-09
7.58959e-07
-5.26104e-09
7.59021e-07
-4.46988e-09
7.59076e-07
-3.77737e-09
7.59123e-07
-3.22584e-09
7.59163e-07
-2.65319e-09
7.59198e-07
-2.35439e-09
7.59226e-07
-1.78105e-09
7.59252e-07
-1.69278e-09
-1.1688e-09
1.06225e-06
4.29024e-08
1.07688e-06
-2.57799e-08
1.05591e-06
-9.95418e-08
1.00312e-06
-1.50329e-07
9.44532e-07
-1.84528e-07
8.95051e-07
-2.02498e-07
8.61582e-07
-2.01629e-07
8.37881e-07
-1.88045e-07
8.18964e-07
-1.69361e-07
8.03753e-07
-1.503e-07
7.92059e-07
-1.32429e-07
7.83371e-07
-1.16037e-07
7.76969e-07
-1.01164e-07
7.72243e-07
-8.78159e-08
7.68753e-07
-7.59523e-08
7.66179e-07
-6.54957e-08
7.64288e-07
-5.63423e-08
7.62904e-07
-4.83742e-08
7.61897e-07
-4.14685e-08
7.61167e-07
-3.55048e-08
7.60641e-07
-3.0369e-08
7.60264e-07
-2.59559e-08
7.59995e-07
-2.21702e-08
7.59806e-07
-1.89269e-08
7.59672e-07
-1.61509e-08
7.5958e-07
-1.37766e-08
7.59516e-07
-1.17469e-08
7.59474e-07
-1.00122e-08
7.59445e-07
-8.53011e-09
7.59427e-07
-7.26357e-09
7.59416e-07
-6.18149e-09
7.5941e-07
-5.25484e-09
7.59407e-07
-4.46694e-09
7.59406e-07
-3.77652e-09
7.59407e-07
-3.22635e-09
7.59408e-07
-2.65435e-09
7.5941e-07
-2.3561e-09
7.59411e-07
-1.78267e-09
7.59413e-07
-1.69452e-09
-1.17015e-09
1.02549e-06
2.62433e-08
1.02116e-06
-2.14494e-08
9.97639e-07
-7.60235e-08
9.70952e-07
-1.23642e-07
9.40319e-07
-1.53896e-07
9.05951e-07
-1.6813e-07
8.73769e-07
-1.69447e-07
8.47151e-07
-1.61427e-07
8.26945e-07
-1.49154e-07
8.11802e-07
-1.35157e-07
8.00237e-07
-1.20863e-07
7.91269e-07
-1.07069e-07
7.84282e-07
-9.41772e-08
7.7884e-07
-8.23737e-08
7.74608e-07
-7.1721e-08
7.71324e-07
-6.22111e-08
7.68776e-07
-5.37946e-08
7.66799e-07
-4.63976e-08
7.65264e-07
-3.99331e-08
7.64069e-07
-3.43098e-08
7.63136e-07
-2.94362e-08
7.62406e-07
-2.52253e-08
7.61831e-07
-2.15957e-08
7.61377e-07
-1.8473e-08
7.61017e-07
-1.57906e-08
7.60729e-07
-1.34892e-08
7.60499e-07
-1.15164e-08
7.60313e-07
-9.8265e-09
7.60163e-07
-8.3797e-09
7.6004e-07
-7.14123e-09
7.5994e-07
-6.08158e-09
7.59859e-07
-5.17299e-09
7.59791e-07
-4.39962e-09
7.59736e-07
-3.72118e-09
7.5969e-07
-3.18031e-09
7.59653e-07
-2.61717e-09
7.5962e-07
-2.32384e-09
7.59596e-07
-1.75856e-09
7.59574e-07
-1.67192e-09
-1.1548e-09
9.9864e-07
1.59282e-08
9.99948e-07
-2.27574e-08
9.86863e-07
-6.29381e-08
9.61878e-07
-9.86575e-08
9.32094e-07
-1.24112e-07
9.02412e-07
-1.38447e-07
8.75556e-07
-1.42591e-07
8.53114e-07
-1.38985e-07
8.34775e-07
-1.30815e-07
8.19951e-07
-1.20333e-07
8.08044e-07
-1.08957e-07
7.98514e-07
-9.75381e-08
7.90896e-07
-8.65592e-08
7.84808e-07
-7.62863e-08
7.79943e-07
-6.68555e-08
7.76052e-07
-5.83203e-08
7.72937e-07
-5.06802e-08
7.70441e-07
-4.39008e-08
7.68435e-07
-3.79274e-08
7.6682e-07
-3.26944e-08
7.65515e-07
-2.81313e-08
7.64457e-07
-2.41677e-08
7.63597e-07
-2.07354e-08
7.62895e-07
-1.77708e-08
7.62319e-07
-1.52152e-08
7.61846e-07
-1.3016e-08
7.61455e-07
-1.11259e-08
7.61132e-07
-9.50329e-09
7.60864e-07
-8.11139e-09
7.60641e-07
-6.91793e-09
7.60454e-07
-5.89537e-09
7.60299e-07
-5.01748e-09
7.60169e-07
-4.26948e-09
7.6006e-07
-3.61259e-09
7.59969e-07
-3.08869e-09
7.59894e-07
-2.54241e-09
7.59828e-07
-2.25825e-09
7.59779e-07
-1.70919e-09
7.59732e-07
-1.6254e-09
-1.12304e-09
9.76332e-07
1.00963e-08
9.74167e-07
-2.05921e-08
9.63367e-07
-5.21388e-08
9.45082e-07
-8.03721e-08
9.23066e-07
-1.02096e-07
8.99742e-07
-1.15124e-07
8.77317e-07
-1.20166e-07
8.57349e-07
-1.19017e-07
8.40292e-07
-1.13758e-07
8.26038e-07
-1.0608e-07
8.14253e-07
-9.71714e-08
8.04553e-07
-8.78386e-08
7.9659e-07
-7.85962e-08
7.90062e-07
-6.97583e-08
7.84715e-07
-6.15078e-08
7.80334e-07
-5.39399e-08
7.76745e-07
-4.70906e-08
7.73801e-07
-4.09565e-08
7.71382e-07
-3.5509e-08
7.69392e-07
-3.07044e-08
7.67751e-07
-2.64905e-08
7.66395e-07
-2.28117e-08
7.65272e-07
-1.96121e-08
7.64339e-07
-1.6838e-08
7.63563e-07
-1.44388e-08
7.62915e-07
-1.23682e-08
7.62374e-07
-1.05844e-08
7.6192e-07
-9.04972e-09
7.61539e-07
-7.73084e-09
7.6122e-07
-6.59825e-09
7.60951e-07
-5.62652e-09
7.60725e-07
-4.79128e-09
7.60534e-07
-4.07894e-09
7.60374e-07
-3.4527e-09
7.60239e-07
-2.9531e-09
7.60128e-07
-2.43137e-09
7.6003e-07
-2.16044e-09
7.59956e-07
-1.63539e-09
7.59886e-07
-1.55571e-09
-1.07536e-09
9.59824e-07
5.63712e-09
9.58339e-07
-1.9107e-08
9.49702e-07
-4.35014e-08
9.35071e-07
-6.57413e-08
9.16698e-07
-8.37227e-08
8.97002e-07
-9.54278e-08
8.7772e-07
-1.00884e-07
8.60003e-07
-1.013e-07
8.44357e-07
-9.81118e-08
8.30854e-07
-9.25771e-08
8.19359e-07
-8.56758e-08
8.0965e-07
-7.81296e-08
8.0149e-07
-7.04367e-08
7.94655e-07
-6.2923e-08
7.8894e-07
-5.57933e-08
7.84168e-07
-4.91679e-08
7.80185e-07
-4.31076e-08
7.76861e-07
-3.76321e-08
7.74085e-07
-3.27332e-08
7.71766e-07
-2.83849e-08
7.69826e-07
-2.45504e-08
7.68201e-07
-2.1187e-08
7.66839e-07
-1.82498e-08
7.65695e-07
-1.56941e-08
7.64733e-07
-1.34771e-08
7.63924e-07
-1.15588e-08
7.63242e-07
-9.90228e-09
7.62666e-07
-8.4743e-09
7.6218e-07
-7.24505e-09
7.6177e-07
-6.18789e-09
7.61423e-07
-5.27974e-09
7.6113e-07
-4.49827e-09
7.60882e-07
-3.83118e-09
7.60674e-07
-3.24415e-09
7.60496e-07
-2.77573e-09
7.60351e-07
-2.28582e-09
7.60222e-07
-2.03193e-09
7.60125e-07
-1.53828e-09
7.60034e-07
-1.46392e-09
-1.0125e-09
9.45708e-07
3.22237e-09
9.43759e-07
-1.71583e-08
9.36709e-07
-3.64507e-08
9.25074e-07
-5.41062e-08
9.10201e-07
-6.88506e-08
8.93802e-07
-7.90285e-08
8.77272e-07
-8.43537e-08
8.6158e-07
-8.56089e-08
8.47277e-07
-8.38084e-08
8.34572e-07
-7.98721e-08
8.23473e-07
-7.45766e-08
8.13879e-07
-6.85364e-08
8.05647e-07
-6.22039e-08
7.98616e-07
-5.58927e-08
7.92634e-07
-4.98109e-08
7.87556e-07
-4.40897e-08
7.83253e-07
-3.88044e-08
7.7961e-07
-3.39896e-08
7.76529e-07
-2.96521e-08
7.73924e-07
-2.57795e-08
7.7172e-07
-2.23473e-08
7.69857e-07
-1.93237e-08
7.68281e-07
-1.66734e-08
7.66947e-07
-1.43599e-08
7.65817e-07
-1.23474e-08
7.6486e-07
-1.06018e-08
7.64049e-07
-9.09128e-09
7.63361e-07
-7.7868e-09
7.62778e-07
-6.66212e-09
7.62284e-07
-5.6936e-09
7.61865e-07
-4.86064e-09
7.6151e-07
-4.14313e-09
7.61209e-07
-3.53013e-09
7.60955e-07
-2.99019e-09
7.60738e-07
-2.55932e-09
7.60561e-07
-2.10796e-09
7.60403e-07
-1.87467e-09
7.60284e-07
-1.41932e-09
7.60172e-07
-1.35137e-09
-9.35375e-10
9.35047e-07
1.04656e-09
9.33039e-07
-1.51505e-08
9.27049e-07
-3.04608e-08
9.17362e-07
-4.4419e-08
9.04888e-07
-5.63771e-08
8.90894e-07
-6.50344e-08
8.76486e-07
-6.99454e-08
8.62469e-07
-7.15921e-08
8.4936e-07
-7.06996e-08
8.37428e-07
-6.79395e-08
8.26765e-07
-6.39136e-08
8.17358e-07
-5.91294e-08
8.09134e-07
-5.39798e-08
8.01991e-07
-4.87504e-08
7.9582e-07
-4.36391e-08
7.90507e-07
-3.87769e-08
7.85947e-07
-3.42444e-08
7.82042e-07
-3.00847e-08
7.78704e-07
-2.63138e-08
7.75854e-07
-2.29294e-08
7.73423e-07
-1.99163e-08
7.71351e-07
-1.72517e-08
7.69585e-07
-1.49082e-08
7.68082e-07
-1.28567e-08
7.66802e-07
-1.10676e-08
7.65713e-07
-9.51243e-09
7.64786e-07
-8.16417e-09
7.63997e-07
-6.99795e-09
7.63326e-07
-5.9911e-09
7.62756e-07
-5.123e-09
7.62271e-07
-4.37563e-09
7.61859e-07
-3.73125e-09
7.61509e-07
-3.18033e-09
7.61213e-07
-2.69465e-09
7.60961e-07
-2.3071e-09
7.60754e-07
-1.90046e-09
7.6057e-07
-1.69095e-09
7.60431e-07
-1.28025e-09
7.60299e-07
-1.21967e-09
-8.45082e-10
9.25994e-07
-2.6441e-10
9.24191e-07
-1.3348e-08
9.1906e-07
-2.53294e-08
9.1088e-07
-3.62394e-08
9.00286e-07
-4.57825e-08
8.88202e-07
-5.29503e-08
8.75508e-07
-5.72515e-08
8.62888e-07
-5.89729e-08
8.50821e-07
-5.86325e-08
8.396e-07
-5.67182e-08
8.29372e-07
-5.36857e-08
8.20185e-07
-4.99419e-08
8.1202e-07
-4.58157e-08
8.04825e-07
-4.1555e-08
7.98524e-07
-3.73383e-08
7.93035e-07
-3.32878e-08
7.88273e-07
-2.9482e-08
7.84154e-07
-2.59665e-08
7.80603e-07
-2.27624e-08
7.77547e-07
-1.98734e-08
7.74922e-07
-1.72913e-08
7.72671e-07
-1.50003e-08
7.70742e-07
-1.29796e-08
7.69091e-07
-1.12063e-08
7.6768e-07
-9.6564e-09
7.66474e-07
-8.30663e-09
7.65445e-07
-7.13457e-09
7.64566e-07
-6.11937e-09
7.63817e-07
-5.24185e-09
7.63178e-07
-4.48448e-09
7.62635e-07
-3.83184e-09
7.62172e-07
-3.26868e-09
7.61779e-07
-2.78689e-09
7.61446e-07
-2.36184e-09
7.61162e-07
-2.02274e-09
7.60927e-07
-1.6663e-09
7.6072e-07
-1.48342e-09
7.60563e-07
-1.12304e-09
7.60414e-07
-1.07068e-09
-7.42877e-10
9.19049e-07
-1.38171e-09
9.17338e-07
-1.1637e-08
9.12818e-07
-2.08099e-08
9.05717e-07
-2.91377e-08
8.96508e-07
-3.65735e-08
8.85876e-07
-4.23184e-08
8.74522e-07
-4.5898e-08
8.63031e-07
-4.74819e-08
8.51838e-07
-4.7439e-08
8.41239e-07
-4.61194e-08
8.31413e-07
-4.386e-08
8.22449e-07
-4.09776e-08
8.14371e-07
-3.77374e-08
8.07161e-07
-3.43451e-08
8.00776e-07
-3.0953e-08
7.95156e-07
-2.76685e-08
7.90237e-07
-2.45623e-08
7.85948e-07
-2.16779e-08
7.82223e-07
-1.90372e-08
7.78997e-07
-1.66474e-08
7.7621e-07
-1.45046e-08
7.73808e-07
-1.25981e-08
7.71741e-07
-1.09127e-08
7.69965e-07
-9.43049e-09
7.68442e-07
-8.1328e-09
7.67136e-07
-7.00089e-09
7.66018e-07
-6.01673e-09
7.65062e-07
-5.1633e-09
7.64245e-07
-4.4249e-09
7.63548e-07
-3.78705e-09
7.62953e-07
-3.23698e-09
7.62446e-07
-2.76199e-09
7.62015e-07
-2.35543e-09
7.61649e-07
-1.99652e-09
7.61337e-07
-1.71029e-09
7.6108e-07
-1.40884e-09
7.60851e-07
-1.25501e-09
7.60678e-07
-9.49894e-10
7.60514e-07
-9.06458e-10
-6.30141e-10
9.13594e-07
-2.28204e-09
9.12009e-07
-1.00524e-08
9.07958e-07
-1.67586e-08
9.01659e-07
-2.28388e-08
8.93482e-07
-2.8397e-08
8.83949e-07
-3.27847e-08
8.73628e-07
-3.55777e-08
8.63027e-07
-3.68803e-08
8.52541e-07
-3.69534e-08
8.42462e-07
-3.60407e-08
8.32986e-07
-3.43835e-08
8.24227e-07
-3.2219e-08
8.16241e-07
-2.97514e-08
8.09039e-07
-2.71425e-08
8.026e-07
-2.45144e-08
7.96886e-07
-2.19549e-08
7.91847e-07
-1.95231e-08
7.87425e-07
-1.72562e-08
7.83562e-07
-1.51742e-08
7.802e-07
-1.32847e-08
7.77282e-07
-1.15867e-08
7.74756e-07
-1.00729e-08
7.72576e-07
-8.73216e-09
7.70697e-07
-7.55135e-09
7.6908e-07
-6.51615e-09
7.67691e-07
-5.61216e-09
7.665e-07
-4.82539e-09
7.65479e-07
-4.14256e-09
7.64606e-07
-3.55132e-09
7.63859e-07
-3.04025e-09
7.63221e-07
-2.59925e-09
7.62677e-07
-2.21824e-09
7.62214e-07
-1.89199e-09
7.61821e-07
-1.60383e-09
7.61485e-07
-1.37414e-09
7.61208e-07
-1.13172e-09
7.60962e-07
-1.00889e-09
7.60775e-07
-7.63193e-10
7.60598e-07
-7.29232e-10
-5.08335e-10
9.09522e-07
-3.09377e-09
9.08043e-07
-8.57384e-09
9.04332e-07
-1.30469e-08
8.98607e-07
-1.71145e-08
8.91172e-07
-2.09619e-08
8.82438e-07
-2.40503e-08
8.72884e-07
-2.60236e-08
8.62955e-07
-2.69516e-08
8.53016e-07
-2.70142e-08
8.43348e-07
-2.63725e-08
8.34154e-07
-2.519e-08
8.25569e-07
-2.36337e-08
8.17668e-07
-2.18501e-08
8.10482e-07
-1.99567e-08
8.04011e-07
-1.80434e-08
7.98231e-07
-1.6175e-08
7.93104e-07
-1.4396e-08
7.88582e-07
-1.27344e-08
7.84614e-07
-1.12059e-08
7.81146e-07
-9.81689e-09
7.78126e-07
-8.56703e-09
7.75505e-07
-7.45154e-09
7.73236e-07
-6.46266e-09
7.71275e-07
-5.59094e-09
7.69585e-07
-4.82613e-09
7.68131e-07
-4.15782e-09
7.66881e-07
-3.57584e-09
7.65809e-07
-3.07049e-09
7.64891e-07
-2.63272e-09
7.64104e-07
-2.25415e-09
7.63433e-07
-1.92735e-09
7.62859e-07
-1.64493e-09
7.6237e-07
-1.403e-09
7.61956e-07
-1.18931e-09
7.61601e-07
-1.01899e-09
7.61308e-07
-8.38904e-10
7.61047e-07
-7.48468e-10
7.6085e-07
-5.65484e-10
7.60662e-07
-5.41431e-10
-3.78946e-10
9.06202e-07
-3.95137e-09
9.0487e-07
-7.24113e-09
9.01465e-07
-9.64244e-09
8.96191e-07
-1.184e-08
8.89279e-07
-1.40504e-08
8.81085e-07
-1.58561e-08
8.72048e-07
-1.69865e-08
8.62582e-07
-1.74851e-08
8.53027e-07
-1.746e-08
8.43657e-07
-1.70025e-08
8.34678e-07
-1.62106e-08
8.26232e-07
-1.51879e-08
8.18409e-07
-1.40264e-08
8.11252e-07
-1.28002e-08
8.04774e-07
-1.15652e-08
7.98961e-07
-1.03623e-08
7.93784e-07
-9.21891e-09
7.89202e-07
-8.15243e-09
7.85168e-07
-7.17229e-09
7.81634e-07
-6.28219e-09
7.78548e-07
-5.48168e-09
7.75864e-07
-4.76748e-09
7.73536e-07
-4.13449e-09
7.71522e-07
-3.57656e-09
7.69783e-07
-3.08711e-09
7.68284e-07
-2.65945e-09
7.66996e-07
-2.28705e-09
7.65889e-07
-1.96369e-09
7.6494e-07
-1.68358e-09
7.64127e-07
-1.44132e-09
7.63432e-07
-1.23217e-09
7.62838e-07
-1.05145e-09
7.62332e-07
-8.96572e-10
7.61902e-07
-7.59899e-10
7.61534e-07
-6.50796e-10
7.61231e-07
-5.35481e-10
7.6096e-07
-4.7808e-10
7.60755e-07
-3.60169e-10
7.6056e-07
-3.46089e-10
-2.43952e-10
8.9645e-07
-5.06466e-09
8.95521e-07
-6.31205e-09
8.92538e-07
-6.65994e-09
8.87665e-07
-6.96685e-09
8.81099e-07
-7.48423e-09
8.73205e-07
-7.96179e-09
8.64454e-07
-8.23563e-09
8.55269e-07
-8.3002e-09
8.45988e-07
-8.17861e-09
8.36876e-07
-7.89091e-09
8.28135e-07
-7.47006e-09
8.19906e-07
-6.9583e-09
8.12275e-07
-6.39522e-09
8.05287e-07
-5.81246e-09
7.98955e-07
-5.23368e-09
7.93269e-07
-4.67568e-09
7.88199e-07
-4.14954e-09
7.83709e-07
-3.66186e-09
7.79753e-07
-3.21593e-09
7.76283e-07
-2.81262e-09
7.73252e-07
-2.4511e-09
7.70614e-07
-2.12942e-09
7.68325e-07
-1.84494e-09
7.66343e-07
-1.59465e-09
7.64631e-07
-1.37541e-09
7.63156e-07
-1.1841e-09
7.61886e-07
-1.01768e-09
7.60796e-07
-8.73307e-10
7.59861e-07
-7.48326e-10
7.5906e-07
-6.40286e-10
7.58375e-07
-5.4708e-10
7.5779e-07
-4.66584e-10
7.57291e-07
-3.97585e-10
7.56868e-07
-3.36908e-10
7.56505e-07
-2.88112e-10
7.56207e-07
-2.37126e-10
7.5594e-07
-2.11583e-10
7.55739e-07
-1.58799e-10
7.55546e-07
-1.53639e-10
-1.09107e-10
7.77532e-07
7.7122e-07
7.6456e-07
7.57593e-07
7.50109e-07
7.42147e-07
7.33911e-07
7.25611e-07
7.17432e-07
7.09542e-07
7.02072e-07
6.95113e-07
6.88718e-07
6.82906e-07
6.77672e-07
6.72996e-07
6.68847e-07
6.65185e-07
6.61969e-07
6.59156e-07
6.56705e-07
6.54576e-07
6.52731e-07
6.51136e-07
6.49761e-07
6.48577e-07
6.47559e-07
6.46686e-07
6.45937e-07
6.45297e-07
6.4475e-07
6.44283e-07
6.43886e-07
6.43549e-07
6.43261e-07
6.43024e-07
6.42812e-07
6.42653e-07
6.425e-07
)
;

boundaryField
{
    inlet
    {
        type            calculated;
        value           nonuniform List<scalar> 
20
(
-1e-06
-1e-06
-1e-06
-1e-06
-1e-06
-1e-06
-1e-06
-1e-06
-1e-06
-1e-06
-1e-06
-1e-06
-1e-06
-1e-06
-1e-06
-1e-06
-1e-06
-1e-06
-1e-06
-1e-06
)
;
    }
    outlet
    {
        type            calculated;
        value           nonuniform List<scalar> 
27
(
7.58626e-07
7.58738e-07
7.5886e-07
7.58991e-07
7.59128e-07
7.5927e-07
7.59414e-07
7.59558e-07
7.59701e-07
7.59839e-07
7.59971e-07
7.60095e-07
7.60209e-07
7.60311e-07
7.60401e-07
7.60476e-07
7.60532e-07
7.60425e-07
7.55412e-07
6.4239e-07
6.00155e-07
7.1631e-07
7.21985e-07
7.22205e-07
7.22262e-07
7.22329e-07
7.22408e-07
)
;
    }
    lowerWall
    {
        type            calculated;
        value           uniform 0;
    }
    upperWall
    {
        type            calculated;
        value           uniform 0;
    }
    defaultFaces
    {
        type            empty;
        value           nonuniform List<scalar> 0();
    }
}


// ************************************************************************* //
