/*--------------------------------*- C++ -*----------------------------------*\
| =========                 |                                                 |
| \\      /  F ield         | OpenFOAM: The Open Source CFD Toolbox           |
|  \\    /   O peration     | Version:  2112                                  |
|   \\  /    A nd           | Website:  www.openfoam.com                      |
|    \\/     M anipulation  |                                                 |
\*---------------------------------------------------------------------------*/
FoamFile
{
    version     2.0;
    format      ascii;
    arch        "LSB;label=32;scalar=64";
    class       volVectorField;
    location    "0.05";
    object      U;
}
// * * * * * * * * * * * * * * * * * * * * * * * * * * * * * * * * * * * * * //

dimensions      [0 1 -1 0 0 0 0];

internalField   nonuniform List<vector> 
1880
(
(0.0977563 0.000583 0)
(0.0989457 0.00111819 0)
(0.0982203 0.00142216 0)
(0.0951206 0.00131152 0)
(0.0938115 0.000980852 0)
(0.0934153 0.000662904 0)
(0.0926313 0.000423415 0)
(0.091908 0.000257361 0)
(0.0915523 0.000162039 0)
(0.0913618 0.000117888 0)
(0.0911693 0.000100099 0)
(0.0909679 9.4941e-05 0)
(0.0907681 9.7783e-05 0)
(0.0905582 0.000106822 0)
(0.0903245 0.000120679 0)
(0.0900566 0.00013928 0)
(0.089745 0.000163459 0)
(0.0893771 0.000193399 0)
(0.0889418 0.000232458 0)
(0.0884107 0.000277875 0)
(0.0877894 0.000346893 0)
(0.0869717 0.00040585 0)
(0.0860972 0.000558903 0)
(0.0846968 0.000592187 0)
(0.0835258 0.00101219 0)
(0.0808736 0.000915564 0)
(0.0791642 0.00207222 0)
(0.0742266 0.00189708 0)
(0.0700536 0.00513683 0)
(0.0602914 0.00583066 0)
(0.0986812 0.00072934 0)
(0.100468 0.00130101 0)
(0.101753 0.00167402 0)
(0.100637 0.00168115 0)
(0.100737 0.00139302 0)
(0.101343 0.00105287 0)
(0.101175 0.000765876 0)
(0.100745 0.000543442 0)
(0.100527 0.000399893 0)
(0.100409 0.000325893 0)
(0.10025 0.000295286 0)
(0.100061 0.000290325 0)
(0.0998662 0.000303413 0)
(0.0996579 0.000332026 0)
(0.0994245 0.000374877 0)
(0.099157 0.00043185 0)
(0.098846 0.000505243 0)
(0.0984811 0.000597082 0)
(0.0980469 0.000714432 0)
(0.0975325 0.000855763 0)
(0.0968996 0.00105298 0)
(0.0961658 0.00125775 0)
(0.095182 0.00164951 0)
(0.0941722 0.00187448 0)
(0.0924771 0.002863 0)
(0.0912568 0.00285356 0)
(0.088127 0.00558372 0)
(0.0869143 0.00506408 0)
(0.0817563 0.0114946 0)
(0.0805475 0.0124405 0)
(0.0986843 0.000254001 0)
(0.100338 0.000631639 0)
(0.101571 0.000945505 0)
(0.100491 0.00110172 0)
(0.100683 0.00107855 0)
(0.101378 0.000942837 0)
(0.101278 0.000780041 0)
(0.100898 0.000638018 0)
(0.100718 0.000537791 0)
(0.100627 0.000480754 0)
(0.10049 0.000458308 0)
(0.10032 0.000463596 0)
(0.100143 0.000492073 0)
(0.0999533 0.000541682 0)
(0.0997399 0.000612571 0)
(0.099495 0.000705995 0)
(0.0992109 0.000825068 0)
(0.0988791 0.000974075 0)
(0.0984858 0.00116132 0)
(0.0980244 0.00139275 0)
(0.0974615 0.00169185 0)
(0.0968193 0.00205356 0)
(0.0959751 0.00256549 0)
(0.0951278 0.00313147 0)
(0.0937604 0.00412777 0)
(0.0928424 0.00494401 0)
(0.0904693 0.00722196 0)
(0.0898849 0.00810791 0)
(0.0861956 0.0133484 0)
(0.0857279 0.0146701 0)
(0.0986914 0.000233874 0)
(0.100184 0.000593999 0)
(0.101284 0.000904821 0)
(0.100121 0.0011006 0)
(0.100308 0.00112902 0)
(0.101058 0.00103257 0)
(0.101036 0.000894204 0)
(0.100732 0.00076576 0)
(0.100618 0.000671123 0)
(0.10058 0.000617528 0)
(0.100483 0.000601396 0)
(0.100344 0.000616751 0)
(0.100194 0.000660145 0)
(0.10003 0.000730296 0)
(0.099842 0.000827324 0)
(0.0996258 0.000953564 0)
(0.0993743 0.00111322 0)
(0.0990826 0.00131183 0)
(0.0987372 0.00155952 0)
(0.0983423 0.00186414 0)
(0.097851 0.00225206 0)
(0.0973377 0.00271937 0)
(0.0965929 0.00336098 0)
(0.096028 0.0040699 0)
(0.0947917 0.00523552 0)
(0.0944362 0.00624269 0)
(0.0924081 0.00855916 0)
(0.0925744 0.00985879 0)
(0.0900293 0.0143243 0)
(0.0909497 0.0164341 0)
(0.0986919 0.00013782 0)
(0.100124 0.00037327 0)
(0.101162 0.000619049 0)
(0.0999597 0.000824413 0)
(0.10014 0.000923502 0)
(0.100904 0.000916916 0)
(0.10091 0.000854503 0)
(0.10064 0.000783201 0)
(0.100562 0.000728772 0)
(0.100559 0.000701778 0)
(0.100493 0.000705319 0)
(0.100383 0.000738424 0)
(0.100261 0.000800051 0)
(0.100125 0.00089089 0)
(0.0999682 0.00101231 0)
(0.099786 0.00116762 0)
(0.0995746 0.00136198 0)
(0.0993311 0.00160207 0)
(0.099044 0.00189802 0)
(0.0987236 0.00226121 0)
(0.0983232 0.00271229 0)
(0.0979367 0.00326462 0)
(0.097335 0.00397008 0)
(0.097002 0.00481403 0)
(0.0959878 0.00597131 0)
(0.0960477 0.00721885 0)
(0.0944051 0.00924993 0)
(0.0951377 0.010921 0)
(0.0934803 0.0144603 0)
(0.0942497 0.016877 0)
(0.0986945 0.000113404 0)
(0.100097 0.000308785 0)
(0.10109 0.000525495 0)
(0.0998524 0.000725904 0)
(0.100017 0.000842754 0)
(0.100785 0.000868373 0)
(0.100811 0.000839991 0)
(0.100571 0.000798151 0)
(0.100525 0.000768476 0)
(0.100553 0.000762038 0)
(0.100519 0.00078298 0)
(0.100439 0.000832694 0)
(0.100347 0.000911541 0)
(0.100242 0.00102094 0)
(0.100119 0.0011635 0)
(0.0999755 0.00134303 0)
(0.0998088 0.00156503 0)
(0.0996188 0.00183692 0)
(0.0993964 0.00216884 0)
(0.0991568 0.002573 0)
(0.0988539 0.00306689 0)
(0.098596 0.00366864 0)
(0.0981431 0.00441097 0)
(0.0980186 0.00531012 0)
(0.0972364 0.00644411 0)
(0.0975997 0.00775704 0)
(0.0963482 0.00954242 0)
(0.0974178 0.0113235 0)
(0.0963474 0.0140705 0)
(0.0975721 0.0165246 0)
(0.0986946 8.67001e-05 0)
(0.100081 0.00022815 0)
(0.10105 0.00040364 0)
(0.0997919 0.000590781 0)
(0.0999462 0.000722826 0)
(0.100717 0.000780146 0)
(0.100756 0.000787433 0)
(0.100536 0.000777955 0)
(0.100515 0.000774895 0)
(0.10057 0.000790605 0)
(0.100563 0.000830388 0)
(0.100512 0.000896887 0)
(0.100449 0.000992066 0)
(0.100377 0.00111789 0)
(0.10029 0.00127769 0)
(0.100188 0.00147582 0)
(0.100068 0.00171808 0)
(0.0999349 0.00201216 0)
(0.0997799 0.00236732 0)
(0.0996218 0.00279591 0)
(0.0994182 0.0033114 0)
(0.0992812 0.00393602 0)
(0.0989771 0.00468134 0)
(0.0990253 0.00559314 0)
(0.0984695 0.0066642 0)
(0.0990525 0.00796648 0)
(0.0981477 0.00952467 0)
(0.0994259 0.0112586 0)
(0.0988759 0.0134378 0)
(0.100067 0.0158207 0)
(0.0986952 6.85139e-05 0)
(0.100073 0.000171103 0)
(0.101028 0.000312102 0)
(0.0997584 0.000481826 0)
(0.099907 0.000617874 0)
(0.10068 0.000693889 0)
(0.10073 0.000725461 0)
(0.100528 0.000740655 0)
(0.100527 0.000759779 0)
(0.100605 0.000794685 0)
(0.100624 0.000851385 0)
(0.100601 0.000932949 0)
(0.100568 0.0010419 0)
(0.100527 0.00118079 0)
(0.100477 0.00135345 0)
(0.100416 0.00156458 0)
(0.100345 0.00181971 0)
(0.100268 0.00212615 0)
(0.10018 0.00249235 0)
(0.100101 0.00293035 0)
(0.0999935 0.00344965 0)
(0.099966 0.00407363 0)
(0.0998021 0.00479834 0)
(0.0999896 0.00568748 0)
(0.0996464 0.00667649 0)
(0.100373 0.00791996 0)
(0.0997842 0.00925769 0)
(0.101174 0.0108924 0)
(0.100982 0.012604 0)
(0.102318 0.0147607 0)
(0.0986956 5.29447e-05 0)
(0.100069 0.000119813 0)
(0.101017 0.00022746 0)
(0.0997419 0.000377062 0)
(0.0998898 0.000510859 0)
(0.100668 0.000599058 0)
(0.100729 0.000649728 0)
(0.100541 0.000685122 0)
(0.100559 0.000723405 0)
(0.100659 0.000775643 0)
(0.1007 0.000847347 0)
(0.100702 0.000941578 0)
(0.100697 0.00106132 0)
(0.100689 0.00120995 0)
(0.100674 0.0013912 0)
(0.100654 0.00160936 0)
(0.10063 0.00186981 0)
(0.100608 0.0021797 0)
(0.100584 0.00254639 0)
(0.100579 0.00298076 0)
(0.100561 0.00348876 0)
(0.100629 0.00409365 0)
(0.100594 0.00478078 0)
(0.100889 0.00562247 0)
(0.100741 0.00651995 0)
(0.101551 0.00767018 0)
(0.101243 0.00881125 0)
(0.102663 0.0102993 0)
(0.102766 0.0116338 0)
(0.104103 0.013571 0)
(0.098696 3.83129e-05 0)
(0.100069 7.22716e-05 0)
(0.101015 0.000146584 0)
(0.0997385 0.000273398 0)
(0.0998892 0.000400714 0)
(0.100675 0.000495892 0)
(0.100746 0.000561185 0)
(0.100573 0.000613848 0)
(0.100608 0.000668885 0)
(0.100726 0.000735827 0)
(0.100789 0.000819893 0)
(0.100814 0.000924366 0)
(0.100836 0.00105229 0)
(0.100857 0.00120693 0)
(0.100876 0.00139176 0)
(0.100895 0.00161116 0)
(0.100915 0.00187048 0)
(0.100945 0.00217602 0)
(0.100981 0.00253384 0)
(0.101043 0.00295346 0)
(0.101106 0.00343831 0)
(0.101257 0.00401016 0)
(0.101335 0.00464887 0)
(0.101713 0.00542548 0)
(0.101734 0.00622991 0)
(0.102586 0.00726444 0)
(0.102518 0.00823508 0)
(0.103921 0.00955054 0)
(0.104241 0.0105923 0)
(0.105599 0.0122713 0)
(0.0986964 2.346e-05 0)
(0.10007 2.56265e-05 0)
(0.101018 6.56172e-05 0)
(0.0997452 0.000166283 0)
(0.0999025 0.000283371 0)
(0.100698 0.000382559 0)
(0.100782 0.000460177 0)
(0.100622 0.000527959 0)
(0.100671 0.000597584 0)
(0.100807 0.000677168 0)
(0.100888 0.000771716 0)
(0.100934 0.000883951 0)
(0.10098 0.00101667 0)
(0.101028 0.00117326 0)
(0.101078 0.00135731 0)
(0.101133 0.00157306 0)
(0.101195 0.00182529 0)
(0.101271 0.00211939 0)
(0.101361 0.00246037 0)
(0.101484 0.00285655 0)
(0.101618 0.00330943 0)
(0.101839 0.00383837 0)
(0.102014 0.00442082 0)
(0.102454 0.00512262 0)
(0.102619 0.00583341 0)
(0.103484 0.0067454 0)
(0.103617 0.00756445 0)
(0.104968 0.00870421 0)
(0.105458 0.00951007 0)
(0.106798 0.0109486 0)
(0.0986969 7.76733e-06 0)
(0.100073 -2.36846e-05 0)
(0.101026 -1.98918e-05 0)
(0.0997617 5.2413e-05 0)
(0.0999297 0.000156867 0)
(0.100737 0.000258313 0)
(0.100834 0.000346933 0)
(0.100687 0.000428656 0)
(0.100748 0.00051181 0)
(0.100898 0.00060266 0)
(0.100995 0.000705382 0)
(0.101059 0.000822563 0)
(0.101125 0.000957003 0)
(0.101198 0.00111206 0)
(0.101276 0.00129125 0)
(0.101362 0.00149856 0)
(0.101462 0.00173812 0)
(0.10158 0.0020147 0)
(0.101718 0.00233262 0)
(0.101892 0.00269871 0)
(0.102088 0.00311321 0)
(0.102367 0.00359245 0)
(0.102625 0.00411405 0)
(0.103109 0.0047356 0)
(0.103394 0.00535587 0)
(0.104252 0.00614339 0)
(0.104551 0.00683186 0)
(0.105832 0.0077961 0)
(0.10645 0.00842218 0)
(0.10776 0.00962396 0)
(0.0986971 -1.08928e-05 0)
(0.100078 -7.97552e-05 0)
(0.101042 -0.000115075 0)
(0.0997905 -7.43763e-05 0)
(0.0999721 1.54359e-05 0)
(0.100794 0.000119343 0)
(0.100903 0.000220374 0)
(0.100766 0.000317111 0)
(0.100838 0.000413716 0)
(0.100998 0.000514875 0)
(0.101107 0.000623828 0)
(0.101186 0.000743388 0)
(0.101269 0.000876569 0)
(0.101363 0.00102662 0)
(0.101465 0.00119702 0)
(0.101579 0.00139155 0)
(0.101711 0.00161388 0)
(0.101865 0.00186809 0)
(0.102045 0.00215781 0)
(0.102264 0.00248861 0)
(0.102512 0.00285994 0)
(0.102838 0.00328527 0)
(0.103163 0.00374379 0)
(0.10368 0.00428377 0)
(0.104062 0.00481715 0)
(0.104901 0.00548409 0)
(0.105333 0.00605868 0)
(0.106535 0.00685673 0)
(0.107248 0.00734542 0)
(0.108513 0.00832654 0)
(0.0986973 -3.26264e-05 0)
(0.100088 -0.000141996 0)
(0.101068 -0.000219117 0)
(0.0998347 -0.000210953 0)
(0.100034 -0.000133997 0)
(0.100872 -2.50089e-05 0)
(0.100993 9.01154e-05 0)
(0.100863 0.000201301 0)
(0.10094 0.000309548 0)
(0.101106 0.000418776 0)
(0.101223 0.000531487 0)
(0.101312 0.000650574 0)
(0.101408 0.000779263 0)
(0.101518 0.00092083 0)
(0.101641 0.00107874 0)
(0.101779 0.0012565 0)
(0.101938 0.00145753 0)
(0.102124 0.00168542 0)
(0.102339 0.00194299 0)
(0.102595 0.00223472 0)
(0.102885 0.00255965 0)
(0.103249 0.00292859 0)
(0.103629 0.00332317 0)
(0.104168 0.00378248 0)
(0.104626 0.00423318 0)
(0.105442 0.00478672 0)
(0.105977 0.00526092 0)
(0.107101 0.00590734 0)
(0.107884 0.00628937 0)
(0.109096 0.00707144 0)
(0.0986977 -6.62859e-05 0)
(0.100106 -0.000234232 0)
(0.101114 -0.00036466 0)
(0.099907 -0.000392985 0)
(0.100126 -0.000324842 0)
(0.100977 -0.000202373 0)
(0.101103 -6.50645e-05 0)
(0.100974 6.80543e-05 0)
(0.10105 0.000194549 0)
(0.101218 0.000314714 0)
(0.101339 0.000430882 0)
(0.101433 0.000547439 0)
(0.101539 0.000668681 0)
(0.101662 0.000798461 0)
(0.1018 0.000940483 0)
(0.101958 0.00109805 0)
(0.10214 0.00127431 0)
(0.102351 0.00147252 0)
(0.102595 0.00169485 0)
(0.102881 0.0019448 0)
(0.103206 0.00222133 0)
(0.1036 0.00253282 0)
(0.104022 0.0028637 0)
(0.104576 0.00324466 0)
(0.105094 0.00361674 0)
(0.105884 0.00406557 0)
(0.106499 0.00444979 0)
(0.10755 0.00496146 0)
(0.108381 0.00525731 0)
(0.109537 0.00586662 0)
(0.0986961 -9.61378e-05 0)
(0.100134 -0.000306563 0)
(0.101186 -0.000476401 0)
(0.10002 -0.000532291 0)
(0.100266 -0.000471517 0)
(0.101129 -0.000338525 0)
(0.101254 -0.000183977 0)
(0.101117 -3.46035e-05 0)
(0.101184 0.000100585 0)
(0.101341 0.000221007 0)
(0.101455 0.000332728 0)
(0.101549 0.000440974 0)
(0.101659 0.000550144 0)
(0.10179 0.000664161 0)
(0.10194 0.00078667 0)
(0.102113 0.000920854 0)
(0.102313 0.00106944 0)
(0.102544 0.00123519 0)
(0.102811 0.00141982 0)
(0.103121 0.001626 0)
(0.103474 0.00185278 0)
(0.10389 0.00210651 0)
(0.104345 0.00237463 0)
(0.104909 0.00268021 0)
(0.105471 0.00297766 0)
(0.106238 0.00333021 0)
(0.10691 0.00363275 0)
(0.107899 0.00402622 0)
(0.108762 0.00424989 0)
(0.109866 0.00471203 0)
(0.0986955 -0.000200682 0)
(0.100195 -0.000540036 0)
(0.101314 -0.000790325 0)
(0.100192 -0.000867661 0)
(0.100451 -0.000769084 0)
(0.101308 -0.000572146 0)
(0.101418 -0.000360194 0)
(0.10126 -0.000169918 0)
(0.101306 -1.17382e-05 0)
(0.10145 0.000119571 0)
(0.101558 0.00023134 0)
(0.101651 0.000330897 0)
(0.101763 0.000425657 0)
(0.101898 0.000521061 0)
(0.102057 0.000621098 0)
(0.102241 0.00072905 0)
(0.102454 0.000847468 0)
(0.102701 0.000978506 0)
(0.102985 0.00112361 0)
(0.103314 0.00128481 0)
(0.103687 0.00146126 0)
(0.10412 0.00165742 0)
(0.1046 0.00186386 0)
(0.10517 0.0020969 0)
(0.105764 0.00232364 0)
(0.106509 0.00258754 0)
(0.107224 0.00281536 0)
(0.10816 0.00310371 0)
(0.109045 0.00326576 0)
(0.110102 0.00360124 0)
(0.0986892 -0.000229644 0)
(0.100352 -0.000592044 0)
(0.101603 -0.00086117 0)
(0.100566 -0.000930348 0)
(0.100838 -0.000814385 0)
(0.10165 -0.000605428 0)
(0.101693 -0.000388777 0)
(0.101474 -0.00020149 0)
(0.101473 -5.32689e-05 0)
(0.101581 6.13333e-05 0)
(0.101663 0.000152139 0)
(0.10174 0.000230234 0)
(0.101846 0.000302741 0)
(0.101982 0.00037426 0)
(0.102145 0.000448159 0)
(0.102337 0.000527055 0)
(0.102559 0.000612997 0)
(0.102818 0.000707538 0)
(0.103115 0.000811712 0)
(0.103456 0.00092696 0)
(0.103844 0.00105272 0)
(0.10429 0.00119166 0)
(0.104786 0.00133781 0)
(0.10536 0.0015007 0)
(0.105976 0.00166064 0)
(0.106705 0.00184063 0)
(0.107448 0.00200165 0)
(0.108344 0.00219226 0)
(0.109241 0.00230168 0)
(0.110262 0.00252453 0)
(0.0986863 -0.000713348 0)
(0.100482 -0.00127345 0)
(0.101789 -0.00161606 0)
(0.10072 -0.00156781 0)
(0.100906 -0.0012228 0)
(0.101639 -0.000839345 0)
(0.101624 -0.000521425 0)
(0.101364 -0.000272846 0)
(0.101333 -0.000101435 0)
(0.101422 4.38892e-06 0)
(0.101499 7.49802e-05 0)
(0.101576 0.000130451 0)
(0.101685 0.000178662 0)
(0.101825 0.000223902 0)
(0.101994 0.00026944 0)
(0.102193 0.000317423 0)
(0.102425 0.000369292 0)
(0.102693 0.00042611 0)
(0.103002 0.000488507 0)
(0.103356 0.000557281 0)
(0.103758 0.000632124 0)
(0.104215 0.000714386 0)
(0.104726 0.000800892 0)
(0.105309 0.000896048 0)
(0.10594 0.000991057 0)
(0.106673 0.00109237 0)
(0.107418 0.00119148 0)
(0.108331 0.00129042 0)
(0.109173 0.00136074 0)
(0.110266 0.00146642 0)
(0.0977614 -0.00057918 0)
(0.0989611 -0.00111024 0)
(0.0982607 -0.00140509 0)
(0.095215 -0.0012795 0)
(0.0939964 -0.00093368 0)
(0.0937284 -0.0006042 0)
(0.0930967 -0.000356338 0)
(0.0925407 -0.000181866 0)
(0.0923681 -7.60239e-05 0)
(0.0923829 -1.88607e-05 0)
(0.0924212 1.50429e-05 0)
(0.0924802 3.83025e-05 0)
(0.0925784 5.61439e-05 0)
(0.0927119 7.14931e-05 0)
(0.0928754 8.63046e-05 0)
(0.0930691 0.000101679 0)
(0.0932954 0.000118191 0)
(0.0935573 0.000136215 0)
(0.0938581 0.000155945 0)
(0.094202 0.000177624 0)
(0.0945922 0.000201151 0)
(0.0950344 0.000226847 0)
(0.0955291 0.000253714 0)
(0.0960874 0.000282885 0)
(0.0966963 0.000312356 0)
(0.0973911 0.00034214 0)
(0.0981057 0.000373609 0)
(0.0989621 0.000399626 0)
(0.0997525 0.000423402 0)
(0.100768 0.000440289 0)
(0.0510845 0.0184351 0)
(0.0711268 0.0263525 0)
(0.0745575 0.028956 0)
(0.0836184 0.0389283 1.59948e-21)
(0.0835262 0.0239206 1.43341e-21)
(0.102462 0.0641564 0)
(0.0800283 0.0127923 9.19669e-22)
(0.143191 0.0626596 8.7766e-22)
(0.0744255 0.0492518 3.57368e-22)
(0.178099 0.0412819 0)
(0.0744654 0.0258069 0)
(0.0876598 0.0337994 0)
(0.085809 0.035593 0)
(0.10151 0.0441343 0)
(0.0920837 0.0455881 0)
(0.113915 0.0456681 5.23219e-22)
(0.121984 0.0575004 4.03829e-22)
(0.108048 0.0552628 2.66901e-22)
(0.149565 0.0518182 -1.1565e-22)
(0.170719 0.0508066 -2.8298e-22)
(0.0827403 0.0233177 0)
(0.0881799 0.0279007 0)
(0.095406 0.0272626 0)
(0.0947518 0.0382669 0)
(0.109941 0.0283383 0)
(0.107676 0.0423511 -5.23221e-22)
(0.121576 0.0397798 -4.03826e-22)
(0.13113 0.0342101 -2.66902e-22)
(0.145469 0.0365245 2.44907e-23)
(0.146333 0.0289519 2.83027e-22)
(0.0889034 0.0232155 -7.66901e-22)
(0.0957515 0.0266515 0)
(0.0970747 0.031085 -6.75767e-22)
(0.10508 0.0323517 -6.25548e-22)
(0.108155 0.0386283 -5.46243e-22)
(0.114283 0.0367644 0)
(0.124286 0.0378344 0)
(0.129344 0.0422673 -2.12064e-22)
(0.14099 0.0389587 -4.69581e-23)
(0.144554 0.0183375 1.5065e-22)
(0.0943499 0.0211782 7.66905e-22)
(0.0971168 0.0247696 0)
(0.102311 0.0248391 6.75773e-22)
(0.105031 0.0306642 6.25554e-22)
(0.111829 0.0266251 5.4625e-22)
(0.117298 0.0310314 0)
(0.124368 0.0311862 0)
(0.130957 0.023283 2.12064e-22)
(0.142838 0.0245328 4.69582e-23)
(0.147682 0.0167002 -1.50651e-22)
(0.0978146 0.0199341 0)
(0.101402 0.0221811 -6.47981e-22)
(0.104654 0.0247894 0)
(0.109301 0.025854 -5.56603e-22)
(0.114283 0.0280696 0)
(0.118102 0.0282339 0)
(0.126103 0.026682 0)
(0.130931 0.0274534 2.23706e-22)
(0.136613 0.0227222 0)
(0.140577 0.0125365 0)
(0.101135 0.0181239 6.37316e-22)
(0.103338 0.0204163 1.26316e-21)
(0.107174 0.0211318 5.75017e-22)
(0.110749 0.0231614 5.56605e-22)
(0.114994 0.022502 0)
(0.120368 0.0224163 -4.05816e-22)
(0.125075 0.0223971 0)
(0.130172 0.0172877 -2.23708e-22)
(0.136417 0.0153724 0)
(0.139032 0.00884269 0)
(0.10347 0.0165815 -6.37319e-22)
(0.105722 0.0180852 -6.15182e-22)
(0.108995 0.019344 -5.75018e-22)
(0.112527 0.0200254 0)
(0.116527 0.0204713 0)
(0.120327 0.0204296 4.05817e-22)
(0.125338 0.0186519 0)
(0.128977 0.0171064 0)
(0.132638 0.0135974 0)
(0.134775 0.00792314 0)
(0.105476 0.0148505 0)
(0.107308 0.0161437 -5.62098e-22)
(0.110315 0.0167786 0)
(0.113603 0.0173181 -4.8819e-22)
(0.116954 0.0172904 0)
(0.120771 0.0164591 0)
(0.124328 0.0153599 -3.30349e-22)
(0.127652 0.0122842 -2.6725e-22)
(0.130968 0.00959407 0)
(0.132517 0.00523603 -1.47987e-22)
(0.107004 0.0132349 0)
(0.108682 0.0141482 5.62099e-22)
(0.111393 0.0147251 0)
(0.114425 0.0150118 4.88191e-22)
(0.117469 0.0148973 0)
(0.120494 0.0142419 0)
(0.123651 0.0127611 3.3035e-22)
(0.126325 0.0108093 2.67251e-22)
(0.128655 0.00824202 0)
(0.129799 0.00464694 1.47987e-22)
(0.108212 0.0116284 2.69479e-22)
(0.109724 0.0123167 0)
(0.112152 0.0127138 0)
(0.114926 0.0128131 2.30901e-22)
(0.117544 0.0125286 0)
(0.1202 0.0116653 0)
(0.122746 0.0104162 0)
(0.12501 0.00838501 1.45524e-22)
(0.126975 0.00612076 0)
(0.127871 0.00324565 0)
(0.109137 0.010103 -7.71749e-24)
(0.110546 0.0105968 0)
(0.112731 0.0109041 2.41814e-22)
(0.11522 0.0108917 -4.51359e-24)
(0.117527 0.0105245 0)
(0.119767 0.0097538 0)
(0.121929 0.00857094 1.71481e-22)
(0.123841 0.00694947 -1.45524e-22)
(0.125383 0.00504043 1.303e-22)
(0.126116 0.00269014 1.11223e-22)
(0.109842 0.00865304 -6.30545e-24)
(0.111175 0.00900656 0)
(0.113135 0.0092264 -4.83555e-24)
(0.115348 0.00912244 -3.39573e-24)
(0.117365 0.0087162 2.07802e-22)
(0.119311 0.00796689 -1.91486e-22)
(0.121146 0.00693389 2.23639e-24)
(0.122782 0.00551455 1.54998e-22)
(0.124078 0.00387261 6.60971e-24)
(0.124698 0.00197247 8.49124e-24)
(0.11037 0.0072902 -2.55457e-22)
(0.111649 0.00753598 0)
(0.113413 0.00768445 -2.36979e-22)
(0.115371 0.00753253 -2.22993e-22)
(0.117155 0.00713243 -2.07802e-22)
(0.118858 0.00646886 3.83288e-22)
(0.120448 0.00557611 -1.73718e-22)
(0.121869 0.00440519 -1.54998e-22)
(0.122964 0.0030506 -1.3691e-22)
(0.123527 0.00151878 -1.19715e-22)
(0.110759 0.00600915 0)
(0.111994 0.00617282 0)
(0.113588 0.00625907 0)
(0.115326 0.00608405 0)
(0.116921 0.00571401 0)
(0.118436 0.00513371 -1.91802e-22)
(0.119837 0.00438258 0)
(0.121093 0.00341775 0)
(0.122049 0.00230632 0)
(0.122572 0.00108664 0)
(0.111039 0.00480039 0)
(0.112234 0.00490148 0)
(0.113686 0.00493902 0)
(0.115243 0.00476412 0)
(0.116691 0.00444031 0)
(0.11806 0.00395662 -9.64581e-23)
(0.119322 0.00334313 0)
(0.120453 0.00257352 0)
(0.121309 0.00168906 0)
(0.121811 0.000740437 0)
(0.111231 0.00365026 0)
(0.11239 0.00370602 0)
(0.113729 0.00370801 1.13209e-22)
(0.115145 0.00354406 0)
(0.116484 0.00326986 1.02767e-22)
(0.117742 0.0028833 9.64582e-23)
(0.118902 0.00239877 0)
(0.119937 0.0018103 8.35578e-23)
(0.120728 0.00113025 0)
(0.121214 0.000422658 0)
(0.111352 0.00254323 0)
(0.112474 0.00256739 0)
(0.113715 0.00255079 -1.13209e-22)
(0.115018 0.00241318 0)
(0.116278 0.00219557 -1.02767e-22)
(0.117449 0.00191376 0)
(0.118545 0.00155244 0)
(0.119488 0.00113246 -8.35578e-23)
(0.120254 0.000645203 0)
(0.120688 0.000147399 0)
(0.11122 0.00146871 -2.98923e-23)
(0.112219 0.00145911 -2.91173e-23)
(0.113311 0.00141284 -2.8174e-23)
(0.11446 0.0012922 0)
(0.115609 0.00112234 -2.57815e-23)
(0.116629 0.000929742 0)
(0.117637 0.000686415 -2.28981e-23)
(0.118349 0.000428876 0)
(0.119111 0.000105734 -1.97075e-23)
(0.119225 -0.000173312 -1.81085e-23)
(0.101625 0.000426909 2.98892e-23)
(0.102439 0.00038306 2.9114e-23)
(0.103236 0.000312863 2.81707e-23)
(0.103979 0.000219523 0)
(0.104619 0.000119455 2.57781e-23)
(0.105044 2.50748e-05 0)
(0.105372 -7.53142e-05 2.28948e-23)
(0.105347 -0.000172954 0)
(0.105283 -0.000298747 1.97042e-23)
(0.10458 -0.000374979 1.81053e-23)
(-0.00971375 -0.00522891 0)
(-0.0266286 0.00177114 0)
(-0.0356154 -0.0021299 0)
(-0.0280844 -0.00412018 0)
(-0.00990406 -0.00593052 0)
(0.00866571 -0.00588637 0)
(0.0266218 -0.00500876 0)
(0.0407657 -0.00385825 0)
(0.0515754 -0.00281337 0)
(0.0595106 -0.00199805 0)
(0.065261 -0.0014125 0)
(0.0694389 -0.00100969 0)
(0.0725136 -0.000736641 0)
(0.0748182 -0.000550405 0)
(0.0765797 -0.000420868 0)
(0.0779509 -0.000328464 0)
(0.0790356 -0.000260802 0)
(0.079905 -0.00020996 0)
(0.0806095 -0.000170882 0)
(0.0811857 -0.000140304 0)
(0.0816602 -0.000115994 0)
(0.0820533 -9.63783e-05 0)
(0.0823805 -8.03936e-05 0)
(0.0826536 -6.73037e-05 0)
(0.0828825 -5.65208e-05 0)
(0.0830747 -4.75668e-05 0)
(0.0832365 -4.00883e-05 0)
(0.083373 -3.38237e-05 0)
(0.0834883 -2.85564e-05 0)
(0.0835856 -2.41192e-05 0)
(0.0836678 -2.03727e-05 0)
(0.0837373 -1.72204e-05 0)
(0.0837958 -1.45514e-05 0)
(0.0838456 -1.22596e-05 0)
(0.0838871 -1.04028e-05 0)
(0.0839232 -8.51887e-06 0)
(0.0839512 -7.53891e-06 0)
(0.0839794 -5.60947e-06 0)
(0.0839938 -5.45924e-06 0)
(0.0840211 -3.87461e-06 0)
(-0.00354687 0.0311648 0)
(-0.0261411 0.0198552 0)
(-0.040551 0.00362785 0)
(-0.0298623 -0.0139062 0)
(-0.00848091 -0.0204204 0)
(0.0133788 -0.0206568 0)
(0.0336246 -0.017744 0)
(0.0495204 -0.0139551 0)
(0.0616358 -0.0104675 0)
(0.07061 -0.00768315 0)
(0.0772213 -0.00561778 0)
(0.0821245 -0.00414061 0)
(0.0858096 -0.00309688 0)
(0.0886239 -0.00235659 0)
(0.0908078 -0.00182441 0)
(0.0925274 -0.00143481 0)
(0.0938987 -0.00114399 0)
(0.0950043 -0.000922665 0)
(0.0959037 -0.00075123 0)
(0.0966408 -0.000616429 0)
(0.097249 -0.000509033 0)
(0.0977533 -0.000422483 0)
(0.0981732 -0.000352108 0)
(0.098524 -0.000294504 0)
(0.098818 -0.000247056 0)
(0.099065 -0.000207728 0)
(0.0992729 -0.000174963 0)
(0.0994483 -0.000147568 0)
(0.0995964 -0.000124587 0)
(0.0997216 -0.000105262 0)
(0.0998274 -8.89811e-05 0)
(0.0999169 -7.52258e-05 0)
(0.0999923 -6.36394e-05 0)
(0.100057 -5.35792e-05 0)
(0.10011 -4.56135e-05 0)
(0.100157 -3.73239e-05 0)
(0.100192 -3.31764e-05 0)
(0.10023 -2.48492e-05 0)
(0.100247 -2.38869e-05 0)
(0.100283 -1.68554e-05 0)
(-0.0213601 0.0120134 0)
(-0.0430973 0.0283383 0)
(-0.0553422 -0.00138057 0)
(-0.038143 -0.027043 0)
(-0.0095933 -0.0380249 0)
(0.0150804 -0.0368535 0)
(0.0364671 -0.0308069 0)
(0.0524551 -0.0238133 0)
(0.0641659 -0.0177037 0)
(0.0726159 -0.0129773 0)
(0.0787728 -0.00953109 0)
(0.0833471 -0.00707991 0)
(0.0868188 -0.00534229 0)
(0.0895049 -0.00409927 0)
(0.0916163 -0.00319613 0)
(0.0932975 -0.00252779 0)
(0.0946506 -0.00202398 0)
(0.0957493 -0.00163751 0)
(0.096648 -0.00133629 0)
(0.0973878 -0.00109824 0)
(0.098 -0.000907903 0)
(0.098509 -0.000754184 0)
(0.0989336 -0.000628999 0)
(0.0992889 -0.00052635 0)
(0.099587 -0.000441674 0)
(0.0998376 -0.000371441 0)
(0.100049 -0.000312918 0)
(0.100227 -0.000263977 0)
(0.100378 -0.000222928 0)
(0.100505 -0.00018841 0)
(0.100613 -0.000159328 0)
(0.100704 -0.000134725 0)
(0.100781 -0.000114003 0)
(0.100846 -9.599e-05 0)
(0.100901 -8.17402e-05 0)
(0.100949 -6.6955e-05 0)
(0.100985 -5.94813e-05 0)
(0.101023 -4.47176e-05 0)
(0.101041 -4.28191e-05 0)
(0.101078 -3.00044e-05 0)
(-0.0025985 0.076828 0)
(-0.0468252 0.0532348 0)
(-0.0607168 0.00187582 0)
(-0.0287559 -0.0480292 0)
(0.000768046 -0.0593764 0)
(0.0252135 -0.0545506 0)
(0.0445677 -0.0443474 0)
(0.058825 -0.033574 0)
(0.069012 -0.0245681 0)
(0.0761652 -0.0178502 0)
(0.0813044 -0.0130887 0)
(0.085137 -0.00975762 0)
(0.0880919 -0.00740848 0)
(0.0904241 -0.00572348 0)
(0.0922934 -0.00449078 0)
(0.0938071 -0.00357083 0)
(0.0950425 -0.00287145 0)
(0.0960568 -0.00233094 0)
(0.0968939 -0.0019071 0)
(0.0975879 -0.00157047 0)
(0.0981654 -0.00130026 0)
(0.0986477 -0.00108141 0)
(0.0990514 -0.000902776 0)
(0.0993902 -0.000756 0)
(0.0996751 -0.000634713 0)
(0.0999152 -0.000534006 0)
(0.100118 -0.000450043 0)
(0.100289 -0.000379798 0)
(0.100434 -0.000320857 0)
(0.100557 -0.000271268 0)
(0.10066 -0.000229463 0)
(0.100748 -0.000194068 0)
(0.100822 -0.000164246 0)
(0.100885 -0.000138315 0)
(0.100938 -0.000117814 0)
(0.100984 -9.65806e-05 0)
(0.101019 -8.57573e-05 0)
(0.101056 -6.46322e-05 0)
(0.101074 -6.17331e-05 0)
(0.101109 -4.30617e-05 0)
(0.00507004 0.0476027 0)
(-0.0594522 0.0643825 0)
(-0.0387023 -0.0174831 0)
(-0.00112144 -0.0735483 0)
(0.0371877 -0.0792268 0)
(0.0538052 -0.0678358 0)
(0.0628748 -0.0543272 0)
(0.0701338 -0.0410367 0)
(0.0762864 -0.029885 0)
(0.0810101 -0.0216325 0)
(0.0845943 -0.0158779 0)
(0.0874132 -0.0119018 0)
(0.089702 -0.00910727 0)
(0.0915896 -0.00709414 0)
(0.0931558 -0.00560871 0)
(0.0944582 -0.00448893 0)
(0.0955428 -0.00362911 0)
(0.0964473 -0.00295861 0)
(0.0972028 -0.00242886 0)
(0.0978349 -0.00200554 0)
(0.098365 -0.00166402 0)
(0.0988102 -0.00138629 0)
(0.0991847 -0.00115887 0)
(0.0995002 -0.000971517 0)
(0.0997664 -0.000816375 0)
(0.0999913 -0.000687354 0)
(0.100181 -0.000579651 0)
(0.100343 -0.000489443 0)
(0.100479 -0.000413676 0)
(0.100595 -0.000349878 0)
(0.100692 -0.000296055 0)
(0.100776 -0.000250449 0)
(0.100846 -0.000212011 0)
(0.100905 -0.000178593 0)
(0.100955 -0.000152153 0)
(0.100999 -0.000124807 0)
(0.101032 -0.000110761 0)
(0.101067 -8.35693e-05 0)
(0.101084 -7.96883e-05 0)
(0.101117 -5.53967e-05 0)
(0.0189241 0.0993489 0)
(-0.0268009 0.101941 0)
(0.028058 -0.0429462 0)
(0.0588112 -0.10624 0)
(0.0898095 -0.0981388 0)
(0.101463 -0.0718481 0)
(0.0953624 -0.0546741 0)
(0.0887697 -0.042255 0)
(0.0866989 -0.0315767 0)
(0.0871607 -0.0233014 0)
(0.0884884 -0.0174216 0)
(0.090028 -0.0132995 0)
(0.0915407 -0.0103429 0)
(0.0929283 -0.00816521 0)
(0.0941565 -0.00652483 0)
(0.0952223 -0.00526614 0)
(0.0961362 -0.00428545 0)
(0.0969145 -0.00351163 0)
(0.097575 -0.00289448 0)
(0.0981345 -0.00239764 0)
(0.098608 -0.00199444 0)
(0.0990088 -0.00166496 0)
(0.099348 -0.00139412 0)
(0.0996352 -0.00117031 0)
(0.0998785 -0.000984524 0)
(0.100085 -0.000829693 0)
(0.10026 -0.000700222 0)
(0.100408 -0.000591633 0)
(0.100534 -0.000500327 0)
(0.100641 -0.000423366 0)
(0.100732 -0.000358376 0)
(0.100809 -0.000303269 0)
(0.100874 -0.0002568 0)
(0.100929 -0.000216386 0)
(0.100976 -0.000184377 0)
(0.101016 -0.000151301 0)
(0.101047 -0.000134219 0)
(0.10108 -0.000101339 0)
(0.101095 -9.65304e-05 0)
(0.101126 -6.69585e-05 0)
(-0.0508872 0.0690398 0)
(0.0717941 0.0461786 0)
(0.119762 -0.0673933 0)
(0.119972 -0.125723 0)
(0.110881 -0.116906 0)
(0.121608 -0.0767065 0)
(0.119153 -0.0486924 0)
(0.107188 -0.0368142 0)
(0.0979033 -0.0297528 0)
(0.0935471 -0.0235595 0)
(0.0923465 -0.0183323 0)
(0.0926042 -0.0142827 0)
(0.0933978 -0.0112555 0)
(0.0943235 -0.00898478 0)
(0.0952288 -0.00724988 0)
(0.0960589 -0.00589971 0)
(0.0967967 -0.00483365 0)
(0.0974412 -0.00398256 0)
(0.0979987 -0.0032971 0)
(0.098478 -0.00274083 0)
(0.0988884 -0.00228644 0)
(0.099239 -0.00191316 0)
(0.099538 -0.00160499 0)
(0.0997928 -0.00134943 0)
(0.10001 -0.00113667 0)
(0.100194 -0.000958934 0)
(0.100352 -0.000810025 0)
(0.100485 -0.000684935 0)
(0.100599 -0.000579605 0)
(0.100696 -0.000490713 0)
(0.100778 -0.000415572 0)
(0.100848 -0.000351806 0)
(0.100907 -0.000297998 0)
(0.100958 -0.000251174 0)
(0.101 -0.000214055 0)
(0.101037 -0.000175716 0)
(0.101065 -0.000155843 0)
(0.101095 -0.000117722 0)
(0.101109 -0.000112051 0)
(0.101137 -7.76043e-05 0)
(0.143287 0.0669664 0)
(0.176905 0.00360819 0)
(0.219573 -0.0726497 0)
(0.172112 -0.0963247 0)
(0.100497 -0.0922962 0)
(0.0819713 -0.0702763 0)
(0.0895516 -0.0433968 0)
(0.0966965 -0.0269849 0)
(0.0985802 -0.0206031 0)
(0.0974201 -0.0179912 0)
(0.0960624 -0.0158331 0)
(0.0954367 -0.0135494 0)
(0.0954579 -0.0113384 0)
(0.0958495 -0.00938045 0)
(0.0963952 -0.00773247 0)
(0.0969728 -0.00637771 0)
(0.0975243 -0.00527326 0)
(0.0980269 -0.00437371 0)
(0.0984739 -0.00363925 0)
(0.0988661 -0.00303732 0)
(0.0992071 -0.0025419 0)
(0.0995021 -0.00213248 0)
(0.0997561 -0.00179281 0)
(0.0999742 -0.00151001 0)
(0.100161 -0.00127381 0)
(0.100321 -0.00107597 0)
(0.100458 -0.000909836 0)
(0.100575 -0.000770007 0)
(0.100675 -0.000652072 0)
(0.10076 -0.000552409 0)
(0.100832 -0.000468068 0)
(0.100894 -0.000396424 0)
(0.100946 -0.000335915 0)
(0.100991 -0.000283226 0)
(0.101028 -0.000241426 0)
(0.101061 -0.000198251 0)
(0.101086 -0.000175811 0)
(0.101113 -0.00013285 0)
(0.101125 -0.000126376 0)
(0.10115 -8.74303e-05 0)
(0.146524 0.0796621 0)
(0.198392 0.00287436 0)
(0.20094 -0.055777 0)
(0.132225 -0.050455 0)
(0.0878398 -0.0541937 0)
(0.0681638 -0.0640297 0)
(0.0659386 -0.0570151 0)
(0.0752256 -0.0419913 0)
(0.0848593 -0.0298308 0)
(0.0907611 -0.0222657 0)
(0.0938197 -0.0175905 0)
(0.095414 -0.0143405 0)
(0.0963336 -0.0118279 0)
(0.0969506 -0.00979149 0)
(0.0974415 -0.00811919 0)
(0.0978783 -0.00674377 0)
(0.0982814 -0.00561283 0)
(0.0986524 -0.00468217 0)
(0.0989895 -0.00391488 0)
(0.0992916 -0.00328063 0)
(0.0995593 -0.00275482 0)
(0.0997944 -0.0023176 0)
(0.0999996 -0.00195301 0)
(0.100178 -0.00164816 0)
(0.100332 -0.00139264 0)
(0.100464 -0.00117798 0)
(0.100578 -0.000997252 0)
(0.100676 -0.000844815 0)
(0.100761 -0.000716017 0)
(0.100832 -0.00060701 0)
(0.100894 -0.000514639 0)
(0.100946 -0.000436083 0)
(0.100991 -0.000369673 0)
(0.101029 -0.000311806 0)
(0.101061 -0.000265863 0)
(0.101089 -0.000218387 0)
(0.101111 -0.000193664 0)
(0.101133 -0.000146375 0)
(0.101144 -0.000139187 0)
(0.101165 -9.62193e-05 0)
(0.166375 0.0423523 0)
(0.196036 -0.025079 0)
(0.172464 -0.0410582 0)
(0.163944 -0.0317704 0)
(0.183304 -0.0402359 0)
(0.183546 -0.0518477 0)
(0.153354 -0.0504719 0)
(0.127226 -0.0397779 0)
(0.113113 -0.0294469 0)
(0.105639 -0.0224258 0)
(0.1017 -0.0178075 0)
(0.0997517 -0.0145207 0)
(0.098909 -0.0120015 0)
(0.098655 -0.00998425 0)
(0.0986909 -0.00833318 0)
(0.0988559 -0.00696886 0)
(0.0990717 -0.00583716 0)
(0.0993008 -0.00489669 0)
(0.0995252 -0.00411399 0)
(0.0997362 -0.00346158 0)
(0.0999295 -0.00291679 0)
(0.100103 -0.002461 0)
(0.100258 -0.00207892 0)
(0.100394 -0.00175804 0)
(0.100514 -0.00148807 0)
(0.100618 -0.00126055 0)
(0.100708 -0.00106848 0)
(0.100786 -0.000906111 0)
(0.100853 -0.000768657 0)
(0.100911 -0.00065213 0)
(0.10096 -0.000553244 0)
(0.101003 -0.000469047 0)
(0.101039 -0.000397801 0)
(0.10107 -0.000335666 0)
(0.101096 -0.000286299 0)
(0.101119 -0.000235243 0)
(0.101137 -0.000208622 0)
(0.101155 -0.000157714 0)
(0.101164 -0.000149929 0)
(0.101181 -0.000103594 0)
(0.16464 0.0246863 0)
(0.170972 0.0124439 0)
(0.154789 -0.0211505 0)
(0.137529 -0.0555035 0)
(0.117469 -0.0617953 0)
(0.103783 -0.0430813 0)
(0.0976332 -0.0250584 0)
(0.09567 -0.0183342 0)
(0.0965446 -0.0171425 0)
(0.0979797 -0.0164249 0)
(0.098953 -0.015094 0)
(0.0994388 -0.0133702 0)
(0.0996182 -0.0115623 0)
(0.0996649 -0.00986057 0)
(0.0996927 -0.00835107 0)
(0.0997479 -0.00705219 0)
(0.0998351 -0.00595018 0)
(0.0999448 -0.00502082 0)
(0.100066 -0.00423886 0)
(0.10019 -0.00358128 0)
(0.10031 -0.00302813 0)
(0.100423 -0.00256246 0)
(0.100527 -0.00217003 0)
(0.100621 -0.00183898 0)
(0.100705 -0.00155938 0)
(0.100779 -0.00132297 0)
(0.100844 -0.00112285 0)
(0.100901 -0.000953263 0)
(0.100951 -0.000809415 0)
(0.100994 -0.000687252 0)
(0.101031 -0.000583431 0)
(0.101063 -0.000494923 0)
(0.10109 -0.000419952 0)
(0.101114 -0.000354507 0)
(0.101134 -0.000302472 0)
(0.101151 -0.000248603 0)
(0.101165 -0.000220497 0)
(0.101179 -0.000166724 0)
(0.101186 -0.000158472 0)
(0.101199 -0.000109463 0)
(0.150002 0.0139078 0)
(0.158217 -0.0104124 0)
(0.165083 -0.0217068 0)
(0.156062 -0.0152151 0)
(0.137098 -0.0199031 0)
(0.12172 -0.033343 0)
(0.11374 -0.0378106 0)
(0.110377 -0.0332966 0)
(0.107996 -0.0265827 0)
(0.105703 -0.020973 0)
(0.103785 -0.0168695 0)
(0.102428 -0.0138818 0)
(0.101577 -0.0116142 0)
(0.101081 -0.00980358 0)
(0.100804 -0.00830414 0)
(0.100659 -0.00704084 0)
(0.100596 -0.00597054 0)
(0.100585 -0.00506291 0)
(0.100605 -0.00429358 0)
(0.100644 -0.0036418 0)
(0.100694 -0.00308979 0)
(0.100747 -0.00262229 0)
(0.100801 -0.00222627 0)
(0.100852 -0.00189067 0)
(0.100901 -0.00160615 0)
(0.100945 -0.00136477 0)
(0.100985 -0.00115986 0)
(0.101021 -0.000985801 0)
(0.101053 -0.000837847 0)
(0.10108 -0.000711974 0)
(0.101105 -0.000604838 0)
(0.101126 -0.000513389 0)
(0.101144 -0.000435845 0)
(0.10116 -0.000368083 0)
(0.101173 -0.000314167 0)
(0.101185 -0.00025829 0)
(0.101194 -0.000229129 0)
(0.101203 -0.000173285 0)
(0.101208 -0.000164701 0)
(0.101217 -0.000113748 0)
(0.146266 0.0101459 0)
(0.148646 0.00252511 0)
(0.140934 -0.0131107 0)
(0.134757 -0.028234 0)
(0.132312 -0.0329695 0)
(0.12687 -0.0287908 0)
(0.118596 -0.0228658 0)
(0.111657 -0.0192917 0)
(0.107556 -0.0173589 0)
(0.10539 -0.0158221 0)
(0.104149 -0.0142311 0)
(0.103299 -0.012565 0)
(0.102644 -0.0109301 0)
(0.102137 -0.00942095 0)
(0.101762 -0.00807861 0)
(0.101498 -0.00690725 0)
(0.101319 -0.00589523 0)
(0.101203 -0.00502581 0)
(0.101132 -0.00428151 0)
(0.101092 -0.00364576 0)
(0.101074 -0.00310356 0)
(0.101071 -0.00264159 0)
(0.101076 -0.00224824 0)
(0.101086 -0.00191341 0)
(0.101099 -0.00162844 0)
(0.101114 -0.00138587 0)
(0.101128 -0.00117937 0)
(0.101143 -0.00100353 0)
(0.101156 -0.000853744 0)
(0.101169 -0.000726085 0)
(0.10118 -0.000617264 0)
(0.10119 -0.000524256 0)
(0.101199 -0.000445304 0)
(0.101207 -0.000376236 0)
(0.101213 -0.000321246 0)
(0.101219 -0.000264184 0)
(0.101224 -0.000234412 0)
(0.101229 -0.000177314 0)
(0.101232 -0.000168535 0)
(0.101236 -0.000116393 0)
(0.139988 0.00425785 0)
(0.142186 -0.00469601 0)
(0.143235 -0.011863 0)
(0.138703 -0.0142966 0)
(0.130234 -0.0174121 0)
(0.122413 -0.0212029 0)
(0.116775 -0.0227667 0)
(0.113036 -0.0215838 0)
(0.110286 -0.0191019 0)
(0.108046 -0.016461 0)
(0.106268 -0.0141214 0)
(0.104931 -0.0121521 0)
(0.103948 -0.0104833 0)
(0.103225 -0.00904273 0)
(0.102691 -0.00778773 0)
(0.102297 -0.00669367 0)
(0.102008 -0.00574269 0)
(0.101795 -0.00491919 0)
(0.10164 -0.00420852 0)
(0.101528 -0.003597 0)
(0.101447 -0.003072 0)
(0.101389 -0.00262211 0)
(0.101347 -0.00223709 0)
(0.101317 -0.00190793 0)
(0.101296 -0.0016267 0)
(0.101282 -0.00138654 0)
(0.101272 -0.0011815 0)
(0.101265 -0.00100648 0)
(0.101261 -0.000857091 0)
(0.101258 -0.000729538 0)
(0.101256 -0.000620643 0)
(0.101255 -0.000527449 0)
(0.101254 -0.000448252 0)
(0.101254 -0.000378892 0)
(0.101254 -0.000323639 0)
(0.101254 -0.000266227 0)
(0.101255 -0.000236289 0)
(0.101255 -0.000178767 0)
(0.101255 -0.000169933 0)
(0.101255 -0.000117367 0)
(0.136622 0.0040059 0)
(0.136859 -0.000838901 0)
(0.134637 -0.00776902 0)
(0.131502 -0.0146253 0)
(0.127922 -0.0182946 0)
(0.123374 -0.019132 0)
(0.118619 -0.0182642 0)
(0.114567 -0.0168752 0)
(0.111445 -0.0154604 0)
(0.109119 -0.0140268 0)
(0.107367 -0.0125619 0)
(0.10602 -0.0111202 0)
(0.104974 -0.00976022 0)
(0.104159 -0.00851406 0)
(0.103524 -0.00739272 0)
(0.103032 -0.00639592 0)
(0.10265 -0.00551764 0)
(0.102354 -0.00474896 0)
(0.102124 -0.00407973 0)
(0.101945 -0.0034995 0)
(0.101806 -0.00299812 0)
(0.101697 -0.00256602 0)
(0.101611 -0.00219441 0)
(0.101544 -0.00187534 0)
(0.10149 -0.00160172 0)
(0.101448 -0.00136731 0)
(0.101414 -0.00116663 0)
(0.101386 -0.000994928 0)
(0.101364 -0.000848061 0)
(0.101346 -0.000722445 0)
(0.101331 -0.000615042 0)
(0.10132 -0.000523006 0)
(0.10131 -0.000444709 0)
(0.101302 -0.00037606 0)
(0.101295 -0.000321345 0)
(0.101289 -0.000264412 0)
(0.101285 -0.00023475 0)
(0.10128 -0.000177636 0)
(0.101279 -0.000168884 0)
(0.101274 -0.000116663 0)
(0.133049 0.00147279 0)
(0.133198 -0.00316694 0)
(0.132516 -0.00759023 0)
(0.130299 -0.0108073 0)
(0.126697 -0.0132686 0)
(0.122489 -0.0148996 0)
(0.11851 -0.015425 0)
(0.115151 -0.0150282 0)
(0.112431 -0.0140441 0)
(0.110229 -0.0128012 0)
(0.108455 -0.0115008 0)
(0.107037 -0.0102342 0)
(0.105906 -0.0090407 0)
(0.105002 -0.00793856 0)
(0.104281 -0.00693596 0)
(0.103704 -0.00603471 0)
(0.103243 -0.00523229 0)
(0.102874 -0.00452341 0)
(0.102577 -0.00390116 0)
(0.102339 -0.00335777 0)
(0.102147 -0.00288529 0)
(0.101991 -0.00247588 0)
(0.101865 -0.00212211 0)
(0.101762 -0.00181709 0)
(0.101678 -0.0015546 0)
(0.101608 -0.00132901 0)
(0.101551 -0.00113538 0)
(0.101504 -0.00096932 0)
(0.101465 -0.000826999 0)
(0.101433 -0.000705064 0)
(0.101405 -0.000600658 0)
(0.101383 -0.000511076 0)
(0.101364 -0.000434787 0)
(0.101348 -0.000367824 0)
(0.101335 -0.00031443 0)
(0.101324 -0.000258791 0)
(0.101315 -0.000229838 0)
(0.101306 -0.000173947 0)
(0.101302 -0.000165415 0)
(0.101293 -0.000114297 0)
(0.13055 0.00155445 0)
(0.130193 -0.00166018 0)
(0.129062 -0.00530603 0)
(0.127385 -0.00874304 0)
(0.124893 -0.0112592 0)
(0.12174 -0.0126394 0)
(0.118509 -0.0130728 0)
(0.115604 -0.0128235 0)
(0.11312 -0.0121632 0)
(0.11103 -0.0112759 0)
(0.109294 -0.0102804 0)
(0.107867 -0.00925587 0)
(0.106697 -0.00825313 0)
(0.105738 -0.00730276 0)
(0.104953 -0.00642182 0)
(0.10431 -0.00561848 0)
(0.103784 -0.00489494 0)
(0.103352 -0.00424961 0)
(0.102998 -0.00367853 0)
(0.102707 -0.00317636 0)
(0.102467 -0.00273709 0)
(0.102269 -0.00235446 0)
(0.102105 -0.00202234 0)
(0.101969 -0.00173488 0)
(0.101856 -0.00148663 0)
(0.101762 -0.00127267 0)
(0.101683 -0.00108855 0)
(0.101617 -0.000930292 0)
(0.101562 -0.000794404 0)
(0.101516 -0.000677792 0)
(0.101477 -0.000577805 0)
(0.101444 -0.00049191 0)
(0.101416 -0.000418687 0)
(0.101393 -0.000354347 0)
(0.101374 -0.000303026 0)
(0.101357 -0.000249467 0)
(0.101344 -0.000221638 0)
(0.10133 -0.000167766 0)
(0.101325 -0.000159583 0)
(0.101312 -0.00011031 0)
(0.128271 0.000554201 0)
(0.127987 -0.00227495 0)
(0.127104 -0.00496055 0)
(0.125744 -0.00736962 0)
(0.123729 -0.00926494 0)
(0.121115 -0.010464 0)
(0.118372 -0.0109843 0)
(0.115836 -0.0109577 0)
(0.113595 -0.0105503 0)
(0.111644 -0.00990293 0)
(0.109973 -0.00912281 0)
(0.108559 -0.00828679 0)
(0.107372 -0.00744597 0)
(0.106377 -0.00663268 0)
(0.105545 -0.00586664 0)
(0.10485 -0.0051589 0)
(0.10427 -0.00451458 0)
(0.103786 -0.00393468 0)
(0.103382 -0.00341755 0)
(0.103045 -0.00295983 0)
(0.102763 -0.00255717 0)
(0.102527 -0.00220472 0)
(0.10233 -0.00189748 0)
(0.102164 -0.00163057 0)
(0.102024 -0.00139934 0)
(0.101907 -0.0011995 0)
(0.101808 -0.00102711 0)
(0.101725 -0.00087863 0)
(0.101654 -0.000750913 0)
(0.101595 -0.000641146 0)
(0.101545 -0.000546905 0)
(0.101502 -0.000465852 0)
(0.101466 -0.000396692 0)
(0.101436 -0.000335859 0)
(0.101411 -0.000287322 0)
(0.101389 -0.000236592 0)
(0.101372 -0.000210282 0)
(0.101354 -0.000159191 0)
(0.101347 -0.00015148 0)
(0.101329 -0.000104762 0)
(0.126495 0.000522068 0)
(0.126093 -0.00168716 0)
(0.125245 -0.00390241 0)
(0.124155 -0.00592005 0)
(0.12257 -0.00756575 0)
(0.120448 -0.00866416 0)
(0.11814 -0.00920772 0)
(0.115932 -0.00929768 0)
(0.113914 -0.00905723 0)
(0.112103 -0.00859345 0)
(0.110508 -0.00799246 0)
(0.109126 -0.00732043 0)
(0.107938 -0.00662481 0)
(0.106923 -0.00593774 0)
(0.106059 -0.00528014 0)
(0.105324 -0.00466483 0)
(0.104702 -0.00409883 0)
(0.104175 -0.00358506 0)
(0.103729 -0.0031236 0)
(0.103352 -0.00271264 0)
(0.103033 -0.00234921 0)
(0.102764 -0.00202964 0)
(0.102536 -0.00174997 0)
(0.102343 -0.00150619 0)
(0.10218 -0.00129438 0)
(0.102041 -0.00111084 0)
(0.101924 -0.000952174 0)
(0.101825 -0.000815253 0)
(0.10174 -0.000697283 0)
(0.101669 -0.000595752 0)
(0.101608 -0.000508476 0)
(0.101557 -0.000433333 0)
(0.101513 -0.000369158 0)
(0.101477 -0.000312655 0)
(0.101446 -0.000267568 0)
(0.101419 -0.000220368 0)
(0.101398 -0.000195946 0)
(0.101376 -0.000148351 0)
(0.101367 -0.000141227 0)
(0.101346 -9.77375e-05 0)
(0.125005 0.000143629 0)
(0.124663 -0.00167114 0)
(0.1239 -0.00337419 0)
(0.122968 -0.0049271 0)
(0.121654 -0.00623954 0)
(0.119876 -0.00716862 0)
(0.117895 -0.00767674 0)
(0.11595 -0.00782369 0)
(0.114125 -0.00769408 0)
(0.112444 -0.00736587 0)
(0.110929 -0.00690638 0)
(0.109586 -0.00637096 0)
(0.108409 -0.00580163 0)
(0.107386 -0.00522829 0)
(0.1065 -0.00467138 0)
(0.105736 -0.00414415 0)
(0.10508 -0.00365456 0)
(0.104518 -0.00320665 0)
(0.104037 -0.00280169 0)
(0.103626 -0.00243903 0)
(0.103276 -0.00211677 0)
(0.102977 -0.00183224 0)
(0.102722 -0.00158235 0)
(0.102505 -0.00136385 0)
(0.102321 -0.0011735 0)
(0.102164 -0.00100819 0)
(0.10203 -0.00086498 0)
(0.101916 -0.000741191 0)
(0.101819 -0.000634378 0)
(0.101737 -0.000542333 0)
(0.101667 -0.000463124 0)
(0.101607 -0.000394858 0)
(0.101556 -0.000336511 0)
(0.101514 -0.000285092 0)
(0.101478 -0.000244061 0)
(0.101446 -0.000201037 0)
(0.101423 -0.000178841 0)
(0.101397 -0.000135407 0)
(0.101386 -0.000128974 0)
(0.101361 -8.93368e-05 0)
(0.123796 5.66581e-05 0)
(0.123464 -0.00141681 0)
(0.12279 -0.00278069 0)
(0.12199 -0.00401716 0)
(0.120879 -0.0050842 0)
(0.119366 -0.00587019 0)
(0.117648 -0.00632945 0)
(0.11592 -0.00649943 0)
(0.114259 -0.00644115 0)
(0.112695 -0.00621204 0)
(0.111256 -0.00586406 0)
(0.109955 -0.00544226 0)
(0.108796 -0.00498242 0)
(0.107771 -0.0045111 0)
(0.106872 -0.00404714 0)
(0.106087 -0.00360329 0)
(0.105405 -0.00318762 0)
(0.104815 -0.00280467 0)
(0.104305 -0.00245642 0)
(0.103866 -0.002143 0)
(0.103489 -0.00186331 0)
(0.103165 -0.00161548 0)
(0.102887 -0.00139714 0)
(0.10265 -0.00120571 0)
(0.102446 -0.00103856 0)
(0.102273 -0.000893086 0)
(0.102124 -0.000766849 0)
(0.101998 -0.000657565 0)
(0.10189 -0.000563147 0)
(0.101797 -0.000481691 0)
(0.101719 -0.000411526 0)
(0.101652 -0.000351 0)
(0.101595 -0.000299233 0)
(0.101547 -0.000253576 0)
(0.101506 -0.000217147 0)
(0.101471 -0.000178884 0)
(0.101444 -0.000159216 0)
(0.101415 -0.000120545 0)
(0.101402 -0.000114894 0)
(0.101375 -7.96785e-05 0)
(0.122821 -0.000101727 0)
(0.122537 -0.00126106 0)
(0.121936 -0.00231019 0)
(0.121227 -0.0032629 0)
(0.120256 -0.00410346 0)
(0.118939 -0.00474346 0)
(0.117423 -0.00513525 0)
(0.115868 -0.00530085 0)
(0.114341 -0.00528363 0)
(0.112878 -0.00512496 0)
(0.111507 -0.00486393 0)
(0.110248 -0.00453614 0)
(0.109108 -0.00417097 0)
(0.108087 -0.00379096 0)
(0.107181 -0.0034126 0)
(0.106381 -0.0030474 0)
(0.105679 -0.00270293 0)
(0.105066 -0.0023837 0)
(0.104533 -0.00209195 0)
(0.104071 -0.00182827 0)
(0.103671 -0.00159214 0)
(0.103327 -0.00138226 0)
(0.10303 -0.00119687 0)
(0.102774 -0.00103396 0)
(0.102555 -0.000891425 0)
(0.102367 -0.000767166 0)
(0.102206 -0.000659176 0)
(0.102069 -0.000565571 0)
(0.101951 -0.000484611 0)
(0.10185 -0.000414699 0)
(0.101765 -0.000354426 0)
(0.101691 -0.000302394 0)
(0.101629 -0.000257865 0)
(0.101576 -0.000218563 0)
(0.101532 -0.000187215 0)
(0.101493 -0.000154227 0)
(0.101463 -0.000137349 0)
(0.101431 -0.000103974 0)
(0.101417 -9.91819e-05 0)
(0.101387 -6.88951e-05 0)
(0.122049 -0.000187582 0)
(0.12181 -0.00108859 0)
(0.121279 -0.00187792 0)
(0.120635 -0.00259229 0)
(0.119763 -0.00323667 0)
(0.11859 -0.0037398 0)
(0.11723 -0.00405697 0)
(0.115809 -0.00420146 0)
(0.114391 -0.00420424 0)
(0.11301 -0.00409467 0)
(0.111698 -0.0039014 0)
(0.110476 -0.00365169 0)
(0.109355 -0.00336874 0)
(0.10834 -0.00307077 0)
(0.10743 -0.00277146 0)
(0.10662 -0.00248055 0)
(0.105903 -0.00220462 0)
(0.105273 -0.00194772 0)
(0.104722 -0.00171202 0)
(0.104241 -0.00149831 0)
(0.103823 -0.00130639 0)
(0.103461 -0.00113539 0)
(0.103148 -0.000984036 0)
(0.102879 -0.000850794 0)
(0.102646 -0.000734029 0)
(0.102447 -0.000632099 0)
(0.102275 -0.000543413 0)
(0.102128 -0.000466463 0)
(0.102003 -0.000399852 0)
(0.101895 -0.000342285 0)
(0.101803 -0.000292621 0)
(0.101725 -0.00024972 0)
(0.101658 -0.000212988 0)
(0.101601 -0.00018055 0)
(0.101553 -0.000154687 0)
(0.101511 -0.000127414 0)
(0.101479 -0.000113547 0)
(0.101445 -8.59222e-05 0)
(0.10143 -8.20517e-05 0)
(0.101397 -5.71292e-05 0)
(0.121451 -0.000276627 0)
(0.121266 -0.000939441 0)
(0.120799 -0.00149719 0)
(0.120198 -0.00200031 0)
(0.119389 -0.00246485 0)
(0.11832 -0.0028341 0)
(0.117075 -0.00306976 0)
(0.115756 -0.00318031 0)
(0.11442 -0.00318734 0)
(0.113104 -0.0031107 0)
(0.111838 -0.00297039 0)
(0.110646 -0.00278619 0)
(0.109543 -0.00257541 0)
(0.108534 -0.00235187 0)
(0.107622 -0.00212611 0)
(0.106805 -0.00190575 0)
(0.106078 -0.00169599 0)
(0.105435 -0.00150013 0)
(0.104869 -0.00131998 0)
(0.104374 -0.00115629 0)
(0.103943 -0.00100902 0)
(0.103567 -0.000877592 0)
(0.103242 -0.000761098 0)
(0.102961 -0.000658415 0)
(0.102719 -0.000568332 0)
(0.10251 -0.00048962 0)
(0.10233 -0.000421078 0)
(0.102176 -0.000361566 0)
(0.102044 -0.000310017 0)
(0.10193 -0.000265442 0)
(0.101833 -0.000226966 0)
(0.101751 -0.000193716 0)
(0.10168 -0.000165236 0)
(0.10162 -0.000140077 0)
(0.10157 -0.000120026 0)
(0.101525 -9.88359e-05 0)
(0.101492 -8.8146e-05 0)
(0.101455 -6.66458e-05 0)
(0.101439 -6.37357e-05 0)
(0.101404 -4.45334e-05 0)
(0.120945 -0.000330065 0)
(0.120825 -0.00075926 0)
(0.120423 -0.00110483 0)
(0.119857 -0.0014249 0)
(0.119091 -0.00173389 0)
(0.118092 -0.00198278 0)
(0.116925 -0.00214038 0)
(0.115675 -0.00221303 0)
(0.114397 -0.00221585 0)
(0.113126 -0.00216181 0)
(0.111895 -0.00206412 0)
(0.110727 -0.00193622 0)
(0.109638 -0.00178999 0)
(0.108636 -0.00163493 0)
(0.107726 -0.00147831 0)
(0.106905 -0.00132539 0)
(0.106172 -0.00117979 0)
(0.105522 -0.00104379 0)
(0.104948 -0.000918652 0)
(0.104444 -0.000804907 0)
(0.104003 -0.000702536 0)
(0.10362 -0.000611149 0)
(0.103286 -0.000530114 0)
(0.102998 -0.000458662 0)
(0.102748 -0.000395959 0)
(0.102533 -0.000341157 0)
(0.102348 -0.000293426 0)
(0.102189 -0.000251974 0)
(0.102052 -0.000216059 0)
(0.101935 -0.000184995 0)
(0.101835 -0.000158174 0)
(0.101749 -0.000134994 0)
(0.101676 -0.000115131 0)
(0.101614 -9.75903e-05 0)
(0.101562 -8.36039e-05 0)
(0.101515 -6.88101e-05 0)
(0.101481 -6.14138e-05 0)
(0.101443 -4.63399e-05 0)
(0.101426 -4.44295e-05 0)
(0.10139 -3.11906e-05 0)
(0.119571 -0.000485428 0)
(0.119555 -0.000718188 0)
(0.119236 -0.00085002 0)
(0.118708 -0.000965635 0)
(0.117971 -0.00109405 0)
(0.117013 -0.00120196 0)
(0.11589 -0.00126732 0)
(0.11468 -0.00129234 0)
(0.113439 -0.00128339 0)
(0.112205 -0.00124548 0)
(0.111007 -0.00118465 0)
(0.10987 -0.00110792 0)
(0.108808 -0.00102174 0)
(0.107831 -0.000931351 0)
(0.106941 -0.000840715 0)
(0.106139 -0.000752693 0)
(0.105421 -0.000669221 0)
(0.104784 -0.000591498 0)
(0.104221 -0.000520165 0)
(0.103727 -0.000455455 0)
(0.103294 -0.000397309 0)
(0.102917 -0.000345465 0)
(0.102589 -0.000299539 0)
(0.102305 -0.000259074 0)
(0.10206 -0.000223587 0)
(0.101848 -0.000192589 0)
(0.101665 -0.000165602 0)
(0.101509 -0.000142172 0)
(0.101374 -0.000121877 0)
(0.101259 -0.000104324 0)
(0.10116 -8.91718e-05 0)
(0.101076 -7.60805e-05 0)
(0.101004 -6.48585e-05 0)
(0.100942 -5.49675e-05 0)
(0.100891 -4.7057e-05 0)
(0.100845 -3.87056e-05 0)
(0.100811 -3.45754e-05 0)
(0.100774 -2.5989e-05 0)
(0.100758 -2.50262e-05 0)
(0.100722 -1.77002e-05 0)
(0.104025 -0.000492344 0)
(0.103283 -0.000517114 0)
(0.102396 -0.000467509 0)
(0.101474 -0.000420716 0)
(0.100528 -0.000402669 0)
(0.0995136 -0.000396758 0)
(0.0984325 -0.000390287 0)
(0.0973228 -0.000380421 0)
(0.0962178 -0.000366106 0)
(0.0951409 -0.000346795 0)
(0.0941117 -0.000323275 0)
(0.0931457 -0.000297135 0)
(0.0922524 -0.000269927 0)
(0.0914365 -0.000242845 0)
(0.0906988 -0.000216731 0)
(0.0900374 -0.000192135 0)
(0.0894488 -0.000169377 0)
(0.0889281 -0.000148608 0)
(0.0884699 -0.000129858 0)
(0.0880684 -0.000113081 0)
(0.087718 -9.81758e-05 0)
(0.0874132 -8.50111e-05 0)
(0.0871488 -7.34407e-05 0)
(0.08692 -6.33141e-05 0)
(0.0867226 -5.44835e-05 0)
(0.0865524 -4.68074e-05 0)
(0.0864061 -4.01531e-05 0)
(0.0862804 -3.43962e-05 0)
(0.0861726 -2.94257e-05 0)
(0.0860803 -2.51374e-05 0)
(0.0860014 -2.14465e-05 0)
(0.0859341 -1.82637e-05 0)
(0.0858766 -1.55354e-05 0)
(0.0858279 -1.31571e-05 0)
(0.0857866 -1.12003e-05 0)
(0.0857509 -9.24372e-06 0)
(0.0857232 -8.19319e-06 0)
(0.0856943 -6.11694e-06 0)
(0.0856808 -5.98291e-06 0)
(0.0856525 -4.24091e-06 0)
)
;

boundaryField
{
    inlet
    {
        type            fixedValue;
        value           uniform (0.1 0 0);
    }
    outlet
    {
        type            zeroGradient;
    }
    lowerWall
    {
        type            noSlip;
    }
    upperWall
    {
        type            noSlip;
    }
    defaultFaces
    {
        type            empty;
    }
}


// ************************************************************************* //
