/*--------------------------------*- C++ -*----------------------------------*\
| =========                 |                                                 |
| \\      /  F ield         | OpenFOAM: The Open Source CFD Toolbox           |
|  \\    /   O peration     | Version:  2112                                  |
|   \\  /    A nd           | Website:  www.openfoam.com                      |
|    \\/     M anipulation  |                                                 |
\*---------------------------------------------------------------------------*/
FoamFile
{
    version     2.0;
    format      ascii;
    arch        "LSB;label=32;scalar=64";
    class       surfaceScalarField;
    location    "0.04";
    object      phi;
}
// * * * * * * * * * * * * * * * * * * * * * * * * * * * * * * * * * * * * * //

dimensions      [0 3 -1 0 0 0 0];

oriented        oriented;

internalField   nonuniform List<scalar> 
3653
(
9.92488e-07
7.51175e-09
9.79051e-07
1.34369e-08
9.64246e-07
1.48051e-08
9.52244e-07
1.2002e-08
9.43815e-07
8.42931e-09
9.38074e-07
5.74101e-09
9.34199e-07
3.87512e-09
9.3154e-07
2.65891e-09
9.29524e-07
2.01615e-09
9.27778e-07
1.74537e-09
9.26111e-07
1.667e-09
9.24404e-07
1.70713e-09
9.22563e-07
1.8411e-09
9.20504e-07
2.05886e-09
9.18148e-07
2.35659e-09
9.15407e-07
2.74105e-09
9.12179e-07
3.22751e-09
9.08345e-07
3.83436e-09
9.03746e-07
4.59843e-09
8.98201e-07
5.54538e-09
8.91407e-07
6.79385e-09
8.83143e-07
8.26414e-09
8.72547e-07
1.05963e-08
8.59866e-07
1.26805e-08
8.4157e-07
1.82962e-08
8.21307e-07
2.02628e-08
7.84347e-07
3.69599e-08
7.46907e-07
3.74401e-08
6.60145e-07
8.67624e-08
9.73558e-08
5.62789e-07
1.00291e-06
4.60631e-09
1.00659e-06
9.75261e-09
1.00925e-06
1.21414e-08
1.0099e-06
1.13557e-08
1.00916e-06
9.16655e-09
1.00788e-06
7.02818e-09
1.00638e-06
5.36655e-09
1.00482e-06
4.22039e-09
1.00327e-06
3.56452e-09
1.00174e-06
3.27579e-09
1.00018e-06
3.23337e-09
9.98511e-07
3.37381e-09
9.96683e-07
3.6687e-09
9.94628e-07
4.11379e-09
9.92273e-07
4.712e-09
9.89535e-07
5.47849e-09
9.86319e-07
6.44331e-09
9.82509e-07
7.64503e-09
9.7796e-07
9.14734e-09
9.72485e-07
1.10201e-08
9.6586e-07
1.34188e-08
9.57735e-07
1.63898e-08
9.47791e-07
2.05399e-08
9.35203e-07
2.52681e-08
9.19787e-07
3.37123e-08
8.99544e-07
4.05063e-08
8.74999e-07
6.15047e-08
8.44493e-07
6.79457e-08
8.1009e-07
1.21165e-07
1.3141e-07
7.76037e-07
1.00199e-06
2.61665e-09
1.00497e-06
6.76777e-09
1.00766e-06
9.4589e-09
1.00894e-06
1.0072e-08
1.00893e-06
9.17493e-09
1.00822e-06
7.74153e-09
1.00716e-06
6.42726e-09
1.00593e-06
5.45257e-09
1.00463e-06
4.86094e-09
1.0033e-06
4.60924e-09
1.0019e-06
4.63062e-09
1.00039e-06
4.8823e-09
9.98719e-07
5.34019e-09
9.9683e-07
6.0024e-09
9.94663e-07
6.87981e-09
9.92145e-07
7.99606e-09
9.89196e-07
9.39188e-09
9.85717e-07
1.11246e-08
9.81588e-07
1.32763e-08
9.76662e-07
1.59459e-08
9.70767e-07
1.9314e-08
9.63646e-07
2.35111e-08
9.5513e-07
2.90555e-08
9.44603e-07
3.57955e-08
9.32542e-07
4.57728e-08
9.16592e-07
5.64565e-08
9.01309e-07
7.67871e-08
8.77295e-07
9.196e-08
8.61699e-07
1.36762e-07
1.57986e-07
8.35123e-07
1.00091e-06
1.70401e-09
1.00271e-06
4.97151e-09
1.00456e-06
7.6034e-09
1.00585e-06
8.79105e-09
1.0064e-06
8.61968e-09
1.00637e-06
7.77621e-09
1.00593e-06
6.86677e-09
1.00521e-06
6.1659e-09
1.00432e-06
5.753e-09
1.0033e-06
5.63316e-09
1.00215e-06
5.78015e-09
1.00086e-06
6.17216e-09
9.99396e-07
6.80218e-09
9.97724e-07
7.6739e-09
9.95799e-07
8.80485e-09
9.93563e-07
1.02326e-08
9.9095e-07
1.20046e-08
9.87887e-07
1.41874e-08
9.84285e-07
1.68782e-08
9.80035e-07
2.0196e-08
9.75026e-07
2.4323e-08
9.69098e-07
2.94391e-08
9.62177e-07
3.59767e-08
9.5396e-07
4.40121e-08
9.44781e-07
5.49516e-08
9.33815e-07
6.74234e-08
9.23441e-07
8.71603e-08
9.10455e-07
1.04946e-07
9.05742e-07
1.41475e-07
1.64084e-07
8.99643e-07
1.00052e-06
1.18225e-09
1.00178e-06
3.71214e-09
1.00325e-06
6.13798e-09
1.00443e-06
7.60647e-09
1.00513e-06
7.92502e-09
1.00535e-06
7.55529e-09
1.00521e-06
7.00704e-09
1.0048e-06
6.5708e-09
1.0042e-06
6.35579e-09
1.00344e-06
6.39313e-09
1.00253e-06
6.68641e-09
1.00148e-06
7.22692e-09
1.00026e-06
8.01921e-09
9.98853e-07
9.082e-09
9.9722e-07
1.04376e-08
9.95327e-07
1.21255e-08
9.93129e-07
1.4203e-08
9.9057e-07
1.67459e-08
9.87595e-07
1.98534e-08
9.8414e-07
2.36506e-08
9.80152e-07
2.83111e-08
9.75553e-07
3.40388e-08
9.70374e-07
4.11549e-08
9.6448e-07
4.99065e-08
9.58424e-07
6.10079e-08
9.51554e-07
7.42927e-08
9.46604e-07
9.21104e-08
9.40712e-07
1.10838e-07
9.42164e-07
1.40024e-07
1.65093e-07
9.41155e-07
1.00033e-06
8.54494e-10
1.00123e-06
2.81222e-09
1.00238e-06
4.98744e-09
1.00343e-06
6.55426e-09
1.00419e-06
7.17007e-09
1.0046e-06
7.1445e-09
1.0047e-06
6.89987e-09
1.00456e-06
6.7098e-09
1.00422e-06
6.69643e-09
1.00372e-06
6.89921e-09
1.00307e-06
7.33773e-09
1.00227e-06
8.02581e-09
1.00131e-06
8.97231e-09
1.0002e-06
1.01966e-08
9.98904e-07
1.17332e-08
9.97402e-07
1.36278e-08
9.95666e-07
1.59392e-08
9.93669e-07
1.8743e-08
9.91386e-07
2.21362e-08
9.88793e-07
2.62439e-08
9.85881e-07
3.12227e-08
9.82649e-07
3.72706e-08
9.79195e-07
4.46093e-08
9.75541e-07
5.35602e-08
9.72176e-07
6.43726e-08
9.6894e-07
7.75291e-08
9.67573e-07
9.3477e-08
9.6675e-07
1.11662e-07
9.71576e-07
1.35197e-07
1.58502e-07
9.78167e-07
1.00023e-06
6.2732e-10
1.00093e-06
2.11021e-09
1.00189e-06
4.02518e-09
1.00286e-06
5.58797e-09
1.00364e-06
6.38368e-09
1.00418e-06
6.61033e-09
1.00446e-06
6.61532e-09
1.00453e-06
6.63884e-09
1.00443e-06
6.80397e-09
1.00416e-06
7.16749e-09
1.00375e-06
7.74983e-09
1.0032e-06
8.56722e-09
1.00254e-06
9.64046e-09
1.00174e-06
1.09965e-08
1.0008e-06
1.2674e-08
9.99707e-07
1.47166e-08
9.98464e-07
1.71821e-08
9.9706e-07
2.01469e-08
9.95493e-07
2.3703e-08
9.93771e-07
2.79656e-08
9.91929e-07
3.30654e-08
9.90015e-07
3.9184e-08
9.8817e-07
4.64544e-08
9.8649e-07
5.52409e-08
9.85426e-07
6.54366e-08
9.85001e-07
7.79533e-08
9.86517e-07
9.19613e-08
9.89401e-07
1.08778e-07
9.96994e-07
1.27604e-07
1.48974e-07
1.00652e-06
1.00018e-06
4.51217e-10
1.00076e-06
1.52234e-09
1.00162e-06
3.16481e-09
1.00254e-06
4.66753e-09
1.00336e-06
5.56748e-09
1.004e-06
5.97397e-09
1.00444e-06
6.17424e-09
1.00469e-06
6.38432e-09
1.00478e-06
6.71373e-09
1.00473e-06
7.21722e-09
1.00456e-06
7.92173e-09
1.00428e-06
8.84988e-09
1.00389e-06
1.00269e-08
1.00341e-06
1.14809e-08
1.00283e-06
1.32493e-08
1.00217e-06
1.53779e-08
1.00143e-06
1.79241e-08
1.00062e-06
2.0959e-08
9.99756e-07
2.4564e-08
9.98881e-07
2.8841e-08
9.98052e-07
3.38946e-08
9.9735e-07
3.98852e-08
9.96931e-07
4.68733e-08
9.96939e-07
5.52331e-08
9.97757e-07
6.46187e-08
9.99539e-07
7.61713e-08
1.00321e-06
8.82939e-08
1.00858e-06
1.03407e-07
1.01781e-06
1.18369e-07
1.3728e-07
1.02951e-06
1.00015e-06
2.98016e-10
1.00068e-06
9.93352e-10
1.0015e-06
2.35115e-09
1.00241e-06
3.7487e-09
1.00328e-06
4.69819e-09
1.00402e-06
5.24033e-09
1.00459e-06
5.60141e-09
1.00501e-06
5.967e-09
1.00528e-06
6.43674e-09
1.00544e-06
7.06257e-09
1.00549e-06
7.87184e-09
1.00545e-06
8.88727e-09
1.00534e-06
1.01357e-08
1.00518e-06
1.16488e-08
1.00496e-06
1.34623e-08
1.00472e-06
1.56207e-08
1.00447e-06
1.81784e-08
1.00423e-06
2.11985e-08
1.00404e-06
2.47518e-08
1.00395e-06
2.89254e-08
1.00405e-06
3.37998e-08
1.00442e-06
3.9511e-08
1.00523e-06
4.60674e-08
1.00664e-06
5.38203e-08
1.00896e-06
6.23016e-08
1.01243e-06
7.26974e-08
1.01764e-06
8.30844e-08
1.02474e-06
9.6309e-08
1.03493e-06
1.08174e-07
1.24624e-07
1.04759e-06
1.00015e-06
1.52778e-10
1.00066e-06
4.81076e-10
1.00147e-06
1.53774e-09
1.00242e-06
2.79689e-09
1.00336e-06
3.75983e-09
1.0042e-06
4.40413e-09
1.0049e-06
4.9002e-09
1.00546e-06
5.40181e-09
1.00591e-06
5.99362e-09
1.00625e-06
6.72209e-09
1.0065e-06
7.61417e-09
1.0067e-06
8.69148e-09
1.00686e-06
9.98126e-09
1.00699e-06
1.15153e-08
1.00712e-06
1.33285e-08
1.00728e-06
1.54635e-08
1.00749e-06
1.79695e-08
1.00779e-06
2.09012e-08
1.00822e-06
2.43185e-08
1.00885e-06
2.82937e-08
1.00976e-06
3.28867e-08
1.01107e-06
3.82089e-08
1.0129e-06
4.42332e-08
1.01545e-06
5.127e-08
1.01894e-06
5.88107e-08
1.02367e-06
6.79699e-08
1.02996e-06
7.6791e-08
1.03814e-06
8.81351e-08
1.04878e-06
9.75323e-08
1.11518e-07
1.06188e-06
1.00015e-06
3.28093e-12
1.00067e-06
-4.34769e-11
1.00152e-06
6.87774e-10
1.00254e-06
1.77665e-09
1.00358e-06
2.72818e-09
1.00452e-06
3.45875e-09
1.00534e-06
4.07828e-09
1.00604e-06
4.70378e-09
1.00663e-06
5.40329e-09
1.00714e-06
6.21661e-09
1.00758e-06
7.16966e-09
1.00799e-06
8.2823e-09
1.00839e-06
9.58227e-09
1.0088e-06
1.1101e-08
1.00926e-06
1.28721e-08
1.00979e-06
1.49351e-08
1.01042e-06
1.73334e-08
1.01121e-06
2.01136e-08
1.0122e-06
2.33264e-08
1.01347e-06
2.70298e-08
1.01509e-06
3.12658e-08
1.01718e-06
3.61229e-08
1.01985e-06
4.15537e-08
1.0233e-06
4.782e-08
1.02769e-06
5.44234e-08
1.03332e-06
6.23462e-08
1.04033e-06
6.97762e-08
1.04913e-06
7.93406e-08
1.05991e-06
8.67521e-08
9.83967e-08
1.07303e-06
1.00016e-06
-1.6e-10
1.00073e-06
-6.07777e-10
1.00166e-06
-2.42411e-10
1.00278e-06
6.54332e-10
1.00392e-06
1.58555e-09
1.00498e-06
2.40234e-09
1.00591e-06
3.14584e-09
1.00673e-06
3.89024e-09
1.00744e-06
4.68788e-09
1.00809e-06
5.5704e-09
1.00869e-06
6.5617e-09
1.00929e-06
7.68409e-09
1.00991e-06
8.96445e-09
1.01058e-06
1.04333e-08
1.01133e-06
1.21234e-08
1.01219e-06
1.40709e-08
1.01321e-06
1.6313e-08
1.01444e-06
1.88901e-08
1.01592e-06
2.18439e-08
1.01773e-06
2.52194e-08
1.01995e-06
2.90456e-08
1.02268e-06
3.33893e-08
1.02604e-06
3.81935e-08
1.03019e-06
4.36714e-08
1.03525e-06
4.93664e-08
1.04149e-06
5.61004e-08
1.04896e-06
6.23142e-08
1.05807e-06
7.0227e-08
1.06874e-06
7.60768e-08
8.55441e-08
1.0816e-06
1.00019e-06
-3.53568e-10
1.00084e-06
-1.25365e-09
1.00188e-06
-1.28709e-09
1.00314e-06
-6.01682e-10
1.00441e-06
3.17069e-10
1.00557e-06
1.23632e-09
1.0066e-06
2.12018e-09
1.0075e-06
2.98599e-09
1.00832e-06
3.87433e-09
1.00908e-06
4.81174e-09
1.00982e-06
5.82022e-09
1.01058e-06
6.92644e-09
1.01138e-06
8.15782e-09
1.01227e-06
9.54414e-09
1.01328e-06
1.11173e-08
1.01444e-06
1.291e-08
1.0158e-06
1.4955e-08
1.0174e-06
1.7287e-08
1.0193e-06
1.99396e-08
1.02158e-06
2.29469e-08
1.02429e-06
2.63273e-08
1.02755e-06
3.01301e-08
1.03145e-06
3.42953e-08
1.03613e-06
3.89923e-08
1.04168e-06
4.38218e-08
1.04833e-06
4.94496e-08
1.05605e-06
5.45913e-08
1.06526e-06
6.10156e-08
1.07571e-06
6.56299e-08
7.31536e-08
1.0881e-06
1.00025e-06
-6.03828e-10
1.00103e-06
-2.0316e-09
1.00224e-06
-2.50047e-09
1.00367e-06
-2.02655e-09
1.00507e-06
-1.08551e-09
1.00633e-06
-2.72675e-11
1.00742e-06
1.03406e-09
1.00838e-06
2.02704e-09
1.00925e-06
3.00043e-09
1.01009e-06
3.97675e-09
1.01093e-06
4.98034e-09
1.01181e-06
6.04296e-09
1.01277e-06
7.1951e-09
1.01385e-06
8.46726e-09
1.01508e-06
9.89075e-09
1.01649e-06
1.14951e-08
1.01814e-06
1.33096e-08
1.02006e-06
1.53632e-08
1.02232e-06
1.76811e-08
1.02498e-06
2.02903e-08
1.0281e-06
2.32022e-08
1.03178e-06
2.6452e-08
1.03609e-06
2.99814e-08
1.04116e-06
3.39202e-08
1.04705e-06
3.79323e-08
1.05396e-06
4.25458e-08
1.06182e-06
4.67338e-08
1.07098e-06
5.18495e-08
1.08115e-06
5.54659e-08
6.13179e-08
1.09298e-06
1.00036e-06
-9.65955e-10
1.00136e-06
-3.03153e-09
1.00282e-06
-3.95875e-09
1.00444e-06
-3.64399e-09
1.00596e-06
-2.60387e-09
1.00726e-06
-1.32642e-09
1.00835e-06
-6.42316e-11
1.00933e-06
1.05406e-09
1.01022e-06
2.10771e-09
1.01109e-06
3.10526e-09
1.01199e-06
4.07914e-09
1.01297e-06
5.06894e-09
1.01405e-06
6.11149e-09
1.01528e-06
7.23937e-09
1.01669e-06
8.48297e-09
1.01831e-06
9.86915e-09
1.0202e-06
1.1424e-08
1.02239e-06
1.3172e-08
1.02494e-06
1.51319e-08
1.0279e-06
1.73238e-08
1.03135e-06
1.9754e-08
1.03536e-06
2.2447e-08
1.03999e-06
2.53505e-08
1.04535e-06
2.85615e-08
1.05147e-06
3.18091e-08
1.05852e-06
3.54967e-08
1.06642e-06
3.88294e-08
1.07547e-06
4.28068e-08
1.08534e-06
4.55921e-08
5.00403e-08
1.09662e-06
1.00055e-06
-1.51586e-09
1.00191e-06
-4.38964e-09
1.00374e-06
-5.78746e-09
1.0056e-06
-5.50509e-09
1.0072e-06
-4.20511e-09
1.00848e-06
-2.60657e-09
1.00953e-06
-1.11533e-09
1.01041e-06
1.70096e-10
1.01123e-06
1.28771e-09
1.01208e-06
2.26215e-09
1.01299e-06
3.16468e-09
1.01402e-06
4.04428e-09
1.01518e-06
4.94353e-09
1.01653e-06
5.89639e-09
1.01808e-06
6.93189e-09
1.01987e-06
8.07481e-09
1.02195e-06
9.34672e-09
1.02436e-06
1.07671e-08
1.02714e-06
1.23506e-08
1.03035e-06
1.4112e-08
1.03405e-06
1.60546e-08
1.0383e-06
1.81941e-08
1.04316e-06
2.04868e-08
1.04872e-06
2.30014e-08
1.055e-06
2.55323e-08
1.06213e-06
2.83704e-08
1.07003e-06
3.09306e-08
1.07892e-06
3.39152e-08
1.08852e-06
3.59949e-08
3.92654e-08
1.09929e-06
1.00095e-06
-2.47043e-09
1.00288e-06
-6.31748e-09
1.00514e-06
-8.0455e-09
1.00715e-06
-7.51781e-09
1.0087e-06
-5.7542e-09
1.00984e-06
-3.74652e-09
1.01071e-06
-1.98589e-09
1.01144e-06
-5.57736e-10
1.01217e-06
5.55486e-10
1.01297e-06
1.46615e-09
1.01387e-06
2.26005e-09
1.01492e-06
2.99639e-09
1.01614e-06
3.72153e-09
1.01757e-06
4.47149e-09
1.01923e-06
5.27396e-09
1.02115e-06
6.15118e-09
1.02338e-06
7.12078e-09
1.02595e-06
8.19718e-09
1.0289e-06
9.39182e-09
1.0323e-06
1.07147e-08
1.03619e-06
1.21669e-08
1.04063e-06
1.37582e-08
1.04566e-06
1.54563e-08
1.05135e-06
1.73046e-08
1.05772e-06
1.91603e-08
1.06488e-06
2.12109e-08
1.07274e-06
2.30708e-08
1.08149e-06
2.51665e-08
1.09084e-06
2.66481e-08
2.89088e-08
1.1012e-06
1.00203e-06
-4.5036e-09
1.00515e-06
-9.42958e-09
1.00826e-06
-1.11634e-08
1.01035e-06
-9.60862e-09
1.01144e-06
-6.83877e-09
1.01201e-06
-4.32147e-09
1.01239e-06
-2.36647e-09
1.01275e-06
-9.17008e-10
1.0132e-06
1.05408e-10
1.01381e-06
8.55486e-10
1.01463e-06
1.44746e-09
1.01565e-06
1.97488e-09
1.01689e-06
2.4817e-09
1.01836e-06
2.99723e-09
1.02009e-06
3.54292e-09
1.02211e-06
4.1353e-09
1.02444e-06
4.78717e-09
1.02713e-06
5.50761e-09
1.03022e-06
6.30412e-09
1.03375e-06
7.1835e-09
1.03777e-06
8.14589e-09
1.04234e-06
9.19518e-09
1.04748e-06
1.03115e-08
1.05327e-06
1.15184e-08
1.05969e-06
1.27333e-08
1.06686e-06
1.40437e-08
1.07466e-06
1.52673e-08
1.0833e-06
1.65282e-08
1.09243e-06
1.75214e-08
1.88263e-08
1.10251e-06
1.00295e-06
-7.45738e-09
1.00679e-06
-1.3261e-08
1.00992e-06
-1.42964e-08
1.01143e-06
-1.11157e-08
1.01185e-06
-7.26386e-09
1.01192e-06
-4.39241e-09
1.01194e-06
-2.3842e-09
1.01204e-06
-1.02029e-09
1.01234e-06
-1.95277e-10
1.0129e-06
2.97081e-10
1.0137e-06
6.505e-10
1.01473e-06
9.45501e-10
1.016e-06
1.21321e-09
1.01752e-06
1.4758e-09
1.01931e-06
1.74917e-09
1.0214e-06
2.04307e-09
1.02383e-06
2.36485e-09
1.02661e-06
2.71957e-09
1.02981e-06
3.11057e-09
1.03345e-06
3.54097e-09
1.03759e-06
4.01075e-09
1.04226e-06
4.52136e-09
1.04751e-06
5.06378e-09
1.05338e-06
5.64747e-09
1.05988e-06
6.23568e-09
1.06706e-06
6.8572e-09
1.07487e-06
7.45679e-09
1.08339e-06
8.01113e-09
1.09243e-06
8.48502e-09
8.92321e-09
1.10233e-06
9.92543e-07
9.79282e-07
9.64985e-07
9.53869e-07
9.46606e-07
9.42213e-07
9.39829e-07
9.38809e-07
9.38613e-07
9.38911e-07
9.39561e-07
9.40507e-07
9.4172e-07
9.43196e-07
9.44945e-07
9.46988e-07
9.49353e-07
9.52072e-07
9.55183e-07
9.58724e-07
9.62734e-07
9.67256e-07
9.7232e-07
9.77967e-07
9.84203e-07
9.9106e-07
9.98517e-07
1.00653e-06
1.01501e-06
1.02394e-06
6.32885e-07
-7.00958e-08
7.03606e-07
-7.07214e-08
7.53144e-07
-4.95382e-08
7.85043e-07
-3.18984e-08
8.309e-07
-4.58568e-08
8.22277e-07
8.62252e-09
9.45981e-07
-1.23704e-07
9.0344e-07
4.25409e-08
1.04384e-06
-1.40398e-07
-3.07807e-07
1.35164e-06
8.13886e-07
-1.07945e-07
8.37138e-07
-9.39731e-08
8.73754e-07
-8.61544e-08
8.82013e-07
-4.0158e-08
9.31598e-07
-9.54411e-08
9.82057e-07
-4.1837e-08
9.51812e-07
-9.34585e-08
1.13982e-06
-1.45471e-07
1.19704e-06
-1.97614e-07
-3.02036e-07
1.19127e-06
8.53687e-07
-1.26509e-07
8.76385e-07
-1.16671e-07
8.96946e-07
-1.06715e-07
9.38174e-07
-8.13859e-08
9.64279e-07
-1.21546e-07
9.94335e-07
-7.18929e-08
1.06782e-06
-1.66944e-07
1.09617e-06
-1.73823e-07
1.15014e-06
-2.51578e-07
-3.93955e-07
1.24205e-06
9.17852e-07
-1.44719e-07
9.30794e-07
-1.29612e-07
9.46648e-07
-1.22569e-07
9.73874e-07
-1.08613e-07
9.77355e-07
-1.25027e-07
1.03841e-06
-1.3295e-07
1.04065e-06
-1.69182e-07
1.07984e-06
-2.13009e-07
1.12522e-06
-2.96966e-07
-4.23083e-07
1.15435e-06
9.48862e-07
-1.52426e-07
9.57982e-07
-1.38732e-07
9.71234e-07
-1.35821e-07
9.88993e-07
-1.26372e-07
1.01499e-06
-1.51023e-07
1.0297e-06
-1.47656e-07
1.06338e-06
-2.02865e-07
1.09619e-06
-2.45819e-07
1.1037e-06
-3.04476e-07
-4.13671e-07
1.09429e-06
9.84047e-07
-1.58307e-07
9.91541e-07
-1.46226e-07
9.99849e-07
-1.44128e-07
1.0176e-06
-1.44126e-07
1.02284e-06
-1.56261e-07
1.04973e-06
-1.74546e-07
1.0541e-06
-2.07236e-07
1.05917e-06
-2.50885e-07
1.07173e-06
-3.17035e-07
-3.99777e-07
1.05783e-06
1.00738e-06
-1.5916e-07
1.01024e-06
-1.49089e-07
1.01599e-06
-1.49879e-07
1.02355e-06
-1.51692e-07
1.03342e-06
-1.6613e-07
1.04138e-06
-1.82504e-07
1.04946e-06
-2.15314e-07
1.05771e-06
-2.59132e-07
1.04678e-06
-3.06109e-07
-3.74477e-07
1.02148e-06
1.02801e-06
-1.57663e-07
1.02904e-06
-1.50117e-07
1.03086e-06
-1.517e-07
1.03594e-06
-1.56776e-07
1.03715e-06
-1.67334e-07
1.04089e-06
-1.8625e-07
1.04057e-06
-2.1499e-07
1.03236e-06
-2.50925e-07
1.02178e-06
-2.95532e-07
-3.48958e-07
9.96266e-07
1.04319e-06
-1.5326e-07
1.04063e-06
-1.47558e-07
1.03889e-06
-1.49961e-07
1.0378e-06
-1.55685e-07
1.0371e-06
-1.66632e-07
1.03524e-06
-1.8439e-07
1.02963e-06
-2.09389e-07
1.02066e-06
-2.41948e-07
1.00219e-06
-2.7706e-07
-3.18885e-07
9.72113e-07
1.0552e-06
-1.46577e-07
1.05026e-06
-1.42619e-07
1.04531e-06
-1.45007e-07
1.04098e-06
-1.5136e-07
1.03616e-06
-1.61814e-07
1.02974e-06
-1.77967e-07
1.01999e-06
-1.99638e-07
1.00458e-06
-2.26539e-07
9.84043e-07
-2.56522e-07
-2.90052e-07
9.5521e-07
1.06419e-06
-1.37739e-07
1.05661e-06
-1.35041e-07
1.04895e-06
-1.37343e-07
1.04143e-06
-1.43843e-07
1.03329e-06
-1.53676e-07
1.02328e-06
-1.67958e-07
1.00998e-06
-1.86334e-07
9.92574e-07
-2.09133e-07
9.69774e-07
-2.33722e-07
-2.60317e-07
9.40039e-07
1.07084e-06
-1.26984e-07
1.0611e-06
-1.25294e-07
1.05124e-06
-1.2749e-07
1.04113e-06
-1.33733e-07
1.0301e-06
-1.4264e-07
1.01716e-06
-1.55018e-07
1.00132e-06
-1.70503e-07
9.81538e-07
-1.89346e-07
9.57422e-07
-2.09606e-07
-2.30983e-07
9.28088e-07
1.07565e-06
-1.14534e-07
1.06397e-06
-1.13613e-07
1.05221e-06
-1.1573e-07
1.03991e-06
-1.21432e-07
1.02653e-06
-1.29262e-07
1.01133e-06
-1.39819e-07
9.93507e-07
-1.52681e-07
9.7235e-07
-1.68189e-07
9.47461e-07
-1.84716e-07
-2.01859e-07
9.18336e-07
1.0791e-06
-1.00657e-07
1.0658e-06
-1.00311e-07
1.05241e-06
-1.02342e-07
1.03833e-06
-1.07345e-07
1.0231e-06
-1.1403e-07
1.00614e-06
-1.22861e-07
9.86857e-07
-1.334e-07
9.64648e-07
-1.45981e-07
9.39252e-07
-1.5932e-07
-1.72968e-07
9.10361e-07
1.08158e-06
-8.56231e-08
1.06694e-06
-8.56697e-08
1.05216e-06
-8.75586e-08
1.03662e-06
-9.18069e-08
1.01994e-06
-9.73546e-08
1.00165e-06
-1.04566e-07
9.81281e-07
-1.13031e-07
9.58355e-07
-1.23055e-07
9.32673e-07
-1.33638e-07
-1.44338e-07
9.04044e-07
1.08335e-06
-6.96864e-08
1.06764e-06
-6.99549e-08
1.05171e-06
-7.16277e-08
1.03502e-06
-7.5121e-08
1.01725e-06
-7.95806e-08
9.97953e-07
-8.52712e-08
9.76801e-07
-9.18791e-08
9.53369e-07
-9.96227e-08
9.27528e-07
-1.07797e-07
-1.15942e-07
8.99132e-07
1.08459e-06
-5.30781e-08
1.06806e-06
-5.34292e-08
1.05125e-06
-5.48189e-08
1.0337e-06
-5.75694e-08
1.01512e-06
-6.0995e-08
9.95087e-07
-6.52425e-08
9.73386e-07
-7.01774e-08
9.49599e-07
-7.58362e-08
9.23674e-07
-8.18723e-08
-8.77462e-08
8.95478e-07
1.08536e-06
-3.59233e-08
1.06821e-06
-3.62816e-08
1.05078e-06
-3.73868e-08
1.03262e-06
-3.94099e-08
1.01347e-06
-4.185e-08
9.92949e-07
-4.47191e-08
9.70865e-07
-4.80937e-08
9.4681e-07
-5.17804e-08
9.20827e-07
-5.58899e-08
-5.95485e-08
8.9263e-07
1.084e-06
-1.75944e-08
1.06591e-06
-1.81892e-08
1.04772e-06
-1.91964e-08
1.02885e-06
-2.05427e-08
1.009e-06
-2.20039e-08
9.87847e-07
-2.35626e-08
9.65086e-07
-2.53323e-08
9.40487e-07
-2.71812e-08
9.13913e-07
-2.93164e-08
-3.0975e-08
8.8534e-07
1.00634e-06
9.88153e-07
9.68956e-07
9.48413e-07
9.2641e-07
9.02847e-07
8.77515e-07
8.50333e-07
8.21017e-07
7.90042e-07
-9.65141e-08
9.65141e-08
-1.39462e-07
4.29481e-08
-1.01011e-07
-3.84511e-08
1.54762e-09
-1.02559e-07
1.20338e-07
-1.18791e-07
2.31875e-07
-1.11537e-07
3.23765e-07
-9.18899e-08
3.94654e-07
-7.08894e-08
4.47548e-07
-5.28937e-08
4.86556e-07
-3.90084e-08
5.15407e-07
-2.88508e-08
5.3699e-07
-2.15826e-08
5.53384e-07
-1.63947e-08
5.66041e-07
-1.26571e-08
5.75963e-07
-9.92157e-09
5.83846e-07
-7.88343e-09
5.90184e-07
-6.3376e-09
5.95329e-07
-5.14476e-09
5.99539e-07
-4.21029e-09
6.03008e-07
-3.46889e-09
6.05882e-07
-2.87376e-09
6.08273e-07
-2.39118e-09
6.1027e-07
-1.99704e-09
6.11943e-07
-1.67339e-09
6.13349e-07
-1.40596e-09
6.14533e-07
-1.18357e-09
6.15531e-07
-9.97783e-10
6.16373e-07
-8.42077e-10
6.17084e-07
-7.11173e-10
6.17685e-07
-6.00875e-10
6.18193e-07
-5.07759e-10
6.18622e-07
-4.2899e-10
6.18984e-07
-3.62054e-10
6.19288e-07
-3.04645e-10
6.19545e-07
-2.5652e-10
6.19756e-07
-2.11352e-10
6.19938e-07
-1.82061e-10
6.20075e-07
-1.36634e-10
6.20205e-07
-1.29976e-10
-8.48345e-11
-8.48654e-08
1.81379e-07
-1.49883e-07
1.07966e-07
-1.06569e-07
-8.17654e-08
1.18366e-08
-2.20964e-07
1.51051e-07
-2.58005e-07
2.78274e-07
-2.38759e-07
3.80804e-07
-1.94421e-07
4.59143e-07
-1.49228e-07
5.17598e-07
-1.11348e-07
5.61038e-07
-8.24483e-08
5.93554e-07
-6.13665e-08
6.18201e-07
-4.62297e-08
6.37154e-07
-3.53478e-08
6.51937e-07
-2.74408e-08
6.63621e-07
-2.16056e-08
6.72963e-07
-1.7225e-08
6.80507e-07
-1.38814e-08
6.86651e-07
-1.1289e-08
6.91691e-07
-9.25054e-09
6.95851e-07
-7.62824e-09
6.99301e-07
-6.32358e-09
7.02174e-07
-5.26474e-09
7.04576e-07
-4.39904e-09
7.0659e-07
-3.68703e-09
7.08282e-07
-3.09808e-09
7.09707e-07
-2.60829e-09
7.10908e-07
-2.19923e-09
7.11922e-07
-1.85648e-09
7.1278e-07
-1.56841e-09
7.13504e-07
-1.32566e-09
7.14117e-07
-1.12059e-09
7.14635e-07
-9.46843e-10
7.15072e-07
-7.99285e-10
7.1544e-07
-6.72583e-10
7.15751e-07
-5.66852e-10
7.16007e-07
-4.67462e-10
7.16228e-07
-4.03251e-10
7.16395e-07
-3.03341e-10
7.16553e-07
-2.87953e-10
-1.87282e-10
-2.0374e-07
3.8512e-07
-2.67609e-07
1.71834e-07
-1.75611e-07
-1.73764e-07
-1.36682e-08
-3.82906e-07
1.54347e-07
-4.2602e-07
2.93693e-07
-3.78104e-07
3.99206e-07
-2.99934e-07
4.75745e-07
-2.25768e-07
5.31003e-07
-1.66606e-07
5.71465e-07
-1.2291e-07
6.01712e-07
-9.16134e-08
6.24787e-07
-6.93051e-08
6.42705e-07
-5.32651e-08
6.56823e-07
-4.15594e-08
6.68086e-07
-3.28683e-08
6.77162e-07
-2.63014e-08
6.84539e-07
-2.12584e-08
6.90579e-07
-1.73283e-08
6.95553e-07
-1.42251e-08
6.99671e-07
-1.17466e-08
7.03096e-07
-9.74809e-09
7.05954e-07
-8.12309e-09
7.08348e-07
-6.79235e-09
7.10357e-07
-5.69605e-09
7.12047e-07
-4.78811e-09
7.13471e-07
-4.03259e-09
7.14673e-07
-3.40134e-09
7.15689e-07
-2.87214e-09
7.16548e-07
-2.4272e-09
7.17274e-07
-2.05212e-09
7.17889e-07
-1.73516e-09
7.18408e-07
-1.46642e-09
7.18847e-07
-1.2382e-09
7.19217e-07
-1.04221e-09
7.19529e-07
-8.78844e-10
7.19786e-07
-7.25228e-10
7.20009e-07
-6.25847e-10
7.20177e-07
-4.71756e-10
7.20336e-07
-4.46803e-10
-2.89481e-10
-1.55511e-07
5.4063e-07
-3.12097e-07
3.2842e-07
-1.79901e-07
-3.0596e-07
6.34598e-09
-5.69153e-07
1.88377e-07
-6.08051e-07
3.3296e-07
-5.22688e-07
4.35858e-07
-4.02832e-07
5.0563e-07
-2.95539e-07
5.53549e-07
-2.14525e-07
5.87844e-07
-1.57206e-07
6.13473e-07
-1.17243e-07
6.33266e-07
-8.90981e-08
6.48894e-07
-6.88929e-08
6.61418e-07
-5.40829e-08
6.71559e-07
-4.30094e-08
6.79836e-07
-3.4578e-08
6.86632e-07
-2.80553e-08
6.92244e-07
-2.29393e-08
6.96896e-07
-1.8878e-08
7.0077e-07
-1.56199e-08
7.04005e-07
-1.2983e-08
7.06714e-07
-1.08328e-08
7.0899e-07
-9.06784e-09
7.10905e-07
-7.61078e-09
7.12519e-07
-6.40204e-09
7.13881e-07
-5.39498e-09
7.15032e-07
-4.55276e-09
7.16006e-07
-3.84612e-09
7.16831e-07
-3.25159e-09
7.17529e-07
-2.75009e-09
7.1812e-07
-2.326e-09
7.18619e-07
-1.96623e-09
7.19042e-07
-1.66062e-09
7.19398e-07
-1.3981e-09
7.19698e-07
-1.17928e-09
7.19946e-07
-9.73576e-10
7.20161e-07
-8.40132e-10
7.20323e-07
-6.34034e-10
7.20476e-07
-5.99491e-10
-3.8749e-10
-2.65452e-07
8.06083e-07
-3.24127e-07
3.87095e-07
-6.98902e-08
-5.60197e-07
1.48603e-07
-7.87646e-07
3.08081e-07
-7.6753e-07
4.18807e-07
-6.33414e-07
4.97045e-07
-4.8107e-07
5.49087e-07
-3.47581e-07
5.84002e-07
-2.4944e-07
6.09108e-07
-1.82312e-07
6.2846e-07
-1.36595e-07
6.44006e-07
-1.04644e-07
6.5674e-07
-8.16276e-08
6.67262e-07
-6.46052e-08
6.75992e-07
-5.17394e-08
6.83254e-07
-4.18393e-08
6.89306e-07
-3.41074e-08
6.9436e-07
-2.79939e-08
6.98591e-07
-2.31085e-08
7.02139e-07
-1.91677e-08
7.0512e-07
-1.5964e-08
7.07629e-07
-1.33419e-08
7.09744e-07
-1.11832e-08
7.1153e-07
-9.39667e-09
7.13039e-07
-7.91146e-09
7.14316e-07
-6.672e-09
7.15398e-07
-5.6341e-09
7.16314e-07
-4.76233e-09
7.17091e-07
-4.02813e-09
7.17749e-07
-3.40826e-09
7.18306e-07
-2.88365e-09
7.18778e-07
-2.43832e-09
7.19178e-07
-2.05986e-09
7.19514e-07
-1.73466e-09
7.19798e-07
-1.46349e-09
7.20034e-07
-1.20863e-09
7.20236e-07
-1.04289e-09
7.2039e-07
-7.87597e-10
7.20534e-07
-7.43806e-10
-4.79962e-10
-1.25172e-07
9.31255e-07
1.0262e-07
1.59303e-07
3.63642e-07
-8.21218e-07
5.75925e-07
-9.99929e-07
6.1589e-07
-8.07495e-07
6.03101e-07
-6.20625e-07
6.01131e-07
-4.79101e-07
6.10216e-07
-3.56665e-07
6.22119e-07
-2.61343e-07
6.34208e-07
-1.94401e-07
6.45736e-07
-1.48123e-07
6.56323e-07
-1.1523e-07
6.65778e-07
-9.10828e-08
6.74052e-07
-7.28791e-08
6.81192e-07
-5.88789e-08
6.87298e-07
-4.7946e-08
6.92495e-07
-3.93035e-08
6.96903e-07
-3.24021e-08
7.00637e-07
-2.68429e-08
7.03799e-07
-2.23299e-08
7.06477e-07
-1.86417e-08
7.08745e-07
-1.561e-08
7.10667e-07
-1.31051e-08
7.12296e-07
-1.10261e-08
7.13678e-07
-9.29353e-09
7.14851e-07
-7.8448e-09
7.15847e-07
-6.62965e-09
7.16692e-07
-5.60756e-09
7.1741e-07
-4.74573e-09
7.18019e-07
-4.01735e-09
7.18535e-07
-3.40035e-09
7.18973e-07
-2.87618e-09
7.19344e-07
-2.43047e-09
7.19657e-07
-2.04732e-09
7.19921e-07
-1.72765e-09
7.20139e-07
-1.42721e-09
7.20328e-07
-1.23144e-09
7.20471e-07
-9.30401e-10
7.20605e-07
-8.77928e-10
-5.65855e-10
2.60589e-07
6.70665e-07
7.07103e-07
-2.87211e-07
9.08721e-07
-1.02284e-06
1.0294e-06
-1.1206e-06
1.00105e-06
-7.79144e-07
8.69937e-07
-4.89516e-07
7.51008e-07
-3.60172e-07
6.87666e-07
-2.93323e-07
6.64408e-07
-2.38085e-07
6.60263e-07
-1.90256e-07
6.63475e-07
-1.51335e-07
6.69145e-07
-1.209e-07
6.75376e-07
-9.73134e-08
6.814e-07
-7.89036e-08
6.8691e-07
-6.4389e-08
6.91806e-07
-5.2842e-08
6.96086e-07
-4.35832e-08
6.9979e-07
-3.61066e-08
7.02977e-07
-3.003e-08
7.05709e-07
-2.50617e-08
7.08045e-07
-2.09776e-08
7.10039e-07
-1.76042e-08
7.1174e-07
-1.4806e-08
7.1319e-07
-1.24758e-08
7.14425e-07
-1.05288e-08
7.15477e-07
-8.89688e-09
7.16373e-07
-7.52548e-09
7.17136e-07
-6.3701e-09
7.17784e-07
-5.39455e-09
7.18336e-07
-4.56907e-09
7.18805e-07
-3.86909e-09
7.19203e-07
-3.27392e-09
7.1954e-07
-2.76748e-09
7.19824e-07
-2.33188e-09
7.20065e-07
-1.96827e-09
7.20264e-07
-1.62641e-09
7.20436e-07
-1.40333e-09
7.20566e-07
-1.0606e-09
7.20688e-07
-1.00018e-09
-6.44115e-10
1.45696e-06
5.6535e-07
1.49115e-06
-3.21399e-07
1.28395e-06
-8.15643e-07
1.03488e-06
-8.71535e-07
9.54706e-07
-6.98965e-07
9.22713e-07
-4.57523e-07
8.56588e-07
-2.94048e-07
7.89702e-07
-2.26437e-07
7.46184e-07
-1.94567e-07
7.24785e-07
-1.68856e-07
7.17351e-07
-1.43901e-07
7.17069e-07
-1.20618e-07
7.1987e-07
-1.00114e-07
7.23733e-07
-8.27667e-08
7.27762e-07
-6.84186e-08
7.31588e-07
-5.66682e-08
7.35071e-07
-4.70664e-08
7.38172e-07
-3.92073e-08
7.40896e-07
-3.27538e-08
7.43269e-07
-2.74344e-08
7.45324e-07
-2.30326e-08
7.47097e-07
-1.9377e-08
7.48621e-07
-1.63308e-08
7.4993e-07
-1.37846e-08
7.51052e-07
-1.16503e-08
7.52012e-07
-9.85674e-09
7.52832e-07
-8.34607e-09
7.53533e-07
-7.07095e-09
7.54131e-07
-5.99255e-09
7.54641e-07
-5.07879e-09
7.55075e-07
-4.30301e-09
7.55443e-07
-3.64272e-09
7.55756e-07
-3.08041e-09
7.56021e-07
-2.59644e-09
7.56245e-07
-2.19218e-09
7.5643e-07
-1.81192e-09
7.5659e-07
-1.56347e-09
7.56712e-07
-1.1819e-09
7.56826e-07
-1.11412e-09
-7.17059e-10
1.47614e-06
2.80481e-07
1.39025e-06
-2.35511e-07
8.93367e-07
-3.18758e-07
4.76621e-07
-4.5479e-07
3.91192e-07
-6.13535e-07
4.84981e-07
-5.51312e-07
5.95628e-07
-4.04695e-07
6.64283e-07
-2.95092e-07
6.98506e-07
-2.28791e-07
7.1441e-07
-1.8476e-07
7.21866e-07
-1.51358e-07
7.25917e-07
-1.24669e-07
7.289e-07
-1.03097e-07
7.31668e-07
-8.55343e-08
7.34398e-07
-7.11487e-08
7.3705e-07
-5.93199e-08
7.39551e-07
-4.95677e-08
7.41852e-07
-4.15079e-08
7.43928e-07
-3.48299e-08
7.45776e-07
-2.92823e-08
7.47404e-07
-2.46612e-08
7.48829e-07
-2.08017e-08
7.50069e-07
-1.75703e-08
7.51143e-07
-1.48585e-08
7.5207e-07
-1.25778e-08
7.52869e-07
-1.06556e-08
7.53556e-07
-9.03269e-09
7.54145e-07
-7.65999e-09
7.54649e-07
-6.49703e-09
7.55081e-07
-5.51013e-09
7.55449e-07
-4.67116e-09
7.55762e-07
-3.95632e-09
7.56029e-07
-3.34701e-09
7.56255e-07
-2.8222e-09
7.56446e-07
-2.3835e-09
7.56605e-07
-1.97057e-09
7.56742e-07
-1.70054e-09
7.56846e-07
-1.28576e-09
7.56943e-07
-1.21171e-09
-7.79582e-10
1.39779e-06
1.2475e-07
1.33729e-06
-1.75014e-07
1.33709e-06
-3.1856e-07
1.31114e-06
-4.28842e-07
1.14495e-06
-4.47338e-07
9.72527e-07
-3.78894e-07
8.63351e-07
-2.95519e-07
8.04393e-07
-2.36134e-07
7.71847e-07
-1.96244e-07
7.53702e-07
-1.66616e-07
7.44484e-07
-1.42139e-07
7.40622e-07
-1.20808e-07
7.39632e-07
-1.02108e-07
7.40071e-07
-8.5973e-08
7.41194e-07
-7.22715e-08
7.4262e-07
-6.07459e-08
7.44145e-07
-5.10924e-08
7.45654e-07
-4.30171e-08
7.47084e-07
-3.62606e-08
7.48404e-07
-3.06017e-08
7.49598e-07
-2.58556e-08
7.50665e-07
-2.18687e-08
7.51609e-07
-1.85141e-08
7.52438e-07
-1.56872e-08
7.53161e-07
-1.33013e-08
7.5379e-07
-1.12844e-08
7.54334e-07
-9.57712e-09
7.54804e-07
-8.12992e-09
7.55209e-07
-6.90157e-09
7.55556e-07
-5.85747e-09
7.55854e-07
-4.96868e-09
7.56108e-07
-4.21053e-09
7.56325e-07
-3.56369e-09
7.56508e-07
-3.00607e-09
7.56665e-07
-2.53961e-09
7.56794e-07
-2.10019e-09
7.56906e-07
-1.81266e-09
7.56991e-07
-1.37078e-09
7.57071e-07
-1.29165e-09
-8.30834e-10
1.17088e-06
1.08225e-07
1.08436e-06
-8.84985e-08
1.03384e-06
-2.68041e-07
9.57128e-07
-3.52126e-07
8.65268e-07
-3.55478e-07
7.95408e-07
-3.09034e-07
7.64289e-07
-2.64399e-07
7.55204e-07
-2.2705e-07
7.53456e-07
-1.94496e-07
7.52573e-07
-1.65732e-07
7.51068e-07
-1.40634e-07
7.49415e-07
-1.19155e-07
7.48221e-07
-1.00914e-07
7.47674e-07
-8.54255e-08
7.47684e-07
-7.2282e-08
7.48086e-07
-6.11478e-08
7.48727e-07
-5.17326e-08
7.4949e-07
-4.37807e-08
7.50298e-07
-3.70684e-08
7.51099e-07
-3.14026e-08
7.51862e-07
-2.66184e-08
7.52569e-07
-2.25761e-08
7.53213e-07
-1.91581e-08
7.53791e-07
-1.62655e-08
7.54305e-07
-1.38151e-08
7.54758e-07
-1.17374e-08
7.55155e-07
-9.9739e-09
7.55501e-07
-8.47567e-09
7.55801e-07
-7.20152e-09
7.5606e-07
-6.1167e-09
7.56283e-07
-5.19193e-09
7.56475e-07
-4.40215e-09
7.56639e-07
-3.72765e-09
7.56778e-07
-3.14566e-09
7.56897e-07
-2.65843e-09
7.56996e-07
-2.19904e-09
7.57082e-07
-1.89834e-09
7.57147e-07
-1.4358e-09
7.57208e-07
-1.35287e-09
-8.70134e-10
1.17459e-06
2.7926e-08
1.17932e-06
-9.3231e-08
1.08277e-06
-1.71497e-07
9.66785e-07
-2.36138e-07
8.86381e-07
-2.75074e-07
8.4868e-07
-2.71333e-07
8.24928e-07
-2.40648e-07
8.04486e-07
-2.06607e-07
7.87315e-07
-1.77325e-07
7.74583e-07
-1.53e-07
7.66075e-07
-1.32126e-07
7.6065e-07
-1.13729e-07
7.57252e-07
-9.75163e-08
7.55186e-07
-8.33588e-08
7.54008e-07
-7.1104e-08
7.53425e-07
-6.05649e-08
7.53234e-07
-5.15424e-08
7.53296e-07
-4.3842e-08
7.53511e-07
-3.72832e-08
7.53812e-07
-3.17036e-08
7.54154e-07
-2.69604e-08
7.54507e-07
-2.29296e-08
7.54853e-07
-1.95042e-08
7.5518e-07
-1.65929e-08
7.55483e-07
-1.41176e-08
7.55758e-07
-1.20121e-08
7.56004e-07
-1.02202e-08
7.56223e-07
-8.69435e-09
7.56415e-07
-7.39411e-09
7.56584e-07
-6.28518e-09
7.5673e-07
-5.33849e-09
7.56857e-07
-4.52901e-09
7.56967e-07
-3.83696e-09
7.5706e-07
-3.23925e-09
7.5714e-07
-2.73848e-09
7.57207e-07
-2.26588e-09
7.57265e-07
-1.95647e-09
7.57309e-07
-1.48002e-09
7.57351e-07
-1.39457e-09
-8.96966e-10
1.05888e-06
2.68735e-08
1.02911e-06
-6.34552e-08
1.00821e-06
-1.50603e-07
9.74824e-07
-2.02748e-07
9.22741e-07
-2.22991e-07
8.70444e-07
-2.19036e-07
8.32262e-07
-2.02466e-07
8.08418e-07
-1.82763e-07
7.93403e-07
-1.6231e-07
7.82962e-07
-1.42559e-07
7.75176e-07
-1.24341e-07
7.6935e-07
-1.07903e-07
7.65088e-07
-9.32543e-08
7.62051e-07
-8.03224e-08
7.59943e-07
-6.89958e-08
7.58519e-07
-5.91407e-08
7.57588e-07
-5.06116e-08
7.57007e-07
-4.32609e-08
7.56669e-07
-3.69454e-08
7.56497e-07
-3.15319e-08
7.56436e-07
-2.68995e-08
7.56447e-07
-2.29404e-08
7.56502e-07
-1.95593e-08
7.56583e-07
-1.66734e-08
7.56676e-07
-1.42106e-08
7.56773e-07
-1.21091e-08
7.56868e-07
-1.03158e-08
7.56959e-07
-8.78518e-09
7.57043e-07
-7.47826e-09
7.5712e-07
-6.36173e-09
7.57189e-07
-5.40717e-09
7.5725e-07
-4.58995e-09
7.57303e-07
-3.89053e-09
7.5735e-07
-3.28586e-09
7.5739e-07
-2.77887e-09
7.57424e-07
-2.29993e-09
7.57454e-07
-1.98637e-09
7.57477e-07
-1.50288e-09
7.57499e-07
-1.41625e-09
-9.10991e-10
1.0459e-06
2.45875e-09
1.03843e-06
-5.59869e-08
9.99148e-07
-1.11323e-07
9.50549e-07
-1.54148e-07
9.06366e-07
-1.78809e-07
8.70846e-07
-1.83516e-07
8.44029e-07
-1.75649e-07
8.22977e-07
-1.61711e-07
8.06609e-07
-1.45942e-07
7.94147e-07
-1.30096e-07
7.84746e-07
-1.1494e-07
7.77678e-07
-1.00836e-07
7.72382e-07
-8.7958e-08
7.6843e-07
-7.63701e-08
7.65495e-07
-6.60616e-08
7.63329e-07
-5.69741e-08
7.61738e-07
-4.90204e-08
7.60575e-07
-4.2098e-08
7.59729e-07
-3.60997e-08
7.59117e-07
-3.09199e-08
7.58676e-07
-2.64588e-08
7.58361e-07
-2.26247e-08
7.58136e-07
-1.93346e-08
7.57977e-07
-1.65144e-08
7.57866e-07
-1.40991e-08
7.57788e-07
-1.20317e-08
7.57735e-07
-1.02627e-08
7.57699e-07
-8.74933e-09
7.57676e-07
-7.45459e-09
7.5766e-07
-6.34659e-09
7.57651e-07
-5.39796e-09
7.57646e-07
-4.5848e-09
7.57644e-07
-3.8881e-09
7.57643e-07
-3.28518e-09
7.57643e-07
-2.77929e-09
7.57644e-07
-2.30091e-09
7.57646e-07
-1.98776e-09
7.57647e-07
-1.50418e-09
7.57648e-07
-1.4177e-09
-9.12056e-10
9.96822e-07
1.90346e-09
9.87789e-07
-4.69541e-08
9.674e-07
-9.09343e-08
9.39235e-07
-1.25983e-07
9.06881e-07
-1.46455e-07
8.76528e-07
-1.53163e-07
8.50913e-07
-1.50034e-07
8.30572e-07
-1.41371e-07
8.1466e-07
-1.3003e-07
8.02206e-07
-1.17642e-07
7.92447e-07
-1.0518e-07
7.84808e-07
-9.31969e-08
7.78845e-07
-8.19952e-08
7.74204e-07
-7.17287e-08
7.70599e-07
-6.24573e-08
7.67805e-07
-5.41794e-08
7.65639e-07
-4.68543e-08
7.63959e-07
-4.0418e-08
7.62653e-07
-3.47946e-08
7.61637e-07
-2.99036e-08
7.60843e-07
-2.5665e-08
7.60221e-07
-2.20024e-08
7.59731e-07
-1.88446e-08
7.59344e-07
-1.61268e-08
7.59035e-07
-1.3791e-08
7.58789e-07
-1.17855e-08
7.58592e-07
-1.0065e-08
7.58432e-07
-8.58979e-09
7.58303e-07
-7.32525e-09
7.58197e-07
-6.2413e-09
7.58111e-07
-5.31194e-09
7.58041e-07
-4.51433e-09
7.57983e-07
-3.83022e-09
7.57935e-07
-3.23761e-09
7.57896e-07
-2.74003e-09
7.57864e-07
-2.26903e-09
7.57837e-07
-1.96079e-09
7.57817e-07
-1.48399e-09
7.57798e-07
-1.39896e-09
-9.00196e-10
9.79013e-07
-4.99621e-09
9.71696e-07
-3.96376e-08
9.53868e-07
-7.3106e-08
9.29168e-07
-1.01283e-07
9.02489e-07
-1.19775e-07
8.77226e-07
-1.279e-07
8.55152e-07
-1.27961e-07
8.36654e-07
-1.22872e-07
8.21449e-07
-1.14825e-07
8.09084e-07
-1.05278e-07
7.99089e-07
-9.51842e-08
7.91039e-07
-8.51468e-08
7.84573e-07
-7.553e-08
7.79391e-07
-6.65464e-08
7.75242e-07
-5.8308e-08
7.7192e-07
-5.0858e-08
7.6926e-07
-4.4194e-08
7.67126e-07
-3.82843e-08
7.65411e-07
-3.30796e-08
7.64029e-07
-2.85215e-08
7.62912e-07
-2.45477e-08
7.62005e-07
-2.1096e-08
7.61267e-07
-1.81066e-08
7.60664e-07
-1.55237e-08
7.6017e-07
-1.32963e-08
7.59762e-07
-1.13783e-08
7.59426e-07
-9.72868e-09
7.59147e-07
-8.31117e-09
7.58916e-07
-7.09381e-09
7.58723e-07
-6.04863e-09
7.58563e-07
-5.1513e-09
7.58429e-07
-4.38024e-09
7.58317e-07
-3.71821e-09
7.58223e-07
-3.14418e-09
7.58145e-07
-2.6619e-09
7.58081e-07
-2.20491e-09
7.58026e-07
-1.90597e-09
7.57985e-07
-1.44271e-09
7.57946e-07
-1.36041e-09
-8.75628e-10
9.55507e-07
-5.29329e-09
9.49978e-07
-3.41094e-08
9.37127e-07
-6.02544e-08
9.1865e-07
-8.28069e-08
8.97663e-07
-9.8788e-08
8.76776e-07
-1.07013e-07
8.57616e-07
-1.08801e-07
8.4085e-07
-1.06105e-07
8.26564e-07
-1.0054e-07
8.14578e-07
-9.32912e-08
8.04609e-07
-8.52152e-08
7.96364e-07
-7.6902e-08
7.89572e-07
-6.87378e-08
7.83991e-07
-6.09657e-08
7.79412e-07
-5.37296e-08
7.75659e-07
-4.71044e-08
7.72581e-07
-4.1116e-08
7.70055e-07
-3.57582e-08
7.67979e-07
-3.10036e-08
7.6627e-07
-2.68123e-08
7.64859e-07
-2.31375e-08
7.63693e-07
-1.99298e-08
7.62726e-07
-1.71398e-08
7.61923e-07
-1.47203e-08
7.61254e-07
-1.2627e-08
7.60695e-07
-1.08196e-08
7.60228e-07
-9.26129e-09
7.59836e-07
-7.91948e-09
7.59507e-07
-6.76509e-09
7.59231e-07
-5.77247e-09
7.58999e-07
-4.91914e-09
7.58804e-07
-4.18505e-09
7.5864e-07
-3.55413e-09
7.58502e-07
-3.00658e-09
7.58386e-07
-2.54627e-09
7.58291e-07
-2.10966e-09
7.58209e-07
-1.82421e-09
7.58148e-07
-1.381e-09
7.5809e-07
-1.30264e-09
-8.38746e-10
9.41225e-07
-6.47899e-09
9.36064e-07
-2.89489e-08
9.25534e-07
-4.97236e-08
9.1058e-07
-6.78532e-08
8.93282e-07
-8.14898e-08
8.75624e-07
-8.93557e-08
8.58899e-07
-9.20756e-08
8.43767e-07
-9.0973e-08
8.30463e-07
-8.72358e-08
8.18978e-07
-8.18056e-08
8.09177e-07
-7.54149e-08
8.00879e-07
-6.86035e-08
7.93889e-07
-6.17485e-08
7.88025e-07
-5.5101e-08
7.83116e-07
-4.88209e-08
7.79014e-07
-4.3002e-08
7.75588e-07
-3.769e-08
7.72727e-07
-3.28974e-08
7.70337e-07
-2.86139e-08
7.6834e-07
-2.48146e-08
7.66668e-07
-2.14658e-08
7.65267e-07
-1.85292e-08
7.64092e-07
-1.59648e-08
7.63105e-07
-1.37332e-08
7.62275e-07
-1.17967e-08
7.61576e-07
-1.01203e-08
7.60986e-07
-8.67175e-09
7.60489e-07
-7.42201e-09
7.60069e-07
-6.34505e-09
7.59714e-07
-5.4177e-09
7.59414e-07
-4.61948e-09
7.59161e-07
-3.93206e-09
7.58948e-07
-3.3407e-09
7.58768e-07
-2.82702e-09
7.58617e-07
-2.39498e-09
7.58492e-07
-1.98477e-09
7.58385e-07
-1.7168e-09
7.58303e-07
-1.29981e-09
7.58227e-07
-1.22655e-09
-7.90111e-10
9.28112e-07
-6.50231e-09
9.23878e-07
-2.47151e-08
9.15366e-07
-4.12115e-08
9.03282e-07
-5.57694e-08
8.88997e-07
-6.72043e-08
8.73998e-07
-7.43572e-08
8.5936e-07
-7.7437e-08
8.45715e-07
-7.73282e-08
8.33379e-07
-7.49003e-08
8.22455e-07
-7.08813e-08
8.12915e-07
-6.58749e-08
8.04664e-07
-6.03527e-08
7.97577e-07
-5.46617e-08
7.91521e-07
-4.90448e-08
7.86365e-07
-4.36645e-08
7.81986e-07
-3.86232e-08
7.78274e-07
-3.39784e-08
7.75132e-07
-2.9755e-08
7.72473e-07
-2.59552e-08
7.70225e-07
-2.25659e-08
7.68322e-07
-1.95637e-08
7.66713e-07
-1.69199e-08
7.65351e-07
-1.46028e-08
7.64198e-07
-1.25801e-08
7.63221e-07
-1.082e-08
7.62394e-07
-9.29259e-09
7.61692e-07
-7.97011e-09
7.61097e-07
-6.82711e-09
7.60593e-07
-5.84063e-09
7.60165e-07
-4.99008e-09
7.59803e-07
-4.25713e-09
7.59496e-07
-3.62528e-09
7.59237e-07
-3.08124e-09
7.59018e-07
-2.6083e-09
7.58833e-07
-2.21034e-09
7.58681e-07
-1.83214e-09
7.58549e-07
-1.58532e-09
7.5845e-07
-1.20036e-09
7.58356e-07
-1.13325e-09
-7.30436e-10
9.18156e-07
-6.32254e-09
9.14438e-07
-2.09972e-08
9.07297e-07
-3.40706e-08
8.97231e-07
-4.57034e-08
8.85184e-07
-5.51571e-08
8.72259e-07
-6.14324e-08
8.59332e-07
-6.451e-08
8.46979e-07
-6.49755e-08
8.3554e-07
-6.34613e-08
8.2518e-07
-6.0521e-08
8.15944e-07
-5.66389e-08
8.07804e-07
-5.22129e-08
8.00691e-07
-4.75481e-08
7.94514e-07
-4.28679e-08
7.89177e-07
-3.83275e-08
7.84583e-07
-3.40293e-08
7.8064e-07
-3.00357e-08
7.77264e-07
-2.63788e-08
7.74378e-07
-2.3069e-08
7.71913e-07
-2.01016e-08
7.69811e-07
-1.74616e-08
7.68019e-07
-1.51279e-08
7.66492e-07
-1.30758e-08
7.65191e-07
-1.12793e-08
7.64084e-07
-9.71229e-09
7.63141e-07
-8.3495e-09
7.62338e-07
-7.16735e-09
7.61655e-07
-6.144e-09
7.61074e-07
-5.2596e-09
7.6058e-07
-4.49615e-09
7.6016e-07
-3.83758e-09
7.59804e-07
-3.26932e-09
7.59503e-07
-2.77965e-09
7.59248e-07
-2.35367e-09
7.59033e-07
-1.9951e-09
7.58855e-07
-1.65402e-09
7.58701e-07
-1.43171e-09
7.58585e-07
-1.08408e-09
7.58476e-07
-1.02407e-09
-6.60572e-10
9.10069e-07
-6.03012e-09
9.06817e-07
-1.77449e-08
9.00723e-07
-2.79772e-08
8.92172e-07
-3.71525e-08
8.81839e-07
-4.48241e-08
8.7055e-07
-5.01433e-08
8.5902e-07
-5.29796e-08
8.47765e-07
-5.37202e-08
8.37123e-07
-5.28197e-08
8.27294e-07
-5.06923e-08
8.18372e-07
-4.77163e-08
8.10377e-07
-4.42174e-08
8.03283e-07
-4.04542e-08
7.97037e-07
-3.66222e-08
7.91572e-07
-3.28624e-08
7.86813e-07
-2.92709e-08
7.82687e-07
-2.5909e-08
7.79119e-07
-2.28115e-08
7.76044e-07
-1.99933e-08
7.73397e-07
-1.74553e-08
7.71124e-07
-1.51886e-08
7.69175e-07
-1.31783e-08
7.67505e-07
-1.14056e-08
7.66075e-07
-9.84979e-09
7.64853e-07
-8.48973e-09
7.63808e-07
-7.30474e-09
7.62916e-07
-6.27516e-09
7.62154e-07
-5.38267e-09
7.61505e-07
-4.61043e-09
7.60952e-07
-3.94312e-09
7.60481e-07
-3.36694e-09
7.60082e-07
-2.86935e-09
7.59742e-07
-2.4403e-09
7.59455e-07
-2.06682e-09
7.59213e-07
-1.75235e-09
7.59011e-07
-1.45296e-09
7.58838e-07
-1.25814e-09
7.58706e-07
-9.52605e-10
7.58583e-07
-9.00529e-10
-5.8149e-10
9.0371e-07
-5.69656e-09
9.00813e-07
-1.48476e-08
8.9549e-07
-2.26547e-08
8.88057e-07
-2.97197e-08
8.79016e-07
-3.57823e-08
8.68994e-07
-4.01215e-08
8.58579e-07
-4.25649e-08
8.4823e-07
-4.33707e-08
8.38271e-07
-4.28611e-08
8.28917e-07
-4.13385e-08
8.20292e-07
-3.90912e-08
8.12451e-07
-3.63769e-08
8.05404e-07
-3.34064e-08
7.99125e-07
-3.03435e-08
7.93572e-07
-2.73093e-08
7.8869e-07
-2.43889e-08
7.84419e-07
-2.16383e-08
7.80698e-07
-1.90907e-08
7.77468e-07
-1.67627e-08
7.74671e-07
-1.46583e-08
7.72255e-07
-1.27729e-08
7.70173e-07
-1.10961e-08
7.68381e-07
-9.61394e-09
7.66842e-07
-8.31039e-09
7.65521e-07
-7.16879e-09
7.64389e-07
-6.17258e-09
7.6342e-07
-5.30585e-09
7.62591e-07
-4.55368e-09
7.61882e-07
-3.90219e-09
7.61278e-07
-3.33872e-09
7.60763e-07
-2.85181e-09
7.60324e-07
-2.43103e-09
7.59952e-07
-2.06799e-09
7.59637e-07
-1.75181e-09
7.5937e-07
-1.48554e-09
7.59149e-07
-1.23181e-09
7.58958e-07
-1.06705e-09
7.58813e-07
-8.07779e-10
7.58677e-07
-7.64328e-10
-4.94257e-10
8.98787e-07
-5.3513e-09
8.9616e-07
-1.22206e-08
8.91406e-07
-1.79011e-08
8.84798e-07
-2.31115e-08
8.76719e-07
-2.77028e-08
8.67661e-07
-3.10639e-08
8.58116e-07
-3.30201e-08
8.48491e-07
-3.37459e-08
8.39094e-07
-3.34641e-08
8.30144e-07
-3.23881e-08
8.21782e-07
-3.07295e-08
8.14089e-07
-2.8684e-08
8.07098e-07
-2.64156e-08
8.00809e-07
-2.40541e-08
7.95197e-07
-2.16975e-08
7.90225e-07
-1.94162e-08
7.85843e-07
-1.72571e-08
7.82002e-07
-1.52495e-08
7.78648e-07
-1.34087e-08
7.7573e-07
-1.17399e-08
7.73198e-07
-1.02411e-08
7.71007e-07
-8.9053e-09
7.69116e-07
-7.72229e-09
7.67485e-07
-6.68015e-09
7.66083e-07
-5.76618e-09
7.64878e-07
-4.96763e-09
7.63844e-07
-4.27216e-09
7.62958e-07
-3.66806e-09
7.62201e-07
-3.14441e-09
7.61553e-07
-2.69117e-09
7.61001e-07
-2.29927e-09
7.6053e-07
-1.9604e-09
7.6013e-07
-1.66788e-09
7.59791e-07
-1.41304e-09
7.59504e-07
-1.19837e-09
7.59266e-07
-9.9366e-10
7.5906e-07
-8.61076e-10
7.58904e-07
-6.51587e-10
7.58757e-07
-6.17299e-10
-3.99997e-10
8.95142e-07
-5.01496e-09
8.92701e-07
-9.7799e-09
8.88347e-07
-1.35472e-08
8.82327e-07
-1.70914e-08
8.74942e-07
-2.03172e-08
8.66592e-07
-2.27143e-08
8.577e-07
-2.4128e-08
8.4863e-07
-2.46762e-08
8.39673e-07
-2.45066e-08
8.31045e-07
-2.37606e-08
8.22901e-07
-2.25849e-08
8.15335e-07
-2.11186e-08
8.084e-07
-1.94807e-08
8.02113e-07
-1.77661e-08
7.96463e-07
-1.60478e-08
7.91425e-07
-1.43785e-08
7.86962e-07
-1.27941e-08
7.8303e-07
-1.13172e-08
7.79581e-07
-9.96011e-09
7.76569e-07
-8.72762e-09
7.73947e-07
-7.61891e-09
7.71671e-07
-6.62937e-09
7.697e-07
-5.75194e-09
7.67998e-07
-4.97814e-09
7.66531e-07
-4.29886e-09
7.65268e-07
-3.70488e-09
7.64183e-07
-3.18721e-09
7.63252e-07
-2.73728e-09
7.62455e-07
-2.34704e-09
7.61773e-07
-2.0091e-09
7.61191e-07
-1.71674e-09
7.60694e-07
-1.46385e-09
7.60272e-07
-1.24548e-09
7.59914e-07
-1.05519e-09
7.5961e-07
-8.94829e-10
7.59358e-07
-7.4185e-10
7.5914e-07
-6.43028e-10
7.58975e-07
-4.86163e-10
7.58819e-07
-4.61399e-10
-2.99845e-10
8.92361e-07
-4.74694e-09
8.90097e-07
-7.51517e-09
8.86059e-07
-9.50971e-09
8.80457e-07
-1.14887e-08
8.73542e-07
-1.34022e-08
8.6567e-07
-1.48428e-08
8.57227e-07
-1.56848e-08
8.48549e-07
-1.59979e-08
8.39909e-07
-1.58664e-08
8.31521e-07
-1.53727e-08
8.23543e-07
-1.46069e-08
8.16081e-07
-1.36567e-08
8.09198e-07
-1.25976e-08
8.02921e-07
-1.149e-08
7.97254e-07
-1.03803e-08
7.92178e-07
-9.30228e-09
7.87663e-07
-8.27901e-09
7.8367e-07
-7.32495e-09
7.80158e-07
-6.44806e-09
7.77082e-07
-5.65143e-09
7.74398e-07
-4.93455e-09
7.72063e-07
-4.29451e-09
7.70038e-07
-3.72676e-09
7.68286e-07
-3.22589e-09
7.66773e-07
-2.78606e-09
7.65469e-07
-2.40136e-09
7.64348e-07
-2.06599e-09
7.63385e-07
-1.77444e-09
7.6256e-07
-1.52151e-09
7.61853e-07
-1.30242e-09
7.61249e-07
-1.11284e-09
7.60734e-07
-9.48826e-10
7.60296e-07
-8.07158e-10
7.59924e-07
-6.83724e-10
7.59609e-07
-5.79576e-10
7.59347e-07
-4.80338e-10
7.59121e-07
-4.16236e-10
7.58949e-07
-3.14137e-10
7.58786e-07
-2.98876e-10
-1.95148e-10
8.85494e-07
-4.90145e-09
8.8368e-07
-5.70116e-09
8.80021e-07
-5.85042e-09
8.7474e-07
-6.20812e-09
8.68106e-07
-6.76839e-09
8.60499e-07
-7.23578e-09
8.52317e-07
-7.50229e-09
8.43889e-07
-7.57044e-09
8.35481e-07
-7.45809e-09
8.273e-07
-7.19171e-09
8.19502e-07
-6.80827e-09
8.12191e-07
-6.34649e-09
8.05434e-07
-5.84007e-09
7.9926e-07
-5.31597e-09
7.93674e-07
-4.79465e-09
7.88663e-07
-4.29088e-09
7.84198e-07
-3.81459e-09
7.80245e-07
-3.37188e-09
7.76763e-07
-2.96597e-09
7.7371e-07
-2.59791e-09
7.71042e-07
-2.2672e-09
7.6872e-07
-1.97227e-09
7.66704e-07
-1.71088e-09
7.64959e-07
-1.48045e-09
7.63451e-07
-1.27822e-09
7.62151e-07
-1.10143e-09
7.61032e-07
-9.47365e-10
7.60071e-07
-8.13463e-10
7.59247e-07
-6.97322e-10
7.58542e-07
-5.96728e-10
7.57938e-07
-5.09714e-10
7.57424e-07
-4.34431e-10
7.56986e-07
-3.69425e-10
7.56615e-07
-3.12814e-10
7.56301e-07
-2.64895e-10
7.5604e-07
-2.19563e-10
7.55814e-07
-1.89878e-10
7.55643e-07
-1.431e-10
7.5548e-07
-1.36667e-10
-8.95195e-11
7.85141e-07
7.79439e-07
7.73589e-07
7.67381e-07
7.60613e-07
7.53377e-07
7.45874e-07
7.38304e-07
7.30846e-07
7.23654e-07
7.16846e-07
7.10499e-07
7.04659e-07
6.99343e-07
6.94549e-07
6.90258e-07
6.86443e-07
6.83071e-07
6.80105e-07
6.77508e-07
6.7524e-07
6.73268e-07
6.71557e-07
6.70077e-07
6.68799e-07
6.67697e-07
6.6675e-07
6.65936e-07
6.65239e-07
6.64642e-07
6.64132e-07
6.63698e-07
6.63329e-07
6.63016e-07
6.62751e-07
6.62531e-07
6.62341e-07
6.62198e-07
6.62062e-07
)
;

boundaryField
{
    inlet
    {
        type            calculated;
        value           nonuniform List<scalar> 
20
(
-1e-06
-1e-06
-1e-06
-1e-06
-1e-06
-1e-06
-1e-06
-1e-06
-1e-06
-1e-06
-1e-06
-1e-06
-1e-06
-1e-06
-1e-06
-1e-06
-1e-06
-1e-06
-1e-06
-1e-06
)
;
    }
    outlet
    {
        type            calculated;
        value           nonuniform List<scalar> 
27
(
7.56899e-07
7.57006e-07
7.57123e-07
7.57247e-07
7.57378e-07
7.57513e-07
7.5765e-07
7.57787e-07
7.57922e-07
7.58053e-07
7.58179e-07
7.58297e-07
7.58406e-07
7.58504e-07
7.5859e-07
7.58662e-07
7.58719e-07
7.58681e-07
7.55375e-07
6.61972e-07
6.2029e-07
7.16655e-07
7.20438e-07
7.20574e-07
7.20627e-07
7.20691e-07
7.20767e-07
)
;
    }
    lowerWall
    {
        type            calculated;
        value           uniform 0;
    }
    upperWall
    {
        type            calculated;
        value           uniform 0;
    }
    defaultFaces
    {
        type            empty;
        value           nonuniform List<scalar> 0();
    }
}


// ************************************************************************* //
