/*--------------------------------*- C++ -*----------------------------------*\
| =========                 |                                                 |
| \\      /  F ield         | OpenFOAM: The Open Source CFD Toolbox           |
|  \\    /   O peration     | Version:  2112                                  |
|   \\  /    A nd           | Website:  www.openfoam.com                      |
|    \\/     M anipulation  |                                                 |
\*---------------------------------------------------------------------------*/
FoamFile
{
    version     2.0;
    format      ascii;
    arch        "LSB;label=32;scalar=64";
    class       volVectorField;
    location    "0.04";
    object      U;
}
// * * * * * * * * * * * * * * * * * * * * * * * * * * * * * * * * * * * * * //

dimensions      [0 1 -1 0 0 0 0];

internalField   nonuniform List<vector> 
1880
(
(0.0965197 0.000603923 0)
(0.0997231 0.00121374 0)
(0.0978127 0.00130402 0)
(0.0948845 0.000992848 0)
(0.0945448 0.00064954 0)
(0.09438 0.000407187 0)
(0.0937058 0.000249504 0)
(0.0932171 0.00015462 0)
(0.0930078 0.000107769 0)
(0.0928601 8.85696e-05 0)
(0.0926943 8.248e-05 0)
(0.092522 8.34211e-05 0)
(0.0923437 8.96486e-05 0)
(0.0921488 0.000100317 0)
(0.0919278 0.000114801 0)
(0.0916721 0.000133633 0)
(0.0913726 0.000157517 0)
(0.0910179 0.00018719 0)
(0.090595 0.000224821 0)
(0.0900833 0.000271257 0)
(0.08947 0.000333527 0)
(0.0886939 0.000403796 0)
(0.0877979 0.000526334 0)
(0.0865029 0.000612706 0)
(0.0852429 0.000936281 0)
(0.0827459 0.000964257 0)
(0.0809983 0.00197925 0)
(0.0758556 0.00194064 0)
(0.0721922 0.00517959 0)
(0.061762 0.00605805 0)
(0.0972956 0.000749435 0)
(0.10137 0.0013527 0)
(0.101544 0.00156446 0)
(0.100138 0.00135077 0)
(0.100752 0.00100138 0)
(0.101211 0.000715019 0)
(0.100858 0.000508979 0)
(0.100506 0.000369809 0)
(0.100363 0.00029232 0)
(0.100249 0.000258091 0)
(0.100098 0.000249338 0)
(0.0999314 0.00025715 0)
(0.0997555 0.000277911 0)
(0.0995612 0.000310947 0)
(0.0993404 0.00035588 0)
(0.0990851 0.00041361 0)
(0.0987863 0.000486636 0)
(0.0984338 0.000577735 0)
(0.0980141 0.000692001 0)
(0.0975118 0.000834049 0)
(0.0969022 0.00101904 0)
(0.0961702 0.00124157 0)
(0.0952455 0.00157727 0)
(0.0941775 0.00190525 0)
(0.0926596 0.00267689 0)
(0.0912057 0.00301548 0)
(0.088471 0.00525135 0)
(0.0868887 0.00525832 0)
(0.0821876 0.0115672 0)
(0.0808538 0.0123425 0)
(0.0972998 0.000255888 0)
(0.101231 0.00067913 0)
(0.101351 0.000936738 0)
(0.0999964 0.000974449 0)
(0.100696 0.000869167 0)
(0.101221 0.000718347 0)
(0.100917 0.000583436 0)
(0.100601 0.000484728 0)
(0.100487 0.000425091 0)
(0.100396 0.00039814 0)
(0.100263 0.000396339 0)
(0.100112 0.000415665 0)
(0.0999516 0.000453167 0)
(0.0997738 0.000508338 0)
(0.0995706 0.000582278 0)
(0.0993357 0.000676846 0)
(0.0990617 0.000795444 0)
(0.0987394 0.000943011 0)
(0.0983577 0.0011269 0)
(0.0979052 0.00135593 0)
(0.0973605 0.00164641 0)
(0.0967181 0.0020103 0)
(0.0959175 0.00249645 0)
(0.0950253 0.00309372 0)
(0.0937862 0.00399658 0)
(0.0926866 0.0049769 0)
(0.0906197 0.00693097 0)
(0.0897123 0.00832047 0)
(0.0862904 0.0129878 0)
(0.0859677 0.0146667 0)
(0.0973065 0.000232159 0)
(0.101056 0.000622247 0)
(0.10106 0.00090029 0)
(0.0996696 0.000992334 0)
(0.100405 0.000930393 0)
(0.100999 0.000804905 0)
(0.100763 0.000684237 0)
(0.100505 0.000593736 0)
(0.100437 0.000539099 0)
(0.100382 0.000518181 0)
(0.100276 0.000525259 0)
(0.100149 0.000556443 0)
(0.10001 0.000610491 0)
(0.099853 0.000687267 0)
(0.0996731 0.000787875 0)
(0.0994646 0.000915507 0)
(0.0992215 0.00107459 0)
(0.0989377 0.00127141 0)
(0.0986036 0.0015151 0)
(0.0982132 0.00181648 0)
(0.0977451 0.00219431 0)
(0.0972166 0.00266365 0)
(0.0965392 0.00327559 0)
(0.0958884 0.00401894 0)
(0.0948276 0.00508822 0)
(0.0942691 0.0062425 0)
(0.092495 0.0083056 0)
(0.0925161 0.00994407 0)
(0.0901265 0.014067 0)
(0.0909914 0.0164617 0)
(0.0973085 0.000128633 0)
(0.100992 0.000402425 0)
(0.100938 0.000653217 0)
(0.0995253 0.000794654 0)
(0.100266 0.000814024 0)
(0.100881 0.00076218 0)
(0.100675 0.000693977 0)
(0.100449 0.000639614 0)
(0.100411 0.000609187 0)
(0.100384 0.000605017 0)
(0.100304 0.000627001 0)
(0.1002 0.000673617 0)
(0.100085 0.000744687 0)
(0.0999537 0.000841583 0)
(0.0998014 0.000966225 0)
(0.0996251 0.00112258 0)
(0.0994204 0.00131597 0)
(0.0991829 0.00155345 0)
(0.0989059 0.00184488 0)
(0.0985879 0.00220283 0)
(0.0982112 0.00264515 0)
(0.0978039 0.00319186 0)
(0.0972764 0.00387907 0)
(0.0968426 0.00472887 0)
(0.096025 0.00583517 0)
(0.0958635 0.007152 0)
(0.0944772 0.00902047 0)
(0.0951435 0.0109162 0)
(0.0933869 0.014199 0)
(0.0946576 0.0166687 0)
(0.0973113 0.000101795 0)
(0.100958 0.000326079 0)
(0.100863 0.000556474 0)
(0.0994274 0.000708874 0)
(0.100166 0.000756582 0)
(0.100794 0.000738234 0)
(0.100611 0.000699232 0)
(0.100412 0.00066788 0)
(0.100401 0.000656571 0)
(0.100399 0.00066856 0)
(0.100345 0.000704977 0)
(0.100267 0.000766376 0)
(0.100178 0.00085335 0)
(0.100075 0.000967914 0)
(0.0999541 0.00111305 0)
(0.0998144 0.00129289 0)
(0.0996525 0.00151316 0)
(0.0994666 0.00178164 0)
(0.099253 0.00210832 0)
(0.0990135 0.00250578 0)
(0.0987339 0.00299052 0)
(0.0984509 0.0035829 0)
(0.0980753 0.0043105 0)
(0.0978433 0.00520216 0)
(0.0972605 0.00630521 0)
(0.0974079 0.00763989 0)
(0.0963899 0.00933192 0)
(0.0974233 0.0112116 0)
(0.0962493 0.0138166 0)
(0.0978287 0.0162997 0)
(0.0973122 7.31248e-05 0)
(0.10094 0.000243016 0)
(0.100822 0.000446411 0)
(0.0993716 0.000603706 0)
(0.100109 0.000675906 0)
(0.100744 0.000687774 0)
(0.100577 0.000677408 0)
(0.100397 0.000669963 0)
(0.10041 0.000677954 0)
(0.100432 0.000706578 0)
(0.100401 0.000757725 0)
(0.100348 0.000833105 0)
(0.100286 0.000934448 0)
(0.100213 0.00106389 0)
(0.100126 0.00122504 0)
(0.100025 0.00142246 0)
(0.0999091 0.00166221 0)
(0.099778 0.00195195 0)
(0.09963 0.002301 0)
(0.0994701 0.00272136 0)
(0.099288 0.00322762 0)
(0.0991242 0.00383917 0)
(0.0988948 0.00457339 0)
(0.0988359 0.00546559 0)
(0.0984725 0.00652014 0)
(0.0988484 0.00781246 0)
(0.0981564 0.0093126 0)
(0.0994292 0.0110757 0)
(0.0986974 0.0131944 0)
(0.100404 0.0154612 0)
(0.0973131 5.37765e-05 0)
(0.10093 0.000180585 0)
(0.100799 0.000357315 0)
(0.0993414 0.000511036 0)
(0.100077 0.000597032 0)
(0.10072 0.00062972 0)
(0.100566 0.000640892 0)
(0.100404 0.000653442 0)
(0.100435 0.00067857 0)
(0.100478 0.000722033 0)
(0.100471 0.000786623 0)
(0.100443 0.000874278 0)
(0.100408 0.000987154 0)
(0.100365 0.00112791 0)
(0.100313 0.00130064 0)
(0.100252 0.00151 0)
(0.100182 0.00176158 0)
(0.100105 0.00206263 0)
(0.100022 0.00242193 0)
(0.0999402 0.00285058 0)
(0.0998515 0.00336037 0)
(0.0997969 0.00396843 0)
(0.0997014 0.00468409 0)
(0.0997875 0.00554516 0)
(0.0996198 0.00652694 0)
(0.100156 0.00773664 0)
(0.099755 0.00904323 0)
(0.101142 0.0106539 0)
(0.100778 0.01234 0)
(0.102542 0.0143803 0)
(0.0973137 3.74049e-05 0)
(0.100926 0.00012489 0)
(0.100788 0.000274577 0)
(0.0993272 0.000420012 0)
(0.100066 0.00051333 0)
(0.100716 0.000561752 0)
(0.100574 0.000590401 0)
(0.100427 0.000619401 0)
(0.100476 0.000659678 0)
(0.100539 0.000716617 0)
(0.100553 0.000792674 0)
(0.100549 0.000890014 0)
(0.10054 0.00101146 0)
(0.100527 0.00116029 0)
(0.100508 0.0013401 0)
(0.100486 0.00155517 0)
(0.100462 0.00181105 0)
(0.100438 0.00211469 0)
(0.100418 0.0024738 0)
(0.100409 0.00289785 0)
(0.100406 0.00339595 0)
(0.100448 0.00398294 0)
(0.100472 0.00466198 0)
(0.100675 0.00547034 0)
(0.100679 0.00636521 0)
(0.101319 0.00746768 0)
(0.101171 0.00859278 0)
(0.102589 0.0100226 0)
(0.102518 0.0113626 0)
(0.10427 0.0131447 0)
(0.0973141 2.25158e-05 0)
(0.100924 7.31329e-05 0)
(0.100785 0.000194081 0)
(0.0993256 0.000327642 0)
(0.100069 0.000423826 0)
(0.100729 0.000483437 0)
(0.100598 0.000526574 0)
(0.100465 0.000570258 0)
(0.10053 0.000623634 0)
(0.100611 0.00069155 0)
(0.100645 0.000776745 0)
(0.100662 0.000881673 0)
(0.100679 0.00100905 0)
(0.100694 0.00116193 0)
(0.100708 0.00134374 0)
(0.100722 0.00155892 0)
(0.100741 0.00181281 0)
(0.100768 0.00211131 0)
(0.100805 0.0024609 0)
(0.100862 0.00286947 0)
(0.100936 0.00334405 0)
(0.101063 0.00389715 0)
(0.101189 0.00452766 0)
(0.101486 0.005269 0)
(0.101634 0.00607154 0)
(0.102338 0.00705216 0)
(0.102401 0.00801492 0)
(0.103795 0.00925213 0)
(0.103961 0.0103138 0)
(0.105662 0.01184 0)
(0.0973145 8.01603e-06 0)
(0.100924 2.23379e-05 0)
(0.100787 0.00011192 0)
(0.0993337 0.000229781 0)
(0.100085 0.000325797 0)
(0.100755 0.000394683 0)
(0.100637 0.000450583 0)
(0.100516 0.000507053 0)
(0.100595 0.000571639 0)
(0.100692 0.000648807 0)
(0.100743 0.000741351 0)
(0.100781 0.000851194 0)
(0.10082 0.000981035 0)
(0.100862 0.00113408 0)
(0.100905 0.00131375 0)
(0.100955 0.00152422 0)
(0.101014 0.00177017 0)
(0.101086 0.00205654 0)
(0.101176 0.00238883 0)
(0.101292 0.00277361 0)
(0.101433 0.00321595 0)
(0.101631 0.00372598 0)
(0.101844 0.00429985 0)
(0.102214 0.0049664 0)
(0.102479 0.00567471 0)
(0.103217 0.00653149 0)
(0.103454 0.00734665 0)
(0.104789 0.00839869 0)
(0.105144 0.009234 0)
(0.106763 0.0105184 0)
(0.0973148 -7.43156e-06 0)
(0.100926 -3.13189e-05 0)
(0.100796 2.4342e-05 0)
(0.0993516 0.000123829 0)
(0.100114 0.000218 0)
(0.100796 0.000295121 0)
(0.100689 0.000362908 0)
(0.100579 0.000431172 0)
(0.10067 0.000505981 0)
(0.10078 0.000590855 0)
(0.100847 0.000688341 0)
(0.100902 0.000800426 0)
(0.100962 0.000929786 0)
(0.101026 0.00107956 0)
(0.101098 0.00125307 0)
(0.101179 0.00145413 0)
(0.101274 0.0016867 0)
(0.101387 0.00195518 0)
(0.101523 0.00226421 0)
(0.101689 0.0026189 0)
(0.101889 0.00302276 0)
(0.102147 0.00348354 0)
(0.102431 0.00399604 0)
(0.102856 0.0045842 0)
(0.103216 0.00520033 0)
(0.103967 0.00593565 0)
(0.104343 0.00662071 0)
(0.105601 0.00749712 0)
(0.106104 0.00815599 0)
(0.107623 0.00921155 0)
(0.0973149 -2.54597e-05 0)
(0.100932 -9.15733e-05 0)
(0.100812 -7.32896e-05 0)
(0.0993807 5.50407e-06 0)
(0.100156 9.74735e-05 0)
(0.10085 0.000183714 0)
(0.100754 0.000264489 0)
(0.100653 0.000344705 0)
(0.100753 0.000429006 0)
(0.100874 0.000520162 0)
(0.100953 0.000620359 0)
(0.101022 0.00073208 0)
(0.101099 0.000858041 0)
(0.101185 0.00100121 0)
(0.10128 0.00116483 0)
(0.101389 0.00135237 0)
(0.101515 0.00156723 0)
(0.101664 0.00181315 0)
(0.10184 0.00209398 0)
(0.10205 0.00241368 0)
(0.102298 0.0027746 0)
(0.102604 0.00318256 0)
(0.102946 0.00363168 0)
(0.103413 0.00414118 0)
(0.103847 0.00466866 0)
(0.104598 0.00528893 0)
(0.105082 0.00585874 0)
(0.106255 0.0065757 0)
(0.106872 0.00709612 0)
(0.108284 0.00794298 0)
(0.0973147 -4.64524e-05 0)
(0.100942 -0.0001601 0)
(0.10084 -0.000182846 0)
(0.099425 -0.000124533 0)
(0.100216 -3.23649e-05 0)
(0.100922 6.58328e-05 0)
(0.100834 0.000160352 0)
(0.100739 0.000251902 0)
(0.100844 0.000344409 0)
(0.100971 0.000440016 0)
(0.101059 0.000540751 0)
(0.10114 0.000649494 0)
(0.101231 0.000769081 0)
(0.101333 0.000902444 0)
(0.101449 0.00105271 0)
(0.101581 0.00122299 0)
(0.101735 0.00141642 0)
(0.101914 0.00163613 0)
(0.102123 0.00188507 0)
(0.10237 0.00216631 0)
(0.102658 0.00248135 0)
(0.103003 0.00283443 0)
(0.103391 0.00321969 0)
(0.103887 0.0036522 0)
(0.104379 0.00409569 0)
(0.105122 0.00460936 0)
(0.105688 0.00507698 0)
(0.106779 0.00565288 0)
(0.107479 0.00606274 0)
(0.108785 0.00672731 0)
(0.0973144 -7.86404e-05 0)
(0.100961 -0.000253919 0)
(0.100886 -0.000325126 0)
(0.0994941 -0.000287197 0)
(0.1003 -0.000188855 0)
(0.101014 -7.17289e-05 0)
(0.100928 4.26066e-05 0)
(0.100833 0.000150972 0)
(0.10094 0.00025384 0)
(0.10107 0.000353289 0)
(0.101162 0.000452775 0)
(0.101251 0.000555957 0)
(0.101352 0.000666202 0)
(0.101468 0.000786686 0)
(0.101601 0.000920495 0)
(0.101753 0.00107039 0)
(0.101928 0.0012392 0)
(0.102133 0.00142967 0)
(0.10237 0.00164396 0)
(0.102646 0.00188438 0)
(0.102966 0.00215185 0)
(0.103342 0.00244932 0)
(0.103766 0.00277138 0)
(0.104284 0.00312957 0)
(0.104818 0.00349391 0)
(0.105549 0.0039099 0)
(0.106176 0.00428632 0)
(0.107192 0.00473934 0)
(0.107952 0.00505829 0)
(0.109161 0.00556904 0)
(0.0973123 -0.000107813 0)
(0.100994 -0.000337725 0)
(0.100962 -0.000449552 0)
(0.099601 -0.000426299 0)
(0.100423 -0.000320596 0)
(0.10114 -0.000186209 0)
(0.101049 -5.45728e-05 0)
(0.100947 6.47504e-05 0)
(0.101045 0.000170541 0)
(0.101169 0.000268043 0)
(0.101261 0.000361845 0)
(0.101353 0.000455701 0)
(0.101461 0.000553227 0)
(0.101588 0.000657681 0)
(0.101733 0.000772056 0)
(0.1019 0.000898901 0)
(0.102094 0.00104057 0)
(0.102318 0.0011993 0)
(0.102578 0.00137676 0)
(0.102878 0.00157464 0)
(0.103223 0.00179353 0)
(0.103623 0.00203546 0)
(0.104072 0.00229571 0)
(0.104606 0.00258267 0)
(0.105171 0.00287254 0)
(0.105888 0.00319917 0)
(0.10656 0.00349383 0)
(0.107511 0.00384047 0)
(0.108313 0.00408273 0)
(0.109436 0.00446542 0)
(0.0973104 -0.000215338 0)
(0.10106 -0.000570653 0)
(0.101091 -0.00073909 0)
(0.0997563 -0.000700686 0)
(0.100579 -0.000538929 0)
(0.101286 -0.000347225 0)
(0.101178 -0.000175403 0)
(0.101058 -3.36296e-05 0)
(0.101143 8.30617e-05 0)
(0.101261 0.000181944 0)
(0.10135 0.000269082 0)
(0.101442 0.000351076 0)
(0.101554 0.000433108 0)
(0.101687 0.000518809 0)
(0.101842 0.00061109 0)
(0.102021 0.000712441 0)
(0.102229 0.000824833 0)
(0.102469 0.000949925 0)
(0.102745 0.00108907 0)
(0.103063 0.0012435 0)
(0.103427 0.00141344 0)
(0.103844 0.00160019 0)
(0.104314 0.00180006 0)
(0.104857 0.00201883 0)
(0.105444 0.00223884 0)
(0.106149 0.00248348 0)
(0.106851 0.00270401 0)
(0.107749 0.00295711 0)
(0.108579 0.00313359 0)
(0.109631 0.00340789 0)
(0.0973045 -0.000243484 0)
(0.101234 -0.000641041 0)
(0.101382 -0.000817954 0)
(0.100089 -0.000759981 0)
(0.100885 -0.000581701 0)
(0.101535 -0.000382222 0)
(0.10137 -0.000209672 0)
(0.101206 -7.29612e-05 0)
(0.101259 3.24903e-05 0)
(0.101354 0.00011491 0)
(0.101429 0.000184376 0)
(0.101515 0.000247886 0)
(0.101627 0.000309906 0)
(0.101764 0.000373602 0)
(0.101925 0.000441349 0)
(0.102112 0.00051509 0)
(0.10233 0.000596396 0)
(0.102581 0.000686409 0)
(0.10287 0.000786098 0)
(0.103201 0.000896359 0)
(0.103578 0.00101726 0)
(0.104008 0.00114947 0)
(0.104491 0.00129053 0)
(0.105041 0.00144367 0)
(0.105642 0.00159764 0)
(0.106336 0.00176565 0)
(0.107058 0.00191945 0)
(0.107916 0.00208663 0)
(0.108764 0.00220751 0)
(0.109761 0.00238526 0)
(0.0973005 -0.000741042 0)
(0.101374 -0.00132597 0)
(0.101579 -0.00148594 0)
(0.100239 -0.00121301 0)
(0.100955 -0.000820038 0)
(0.101546 -0.000505767 0)
(0.101341 -0.000278289 0)
(0.101147 -0.000117079 0)
(0.101179 -1.3673e-05 0)
(0.101263 5.2733e-05 0)
(0.101336 0.000102493 0)
(0.101422 0.000145091 0)
(0.101537 0.000184695 0)
(0.101677 0.000224158 0)
(0.101843 0.000265529 0)
(0.102038 0.000310164 0)
(0.102264 0.000359115 0)
(0.102524 0.000413146 0)
(0.102823 0.000472792 0)
(0.103165 0.000538549 0)
(0.103553 0.000610459 0)
(0.103994 0.000688786 0)
(0.104488 0.000772159 0)
(0.105046 0.000861991 0)
(0.105658 0.000952492 0)
(0.106352 0.00104874 0)
(0.10708 0.00114088 0)
(0.107933 0.00122925 0)
(0.108753 0.001305 0)
(0.109782 0.00138511 0)
(0.0965242 -0.000601683 0)
(0.0997291 -0.00120571 0)
(0.097853 -0.00128209 0)
(0.0949944 -0.000955184 0)
(0.0947587 -0.00059981 0)
(0.0947252 -0.000349324 0)
(0.0941962 -0.000184753 0)
(0.0938644 -8.15407e-05 0)
(0.093828 -2.39262e-05 0)
(0.0938742 8.38069e-06 0)
(0.0939271 2.92691e-05 0)
(0.0940036 4.51554e-05 0)
(0.0941114 5.87597e-05 0)
(0.0942468 7.16956e-05 0)
(0.0944085 8.50186e-05 0)
(0.0945984 9.9315e-05 0)
(0.094819 0.000114932 0)
(0.0950732 0.000132121 0)
(0.0953647 0.000151046 0)
(0.0956973 0.000171864 0)
(0.0960746 0.000194567 0)
(0.0965011 0.000219143 0)
(0.0969793 0.000245158 0)
(0.0975154 0.000272971 0)
(0.0981054 0.000301095 0)
(0.0987658 0.000329879 0)
(0.0994642 0.000359234 0)
(0.100267 0.00038294 0)
(0.101039 0.00040738 0)
(0.101995 0.000420783 0)
(0.0530076 0.0190091 0)
(0.0724697 0.0264406 0)
(0.0767574 0.0301407 0)
(0.0848836 0.0358677 1.61938e-21)
(0.0877053 0.031197 1.44936e-21)
(0.100001 0.0567064 0)
(0.0952295 0.0138262 9.9158e-22)
(0.131662 0.0775994 6.39795e-22)
(0.0939243 0.0341413 1.71631e-22)
(0.1874 0.0422536 0)
(0.0754234 0.0266348 0)
(0.08711 0.0337541 0)
(0.0879441 0.0371038 0)
(0.0997908 0.0446267 0)
(0.0932755 0.0444012 0)
(0.120553 0.0493056 5.22936e-22)
(0.108976 0.0563632 4.07525e-22)
(0.122546 0.0501482 2.23208e-22)
(0.163832 0.0578213 -9.70464e-23)
(0.150312 0.0499546 -3.02148e-22)
(0.0825046 0.0236522 0)
(0.0890096 0.0270399 0)
(0.0946758 0.028505 0)
(0.0971749 0.0356494 0)
(0.110107 0.0287372 0)
(0.108281 0.0450026 -5.22934e-22)
(0.127442 0.0314198 -4.07524e-22)
(0.131534 0.0344251 -2.23211e-22)
(0.14547 0.0403037 3.30256e-23)
(0.156064 0.0272394 3.02141e-22)
(0.089534 0.0231865 -7.74429e-22)
(0.0955946 0.0267921 0)
(0.0981073 0.0307024 -6.82287e-22)
(0.105565 0.0331543 -6.3176e-22)
(0.107779 0.0377446 -5.47668e-22)
(0.117412 0.0353033 0)
(0.124487 0.0400228 0)
(0.129729 0.0393506 -2.08494e-22)
(0.141951 0.0285625 -4.75998e-23)
(0.152036 0.0213801 1.2138e-22)
(0.0942635 0.0212832 7.74434e-22)
(0.0977092 0.0239853 0)
(0.102359 0.0252637 6.82292e-22)
(0.105894 0.0289698 6.31765e-22)
(0.112927 0.0261669 5.47678e-22)
(0.117947 0.0314274 0)
(0.125614 0.0260164 0)
(0.133966 0.0226799 2.08495e-22)
(0.142727 0.0243968 4.76001e-23)
(0.145166 0.0107006 -1.2138e-22)
(0.0981104 0.0196534 0)
(0.101509 0.0219926 -6.5281e-22)
(0.105124 0.0241609 0)
(0.109875 0.0255683 -5.6121e-22)
(0.114198 0.0271864 0)
(0.119514 0.0266106 0)
(0.126549 0.0260336 0)
(0.130214 0.0249209 2.29295e-22)
(0.137228 0.017288 0)
(0.141726 0.0116997 0)
(0.101144 0.0179055 6.42724e-22)
(0.103575 0.0197927 1.27307e-21)
(0.1074 0.0207759 5.80005e-22)
(0.11105 0.0221276 5.61212e-22)
(0.115602 0.0214366 0)
(0.120628 0.0216417 -4.10009e-22)
(0.125357 0.0196954 0)
(0.130947 0.0155923 -2.29296e-22)
(0.13543 0.0133712 0)
(0.137141 0.00543753 0)
(0.103519 0.0161691 -6.42726e-22)
(0.105754 0.0176206 -6.20258e-22)
(0.109157 0.018653 -5.80006e-22)
(0.112734 0.0192637 0)
(0.116517 0.0195407 0)
(0.120651 0.0189467 4.1001e-22)
(0.125121 0.017183 0)
(0.128338 0.0150439 0)
(0.131874 0.0105746 0)
(0.133642 0.00572877 0)
(0.105399 0.0144273 0)
(0.107247 0.0155593 -5.66927e-22)
(0.110383 0.0161347 0)
(0.113638 0.0165022 -4.93117e-22)
(0.116979 0.0162436 0)
(0.120587 0.0153252 0)
(0.123936 0.0135813 -3.38296e-22)
(0.127152 0.0106168 -2.78408e-22)
(0.129691 0.00770729 0)
(0.130675 0.00318237 -1.67032e-22)
(0.106852 0.0127499 0)
(0.108506 0.0135941 5.66928e-22)
(0.111354 0.0140756 0)
(0.114326 0.0142295 4.93118e-22)
(0.117189 0.013913 0)
(0.12014 0.0129816 0)
(0.122995 0.0113572 3.38297e-22)
(0.1254 0.00919294 2.78408e-22)
(0.127286 0.00632812 0)
(0.128108 0.00290707 1.67033e-22)
(0.10797 0.0111394 2.72012e-22)
(0.109463 0.0117777 0)
(0.112019 0.0121071 0)
(0.114674 0.0120583 2.33686e-22)
(0.117132 0.011584 0)
(0.119628 0.0106053 0)
(0.121947 0.00913472 0)
(0.123999 0.0070613 1.51754e-22)
(0.125472 0.00471693 0)
(0.126074 0.00190669 0)
(0.108819 0.00962488 -7.63469e-24)
(0.110212 0.0101019 0)
(0.112491 0.0103342 2.44425e-22)
(0.114833 0.0101726 -4.27083e-24)
(0.116952 0.00966909 0)
(0.119052 0.00876859 0)
(0.120998 0.00747694 1.76654e-22)
(0.122682 0.00577775 -1.51754e-22)
(0.123838 0.00379097 1.38113e-22)
(0.124331 0.00154803 1.2044e-22)
(0.109456 0.00821195 -6.1922e-24)
(0.110777 0.0085621 0)
(0.112795 0.00870102 -4.67089e-24)
(0.114843 0.00846774 -3.16339e-24)
(0.116685 0.00795874 2.11869e-22)
(0.118484 0.00713101 -1.96177e-22)
(0.120128 0.00601286 2.44885e-24)
(0.121555 0.00455732 1.6154e-22)
(0.122507 0.00290735 6.56858e-24)
(0.122942 0.00109479 8.29246e-24)
(0.109928 0.00689919 -2.58186e-22)
(0.11119 0.00714625 0)
(0.112976 0.00721019 -2.39755e-22)
(0.11477 0.00695308 -2.26253e-22)
(0.116389 0.00648002 -2.11869e-22)
(0.117948 0.0057541 3.92845e-22)
(0.119366 0.00480959 -1.79103e-22)
(0.120589 0.00360877 -1.6154e-22)
(0.121394 0.00225667 -1.44682e-22)
(0.121788 0.000807634 -1.28733e-22)
(0.110271 0.00567536 0)
(0.111478 0.00584018 0)
(0.113066 0.00584737 0)
(0.114651 0.00559267 0)
(0.116093 0.00517145 0)
(0.117467 0.00455024 -1.96668e-22)
(0.118712 0.00376797 0)
(0.119782 0.00278683 0)
(0.120489 0.00169557 0)
(0.120864 0.000547782 0)
(0.110513 0.00452633 0)
(0.111668 0.0046284 0)
(0.113093 0.00459963 0)
(0.114513 0.00436561 0)
(0.115818 0.00400719 0)
(0.117051 0.0034955 -9.89928e-23)
(0.118168 0.00286561 0)
(0.119125 0.00208593 0)
(0.119765 0.0012263 0)
(0.12013 0.000337446 0)
(0.110676 0.0034376 0)
(0.111785 0.00349502 0)
(0.113081 0.00344632 1.14971e-22)
(0.114377 0.00324083 0)
(0.11558 0.00294722 1.05036e-22)
(0.116707 0.00254444 9.89929e-23)
(0.11773 0.00205631 0)
(0.118603 0.00146356 8.6859e-23)
(0.119203 0.000810328 0)
(0.119559 0.000150942 0)
(0.110778 0.00239195 0)
(0.111842 0.00242019 0)
(0.113033 0.00236933 -1.14971e-22)
(0.114235 0.00220412 0)
(0.115368 0.00198025 -1.05036e-22)
(0.116418 0.00168851 0)
(0.117379 0.0013306 0)
(0.11818 0.000911989 -8.68591e-23)
(0.118765 0.000445253 0)
(0.119087 -1.35953e-05 0)
(0.110686 0.00138176 -3.03028e-23)
(0.111647 0.00137375 -2.95539e-23)
(0.112708 0.0013085 -2.864e-23)
(0.113797 0.0011765 0)
(0.114842 0.00101434 -2.63552e-23)
(0.115782 0.000824804 0)
(0.116659 0.000594289 -2.3623e-23)
(0.117305 0.000341492 0)
(0.117885 4.12133e-05 -2.06309e-23)
(0.11797 -0.000216334 -1.91382e-23)
(0.102816 0.000405457 3.02997e-23)
(0.103592 0.000357409 2.95506e-23)
(0.104355 0.000283836 2.86366e-23)
(0.105051 0.000198626 0)
(0.105627 0.000115267 2.63518e-23)
(0.106031 3.52036e-05 0)
(0.106315 -5.30776e-05 2.36195e-23)
(0.106309 -0.000143232 0)
(0.106206 -0.000252893 2.06274e-23)
(0.10558 -0.000330738 1.91348e-23)
(-0.00946652 -0.00454266 0)
(-0.0188745 -0.000805053 0)
(-0.0187487 -0.00268378 0)
(-0.00874128 -0.0046426 0)
(0.00928387 -0.00527486 0)
(0.0248554 -0.00499363 0)
(0.0392492 -0.00409702 0)
(0.0506264 -0.00313322 0)
(0.0592301 -0.00231033 0)
(0.0656033 -0.00168143 0)
(0.0703022 -0.00122756 0)
(0.0737912 -0.00090795 0)
(0.0764179 -0.000683587 0)
(0.0784279 -0.000524363 0)
(0.0799912 -0.000409226 0)
(0.0812251 -0.000324249 0)
(0.0822115 -0.000260262 0)
(0.0830085 -0.000211113 0)
(0.0836583 -0.000172718 0)
(0.0841921 -0.000142326 0)
(0.0846333 -0.000117958 0)
(0.0849998 -9.81764e-05 0)
(0.0853054 -8.19999e-05 0)
(0.085561 -6.87232e-05 0)
(0.0857754 -5.77602e-05 0)
(0.0859557 -4.86371e-05 0)
(0.0861077 -4.10077e-05 0)
(0.086236 -3.461e-05 0)
(0.0863443 -2.9226e-05 0)
(0.0864358 -2.4684e-05 0)
(0.0865131 -2.08462e-05 0)
(0.0865784 -1.76047e-05 0)
(0.0866334 -1.48448e-05 0)
(0.08668 -1.24891e-05 0)
(0.0867188 -1.04928e-05 0)
(0.086752 -8.64489e-06 0)
(0.0867785 -7.41063e-06 0)
(0.086803 -5.55343e-06 0)
(0.0868174 -5.27496e-06 0)
(0.08684 -3.41161e-06 0)
(-0.0063711 0.0251996 0)
(-0.0191443 0.00995411 0)
(-0.0207212 -0.0043155 0)
(-0.00870149 -0.0153664 0)
(0.0123164 -0.018248 0)
(0.0303844 -0.0172778 0)
(0.0465775 -0.0142872 0)
(0.0591846 -0.0110725 0)
(0.0686809 -0.00830665 0)
(0.0757457 -0.00616162 0)
(0.0810072 -0.00458187 0)
(0.084964 -0.00344308 0)
(0.0879813 -0.00262447 0)
(0.0903168 -0.00203114 0)
(0.0921502 -0.00159484 0)
(0.0936076 -0.00126859 0)
(0.094779 -0.0010205 0)
(0.0957292 -0.000828737 0)
(0.0965061 -0.000678331 0)
(0.0971454 -0.0005589 0)
(0.0976747 -0.000463008 0)
(0.0981148 -0.000385259 0)
(0.098482 -0.000321756 0)
(0.0987893 -0.00026959 0)
(0.0990473 -0.000226484 0)
(0.0992643 -0.000190648 0)
(0.0994472 -0.00016072 0)
(0.0996017 -0.000135642 0)
(0.0997322 -0.000114566 0)
(0.0998425 -9.68105e-05 0)
(0.0999357 -8.18193e-05 0)
(0.100015 -6.91291e-05 0)
(0.100081 -5.83528e-05 0)
(0.100137 -4.91017e-05 0)
(0.100184 -4.13704e-05 0)
(0.100224 -3.40952e-05 0)
(0.100256 -2.94007e-05 0)
(0.100286 -2.20812e-05 0)
(0.100303 -2.09804e-05 0)
(0.100331 -1.36618e-05 0)
(-0.0212045 0.00896752 0)
(-0.0388126 0.0109648 0)
(-0.0331454 -0.0131068 0)
(-0.0149392 -0.0289735 0)
(0.0112824 -0.0333026 0)
(0.0319494 -0.030405 0)
(0.0491388 -0.0245723 0)
(0.0617008 -0.01876 0)
(0.0707901 -0.0139706 0)
(0.0774021 -0.0103505 0)
(0.0822919 -0.00771937 0)
(0.0859816 -0.00583021 0)
(0.0888199 -0.00446915 0)
(0.0910397 -0.00347711 0)
(0.0927996 -0.00274265 0)
(0.0942108 -0.00218965 0)
(0.0953531 -0.00176645 0)
(0.0962851 -0.00143768 0)
(0.0970505 -0.00117876 0)
(0.0976828 -0.000972417 0)
(0.0982076 -0.00080632 0)
(0.0986449 -0.000671459 0)
(0.0990105 -0.000561164 0)
(0.099317 -0.000470408 0)
(0.0995745 -0.00039531 0)
(0.0997914 -0.000332845 0)
(0.0999743 -0.000280668 0)
(0.100129 -0.000236937 0)
(0.10026 -0.000200182 0)
(0.10037 -0.000169214 0)
(0.100464 -0.000143058 0)
(0.100543 -0.000120896 0)
(0.100609 -0.000102076 0)
(0.100666 -8.5907e-05 0)
(0.100713 -7.2417e-05 0)
(0.100753 -5.97322e-05 0)
(0.100785 -5.15336e-05 0)
(0.100816 -3.88019e-05 0)
(0.100833 -3.67847e-05 0)
(0.100861 -2.3874e-05 0)
(-0.00290784 0.0712161 0)
(-0.0444224 0.0254271 0)
(-0.0381954 -0.018978 0)
(-0.0128258 -0.0467782 0)
(0.0149965 -0.051764 0)
(0.0372271 -0.0450847 0)
(0.0545707 -0.0352915 0)
(0.066387 -0.0262727 0)
(0.0744379 -0.0192568 0)
(0.0800882 -0.0141699 0)
(0.0842239 -0.010566 0)
(0.0873677 -0.00800856 0)
(0.0898239 -0.00617023 0)
(0.0917784 -0.004826 0)
(0.0933531 -0.00382502 0)
(0.0946334 -0.00306629 0)
(0.0956814 -0.00248189 0)
(0.0965445 -0.00202535 0)
(0.0972585 -0.00166412 0)
(0.0978519 -0.00137512 0)
(0.0983467 -0.00114177 0)
(0.0987607 -0.000951867 0)
(0.0991079 -0.000796234 0)
(0.0993997 -0.000667913 0)
(0.0996455 -0.000561564 0)
(0.0998528 -0.000473029 0)
(0.100028 -0.000399043 0)
(0.100176 -0.000337008 0)
(0.100302 -0.000284842 0)
(0.100408 -0.00024086 0)
(0.100497 -0.000203685 0)
(0.100573 -0.000172159 0)
(0.100638 -0.000145378 0)
(0.100692 -0.000122372 0)
(0.100737 -0.0001032 0)
(0.100776 -8.51806e-05 0)
(0.100807 -7.3513e-05 0)
(0.100837 -5.54525e-05 0)
(0.100853 -5.24766e-05 0)
(0.10088 -3.39734e-05 0)
(-0.0202281 0.0352361 0)
(-0.0608785 0.0366574 0)
(-0.0244776 -0.0463641 0)
(0.00672119 -0.0691179 0)
(0.0339779 -0.0708825 0)
(0.0510522 -0.0591657 0)
(0.0643731 -0.0449886 0)
(0.0734805 -0.0326865 0)
(0.0794809 -0.0235694 0)
(0.0836171 -0.0172286 0)
(0.0866954 -0.0128602 0)
(0.0891226 -0.009799 0)
(0.0910939 -0.00760143 0)
(0.0927159 -0.00598621 0)
(0.0940586 -0.00477383 0)
(0.0951735 -0.00384698 0)
(0.0961013 -0.00312721 0)
(0.0968752 -0.00256084 0)
(0.0975221 -0.00211002 0)
(0.098064 -0.00174756 0)
(0.0985189 -0.00145368 0)
(0.0989015 -0.0012137 0)
(0.0992238 -0.00101649 0)
(0.0994956 -0.000853513 0)
(0.0997251 -0.0007182 0)
(0.0999193 -0.000605396 0)
(0.100084 -0.000511015 0)
(0.100223 -0.000431795 0)
(0.100341 -0.000365117 0)
(0.100441 -0.000308856 0)
(0.100526 -0.000261265 0)
(0.100598 -0.000220878 0)
(0.100658 -0.000186564 0)
(0.10071 -0.000157089 0)
(0.100752 -0.00013252 0)
(0.10079 -0.000109427 0)
(0.100819 -9.44262e-05 0)
(0.100846 -7.12868e-05 0)
(0.100862 -6.73661e-05 0)
(0.100887 -4.35191e-05 0)
(-0.0389371 0.117427 0)
(-0.00114543 0.0441387 0)
(0.0332477 -0.0680111 0)
(0.0732804 -0.09023 0)
(0.0859009 -0.0806592 0)
(0.0840021 -0.0660744 0)
(0.0827249 -0.050131 0)
(0.0840406 -0.0360835 0)
(0.0859916 -0.0259152 0)
(0.0878439 -0.0190639 0)
(0.0895556 -0.0143943 0)
(0.091132 -0.0111041 0)
(0.0925509 -0.00871246 0)
(0.0937999 -0.00692837 0)
(0.0948822 -0.00556965 0)
(0.0958101 -0.0045175 0)
(0.0966004 -0.00369147 0)
(0.0972713 -0.00303554 0)
(0.0978396 -0.00250956 0)
(0.0983208 -0.00208414 0)
(0.0987282 -0.00173752 0)
(0.0990732 -0.0014533 0)
(0.0993654 -0.00121896 0)
(0.099613 -0.00102478 0)
(0.0998229 -0.000863204 0)
(0.100001 -0.000728245 0)
(0.100152 -0.000615152 0)
(0.100281 -0.000520109 0)
(0.10039 -0.00044003 0)
(0.100482 -0.000372394 0)
(0.100561 -0.000315127 0)
(0.100627 -0.000266497 0)
(0.100683 -0.000225162 0)
(0.100731 -0.00018964 0)
(0.100771 -0.000160013 0)
(0.100805 -0.000132166 0)
(0.100832 -0.00011404 0)
(0.100858 -8.61443e-05 0)
(0.100873 -8.13302e-05 0)
(0.100896 -5.24661e-05 0)
(-0.0385945 0.0732556 0)
(0.100244 -0.0176975 0)
(0.113681 -0.101416 0)
(0.136915 -0.112767 0)
(0.146823 -0.0808392 0)
(0.130901 -0.0584471 0)
(0.110283 -0.0468458 0)
(0.0982852 -0.0364195 0)
(0.0934532 -0.0271813 0)
(0.0922174 -0.0202504 0)
(0.0924501 -0.0154066 0)
(0.0931948 -0.012002 0)
(0.0940804 -0.00952157 0)
(0.0949625 -0.0076507 0)
(0.0957816 -0.00620489 0)
(0.0965156 -0.0050692 0)
(0.0971602 -0.00416651 0)
(0.0977196 -0.00344229 0)
(0.0982017 -0.00285666 0)
(0.0986155 -0.00237975 0)
(0.0989695 -0.00198898 0)
(0.0992719 -0.00166709 0)
(0.0995299 -0.00140068 0)
(0.0997497 -0.00117924 0)
(0.099937 -0.000994477 0)
(0.100096 -0.000839828 0)
(0.100232 -0.00071001 0)
(0.100348 -0.000600748 0)
(0.100447 -0.000508564 0)
(0.10053 -0.000430611 0)
(0.100601 -0.000364547 0)
(0.100662 -0.000308405 0)
(0.100713 -0.000260653 0)
(0.100756 -0.000219592 0)
(0.100793 -0.000185325 0)
(0.100824 -0.000153115 0)
(0.100849 -0.000132116 0)
(0.100872 -9.98394e-05 0)
(0.100886 -9.41934e-05 0)
(0.100907 -6.07029e-05 0)
(0.156943 0.0634969 0)
(0.21764 -0.0331642 0)
(0.197982 -0.0971085 0)
(0.141953 -0.109682 0)
(0.129241 -0.0780787 0)
(0.127237 -0.0423695 0)
(0.118163 -0.0253406 0)
(0.108233 -0.0210427 0)
(0.101254 -0.0193297 0)
(0.0973989 -0.0171141 0)
(0.0957872 -0.0145351 0)
(0.0954521 -0.0120573 0)
(0.0957138 -0.00990606 0)
(0.0962035 -0.00812455 0)
(0.0967514 -0.00667628 0)
(0.0972856 -0.0055046 0)
(0.0977781 -0.00455551 0)
(0.0982194 -0.00378384 0)
(0.0986087 -0.00315351 0)
(0.0989488 -0.00263617 0)
(0.099244 -0.00220959 0)
(0.099499 -0.00185637 0)
(0.0997185 -0.00156275 0)
(0.099907 -0.00131783 0)
(0.100069 -0.00111288 0)
(0.100207 -0.000940911 0)
(0.100325 -0.000796248 0)
(0.100426 -0.000674269 0)
(0.100513 -0.000571198 0)
(0.100586 -0.00048393 0)
(0.100649 -0.000409892 0)
(0.100702 -0.000346913 0)
(0.100747 -0.000293302 0)
(0.100786 -0.000247175 0)
(0.100818 -0.000208659 0)
(0.100846 -0.000172442 0)
(0.100868 -0.0001488 0)
(0.100889 -0.000112478 0)
(0.100901 -0.000106063 0)
(0.10092 -6.83038e-05 0)
(0.162974 0.0552467 0)
(0.224525 -0.0245555 0)
(0.158173 -0.0561969 0)
(0.0744761 -0.0631374 0)
(0.0514276 -0.0644062 0)
(0.0563285 -0.049939 0)
(0.0722512 -0.0344414 0)
(0.0847381 -0.0254644 0)
(0.0913964 -0.0207123 0)
(0.0944467 -0.017467 0)
(0.0958248 -0.0147094 0)
(0.0965177 -0.0122822 0)
(0.0969652 -0.0101989 0)
(0.0973486 -0.00845383 0)
(0.0977217 -0.00701191 0)
(0.0980873 -0.00582701 0)
(0.0984358 -0.00485403 0)
(0.098759 -0.00405371 0)
(0.0990527 -0.00339361 0)
(0.0993154 -0.00284746 0)
(0.0995477 -0.00239411 0)
(0.0997515 -0.00201659 0)
(0.0999292 -0.00170131 0)
(0.100083 -0.00143728 0)
(0.100216 -0.00121562 0)
(0.100331 -0.00102911 0)
(0.10043 -0.000871838 0)
(0.100515 -0.000738961 0)
(0.100588 -0.000626495 0)
(0.10065 -0.000531135 0)
(0.100703 -0.000450127 0)
(0.100748 -0.000381144 0)
(0.100787 -0.000322371 0)
(0.10082 -0.00027177 0)
(0.100847 -0.000229491 0)
(0.100871 -0.000189711 0)
(0.10089 -0.000163715 0)
(0.100907 -0.000123777 0)
(0.100918 -0.000116678 0)
(0.100934 -7.51039e-05 0)
(0.180624 -0.000673161 0)
(0.183735 -0.0270971 0)
(0.178035 -0.013712 0)
(0.182875 -0.0276122 0)
(0.167985 -0.0528678 0)
(0.138346 -0.055189 0)
(0.119153 -0.0428745 0)
(0.109692 -0.0311574 0)
(0.104431 -0.0234422 0)
(0.101338 -0.0184864 0)
(0.0996489 -0.0150315 0)
(0.0988671 -0.0124167 0)
(0.0986025 -0.0103292 0)
(0.0986001 -0.00861841 0)
(0.0987235 -0.00720287 0)
(0.0989047 -0.00602862 0)
(0.0991083 -0.00505358 0)
(0.0993148 -0.00424306 0)
(0.0995135 -0.00356828 0)
(0.0996985 -0.00300547 0)
(0.0998672 -0.00253509 0)
(0.100019 -0.00214114 0)
(0.100153 -0.00181051 0)
(0.100271 -0.00153249 0)
(0.100375 -0.00129827 0)
(0.100465 -0.0011006 0)
(0.100543 -0.000933492 0)
(0.10061 -0.000792008 0)
(0.100669 -0.000672039 0)
(0.100719 -0.000570155 0)
(0.100761 -0.000483486 0)
(0.100798 -0.000409599 0)
(0.100829 -0.000346592 0)
(0.100856 -0.000292303 0)
(0.100878 -0.000246908 0)
(0.100898 -0.000204164 0)
(0.100913 -0.000176209 0)
(0.100928 -0.000133245 0)
(0.100936 -0.000125579 0)
(0.100949 -8.08102e-05 0)
(0.159312 0.0239008 0)
(0.151013 -0.00628166 0)
(0.141405 -0.0454458 0)
(0.133349 -0.0558881 0)
(0.12192 -0.0400067 0)
(0.110103 -0.0250335 0)
(0.102939 -0.0198219 0)
(0.100668 -0.0185186 0)
(0.100338 -0.0174026 0)
(0.100313 -0.0157961 0)
(0.100187 -0.0138859 0)
(0.099981 -0.0119466 0)
(0.0997962 -0.0101587 0)
(0.0996892 -0.00859171 0)
(0.0996634 -0.00725083 0)
(0.0996993 -0.00611571 0)
(0.0997751 -0.00515939 0)
(0.0998731 -0.00435523 0)
(0.0999809 -0.0036793 0)
(0.10009 -0.00311094 0)
(0.100196 -0.00263264 0)
(0.100295 -0.00222969 0)
(0.100386 -0.00188983 0)
(0.100467 -0.00160283 0)
(0.10054 -0.00136017 0)
(0.100605 -0.00115473 0)
(0.100662 -0.000980612 0)
(0.100711 -0.000832857 0)
(0.100754 -0.000707328 0)
(0.100791 -0.000600543 0)
(0.100823 -0.000509578 0)
(0.100851 -0.000431939 0)
(0.100875 -0.000365668 0)
(0.100895 -0.000308516 0)
(0.100912 -0.000260691 0)
(0.100927 -0.000215617 0)
(0.100938 -0.000186125 0)
(0.100949 -0.000140767 0)
(0.100956 -0.000132657 0)
(0.100966 -8.5353e-05 0)
(0.150756 -0.00163811 0)
(0.159659 -0.0126967 0)
(0.154628 -0.0116309 0)
(0.136763 -0.0176257 0)
(0.122301 -0.0295096 0)
(0.11482 -0.0336658 0)
(0.111144 -0.0302255 0)
(0.1084 -0.0248248 0)
(0.105933 -0.0201373 0)
(0.103958 -0.0165683 0)
(0.102577 -0.013866 0)
(0.101687 -0.0117297 0)
(0.101129 -0.00996275 0)
(0.100784 -0.0084666 0)
(0.100582 -0.00719121 0)
(0.100474 -0.00610428 0)
(0.100429 -0.0051798 0)
(0.100425 -0.00439491 0)
(0.100447 -0.00372933 0)
(0.100484 -0.00316529 0)
(0.100528 -0.00268739 0)
(0.100576 -0.00228242 0)
(0.100623 -0.00193914 0)
(0.100668 -0.001648 0)
(0.100711 -0.00140093 0)
(0.100749 -0.0011911 0)
(0.100784 -0.00101277 0)
(0.100815 -0.000861095 0)
(0.100843 -0.000731978 0)
(0.100867 -0.000621954 0)
(0.100888 -0.000528096 0)
(0.100906 -0.000447891 0)
(0.100922 -0.000379359 0)
(0.100935 -0.0003202 0)
(0.100947 -0.000270657 0)
(0.100957 -0.000223921 0)
(0.100965 -0.000193333 0)
(0.100972 -0.000146242 0)
(0.100977 -0.000137817 0)
(0.100984 -8.86701e-05 0)
(0.143287 0.00683985 0)
(0.139489 -0.00548063 0)
(0.135466 -0.0205431 0)
(0.13302 -0.0273004 0)
(0.127346 -0.0261942 0)
(0.119498 -0.0225344 0)
(0.113076 -0.0197893 0)
(0.109007 -0.0179223 0)
(0.106561 -0.0162471 0)
(0.104955 -0.014509 0)
(0.103782 -0.012746 0)
(0.102897 -0.0110694 0)
(0.102241 -0.00954695 0)
(0.101768 -0.00819853 0)
(0.101435 -0.00702054 0)
(0.101208 -0.00600013 0)
(0.101057 -0.00512122 0)
(0.100961 -0.00436715 0)
(0.100903 -0.00372193 0)
(0.100872 -0.00317088 0)
(0.100858 -0.00270083 0)
(0.100856 -0.00230021 0)
(0.100861 -0.00195891 0)
(0.100871 -0.0016682 0)
(0.100883 -0.00142058 0)
(0.100896 -0.00120961 0)
(0.100909 -0.00102982 0)
(0.100922 -0.000876545 0)
(0.100933 -0.000745803 0)
(0.100944 -0.000634202 0)
(0.100954 -0.000538861 0)
(0.100963 -0.000457289 0)
(0.10097 -0.000387513 0)
(0.100977 -0.000327221 0)
(0.100983 -0.000276689 0)
(0.100988 -0.000228974 0)
(0.100992 -0.000197743 0)
(0.100996 -0.000149603 0)
(0.100998 -0.000140994 0)
(0.101002 -9.07191e-05 0)
(0.138335 -0.00108527 0)
(0.139204 -0.00751268 0)
(0.136619 -0.0111386 0)
(0.130561 -0.0150758 0)
(0.123932 -0.0188171 0)
(0.118358 -0.0203198 0)
(0.114128 -0.0195946 0)
(0.110966 -0.0177477 0)
(0.108505 -0.0156665 0)
(0.106606 -0.0137288 0)
(0.105171 -0.0119992 0)
(0.104093 -0.0104543 0)
(0.103285 -0.00907392 0)
(0.10268 -0.00784734 0)
(0.102231 -0.00676541 0)
(0.101899 -0.00581781 0)
(0.101654 -0.00499288 0)
(0.101475 -0.00427823 0)
(0.101344 -0.00366148 0)
(0.101249 -0.00313074 0)
(0.101181 -0.00267505 0)
(0.101132 -0.00228446 0)
(0.101097 -0.00195006 0)
(0.101072 -0.00166402 0)
(0.101055 -0.00141947 0)
(0.101042 -0.00121046 0)
(0.101034 -0.00103185 0)
(0.101028 -0.00087923 0)
(0.101025 -0.000748783 0)
(0.101022 -0.000637243 0)
(0.101021 -0.000541815 0)
(0.10102 -0.000460066 0)
(0.101019 -0.000390062 0)
(0.101019 -0.000329513 0)
(0.101019 -0.000278727 0)
(0.101019 -0.000230725 0)
(0.101019 -0.000199308 0)
(0.101019 -0.000150812 0)
(0.10102 -0.000142152 0)
(0.10102 -9.14751e-05 0)
(0.133996 0.00148261 0)
(0.132422 -0.00412153 0)
(0.130313 -0.0103336 0)
(0.127494 -0.0146643 0)
(0.123449 -0.0165098 0)
(0.118962 -0.0167123 0)
(0.115061 -0.0160228 0)
(0.111978 -0.0149567 0)
(0.109579 -0.0136931 0)
(0.107705 -0.0123394 0)
(0.106238 -0.0109881 0)
(0.105092 -0.00969825 0)
(0.104197 -0.00850135 0)
(0.1035 -0.00741208 0)
(0.102958 -0.00643465 0)
(0.102538 -0.00556689 0)
(0.102212 -0.00480283 0)
(0.10196 -0.00413442 0)
(0.101764 -0.00355266 0)
(0.101612 -0.00304836 0)
(0.101493 -0.00261259 0)
(0.1014 -0.002237 0)
(0.101327 -0.00191391 0)
(0.101269 -0.00163638 0)
(0.101223 -0.00139826 0)
(0.101187 -0.0011941 0)
(0.101157 -0.00101918 0)
(0.101134 -0.000869365 0)
(0.101115 -0.000741061 0)
(0.101099 -0.000631167 0)
(0.101087 -0.000537013 0)
(0.101077 -0.000456254 0)
(0.101068 -0.000387023 0)
(0.101061 -0.000327082 0)
(0.101055 -0.000276771 0)
(0.101051 -0.00022917 0)
(0.101047 -0.000198021 0)
(0.101043 -0.000149863 0)
(0.101042 -0.000141283 0)
(0.101038 -9.09322e-05 0)
(0.130754 -0.00102757 0)
(0.130035 -0.00491067 0)
(0.128374 -0.00827907 0)
(0.125814 -0.0111304 0)
(0.122408 -0.0131065 0)
(0.11874 -0.0139247 0)
(0.11545 -0.0138357 0)
(0.112717 -0.0131779 0)
(0.110473 -0.0122195 0)
(0.108639 -0.01113 0)
(0.107154 -0.0100091 0)
(0.10596 -0.00891389 0)
(0.105 -0.00787739 0)
(0.104231 -0.00691788 0)
(0.103616 -0.00604419 0)
(0.103123 -0.00525873 0)
(0.102728 -0.00455959 0)
(0.102412 -0.00394219 0)
(0.102159 -0.00340043 0)
(0.101954 -0.00292748 0)
(0.10179 -0.00251629 0)
(0.101656 -0.00215999 0)
(0.101548 -0.00185207 0)
(0.101459 -0.0015865 0)
(0.101386 -0.00135785 0)
(0.101327 -0.00116123 0)
(0.101278 -0.000992322 0)
(0.101237 -0.000847332 0)
(0.101203 -0.000722924 0)
(0.101175 -0.000616193 0)
(0.101152 -0.000524619 0)
(0.101132 -0.000445977 0)
(0.101116 -0.00037849 0)
(0.101102 -0.000320002 0)
(0.101091 -0.000270877 0)
(0.101081 -0.00022435 0)
(0.101074 -0.000193916 0)
(0.101067 -0.000146778 0)
(0.101063 -0.000138407 0)
(0.101056 -8.91031e-05 0)
(0.128127 -0.000126563 0)
(0.127062 -0.0033556 0)
(0.125693 -0.00650141 0)
(0.123889 -0.00910796 0)
(0.121352 -0.0108462 0)
(0.118416 -0.0116657 0)
(0.115627 -0.0117669 0)
(0.113196 -0.0113928 0)
(0.111119 -0.0107288 0)
(0.109365 -0.0099031 0)
(0.107902 -0.00900516 0)
(0.106692 -0.00809513 0)
(0.105695 -0.00721127 0)
(0.104875 -0.00637695 0)
(0.104203 -0.00560543 0)
(0.103652 -0.00490296 0)
(0.1032 -0.00427099 0)
(0.102829 -0.00370781 0)
(0.102525 -0.00320975 0)
(0.102275 -0.00277199 0)
(0.102069 -0.00238918 0)
(0.101898 -0.00205578 0)
(0.101757 -0.00176637 0)
(0.10164 -0.00151581 0)
(0.101542 -0.00129936 0)
(0.101461 -0.0011127 0)
(0.101393 -0.000951951 0)
(0.101336 -0.000813667 0)
(0.101288 -0.000694796 0)
(0.101248 -0.000592654 0)
(0.101214 -0.000504899 0)
(0.101186 -0.000429449 0)
(0.101162 -0.000364635 0)
(0.101142 -0.000308408 0)
(0.101125 -0.000261155 0)
(0.101111 -0.000216355 0)
(0.1011 -0.000187064 0)
(0.101089 -0.00014161 0)
(0.101084 -0.000133574 0)
(0.101074 -8.60186e-05 0)
(0.126043 -0.000804879 0)
(0.12518 -0.00327484 0)
(0.12398 -0.00554237 0)
(0.122513 -0.00751558 0)
(0.120475 -0.00896433 0)
(0.118048 -0.00976132 0)
(0.115658 -0.00999164 0)
(0.113499 -0.00981138 0)
(0.111593 -0.00935676 0)
(0.109934 -0.00873227 0)
(0.108512 -0.00801678 0)
(0.107306 -0.00726673 0)
(0.10629 -0.00652043 0)
(0.105436 -0.00580279 0)
(0.104721 -0.00512928 0)
(0.104124 -0.00450853 0)
(0.103625 -0.00394437 0)
(0.103208 -0.00343725 0)
(0.102861 -0.00298544 0)
(0.10257 -0.00258581 0)
(0.102327 -0.0022344 0)
(0.102123 -0.00192688 0)
(0.101953 -0.00165881 0)
(0.101809 -0.00142591 0)
(0.101689 -0.00122407 0)
(0.101587 -0.00104955 0)
(0.101502 -0.0008989 0)
(0.10143 -0.000769041 0)
(0.101369 -0.000657219 0)
(0.101318 -0.000560993 0)
(0.101274 -0.000478215 0)
(0.101238 -0.000406963 0)
(0.101206 -0.000345695 0)
(0.10118 -0.000292498 0)
(0.101158 -0.000247766 0)
(0.10114 -0.000205312 0)
(0.101125 -0.000177575 0)
(0.101111 -0.000134442 0)
(0.101104 -0.000126859 0)
(0.10109 -8.17268e-05 0)
(0.124304 -0.000589456 0)
(0.123502 -0.00264822 0)
(0.122484 -0.00451518 0)
(0.121306 -0.00614214 0)
(0.119662 -0.00738897 0)
(0.117646 -0.00813905 0)
(0.115592 -0.00843328 0)
(0.113674 -0.00837939 0)
(0.111931 -0.00807865 0)
(0.110372 -0.00761349 0)
(0.109003 -0.00705003 0)
(0.107815 -0.00643866 0)
(0.106793 -0.00581554 0)
(0.105919 -0.00520547 0)
(0.105174 -0.0046247 0)
(0.10454 -0.0040832 0)
(0.104003 -0.00358632 0)
(0.103548 -0.00313605 0)
(0.103164 -0.00273213 0)
(0.102838 -0.00237272 0)
(0.102563 -0.00205507 0)
(0.10233 -0.00177584 0)
(0.102133 -0.00153151 0)
(0.101966 -0.00131851 0)
(0.101824 -0.0011334 0)
(0.101705 -0.000972935 0)
(0.101603 -0.000834121 0)
(0.101517 -0.000714238 0)
(0.101444 -0.000610842 0)
(0.101382 -0.000521745 0)
(0.10133 -0.000445008 0)
(0.101286 -0.000378885 0)
(0.101248 -0.000321977 0)
(0.101216 -0.000272523 0)
(0.101189 -0.000230918 0)
(0.101167 -0.000191393 0)
(0.101149 -0.000165592 0)
(0.101131 -0.000125382 0)
(0.101123 -0.000118362 0)
(0.101106 -7.62917e-05 0)
(0.122918 -0.000670425 0)
(0.122213 -0.00230168 0)
(0.121326 -0.0037629 0)
(0.120339 -0.00505604 0)
(0.118971 -0.00608913 0)
(0.117264 -0.00675613 0)
(0.115479 -0.00706505 0)
(0.113766 -0.00708676 0)
(0.112169 -0.00689463 0)
(0.110706 -0.00655192 0)
(0.109394 -0.00611242 0)
(0.108233 -0.00561933 0)
(0.107215 -0.00510512 0)
(0.10633 -0.00459307 0)
(0.105563 -0.00409912 0)
(0.104903 -0.00363362 0)
(0.104335 -0.00320268 0)
(0.103849 -0.00280926 0)
(0.103433 -0.00245411 0)
(0.103078 -0.00213639 0)
(0.102775 -0.00185426 0)
(0.102516 -0.00160526 0)
(0.102296 -0.00138662 0)
(0.102108 -0.00119545 0)
(0.101948 -0.00102886 0)
(0.101812 -0.000884124 0)
(0.101696 -0.000758669 0)
(0.101597 -0.000650141 0)
(0.101513 -0.000556403 0)
(0.101442 -0.000475528 0)
(0.101381 -0.000405795 0)
(0.10133 -0.000345649 0)
(0.101286 -0.000293841 0)
(0.101249 -0.000248785 0)
(0.101218 -0.000210864 0)
(0.101192 -0.000174806 0)
(0.101171 -0.000151294 0)
(0.10115 -0.000114562 0)
(0.10114 -0.000108205 0)
(0.101121 -6.97918e-05 0)
(0.121781 -0.000623584 0)
(0.121169 -0.00193874 0)
(0.120396 -0.00309635 0)
(0.119549 -0.00412787 0)
(0.118383 -0.00497702 0)
(0.116914 -0.00555344 0)
(0.115345 -0.00584941 0)
(0.113804 -0.00591216 0)
(0.112333 -0.00579483 0)
(0.110959 -0.00554522 0)
(0.109703 -0.00520606 0)
(0.108571 -0.00481325 0)
(0.107563 -0.00439483 0)
(0.106674 -0.00397163 0)
(0.105894 -0.00355847 0)
(0.105213 -0.00316534 0)
(0.104622 -0.00279851 0)
(0.10411 -0.0024614 0)
(0.103668 -0.00215536 0)
(0.103288 -0.00188026 0)
(0.102961 -0.00163496 0)
(0.102681 -0.0014177 0)
(0.10244 -0.00122634 0)
(0.102234 -0.00105856 0)
(0.102058 -0.00091203 0)
(0.101907 -0.000784455 0)
(0.101779 -0.000673683 0)
(0.101669 -0.000577715 0)
(0.101575 -0.000494718 0)
(0.101495 -0.000423031 0)
(0.101427 -0.000361159 0)
(0.10137 -0.000307746 0)
(0.10132 -0.000261702 0)
(0.101279 -0.000221632 0)
(0.101244 -0.000187898 0)
(0.101214 -0.000155791 0)
(0.10119 -0.000134886 0)
(0.101167 -0.000102136 0)
(0.101156 -9.65316e-05 0)
(0.101134 -6.23188e-05 0)
(0.120874 -0.000595168 0)
(0.120347 -0.00163336 0)
(0.119667 -0.0025289 0)
(0.118918 -0.00333392 0)
(0.117898 -0.00401491 0)
(0.116609 -0.00449475 0)
(0.115211 -0.00475829 0)
(0.113808 -0.00483694 0)
(0.112445 -0.0047687 0)
(0.111149 -0.00458885 0)
(0.109943 -0.00433047 0)
(0.108841 -0.00402247 0)
(0.107847 -0.00368817 0)
(0.106957 -0.00334543 0)
(0.106168 -0.00300731 0)
(0.105473 -0.00268291 0)
(0.104863 -0.00237813 0)
(0.104331 -0.00209646 0)
(0.103869 -0.00183951 0)
(0.103468 -0.00160758 0)
(0.103121 -0.00140004 0)
(0.102822 -0.00121567 0)
(0.102565 -0.00105284 0)
(0.102344 -0.00090976 0)
(0.102154 -0.000784539 0)
(0.101991 -0.000675331 0)
(0.101851 -0.000580366 0)
(0.101732 -0.000497988 0)
(0.101629 -0.000426667 0)
(0.101542 -0.000365004 0)
(0.101468 -0.000311737 0)
(0.101404 -0.000265717 0)
(0.101351 -0.00022602 0)
(0.101305 -0.000191455 0)
(0.101266 -0.000162347 0)
(0.101234 -0.000134619 0)
(0.101208 -0.000116599 0)
(0.101182 -8.82797e-05 0)
(0.101169 -8.3504e-05 0)
(0.101145 -5.39751e-05 0)
(0.120157 -0.000558856 0)
(0.119711 -0.00135661 0)
(0.119108 -0.00202577 0)
(0.118427 -0.00263427 0)
(0.11751 -0.00316294 0)
(0.116356 -0.00354571 0)
(0.115089 -0.00376514 0)
(0.113797 -0.00384243 0)
(0.11252 -0.00380435 0)
(0.111288 -0.00367628 0)
(0.110128 -0.00348302 0)
(0.109053 -0.00324702 0)
(0.108071 -0.00298692 0)
(0.107185 -0.00271728 0)
(0.106391 -0.00244904 0)
(0.105685 -0.00218995 0)
(0.105062 -0.0019452 0)
(0.104514 -0.00171795 0)
(0.104035 -0.00150984 0)
(0.103618 -0.00132137 0)
(0.103255 -0.00115224 0)
(0.102941 -0.00100161 0)
(0.102669 -0.0008683 0)
(0.102435 -0.000750933 0)
(0.102234 -0.00064805 0)
(0.102061 -0.000558197 0)
(0.101912 -0.00047997 0)
(0.101784 -0.000412042 0)
(0.101675 -0.000353179 0)
(0.101582 -0.000302244 0)
(0.101502 -0.000258213 0)
(0.101434 -0.000220147 0)
(0.101376 -0.000187294 0)
(0.101327 -0.000158675 0)
(0.101286 -0.000134569 0)
(0.10125 -0.000111588 0)
(0.101222 -9.66867e-05 0)
(0.101195 -7.31821e-05 0)
(0.101181 -6.92973e-05 0)
(0.101155 -4.4871e-05 0)
(0.119608 -0.000523305 0)
(0.11924 -0.00110595 0)
(0.1187 -0.00157622 0)
(0.11806 -0.00200901 0)
(0.117212 -0.00239543 0)
(0.116157 -0.00268054 0)
(0.114988 -0.00284782 0)
(0.113779 -0.00291151 0)
(0.112569 -0.00288971 0)
(0.111389 -0.00279981 0)
(0.110265 -0.0026595 0)
(0.109213 -0.00248534 0)
(0.108243 -0.00229137 0)
(0.10736 -0.00208877 0)
(0.106563 -0.00188603 0)
(0.10585 -0.00168929 0)
(0.105217 -0.00150272 0)
(0.104658 -0.00132892 0)
(0.104166 -0.00116931 0)
(0.103736 -0.00102442 0)
(0.103361 -0.000894129 0)
(0.103035 -0.000777884 0)
(0.102753 -0.000674841 0)
(0.102508 -0.000583991 0)
(0.102298 -0.000504255 0)
(0.102116 -0.000434545 0)
(0.10196 -0.0003738 0)
(0.101826 -0.000321012 0)
(0.101711 -0.000275236 0)
(0.101613 -0.000235601 0)
(0.101529 -0.000201318 0)
(0.101457 -0.000171665 0)
(0.101396 -0.000146063 0)
(0.101345 -0.000123753 0)
(0.101301 -0.000104957 0)
(0.101263 -8.70237e-05 0)
(0.101234 -7.54274e-05 0)
(0.101205 -5.70553e-05 0)
(0.10119 -5.40993e-05 0)
(0.101163 -3.51215e-05 0)
(0.119171 -0.000467215 0)
(0.118883 -0.000840731 0)
(0.1184 -0.00113472 0)
(0.117787 -0.0014163 0)
(0.116984 -0.00167648 0)
(0.115995 -0.0018699 0)
(0.114893 -0.00198335 0)
(0.113742 -0.00202687 0)
(0.11258 -0.00201241 0)
(0.111438 -0.00195118 0)
(0.110341 -0.00185498 0)
(0.109307 -0.00173505 0)
(0.108348 -0.00160105 0)
(0.107468 -0.00146071 0)
(0.106671 -0.00131996 0)
(0.105954 -0.00118313 0)
(0.105314 -0.00105317 0)
(0.104747 -0.000931933 0)
(0.104248 -0.000820461 0)
(0.103809 -0.000719159 0)
(0.103425 -0.00062798 0)
(0.103091 -0.000546559 0)
(0.102801 -0.000474328 0)
(0.10255 -0.000410599 0)
(0.102333 -0.000354634 0)
(0.102146 -0.000305681 0)
(0.101985 -0.000263005 0)
(0.101846 -0.000225903 0)
(0.101727 -0.000193715 0)
(0.101625 -0.000165833 0)
(0.101538 -0.000141706 0)
(0.101464 -0.000120832 0)
(0.101401 -0.000102804 0)
(0.101347 -8.70936e-05 0)
(0.101301 -7.38486e-05 0)
(0.101263 -6.12167e-05 0)
(0.101232 -5.30602e-05 0)
(0.101202 -4.00851e-05 0)
(0.101186 -3.8083e-05 0)
(0.101158 -2.47982e-05 0)
(0.118177 -0.000510437 0)
(0.118012 -0.000691052 0)
(0.117598 -0.000790518 0)
(0.117011 -0.000899421 0)
(0.116233 -0.00101709 0)
(0.115282 -0.00110846 0)
(0.114219 -0.00116151 0)
(0.113103 -0.0011795 0)
(0.111974 -0.00116706 0)
(0.110861 -0.0011292 0)
(0.109791 -0.00107201 0)
(0.108779 -0.00100167 0)
(0.107838 -0.0009236 0)
(0.106974 -0.000842156 0)
(0.106189 -0.000760678 0)
(0.105482 -0.000681597 0)
(0.10485 -0.000606573 0)
(0.104289 -0.000536652 0)
(0.103793 -0.000472404 0)
(0.103358 -0.000414046 0)
(0.102977 -0.000361536 0)
(0.102645 -0.000314652 0)
(0.102356 -0.000273063 0)
(0.102106 -0.00023637 0)
(0.10189 -0.000204147 0)
(0.101703 -0.000175962 0)
(0.101542 -0.000151391 0)
(0.101404 -0.000130027 0)
(0.101286 -0.000111492 0)
(0.101184 -9.54335e-05 0)
(0.101097 -8.15377e-05 0)
(0.101023 -6.95142e-05 0)
(0.100959 -5.91286e-05 0)
(0.100906 -5.00816e-05 0)
(0.10086 -4.24394e-05 0)
(0.100822 -3.5168e-05 0)
(0.100791 -3.04672e-05 0)
(0.100761 -2.29626e-05 0)
(0.100745 -2.18802e-05 0)
(0.100717 -1.43114e-05 0)
(0.105025 -0.000435161 0)
(0.10432 -0.000424983 0)
(0.103535 -0.00036916 0)
(0.102733 -0.000341228 0)
(0.101884 -0.000341089 0)
(0.100958 -0.000347209 0)
(0.0999725 -0.000349794 0)
(0.0989622 -0.000346571 0)
(0.0979553 -0.00033698 0)
(0.096974 -0.000321567 0)
(0.0960366 -0.000301759 0)
(0.0951563 -0.000279186 0)
(0.0943415 -0.000255258 0)
(0.0935962 -0.000231069 0)
(0.0929211 -0.000207426 0)
(0.0923148 -0.000184885 0)
(0.0917742 -0.000163799 0)
(0.0912952 -0.000144367 0)
(0.0908729 -0.000126673 0)
(0.0905023 -0.000110719 0)
(0.0901783 -9.64489e-05 0)
(0.0898961 -8.37697e-05 0)
(0.089651 -7.25664e-05 0)
(0.0894387 -6.27142e-05 0)
(0.0892552 -5.40861e-05 0)
(0.089097 -4.65571e-05 0)
(0.0889607 -4.00071e-05 0)
(0.0888436 -3.43223e-05 0)
(0.0887432 -2.93977e-05 0)
(0.0886571 -2.51362e-05 0)
(0.0885836 -2.14538e-05 0)
(0.0885208 -1.8268e-05 0)
(0.0884674 -1.55191e-05 0)
(0.0884221 -1.31269e-05 0)
(0.0883837 -1.10867e-05 0)
(0.0883513 -9.19706e-06 0)
(0.0883252 -7.89247e-06 0)
(0.0883004 -5.95186e-06 0)
(0.088287 -5.68686e-06 0)
(0.0882633 -3.68836e-06 0)
)
;

boundaryField
{
    inlet
    {
        type            fixedValue;
        value           uniform (0.1 0 0);
    }
    outlet
    {
        type            zeroGradient;
    }
    lowerWall
    {
        type            noSlip;
    }
    upperWall
    {
        type            noSlip;
    }
    defaultFaces
    {
        type            empty;
    }
}


// ************************************************************************* //
