/*--------------------------------*- C++ -*----------------------------------*\
| =========                 |                                                 |
| \\      /  F ield         | OpenFOAM: The Open Source CFD Toolbox           |
|  \\    /   O peration     | Version:  2112                                  |
|   \\  /    A nd           | Website:  www.openfoam.com                      |
|    \\/     M anipulation  |                                                 |
\*---------------------------------------------------------------------------*/
FoamFile
{
    version     2.0;
    format      ascii;
    arch        "LSB;label=32;scalar=64";
    class       volVectorField;
    location    "0.27";
    object      U;
}
// * * * * * * * * * * * * * * * * * * * * * * * * * * * * * * * * * * * * * //

dimensions      [0 1 -1 0 0 0 0];

internalField   nonuniform List<vector> 
1880
(
(0.0990128 0.000616448 0)
(0.0984315 0.00114047 0)
(0.0973463 0.00131111 0)
(0.0959209 0.00131834 0)
(0.0940637 0.00136638 0)
(0.0925138 0.00134096 0)
(0.0905455 0.00144828 0)
(0.0889905 0.00141611 0)
(0.0869219 0.00144874 0)
(0.085444 0.00135569 0)
(0.0831832 0.00139802 0)
(0.0818001 0.0013887 0)
(0.0794453 0.00143785 0)
(0.0779397 0.00142917 0)
(0.0753619 0.00128013 0)
(0.0740301 0.00137866 0)
(0.0713795 0.00127095 0)
(0.0699601 0.0017231 0)
(0.0668937 0.00124259 0)
(0.0653885 0.00194845 0)
(0.0619496 0.000642735 0)
(0.0609831 0.00215265 0)
(0.0567322 -8.25275e-05 0)
(0.0571595 0.00251766 0)
(0.0510063 0.000147275 0)
(0.0528291 0.00249696 0)
(0.0439607 0.00195216 0)
(0.0460114 0.00268147 0)
(0.0334753 0.00354435 0)
(0.0345746 0.00708478 0)
(0.0999405 0.000721471 0)
(0.100398 0.00138078 0)
(0.10053 0.00168581 0)
(0.101178 0.00169782 0)
(0.100826 0.00192202 0)
(0.101623 0.00180616 0)
(0.100723 0.00216221 0)
(0.101712 0.00194819 0)
(0.100434 0.00236878 0)
(0.101664 0.00204435 0)
(0.0999235 0.00244302 0)
(0.101195 0.00210153 0)
(0.0994543 0.00259453 0)
(0.100546 0.00234097 0)
(0.0986669 0.00287049 0)
(0.0993038 0.00225336 0)
(0.0979413 0.00311133 0)
(0.0973535 0.0023258 0)
(0.0975152 0.00360377 0)
(0.0946352 0.00265682 0)
(0.0968527 0.00394539 0)
(0.0917392 0.00278839 0)
(0.0943851 0.00413266 0)
(0.0892712 0.00299498 0)
(0.0901443 0.00424802 0)
(0.0857657 0.00482241 0)
(0.0854381 0.00458892 0)
(0.0791891 0.00793398 0)
(0.0792657 0.0088936 0)
(0.0692975 0.0102923 0)
(0.0999624 0.000257186 0)
(0.100263 0.00066663 0)
(0.100426 0.000977105 0)
(0.10097 0.00112276 0)
(0.100902 0.00134642 0)
(0.101613 0.00130436 0)
(0.101212 0.00164888 0)
(0.101952 0.00145032 0)
(0.101476 0.00195562 0)
(0.102272 0.00161136 0)
(0.101757 0.00214928 0)
(0.102115 0.00185907 0)
(0.102285 0.00221909 0)
(0.101845 0.00229544 0)
(0.102593 0.00243393 0)
(0.101415 0.00242011 0)
(0.102635 0.00301701 0)
(0.101039 0.00239029 0)
(0.102148 0.00385888 0)
(0.100546 0.00281239 0)
(0.101471 0.00390758 0)
(0.0997971 0.00399703 0)
(0.0999721 0.00374243 0)
(0.0984629 0.0049129 0)
(0.0974125 0.0057925 0)
(0.0956914 0.00479907 0)
(0.0950631 0.0103402 0)
(0.090606 0.00712614 0)
(0.0920597 0.0138133 0)
(0.0866339 0.0156462 0)
(0.0999652 0.000241754 0)
(0.100154 0.000621886 0)
(0.100206 0.000982532 0)
(0.100613 0.0011288 0)
(0.100531 0.00141276 0)
(0.10118 0.00134563 0)
(0.10084 0.00174323 0)
(0.101542 0.00145089 0)
(0.101074 0.00210489 0)
(0.10201 0.00155763 0)
(0.101249 0.00247711 0)
(0.102089 0.00167584 0)
(0.101707 0.0027207 0)
(0.102084 0.00197211 0)
(0.102109 0.00302444 0)
(0.101711 0.00238284 0)
(0.10252 0.00336926 0)
(0.101389 0.00280551 0)
(0.102383 0.00384363 0)
(0.101237 0.00344288 0)
(0.101866 0.00437763 0)
(0.100993 0.00442375 0)
(0.10103 0.0051919 0)
(0.0996338 0.00563209 0)
(0.0999171 0.00707578 0)
(0.0975922 0.00705237 0)
(0.0976674 0.0103342 0)
(0.0960409 0.0105127 0)
(0.0949673 0.0142089 0)
(0.0933611 0.0161301 0)
(0.0999681 0.00015203 0)
(0.100107 0.000409181 0)
(0.100123 0.000675173 0)
(0.100445 0.0008221 0)
(0.100374 0.0010622 0)
(0.100926 0.00106888 0)
(0.100721 0.00137086 0)
(0.101213 0.00123055 0)
(0.101027 0.00166385 0)
(0.101607 0.00144359 0)
(0.101285 0.00195337 0)
(0.10167 0.00174656 0)
(0.10172 0.00213308 0)
(0.101833 0.00210604 0)
(0.101909 0.00253696 0)
(0.101827 0.00237531 0)
(0.102071 0.00333614 0)
(0.101883 0.00246878 0)
(0.101936 0.00425815 0)
(0.101696 0.00301752 0)
(0.101735 0.00482856 0)
(0.101392 0.00432947 0)
(0.101163 0.00579856 0)
(0.100776 0.00557443 0)
(0.100096 0.00838689 0)
(0.0998784 0.00692931 0)
(0.0987088 0.0117795 0)
(0.0989043 0.0106265 0)
(0.0975294 0.0152972 0)
(0.0979302 0.0161976 0)
(0.0999673 0.000126993 0)
(0.100094 0.000350253 0)
(0.100082 0.000590015 0)
(0.100371 0.000740613 0)
(0.100263 0.000973453 0)
(0.100799 0.00100794 0)
(0.100584 0.00129686 0)
(0.101069 0.00117567 0)
(0.100884 0.00161279 0)
(0.101475 0.00136426 0)
(0.101165 0.00196375 0)
(0.101525 0.0016405 0)
(0.101673 0.00221116 0)
(0.10165 0.00203559 0)
(0.102008 0.00252855 0)
(0.101577 0.00257136 0)
(0.102282 0.0030655 0)
(0.101797 0.00303209 0)
(0.102048 0.00386838 0)
(0.101998 0.00357358 0)
(0.101709 0.00483419 0)
(0.101947 0.00467718 0)
(0.101556 0.00608117 0)
(0.101318 0.00632718 0)
(0.101238 0.00828465 0)
(0.100886 0.00822745 0)
(0.100384 0.0115011 0)
(0.100764 0.0116135 0)
(0.100102 0.0149755 0)
(0.100446 0.0166036 0)
(0.099969 9.498e-05 0)
(0.10008 0.000278022 0)
(0.10006 0.000454446 0)
(0.100311 0.00059783 0)
(0.100207 0.000766844 0)
(0.100688 0.000855825 0)
(0.100533 0.00104186 0)
(0.100927 0.00105803 0)
(0.100863 0.00129819 0)
(0.101331 0.00130648 0)
(0.101171 0.00159172 0)
(0.101433 0.00163951 0)
(0.101636 0.00186766 0)
(0.101705 0.00198787 0)
(0.101897 0.00234302 0)
(0.101796 0.0023536 0)
(0.102199 0.00313844 0)
(0.102063 0.00271664 0)
(0.10221 0.00403978 0)
(0.102211 0.00340995 0)
(0.102116 0.0049068 0)
(0.102371 0.00469426 0)
(0.102035 0.00624397 0)
(0.102237 0.00624837 0)
(0.102042 0.00860008 0)
(0.102137 0.00819005 0)
(0.101958 0.0115458 0)
(0.102493 0.0114677 0)
(0.102194 0.0148791 0)
(0.10309 0.0157471 0)
(0.0999705 7.2172e-05 0)
(0.100072 0.00022501 0)
(0.100052 0.000360322 0)
(0.100283 0.000493303 0)
(0.100181 0.00062725 0)
(0.100636 0.000735871 0)
(0.100506 0.000884455 0)
(0.100866 0.000942577 0)
(0.100855 0.00113113 0)
(0.101271 0.00119804 0)
(0.101214 0.00141922 0)
(0.101369 0.00154993 0)
(0.101749 0.0016874 0)
(0.101657 0.00196278 0)
(0.10208 0.00209141 0)
(0.101825 0.0024622 0)
(0.102395 0.00278184 0)
(0.102295 0.00295408 0)
(0.10241 0.00371985 0)
(0.102616 0.00357712 0)
(0.102514 0.00478166 0)
(0.102812 0.00476777 0)
(0.102828 0.00610222 0)
(0.102858 0.00649772 0)
(0.103113 0.00818057 0)
(0.103281 0.00852478 0)
(0.103375 0.0109493 0)
(0.104041 0.0115047 0)
(0.104258 0.014024 0)
(0.105031 0.0153126 0)
(0.0999735 5.12814e-05 0)
(0.100065 0.000176868 0)
(0.100054 0.00026949 0)
(0.100263 0.000392178 0)
(0.100181 0.000478055 0)
(0.100602 0.000609631 0)
(0.100513 0.000693054 0)
(0.100832 0.000818535 0)
(0.100878 0.000901729 0)
(0.101262 0.00108315 0)
(0.101254 0.00117059 0)
(0.101418 0.00142499 0)
(0.101792 0.00148085 0)
(0.101798 0.00177623 0)
(0.102138 0.001971 0)
(0.102051 0.00219991 0)
(0.102547 0.00271405 0)
(0.102574 0.0027373 0)
(0.102738 0.00357952 0)
(0.102962 0.00350201 0)
(0.103004 0.00454419 0)
(0.103373 0.00469998 0)
(0.103459 0.00590183 0)
(0.103692 0.00628452 0)
(0.10406 0.00792851 0)
(0.104349 0.00826414 0)
(0.104739 0.0104312 0)
(0.105484 0.0109944 0)
(0.105935 0.0132843 0)
(0.106916 0.0143064 0)
(0.0999768 3.23445e-05 0)
(0.100059 0.000128132 0)
(0.100062 0.000184061 0)
(0.100254 0.000287353 0)
(0.100195 0.000337644 0)
(0.10059 0.000469471 0)
(0.100542 0.000516747 0)
(0.100828 0.000666604 0)
(0.100931 0.000697027 0)
(0.101278 0.000928112 0)
(0.101342 0.000943909 0)
(0.101469 0.00127621 0)
(0.10192 0.00124119 0)
(0.101915 0.00164332 0)
(0.1023 0.00170144 0)
(0.102268 0.00209849 0)
(0.102754 0.0024076 0)
(0.102911 0.00266833 0)
(0.103067 0.00327516 0)
(0.10336 0.00341467 0)
(0.103561 0.00424416 0)
(0.103853 0.00458255 0)
(0.10422 0.00549696 0)
(0.104433 0.00615759 0)
(0.104961 0.00734705 0)
(0.105414 0.00802082 0)
(0.105943 0.00965409 0)
(0.106742 0.0104752 0)
(0.107489 0.0122077 0)
(0.10846 0.013365 0)
(0.0999807 1.38874e-05 0)
(0.100055 7.79888e-05 0)
(0.100075 9.84449e-05 0)
(0.100252 0.000178927 0)
(0.100224 0.000194781 0)
(0.100596 0.000320163 0)
(0.100591 0.000333554 0)
(0.100854 0.000497077 0)
(0.101002 0.000484036 0)
(0.10134 0.000739674 0)
(0.101434 0.000716476 0)
(0.101586 0.00106044 0)
(0.102038 0.00102855 0)
(0.102107 0.00138767 0)
(0.102458 0.0014981 0)
(0.102533 0.00182075 0)
(0.102999 0.00216688 0)
(0.103249 0.00243179 0)
(0.103446 0.00295718 0)
(0.103785 0.00321572 0)
(0.104078 0.00387101 0)
(0.104433 0.00430159 0)
(0.10488 0.00509992 0)
(0.105198 0.00572731 0)
(0.105816 0.00681507 0)
(0.106373 0.00748165 0)
(0.107022 0.00886486 0)
(0.10791 0.00967906 0)
(0.108784 0.011158 0)
(0.10983 0.0121885 0)
(0.0999846 -4.86659e-06 0)
(0.100051 2.40803e-05 0)
(0.100092 1.12928e-05 0)
(0.100257 6.37188e-05 0)
(0.100263 5.23676e-05 0)
(0.100619 0.000162533 0)
(0.100658 0.000156354 0)
(0.100901 0.000318838 0)
(0.101096 0.000281949 0)
(0.101423 0.000543424 0)
(0.101557 0.00049232 0)
(0.10172 0.000848186 0)
(0.102194 0.000792376 0)
(0.102314 0.00116391 0)
(0.102654 0.00123297 0)
(0.102816 0.00158887 0)
(0.103273 0.00185607 0)
(0.103605 0.00220087 0)
(0.103851 0.00260902 0)
(0.104206 0.00296799 0)
(0.104629 0.00347035 0)
(0.104981 0.00399609 0)
(0.105541 0.00459814 0)
(0.10594 0.00530954 0)
(0.106595 0.00616254 0)
(0.107271 0.00689813 0)
(0.108007 0.00798819 0)
(0.108916 0.00885349 0)
(0.109927 0.00999448 0)
(0.110997 0.0110015 0)
(0.0999885 -2.57495e-05 0)
(0.100051 -3.92003e-05 0)
(0.100115 -8.89807e-05 0)
(0.100276 -7.39472e-05 0)
(0.10032 -0.000114843 0)
(0.100668 -3.23855e-05 0)
(0.100751 -5.81094e-05 0)
(0.100984 8.48073e-05 0)
(0.101217 3.30802e-05 0)
(0.101544 0.000272158 0)
(0.101701 0.000215234 0)
(0.101895 0.000540684 0)
(0.102373 0.000503685 0)
(0.102557 0.00082863 0)
(0.102879 0.000911966 0)
(0.103119 0.00123252 0)
(0.10358 0.00147852 0)
(0.103974 0.0018431 0)
(0.104267 0.00218068 0)
(0.104663 0.00258339 0)
(0.10515 0.00300014 0)
(0.105562 0.00351363 0)
(0.106165 0.00405457 0)
(0.106642 0.00469341 0)
(0.107333 0.00545409 0)
(0.10808 0.00614738 0)
(0.108869 0.00705745 0)
(0.109819 0.00786648 0)
(0.110887 0.00882378 0)
(0.111994 0.00970559 0)
(0.0999918 -4.88354e-05 0)
(0.100052 -0.000107173 0)
(0.10014 -0.000191679 0)
(0.1003 -0.000210048 0)
(0.100385 -0.000269074 0)
(0.10073 -0.000206543 0)
(0.100855 -0.00023774 0)
(0.101084 -0.000110569 0)
(0.101358 -0.000163098 0)
(0.101687 5.22304e-05 0)
(0.101869 -2.6084e-06 0)
(0.102095 0.000296996 0)
(0.102581 0.000273821 0)
(0.102822 0.000569803 0)
(0.103138 0.000642061 0)
(0.103444 0.000944594 0)
(0.10392 0.00115091 0)
(0.10436 0.00152771 0)
(0.104709 0.00180197 0)
(0.105129 0.00222797 0)
(0.105683 0.00256571 0)
(0.106145 0.00308342 0)
(0.106778 0.00352732 0)
(0.107333 0.00413839 0)
(0.108036 0.00477111 0)
(0.108831 0.00542701 0)
(0.109669 0.00615685 0)
(0.110617 0.00691332 0)
(0.111727 0.00766469 0)
(0.112852 0.00844911 0)
(0.0999951 -8.27269e-05 0)
(0.100062 -0.000208954 0)
(0.100185 -0.000347719 0)
(0.100361 -0.000417828 0)
(0.100496 -0.000503783 0)
(0.100847 -0.000474631 0)
(0.101015 -0.000515882 0)
(0.101245 -0.000418486 0)
(0.101551 -0.000472541 0)
(0.101883 -0.000302388 0)
(0.102085 -0.000354293 0)
(0.102344 -9.90671e-05 0)
(0.102837 -0.00010582 0)
(0.103125 0.000138383 0)
(0.103436 0.000202243 0)
(0.103794 0.000470513 0)
(0.104289 0.00065562 0)
(0.104764 0.00101983 0)
(0.105163 0.00125775 0)
(0.105626 0.00166416 0)
(0.106227 0.00196379 0)
(0.106747 0.00242871 0)
(0.107395 0.0028314 0)
(0.107991 0.00337512 0)
(0.1087 0.00392962 0)
(0.109505 0.00453502 0)
(0.110356 0.0051464 0)
(0.111301 0.00582344 0)
(0.112414 0.00645485 0)
(0.113546 0.00711481 0)
(0.0999973 -0.000111251 0)
(0.100075 -0.00028822 0)
(0.100235 -0.000455603 0)
(0.100441 -0.000549408 0)
(0.100634 -0.000636989 0)
(0.100998 -0.00062461 0)
(0.101206 -0.000665981 0)
(0.101445 -0.000595459 0)
(0.10178 -0.000648891 0)
(0.102117 -0.00051863 0)
(0.102343 -0.000564714 0)
(0.102637 -0.000344615 0)
(0.103137 -0.000339228 0)
(0.103466 -0.00013704 0)
(0.103792 -7.75813e-05 0)
(0.104202 0.000165561 0)
(0.104723 0.000331029 0)
(0.105216 0.000663596 0)
(0.105661 0.000863397 0)
(0.106158 0.00124934 0)
(0.106807 0.00152534 0)
(0.107385 0.00196814 0)
(0.108055 0.0023376 0)
(0.108685 0.00283491 0)
(0.109404 0.0033086 0)
(0.110187 0.00384275 0)
(0.111049 0.00432328 0)
(0.111953 0.00489233 0)
(0.113052 0.00537183 0)
(0.11416 0.00590082 0)
(0.0999999 -0.000203963 0)
(0.100116 -0.000534482 0)
(0.100338 -0.000789251 0)
(0.100597 -0.00093062 0)
(0.100848 -0.00102616 0)
(0.101222 -0.00103372 0)
(0.101458 -0.00107709 0)
(0.101707 -0.00103938 0)
(0.102071 -0.00109203 0)
(0.102415 -0.00100308 0)
(0.102661 -0.00102845 0)
(0.102987 -0.000837307 0)
(0.103494 -0.000824548 0)
(0.103864 -0.0006768 0)
(0.104213 -0.000632588 0)
(0.104648 -0.000413568 0)
(0.105177 -0.000261952 0)
(0.105661 2.61751e-05 0)
(0.106174 0.000184039 0)
(0.106724 0.000508029 0)
(0.107452 0.000747458 0)
(0.108069 0.00113393 0)
(0.108768 0.00148255 0)
(0.109363 0.00194411 0)
(0.110072 0.00237785 0)
(0.110763 0.00287022 0)
(0.11161 0.00328364 0)
(0.11243 0.00377312 0)
(0.113525 0.00416695 0)
(0.114571 0.00458724 0)
(0.1 -0.000233172 0)
(0.10022 -0.000597988 0)
(0.100577 -0.000838059 0)
(0.100948 -0.000978636 0)
(0.101267 -0.00105785 0)
(0.101653 -0.00108305 0)
(0.101897 -0.00113744 0)
(0.102161 -0.00115082 0)
(0.102514 -0.00119732 0)
(0.102866 -0.001142 0)
(0.103104 -0.00115449 0)
(0.103446 -0.00102161 0)
(0.103898 -0.00103614 0)
(0.104266 -0.000941537 0)
(0.104608 -0.000883856 0)
(0.105044 -0.00067685 0)
(0.10555 -0.000551054 0)
(0.105982 -0.000358015 0)
(0.106503 -0.00025226 0)
(0.107038 3.24292e-05 0)
(0.107805 0.000296132 0)
(0.108429 0.000711965 0)
(0.109192 0.00110767 0)
(0.10977 0.00156996 0)
(0.110538 0.00197328 0)
(0.111158 0.00238181 0)
(0.112048 0.00267305 0)
(0.112784 0.0030141 0)
(0.113903 0.00324496 0)
(0.114868 0.00350338 0)
(0.0999994 -0.000694725 0)
(0.100322 -0.00135697 0)
(0.100732 -0.00156511 0)
(0.10109 -0.00163312 0)
(0.101311 -0.00168088 0)
(0.101564 -0.00170973 0)
(0.101635 -0.0017632 0)
(0.101768 -0.0017921 0)
(0.101867 -0.00181012 0)
(0.102034 -0.00176091 0)
(0.101957 -0.00171197 0)
(0.10215 -0.00160491 0)
(0.102246 -0.0016265 0)
(0.102426 -0.00160683 0)
(0.102369 -0.00152651 0)
(0.102582 -0.00132417 0)
(0.102683 -0.00116849 0)
(0.102973 -0.00103519 0)
(0.103187 -0.000976269 0)
(0.103621 -0.000805391 0)
(0.104026 -0.00062815 0)
(0.104542 -0.000306065 0)
(0.105024 6.13458e-05 0)
(0.105675 0.000504004 0)
(0.106387 0.000907554 0)
(0.107288 0.00129795 0)
(0.108259 0.00157133 0)
(0.109399 0.00184986 0)
(0.110623 0.00201349 0)
(0.111999 0.00217715 0)
(0.0990316 -0.000606542 0)
(0.0984378 -0.00113833 0)
(0.0974544 -0.00127662 0)
(0.0960062 -0.00129465 0)
(0.0943488 -0.00129859 0)
(0.0927759 -0.00130377 0)
(0.0911536 -0.00134211 0)
(0.0895472 -0.00134648 0)
(0.0879913 -0.00130121 0)
(0.0864772 -0.00123625 0)
(0.0849005 -0.00119413 0)
(0.0835459 -0.00117266 0)
(0.0821138 -0.00117548 0)
(0.0807229 -0.00111085 0)
(0.079282 -0.000971655 0)
(0.078225 -0.000851681 0)
(0.0771153 -0.000841509 0)
(0.076211 -0.000877078 0)
(0.0751183 -0.000849611 0)
(0.0743729 -0.000719945 0)
(0.0735599 -0.000519734 0)
(0.0732471 -0.000247098 0)
(0.0729828 1.46552e-05 0)
(0.0733301 0.000257381 0)
(0.0737065 0.000430554 0)
(0.0746673 0.000553512 0)
(0.0755018 0.000624684 0)
(0.076874 0.000685181 0)
(0.0779777 0.000706381 0)
(0.0796161 0.000726704 0)
(0.0160263 0.00216794 0)
(0.0556682 0.0182554 0)
(0.0402668 0.0186724 0)
(0.0697828 0.0312752 8.42251e-22)
(0.0566885 0.0263972 7.04403e-22)
(0.0823086 0.0337764 0)
(0.0723023 0.0299249 2.65592e-22)
(0.0976818 0.040238 -4.37993e-23)
(0.0898222 0.0435209 7.20235e-22)
(0.127372 0.0496172 0)
(0.0696083 0.016637 0)
(0.0806771 0.0252756 0)
(0.0840437 0.0278206 0)
(0.0906315 0.0329062 0)
(0.0957006 0.0360746 0)
(0.10459 0.0460211 1.62855e-22)
(0.111087 0.0461848 4.17864e-23)
(0.117428 0.0530028 -1.02238e-22)
(0.120762 0.0365621 -5.58981e-22)
(0.139189 0.0533697 -4.99587e-22)
(0.0858861 0.0211112 0)
(0.0899851 0.0201237 0)
(0.0946679 0.0348067 0)
(0.098226 0.0350915 0)
(0.102077 0.0353657 0)
(0.108665 0.0343966 -1.62854e-22)
(0.115083 0.0395263 -4.17866e-23)
(0.124668 0.0461139 1.02241e-22)
(0.131638 0.0468641 2.96632e-22)
(0.131494 0.0346318 4.99572e-22)
(0.0942721 0.0223051 -3.98052e-22)
(0.0949286 0.0238439 0)
(0.0975322 0.0272699 -3.15034e-22)
(0.1045 0.0314129 -2.508e-22)
(0.109081 0.0332617 -1.78686e-22)
(0.112556 0.0362965 0)
(0.117185 0.0378948 0)
(0.12367 0.0390204 1.40413e-22)
(0.134152 0.0413326 2.91886e-22)
(0.137851 0.0369306 4.43464e-22)
(0.0967268 0.0217717 3.98053e-22)
(0.100629 0.0218711 0)
(0.102441 0.0284349 3.15036e-22)
(0.107003 0.0290491 2.50801e-22)
(0.110401 0.0317073 1.78686e-22)
(0.114473 0.0310363 0)
(0.120283 0.0335115 0)
(0.126616 0.0334846 -1.40414e-22)
(0.13236 0.0378863 -2.919e-22)
(0.139216 0.0287378 -4.43467e-22)
(0.100695 0.0204192 0)
(0.102923 0.0217617 -2.84268e-22)
(0.105331 0.0251966 0)
(0.109754 0.0262199 -1.82908e-22)
(0.113482 0.0287113 0)
(0.117533 0.0292604 0)
(0.122592 0.0313614 0)
(0.12691 0.0301371 -1.57364e-22)
(0.133205 0.0321884 0)
(0.140891 0.0272529 0)
(0.103238 0.0197408 2.82605e-22)
(0.105731 0.0199302 5.36548e-22)
(0.108223 0.0237715 2.09734e-22)
(0.111885 0.0242023 1.82909e-22)
(0.11518 0.026369 0)
(0.118927 0.0257324 -2.5836e-23)
(0.123471 0.0279814 0)
(0.128629 0.0265802 1.57364e-22)
(0.133612 0.0278195 0)
(0.139036 0.022359 0)
(0.105781 0.0181169 -2.82606e-22)
(0.107939 0.0189303 -2.52279e-22)
(0.110365 0.021443 -2.09734e-22)
(0.113715 0.0217803 0)
(0.11708 0.0237796 0)
(0.120568 0.0236207 2.58361e-23)
(0.124756 0.0248615 0)
(0.129224 0.0231896 0)
(0.133555 0.0242392 0)
(0.138258 0.0210418 0)
(0.107787 0.0168206 0)
(0.109827 0.0172642 -2.0099e-22)
(0.112276 0.0195951 0)
(0.115298 0.0197897 -1.15421e-22)
(0.118316 0.0212956 0)
(0.121685 0.0206638 0)
(0.125522 0.0221744 7.14343e-23)
(0.129552 0.0207255 1.52693e-22)
(0.133119 0.0206206 0)
(0.137326 0.017192 3.19447e-22)
(0.109561 0.015243 0)
(0.111441 0.0158426 2.00991e-22)
(0.113792 0.0174866 0)
(0.116579 0.0176629 1.15421e-22)
(0.119518 0.0189788 0)
(0.12257 0.0185836 0)
(0.125977 0.0192354 -7.14344e-23)
(0.129751 0.0178421 -1.52693e-22)
(0.133193 0.0179635 0)
(0.136461 0.0156025 -3.19448e-22)
(0.111019 0.0137455 9.44944e-23)
(0.112818 0.014197 0)
(0.115066 0.0156455 0)
(0.117625 0.0157242 4.39024e-23)
(0.120323 0.0166636 0)
(0.123273 0.0161654 0)
(0.126445 0.0168736 0)
(0.12965 0.0156345 -7.04961e-23)
(0.13258 0.0152202 0)
(0.135666 0.0129521 0)
(0.112266 0.0122063 -7.63974e-24)
(0.113964 0.0126652 0)
(0.116081 0.0137232 5.85005e-23)
(0.118498 0.0138067 -4.98168e-24)
(0.121056 0.0145655 0)
(0.123713 0.014166 0)
(0.126584 0.0144382 -3.65874e-23)
(0.129586 0.013348 7.04962e-23)
(0.132347 0.0130167 -9.83339e-23)
(0.134936 0.0112133 -1.3056e-22)
(0.11329 0.0106972 -6.37038e-24)
(0.114929 0.0110576 0)
(0.116928 0.0119504 -5.08005e-24)
(0.11916 0.0119874 -3.92198e-24)
(0.121544 0.0125173 1.41831e-23)
(0.124078 0.0121242 9.44162e-24)
(0.126728 0.012332 9.44968e-25)
(0.129357 0.0113617 -6.37891e-23)
(0.131837 0.0108876 5.63851e-24)
(0.134253 0.00926692 8.00233e-24)
(0.114154 0.00922396 -8.04846e-23)
(0.115725 0.00954163 0)
(0.117598 0.0102174 -5.34206e-23)
(0.119701 0.0102416 -3.49989e-23)
(0.12195 0.010633 -1.41831e-23)
(0.124277 0.010286 -1.94073e-23)
(0.126711 0.010313 3.56425e-23)
(0.129151 0.00946659 6.37892e-23)
(0.131459 0.00902202 9.26957e-23)
(0.133627 0.0076708 1.22558e-22)
(0.11485 0.00774971 0)
(0.116361 0.00800326 0)
(0.118135 0.00854226 0)
(0.120096 0.00855223 0)
(0.12221 0.00881372 0)
(0.124402 0.00848842 9.96564e-24)
(0.126667 0.00845319 0)
(0.128893 0.00771936 0)
(0.131026 0.00726754 0)
(0.133048 0.00610395 0)
(0.115447 0.00637584 0)
(0.116882 0.0065739 0)
(0.118571 0.00696816 0)
(0.120397 0.00696228 0)
(0.122405 0.00712497 0)
(0.124441 0.00683038 4.81733e-24)
(0.126566 0.00672144 0)
(0.128637 0.00608883 0)
(0.130651 0.0056676 0)
(0.132522 0.00470314 0)
(0.115895 0.00495269 0)
(0.117225 0.00510683 0)
(0.118889 0.0053868 2.08649e-23)
(0.120552 0.00537601 0)
(0.122501 0.00545995 4.9619e-24)
(0.124365 0.00519829 -4.81734e-24)
(0.126416 0.00505907 0)
(0.128299 0.00452959 -2.59399e-23)
(0.130239 0.00414246 0)
(0.13194 0.0033563 0)
(0.116224 0.00371338 0)
(0.117307 0.00379289 0)
(0.118995 0.00394311 -2.0865e-23)
(0.120361 0.00390941 0)
(0.122321 0.00390848 -4.96192e-24)
(0.123852 0.00367681 0)
(0.125903 0.00350109 0)
(0.127424 0.00305842 2.59399e-23)
(0.129359 0.00269848 0)
(0.130653 0.0020829 0)
(0.113427 0.00227447 -7.80716e-24)
(0.114143 0.00230778 -6.51747e-24)
(0.115839 0.00234634 -5.0126e-24)
(0.116689 0.00230774 0)
(0.118608 0.00224729 -1.30051e-24)
(0.119491 0.00207946 0)
(0.121472 0.00190216 3.33018e-24)
(0.122183 0.00159383 0)
(0.124012 0.00129228 8.70966e-24)
(0.124284 0.000880091 1.15843e-23)
(0.0808726 0.000702897 7.80629e-24)
(0.0816854 0.000649365 6.51668e-24)
(0.0830871 0.000591751 5.01196e-24)
(0.0838786 0.000526267 0)
(0.0853339 0.000436388 1.30032e-24)
(0.0859395 0.000333801 0)
(0.0872603 0.000196692 -3.32965e-24)
(0.0874151 4.66715e-05 0)
(0.0883583 -0.000131048 -8.70809e-24)
(0.0877295 -0.000309337 -1.15822e-23)
(0.00572183 0.00290423 0)
(0.00562879 0.00269963 0)
(-0.00208368 0.00607207 0)
(-0.0221773 0.0104928 0)
(-0.0698827 0.0165361 0)
(-0.0950657 0.0109746 0)
(-0.123258 0.00938817 0)
(-0.133839 0.00430571 0)
(-0.136493 0.000403493 0)
(-0.126751 -0.00375153 0)
(-0.109686 -0.00628092 0)
(-0.0871308 -0.00796414 0)
(-0.0614104 -0.00785564 0)
(-0.0369539 -0.00774372 0)
(-0.012026 -0.00687634 0)
(0.00871091 -0.00561825 0)
(0.026126 -0.00420891 0)
(0.0396207 -0.00281751 0)
(0.0496129 -0.00157814 0)
(0.0564631 -0.000518656 0)
(0.0606805 0.000320687 0)
(0.0627501 0.000897164 0)
(0.0632096 0.001223 0)
(0.0626342 0.00135546 0)
(0.0614635 0.00132862 0)
(0.0599966 0.00120685 0)
(0.0584356 0.00103629 0)
(0.0569374 0.000848175 0)
(0.0555655 0.000667903 0)
(0.0543868 0.000510229 0)
(0.0533721 0.000382365 0)
(0.0525558 0.000283045 0)
(0.0518648 0.000210418 0)
(0.0513355 0.000156219 0)
(0.050882 0.00011923 0)
(0.0505459 8.88955e-05 0)
(0.0502603 7.07201e-05 0)
(0.0500372 5.06445e-05 0)
(0.0498865 4.33885e-05 0)
(0.0497005 2.87618e-05 0)
(0.0049471 -0.0118366 0)
(0.00683121 0.00285988 0)
(-0.0103379 0.0148212 0)
(-0.0550522 0.0369993 0)
(-0.0866007 0.0335873 0)
(-0.108026 0.0257516 0)
(-0.127651 0.0188711 0)
(-0.133127 0.00654375 0)
(-0.129851 -0.00490107 0)
(-0.11763 -0.0158381 0)
(-0.0978296 -0.0229312 0)
(-0.0762455 -0.0273994 0)
(-0.049912 -0.0295324 0)
(-0.0250898 -0.0274824 0)
(-0.000356888 -0.0254506 0)
(0.020907 -0.0217091 0)
(0.039101 -0.0176734 0)
(0.0537622 -0.0136953 0)
(0.0652973 -0.0101457 0)
(0.0739717 -0.00709103 0)
(0.0801966 -0.00456528 0)
(0.0845259 -0.00257905 0)
(0.0875012 -0.00111956 0)
(0.0896427 -0.000110711 0)
(0.0911986 0.000537427 0)
(0.0923878 0.000922168 0)
(0.0932097 0.00111083 0)
(0.0938033 0.00116156 0)
(0.0941152 0.0011212 0)
(0.0943063 0.00102398 0)
(0.0942938 0.000905112 0)
(0.0942596 0.000770925 0)
(0.0940931 0.00065167 0)
(0.0939753 0.000531632 0)
(0.0937771 0.000442636 0)
(0.093654 0.000347236 0)
(0.0934914 0.000290972 0)
(0.093386 0.000214984 0)
(0.0932927 0.000187445 0)
(0.0931917 0.000124356 0)
(0.000290586 -0.00442371 0)
(-0.0220506 0.0152213 0)
(-0.0403974 0.0487491 0)
(-0.0621945 0.0585981 0)
(-0.0740105 0.0525369 0)
(-0.0892041 0.0400801 0)
(-0.101276 0.0278654 0)
(-0.102694 0.0083264 0)
(-0.0963616 -0.0108416 0)
(-0.0815925 -0.027126 0)
(-0.0655182 -0.03735 0)
(-0.0438747 -0.0435027 0)
(-0.0247705 -0.0459231 0)
(-0.00301875 -0.0447483 0)
(0.016595 -0.040745 0)
(0.0343394 -0.0348258 0)
(0.0495371 -0.028351 0)
(0.0618034 -0.0220251 0)
(0.0718647 -0.0162957 0)
(0.08005 -0.0112723 0)
(0.0860794 -0.00724153 0)
(0.0900131 -0.00436249 0)
(0.092398 -0.00250735 0)
(0.0941029 -0.00135898 0)
(0.0955649 -0.000648241 0)
(0.0970348 -0.000198802 0)
(0.0983864 8.48255e-05 0)
(0.0996809 0.000265612 0)
(0.100724 0.000377421 0)
(0.101641 0.000436185 0)
(0.102265 0.000465067 0)
(0.102796 0.00045739 0)
(0.10308 0.000442402 0)
(0.103349 0.000396573 0)
(0.103432 0.000363296 0)
(0.103562 0.000299981 0)
(0.103558 0.000267651 0)
(0.10363 0.000199163 0)
(0.103607 0.000179303 0)
(0.103655 0.000112909 0)
(0.00317715 0.00281912 0)
(-0.0162116 0.0332899 0)
(-0.0216505 0.0483327 0)
(-0.0376738 0.0628425 0)
(-0.0467542 0.0538753 0)
(-0.0574565 0.0440544 0)
(-0.0629911 0.029086 0)
(-0.0584446 0.00551651 0)
(-0.0505417 -0.0194538 0)
(-0.0362959 -0.0381472 0)
(-0.0202713 -0.0499054 0)
(-0.00460497 -0.0566914 0)
(0.0117868 -0.059522 0)
(0.0260362 -0.057633 0)
(0.0394964 -0.0526035 0)
(0.0514836 -0.0454592 0)
(0.0624714 -0.0372814 0)
(0.0707954 -0.029621 0)
(0.076876 -0.0231644 0)
(0.0827864 -0.0171584 0)
(0.088846 -0.0114826 0)
(0.093842 -0.00687855 0)
(0.0968801 -0.00389801 0)
(0.0983754 -0.0023003 0)
(0.0990659 -0.00153687 0)
(0.0996762 -0.00112233 0)
(0.100341 -0.000827267 0)
(0.101191 -0.000563218 0)
(0.101988 -0.000325492 0)
(0.102801 -0.000125795 0)
(0.103406 3.49615e-05 0)
(0.103973 0.000143389 0)
(0.104309 0.000223348 0)
(0.10465 0.000251855 0)
(0.104797 0.00027226 0)
(0.105002 0.00024392 0)
(0.105046 0.000234432 0)
(0.105186 0.000174622 0)
(0.105188 0.000161268 0)
(0.105301 8.771e-05 0)
(-0.00403176 0.00580219 0)
(-0.00873846 0.0311905 0)
(-0.0176603 0.0568998 0)
(-0.0137686 0.0717636 0)
(-0.012819 0.0666918 0)
(-0.0155235 0.0531871 0)
(-0.0155787 0.0305554 0)
(-0.00819677 0.0026517 0)
(-0.00185193 -0.0256668 0)
(0.00624171 -0.0477916 0)
(0.0162844 -0.0598132 0)
(0.031424 -0.0654702 0)
(0.0432345 -0.0671017 0)
(0.0532853 -0.0652623 0)
(0.0616781 -0.0593014 0)
(0.06764 -0.0515858 0)
(0.074214 -0.0421315 0)
(0.0808029 -0.0319664 0)
(0.0835462 -0.0245356 0)
(0.0840525 -0.0196762 0)
(0.0859996 -0.0151284 0)
(0.0901184 -0.010223 0)
(0.0946903 -0.00594001 0)
(0.0982663 -0.00308326 0)
(0.100347 -0.00166497 0)
(0.101409 -0.00113953 0)
(0.101912 -0.000998358 0)
(0.102376 -0.000904908 0)
(0.102807 -0.000760948 0)
(0.103354 -0.000564835 0)
(0.103791 -0.000356023 0)
(0.104258 -0.00017817 0)
(0.104537 -3.46617e-05 0)
(0.104842 4.60868e-05 0)
(0.104963 0.000106006 0)
(0.105157 0.000110306 0)
(0.105192 0.000126221 0)
(0.105335 8.68972e-05 0)
(0.105336 8.84121e-05 0)
(0.105461 2.66676e-05 0)
(0.00682825 0.01063 0)
(0.0112419 0.0475317 0)
(0.0237309 0.0540853 0)
(0.0293865 0.0644261 0)
(0.0311111 0.0560991 0)
(0.0335922 0.0437544 0)
(0.0369607 0.0226561 0)
(0.042188 -0.00411141 0)
(0.0453118 -0.030341 0)
(0.0457425 -0.0518561 0)
(0.0481445 -0.0680333 0)
(0.0549215 -0.075351 0)
(0.0661116 -0.0747896 0)
(0.0731081 -0.0705014 0)
(0.0778988 -0.0624361 0)
(0.0795603 -0.0542626 0)
(0.0794498 -0.0470331 0)
(0.0838514 -0.0365271 0)
(0.0890687 -0.0252643 0)
(0.0893972 -0.0184044 0)
(0.0869666 -0.0153341 0)
(0.0863213 -0.0127708 0)
(0.0886753 -0.00954663 0)
(0.092802 -0.00625346 0)
(0.0968917 -0.00372934 0)
(0.100018 -0.00220307 0)
(0.101899 -0.00149129 0)
(0.102969 -0.00119308 0)
(0.103502 -0.00102899 0)
(0.103917 -0.00084277 0)
(0.104183 -0.000618736 0)
(0.104501 -0.000392249 0)
(0.10468 -0.000189124 0)
(0.10492 -4.83612e-05 0)
(0.10501 5.92633e-05 0)
(0.105183 9.34357e-05 0)
(0.10521 0.000122248 0)
(0.105344 8.16373e-05 0)
(0.105342 7.95622e-05 0)
(0.105461 -3.0965e-06 0)
(-0.0449423 -0.00646065 0)
(0.00629876 0.0149787 0)
(0.0126836 0.0404863 0)
(0.0546835 0.0636693 0)
(0.0723386 0.0654298 0)
(0.0845359 0.0533195 0)
(0.0902148 0.0283624 0)
(0.093714 -0.000629931 0)
(0.0923782 -0.0254236 0)
(0.0888524 -0.0476545 0)
(0.087215 -0.06666 0)
(0.0884276 -0.0794098 0)
(0.0924607 -0.0810248 0)
(0.0953347 -0.0742465 0)
(0.0950986 -0.06306 0)
(0.0942458 -0.0509637 0)
(0.088946 -0.0439213 0)
(0.0843865 -0.0382977 0)
(0.0865036 -0.0285004 0)
(0.0902656 -0.0183523 0)
(0.0904284 -0.0128787 0)
(0.0882552 -0.011303 0)
(0.0871066 -0.0105291 0)
(0.0884976 -0.00895085 0)
(0.0917576 -0.00679768 0)
(0.0956705 -0.00469799 0)
(0.099087 -0.00310777 0)
(0.101628 -0.00206075 0)
(0.103165 -0.00144376 0)
(0.104076 -0.00105561 0)
(0.104494 -0.000777064 0)
(0.104785 -0.000545507 0)
(0.104892 -0.000348429 0)
(0.105052 -0.000205474 0)
(0.105081 -9.48087e-05 0)
(0.1052 -4.95348e-05 0)
(0.105198 -5.44864e-06 0)
(0.105308 -2.49856e-05 0)
(0.105298 -8.91239e-06 0)
(0.10541 -6.83883e-05 0)
(0.116925 0.0371019 0)
(0.0760257 0.0149283 0)
(0.053862 0.0171986 0)
(0.0690384 0.0244159 0)
(0.0861607 0.0327736 0)
(0.105923 0.0311709 0)
(0.118944 0.0159395 0)
(0.124944 -0.0043522 0)
(0.125151 -0.0258616 0)
(0.122028 -0.0484806 0)
(0.121697 -0.0680365 0)
(0.123038 -0.0791268 0)
(0.119111 -0.080696 0)
(0.112666 -0.074002 0)
(0.106353 -0.0634353 0)
(0.103117 -0.0508271 0)
(0.100583 -0.0397191 0)
(0.0941904 -0.0337354 0)
(0.0890725 -0.0285008 0)
(0.0893716 -0.0207616 0)
(0.0919921 -0.0137317 0)
(0.0934338 -0.0102091 0)
(0.0931614 -0.00954179 0)
(0.0925518 -0.00953065 0)
(0.0928127 -0.00890121 0)
(0.094366 -0.00749285 0)
(0.0967452 -0.00578122 0)
(0.0993863 -0.0041366 0)
(0.101617 -0.00280821 0)
(0.103277 -0.00181846 0)
(0.10424 -0.00113478 0)
(0.104805 -0.000670769 0)
(0.105006 -0.000358452 0)
(0.105154 -0.000160197 0)
(0.10516 -2.65279e-05 0)
(0.10525 2.37805e-05 0)
(0.105239 6.21277e-05 0)
(0.105332 1.76674e-05 0)
(0.105321 1.53967e-05 0)
(0.105411 -8.10453e-05 0)
(0.147395 0.0466387 0)
(0.14041 0.046172 0)
(0.126311 0.0440656 0)
(0.124451 0.0359339 0)
(0.123487 0.0329502 0)
(0.133348 0.0266769 0)
(0.145382 0.0121781 0)
(0.151702 -0.00495984 0)
(0.153317 -0.0234598 0)
(0.153865 -0.0451585 0)
(0.150035 -0.06636 0)
(0.144483 -0.0763088 0)
(0.136622 -0.0730971 0)
(0.122188 -0.0640571 0)
(0.108795 -0.0545926 0)
(0.100971 -0.0464257 0)
(0.0986525 -0.0382506 0)
(0.0978941 -0.0308235 0)
(0.0956621 -0.0252793 0)
(0.0937932 -0.0204331 0)
(0.0943686 -0.0158248 0)
(0.09693 -0.0121922 0)
(0.0998701 -0.00989471 0)
(0.101752 -0.0085829 0)
(0.101987 -0.00791601 0)
(0.101242 -0.00741391 0)
(0.100538 -0.00670679 0)
(0.100607 -0.00559204 0)
(0.101351 -0.00425667 0)
(0.102491 -0.00294274 0)
(0.103522 -0.00187971 0)
(0.104347 -0.00111902 0)
(0.1048 -0.000632236 0)
(0.105091 -0.0003562 0)
(0.105153 -0.000197436 0)
(0.105231 -0.000134017 0)
(0.105194 -8.38176e-05 0)
(0.105256 -0.000101334 0)
(0.105234 -8.33851e-05 0)
(0.10532 -0.000151373 0)
(0.144668 0.0331768 0)
(0.155072 0.0344973 0)
(0.151122 0.0368162 0)
(0.156989 0.0288578 0)
(0.159476 0.0255184 0)
(0.165371 0.0189279 0)
(0.175393 0.00459707 0)
(0.18015 -0.00867554 0)
(0.179427 -0.0236012 0)
(0.177214 -0.0430959 0)
(0.169362 -0.0604093 0)
(0.150597 -0.069757 0)
(0.133747 -0.066189 0)
(0.121379 -0.0557599 0)
(0.111201 -0.0479087 0)
(0.105161 -0.0419514 0)
(0.101451 -0.0362519 0)
(0.0992141 -0.0309763 0)
(0.0990758 -0.0255374 0)
(0.100291 -0.0200629 0)
(0.101123 -0.0162105 0)
(0.101167 -0.0144382 0)
(0.101649 -0.0133345 0)
(0.103554 -0.0114267 0)
(0.106154 -0.0088942 0)
(0.107941 -0.00670876 0)
(0.108051 -0.00546718 0)
(0.10698 -0.00483711 0)
(0.105612 -0.00430621 0)
(0.104692 -0.00353949 0)
(0.104296 -0.00259399 0)
(0.104366 -0.00164957 0)
(0.104556 -0.000893213 0)
(0.104825 -0.000386064 0)
(0.104982 -9.0747e-05 0)
(0.105151 2.0412e-05 0)
(0.105201 6.36395e-05 0)
(0.10529 5.0476e-06 0)
(0.105287 -9.77724e-06 0)
(0.105344 -0.000133379 0)
(0.146732 0.0329233 0)
(0.152316 0.0361618 0)
(0.153961 0.0373118 0)
(0.163135 0.0265198 0)
(0.166141 0.023642 0)
(0.174118 0.0155566 0)
(0.181839 0.000991054 0)
(0.183869 -0.00741824 0)
(0.184751 -0.0194597 0)
(0.178526 -0.0376481 0)
(0.1678 -0.0486334 0)
(0.151287 -0.0519328 0)
(0.13216 -0.0518269 0)
(0.122476 -0.0470081 0)
(0.118364 -0.0424553 0)
(0.114871 -0.0391909 0)
(0.112095 -0.0337657 0)
(0.108136 -0.0286647 0)
(0.103939 -0.0256211 0)
(0.103331 -0.0216568 0)
(0.105883 -0.0161709 0)
(0.107037 -0.0122352 0)
(0.104632 -0.0113953 0)
(0.10118 -0.0116411 0)
(0.0997193 -0.0108067 0)
(0.100973 -0.0085415 0)
(0.103665 -0.00588312 0)
(0.106201 -0.00373237 0)
(0.107546 -0.00246079 0)
(0.107705 -0.00183503 0)
(0.1071 -0.00152539 0)
(0.106347 -0.00126386 0)
(0.105696 -0.000993161 0)
(0.105332 -0.000729651 0)
(0.105107 -0.000496577 0)
(0.105062 -0.00034212 0)
(0.105023 -0.000220988 0)
(0.105087 -0.000195695 0)
(0.105093 -0.000155243 0)
(0.105186 -0.00021698 0)
(0.145398 0.0245518 0)
(0.147774 0.0300825 0)
(0.155631 0.0295812 0)
(0.161203 0.0216122 0)
(0.163933 0.0172176 0)
(0.172384 0.00793454 0)
(0.1752 -0.00245388 0)
(0.176454 -0.0101264 0)
(0.178356 -0.0189319 0)
(0.170631 -0.0315477 0)
(0.158703 -0.0424354 0)
(0.151026 -0.0447926 0)
(0.141096 -0.0449654 0)
(0.130575 -0.0453725 0)
(0.124136 -0.0423619 0)
(0.11784 -0.0377538 0)
(0.112799 -0.0319783 0)
(0.110966 -0.0256566 0)
(0.108781 -0.0225616 0)
(0.105372 -0.0219895 0)
(0.104107 -0.0193494 0)
(0.105413 -0.0138554 0)
(0.10591 -0.00922235 0)
(0.103661 -0.00793405 0)
(0.100004 -0.00900334 0)
(0.0972836 -0.00999517 0)
(0.0966952 -0.00963591 0)
(0.0980957 -0.00790867 0)
(0.100478 -0.00557882 0)
(0.102859 -0.00335734 0)
(0.104581 -0.00170347 0)
(0.105549 -0.000661158 0)
(0.105866 -0.000112309 0)
(0.105867 0.00011506 0)
(0.105707 0.000175714 0)
(0.105573 0.000135574 0)
(0.105437 9.18499e-05 0)
(0.105375 -1.16336e-05 0)
(0.10531 -4.66828e-05 0)
(0.105288 -0.000181842 0)
(0.142412 0.0247987 0)
(0.14504 0.0273545 0)
(0.153131 0.0255551 0)
(0.157299 0.0190475 0)
(0.161786 0.0130972 0)
(0.166874 0.00641136 0)
(0.168438 -0.0019068 0)
(0.168482 -0.00934565 0)
(0.168591 -0.0150324 0)
(0.165957 -0.0233616 0)
(0.155796 -0.0341518 0)
(0.145312 -0.0387809 0)
(0.139454 -0.0367482 0)
(0.13203 -0.035182 0)
(0.123943 -0.0334747 0)
(0.117562 -0.0302854 0)
(0.111962 -0.0277758 0)
(0.109414 -0.0248559 0)
(0.110084 -0.0206607 0)
(0.109417 -0.017276 0)
(0.105805 -0.0153434 0)
(0.102651 -0.0129581 0)
(0.102487 -0.00972181 0)
(0.104532 -0.00692727 0)
(0.106604 -0.00556803 0)
(0.107028 -0.00544087 0)
(0.105715 -0.00586593 0)
(0.103751 -0.00604959 0)
(0.10224 -0.00564832 0)
(0.101658 -0.00464287 0)
(0.101841 -0.00337537 0)
(0.102441 -0.00217699 0)
(0.10311 -0.0012644 0)
(0.103709 -0.000667387 0)
(0.104145 -0.000324652 0)
(0.104472 -0.000176546 0)
(0.104672 -0.000104939 0)
(0.104842 -0.000134953 0)
(0.104924 -0.000131017 0)
(0.10504 -0.000228254 0)
(0.140677 0.0208091 0)
(0.144766 0.0220064 0)
(0.150717 0.0202808 0)
(0.155133 0.0150693 0)
(0.15878 0.00977328 0)
(0.16179 0.0040162 0)
(0.163374 -0.00287139 0)
(0.161722 -0.0093923 0)
(0.160408 -0.0156333 0)
(0.160719 -0.0212162 0)
(0.155241 -0.0267698 0)
(0.14434 -0.0325582 0)
(0.13731 -0.0350316 0)
(0.13285 -0.0339016 0)
(0.126445 -0.0317492 0)
(0.121825 -0.0286645 0)
(0.119602 -0.0257395 0)
(0.116149 -0.0245453 0)
(0.112297 -0.0232177 0)
(0.110549 -0.019566 0)
(0.110095 -0.0148852 0)
(0.109122 -0.0116993 0)
(0.107698 -0.010937 0)
(0.106997 -0.0113636 0)
(0.107755 -0.0112885 0)
(0.109684 -0.00994496 0)
(0.111692 -0.00791695 0)
(0.112713 -0.00597401 0)
(0.11234 -0.0044843 0)
(0.110927 -0.00330038 0)
(0.109213 -0.00233404 0)
(0.107733 -0.00154406 0)
(0.106683 -0.00096004 0)
(0.106028 -0.000567022 0)
(0.105651 -0.000323817 0)
(0.105446 -0.000208923 0)
(0.105333 -0.000140946 0)
(0.105265 -0.000159908 0)
(0.105225 -0.000149312 0)
(0.105185 -0.000241126 0)
(0.140429 0.0188883 0)
(0.143336 0.0187423 0)
(0.148198 0.0172249 0)
(0.152685 0.012667 0)
(0.154814 0.0077057 0)
(0.157024 0.00300921 0)
(0.158887 -0.00163193 0)
(0.158329 -0.00700919 0)
(0.155932 -0.0139729 0)
(0.153176 -0.0194549 0)
(0.150849 -0.0224412 0)
(0.145841 -0.0259124 0)
(0.13792 -0.0285285 0)
(0.131845 -0.0274359 0)
(0.127289 -0.0258042 0)
(0.122456 -0.0258065 0)
(0.119287 -0.0240103 0)
(0.117433 -0.019517 0)
(0.114168 -0.0162127 0)
(0.110146 -0.0152933 0)
(0.108372 -0.0140933 0)
(0.109375 -0.0110565 0)
(0.110562 -0.00783914 0)
(0.109277 -0.00648458 0)
(0.105626 -0.00702798 0)
(0.101753 -0.00779045 0)
(0.0994004 -0.00752805 0)
(0.0987823 -0.00604839 0)
(0.0993309 -0.00407488 0)
(0.100379 -0.0022988 0)
(0.10148 -0.00110051 0)
(0.102412 -0.000420255 0)
(0.103161 -0.000109145 0)
(0.103714 2.97517e-06 0)
(0.104129 2.66064e-05 0)
(0.104413 -6.53023e-06 0)
(0.104619 -2.99679e-05 0)
(0.10476 -0.000103974 0)
(0.104851 -0.000121195 0)
(0.104937 -0.00022957 0)
(0.139763 0.0160596 0)
(0.142259 0.0156469 0)
(0.146288 0.0134992 0)
(0.149679 0.0102625 0)
(0.152014 0.00643987 0)
(0.153457 0.0014333 0)
(0.153849 -0.00321289 0)
(0.154743 -0.00672193 0)
(0.154143 -0.0111443 0)
(0.150035 -0.0170301 0)
(0.146168 -0.0212095 0)
(0.143526 -0.0226275 0)
(0.13823 -0.024293 0)
(0.131882 -0.0259119 0)
(0.128542 -0.024673 0)
(0.125687 -0.0222786 0)
(0.120642 -0.021392 0)
(0.116534 -0.0202837 0)
(0.115623 -0.0175241 0)
(0.115354 -0.0149456 0)
(0.113205 -0.0140075 0)
(0.110321 -0.0132401 0)
(0.109093 -0.01111 0)
(0.109815 -0.00817598 0)
(0.11112 -0.00611513 0)
(0.111459 -0.00549977 0)
(0.110462 -0.00575099 0)
(0.108767 -0.0058902 0)
(0.107234 -0.00550895 0)
(0.106177 -0.00464886 0)
(0.105626 -0.003608 0)
(0.105365 -0.00259851 0)
(0.105291 -0.00177469 0)
(0.105246 -0.00116724 0)
(0.105247 -0.000749661 0)
(0.105211 -0.000498324 0)
(0.105203 -0.000333356 0)
(0.105153 -0.000278381 0)
(0.10514 -0.000227325 0)
(0.105082 -0.000272778 0)
(0.138634 0.0141181 0)
(0.141179 0.0130271 0)
(0.144288 0.0114008 0)
(0.147071 0.00825608 0)
(0.149276 0.00473024 0)
(0.15067 0.0017295 0)
(0.151104 -0.00235159 0)
(0.150609 -0.00711345 0)
(0.150019 -0.0102945 0)
(0.148806 -0.0132827 0)
(0.144914 -0.0176656 0)
(0.140248 -0.0204555 0)
(0.137286 -0.0203247 0)
(0.13367 -0.0205275 0)
(0.128512 -0.0215311 0)
(0.124682 -0.0203607 0)
(0.122482 -0.0176055 0)
(0.119884 -0.0161708 0)
(0.116977 -0.0157856 0)
(0.115019 -0.014002 0)
(0.113792 -0.0107182 0)
(0.112259 -0.00797662 0)
(0.110428 -0.00713362 0)
(0.108938 -0.00755487 0)
(0.108102 -0.00791378 0)
(0.107625 -0.00731811 0)
(0.107157 -0.00584711 0)
(0.106488 -0.00405693 0)
(0.105783 -0.00253404 0)
(0.105147 -0.00144832 0)
(0.104746 -0.000789535 0)
(0.104512 -0.000409973 0)
(0.104477 -0.000212417 0)
(0.104492 -0.000115269 0)
(0.104596 -6.79254e-05 0)
(0.104659 -6.87948e-05 0)
(0.104759 -6.60115e-05 0)
(0.104798 -0.000117118 0)
(0.104858 -0.000123481 0)
(0.104877 -0.000217076 0)
(0.137982 0.0118479 0)
(0.140084 0.01081 0)
(0.142646 0.0090607 0)
(0.145117 0.00663233 0)
(0.146636 0.00378941 0)
(0.147789 0.000387559 0)
(0.148712 -0.00273387 0)
(0.148367 -0.00567125 0)
(0.147032 -0.0095643 0)
(0.145628 -0.012979 0)
(0.143523 -0.0147463 0)
(0.139904 -0.0168243 0)
(0.136018 -0.0191138 0)
(0.132945 -0.0191688 0)
(0.129685 -0.0179162 0)
(0.125959 -0.0176877 0)
(0.12305 -0.0175813 0)
(0.121003 -0.015817 0)
(0.11866 -0.0133567 0)
(0.115882 -0.011949 0)
(0.113783 -0.0115251 0)
(0.112935 -0.0107109 0)
(0.112813 -0.00892213 0)
(0.112366 -0.00676269 0)
(0.111154 -0.00523845 0)
(0.109413 -0.00461054 0)
(0.107811 -0.0045322 0)
(0.106637 -0.00443067 0)
(0.105987 -0.00409302 0)
(0.105633 -0.00350676 0)
(0.105506 -0.00282387 0)
(0.105406 -0.00214398 0)
(0.105384 -0.00155755 0)
(0.105306 -0.00109402 0)
(0.105289 -0.000746398 0)
(0.105204 -0.000519316 0)
(0.105187 -0.000355887 0)
(0.105098 -0.000288342 0)
(0.105086 -0.000228765 0)
(0.104993 -0.000252313 0)
(0.137011 0.0100853 0)
(0.139008 0.00890934 0)
(0.141173 0.00739603 0)
(0.143154 0.00525649 0)
(0.144746 0.00277366 0)
(0.145734 0.00026718 0)
(0.146019 -0.00261305 0)
(0.146033 -0.00565619 0)
(0.145382 -0.00815071 0)
(0.14352 -0.0106871 0)
(0.141313 -0.013402 0)
(0.13909 -0.0149096 0)
(0.135978 -0.0153875 0)
(0.132393 -0.0161282 0)
(0.129582 -0.0165095 0)
(0.127156 -0.015516 0)
(0.124165 -0.0140664 0)
(0.121128 -0.0131873 0)
(0.119102 -0.0124158 0)
(0.117854 -0.0108904 0)
(0.116418 -0.00888113 0)
(0.11437 -0.00724784 0)
(0.112306 -0.00642655 0)
(0.110817 -0.00605151 0)
(0.110029 -0.00567925 0)
(0.109504 -0.00500598 0)
(0.108937 -0.00408704 0)
(0.108152 -0.00306105 0)
(0.107348 -0.00214622 0)
(0.106563 -0.00141611 0)
(0.105986 -0.000903482 0)
(0.105519 -0.000555113 0)
(0.10527 -0.000333814 0)
(0.105063 -0.000200973 0)
(0.105007 -0.000118161 0)
(0.104916 -9.08283e-05 0)
(0.104929 -6.74264e-05 0)
(0.10487 -0.000100243 0)
(0.104894 -9.83178e-05 0)
(0.104841 -0.000175318 0)
(0.136254 0.00829246 0)
(0.138046 0.00721221 0)
(0.139895 0.00582872 0)
(0.141623 0.00403033 0)
(0.142893 0.00194853 0)
(0.143785 -0.000354174 0)
(0.144278 -0.00269873 0)
(0.144023 -0.005061 0)
(0.143239 -0.00753674 0)
(0.142144 -0.00972049 0)
(0.140233 -0.011406 0)
(0.137676 -0.0129159 0)
(0.135305 -0.0140095 0)
(0.132889 -0.0142228 0)
(0.129908 -0.0139678 0)
(0.126982 -0.0136838 0)
(0.124777 -0.0130838 0)
(0.122803 -0.0118899 0)
(0.120498 -0.0105344 0)
(0.118084 -0.00943694 0)
(0.116162 -0.00857104 0)
(0.11484 -0.00760639 0)
(0.113865 -0.00644331 0)
(0.112799 -0.00522206 0)
(0.111546 -0.00424835 0)
(0.110138 -0.00361196 0)
(0.108873 -0.00323773 0)
(0.107809 -0.00291861 0)
(0.107076 -0.00258168 0)
(0.106511 -0.00218735 0)
(0.106169 -0.00177957 0)
(0.105859 -0.0013828 0)
(0.105691 -0.0010313 0)
(0.105485 -0.000745807 0)
(0.105398 -0.000516987 0)
(0.10524 -0.000366633 0)
(0.105198 -0.000247697 0)
(0.105063 -0.000203962 0)
(0.105046 -0.000156535 0)
(0.104919 -0.000180414 0)
(0.135482 0.00676588 0)
(0.137145 0.00574706 0)
(0.138776 0.00452656 0)
(0.140268 0.00299777 0)
(0.141433 0.00123649 0)
(0.142205 -0.000650317 0)
(0.142539 -0.00267359 0)
(0.142437 -0.00473368 0)
(0.141803 -0.00666345 0)
(0.140598 -0.00847832 0)
(0.139053 -0.0100796 0)
(0.137176 -0.0111988 0)
(0.13485 -0.0118883 0)
(0.132392 -0.0122945 0)
(0.130136 -0.0122706 0)
(0.127878 -0.0117177 0)
(0.125438 -0.0109347 0)
(0.123042 -0.0101113 0)
(0.121023 -0.00917689 0)
(0.119302 -0.00800707 0)
(0.117655 -0.00674201 0)
(0.115897 -0.00560391 0)
(0.114183 -0.00477261 0)
(0.112646 -0.00416358 0)
(0.111439 -0.00366187 0)
(0.11041 -0.00312206 0)
(0.109529 -0.00255178 0)
(0.108637 -0.00196209 0)
(0.107864 -0.00142895 0)
(0.107118 -0.000976649 0)
(0.106562 -0.00063222 0)
(0.106049 -0.000382314 0)
(0.105736 -0.000210313 0)
(0.105427 -0.00010654 0)
(0.105289 -3.72838e-05 0)
(0.1051 -1.76088e-05 0)
(0.105057 3.19967e-06 0)
(0.104924 -2.99969e-05 0)
(0.104922 -2.98881e-05 0)
(0.10481 -9.88493e-05 0)
(0.134809 0.00530263 0)
(0.136357 0.00439877 0)
(0.137821 0.0033433 0)
(0.139136 0.00205532 0)
(0.14015 0.000582123 0)
(0.140852 -0.00102014 0)
(0.141181 -0.00269889 0)
(0.141032 -0.00440289 0)
(0.140471 -0.0060643 0)
(0.13953 -0.0075556 0)
(0.138119 -0.00881375 0)
(0.136363 -0.00981187 0)
(0.134505 -0.0104376 0)
(0.132496 -0.0106382 0)
(0.13026 -0.0105353 0)
(0.128 -0.0101801 0)
(0.125936 -0.00953762 0)
(0.123937 -0.00861224 0)
(0.121888 -0.00759414 0)
(0.119825 -0.00662241 0)
(0.11794 -0.00574805 0)
(0.116247 -0.00490328 0)
(0.11478 -0.00407883 0)
(0.113399 -0.00328553 0)
(0.112112 -0.00261806 0)
(0.110817 -0.00210657 0)
(0.10966 -0.00175411 0)
(0.108601 -0.0014738 0)
(0.107793 -0.00123617 0)
(0.107088 -0.0010096 0)
(0.106611 -0.000797017 0)
(0.106164 -0.000606895 0)
(0.1059 -0.000437405 0)
(0.105603 -0.000306685 0)
(0.105467 -0.00019404 0)
(0.105258 -0.000132507 0)
(0.105194 -7.31927e-05 0)
(0.105024 -6.71016e-05 0)
(0.105003 -4.01212e-05 0)
(0.10485 -7.34502e-05 0)
(0.134193 0.0039941 0)
(0.135655 0.00320223 0)
(0.136995 0.00230507 0)
(0.138177 0.00123097 0)
(0.139099 1.35942e-05 0)
(0.139717 -0.00130418 0)
(0.139993 -0.00270703 0)
(0.139887 -0.00411959 0)
(0.139386 -0.00546508 0)
(0.138505 -0.00670598 0)
(0.137308 -0.007755 0)
(0.135836 -0.00851016 0)
(0.134105 -0.00897753 0)
(0.132208 -0.00917234 0)
(0.13028 -0.00904033 0)
(0.128313 -0.00856158 0)
(0.12627 -0.0078766 0)
(0.124161 -0.00708231 0)
(0.122128 -0.00620451 0)
(0.120205 -0.00523074 0)
(0.118411 -0.00425483 0)
(0.116645 -0.00336105 0)
(0.114971 -0.00263221 0)
(0.113382 -0.0020688 0)
(0.112008 -0.00165136 0)
(0.110763 -0.00130187 0)
(0.109737 -0.000990416 0)
(0.108781 -0.000697109 0)
(0.108008 -0.000441474 0)
(0.107271 -0.00022898 0)
(0.106727 -6.59731e-05 0)
(0.106201 4.83106e-05 0)
(0.105875 0.000127893 0)
(0.105529 0.000160492 0)
(0.105363 0.000182686 0)
(0.105131 0.000160101 0)
(0.105068 0.000151182 0)
(0.104902 9.71725e-05 0)
(0.104888 8.36112e-05 0)
(0.104748 8.85958e-06 0)
(0.133552 0.00274764 0)
(0.134956 0.0020855 0)
(0.136205 0.00135362 0)
(0.137274 0.000495311 0)
(0.138099 -0.000487769 0)
(0.13865 -0.00155973 0)
(0.138881 -0.00269637 0)
(0.138741 -0.00384889 0)
(0.138257 -0.004954 0)
(0.137449 -0.00594846 0)
(0.136302 -0.00678261 0)
(0.134874 -0.00740898 0)
(0.133274 -0.00775929 0)
(0.131515 -0.00779979 0)
(0.129589 -0.0075707 0)
(0.127548 -0.00710808 0)
(0.125503 -0.00644921 0)
(0.123456 -0.00561772 0)
(0.121418 -0.00469832 0)
(0.119387 -0.0037843 0)
(0.117457 -0.00297282 0)
(0.11563 -0.00226392 0)
(0.114 -0.00165877 0)
(0.112502 -0.00113793 0)
(0.111203 -0.00072638 0)
(0.109989 -0.000418991 0)
(0.108957 -0.000217007 0)
(0.108003 -9.0358e-05 0)
(0.107276 -1.47316e-05 0)
(0.106614 3.22667e-05 0)
(0.106169 6.77505e-05 0)
(0.105738 9.1861e-05 0)
(0.10549 0.000118343 0)
(0.105201 0.000122526 0)
(0.105077 0.000136494 0)
(0.104875 0.000120825 0)
(0.104824 0.000127802 0)
(0.104667 9.17977e-05 0)
(0.104655 9.38368e-05 0)
(0.104521 4.57779e-05 0)
(0.132223 0.00155973 0)
(0.133578 0.00101544 0)
(0.134742 0.000430706 0)
(0.135685 -0.00024148 0)
(0.136365 -0.00099016 0)
(0.136748 -0.00180652 0)
(0.136799 -0.0026916 0)
(0.136485 -0.00358686 0)
(0.135798 -0.00443121 0)
(0.134745 -0.00520862 0)
(0.133355 -0.00585455 0)
(0.131689 -0.00627781 0)
(0.12978 -0.00647348 0)
(0.127657 -0.00644026 0)
(0.125408 -0.00613803 0)
(0.1231 -0.00555625 0)
(0.120772 -0.00478458 0)
(0.118459 -0.00393083 0)
(0.116247 -0.00306882 0)
(0.11418 -0.00223168 0)
(0.112333 -0.0014745 0)
(0.110671 -0.000826442 0)
(0.109235 -0.000320861 0)
(0.107965 4.13864e-05 0)
(0.106925 0.000266741 0)
(0.106016 0.000397742 0)
(0.105324 0.00047273 0)
(0.104704 0.000522301 0)
(0.104264 0.000551289 0)
(0.103842 0.000557084 0)
(0.103585 0.000550442 0)
(0.103308 0.000515697 0)
(0.103185 0.00047988 0)
(0.10301 0.000420907 0)
(0.102976 0.000377046 0)
(0.102864 0.000308316 0)
(0.102875 0.000269519 0)
(0.102796 0.000198364 0)
(0.102817 0.000174283 0)
(0.102753 0.000103364 0)
(0.125671 0.000513806 0)
(0.126793 0.000151503 0)
(0.127641 -0.000238228 0)
(0.128184 -0.000693689 0)
(0.128375 -0.00119789 0)
(0.128164 -0.00174177 0)
(0.127513 -0.0023291 0)
(0.126397 -0.00292974 0)
(0.124802 -0.00349927 0)
(0.122747 -0.00400284 0)
(0.120274 -0.00440235 0)
(0.11745 -0.00466396 0)
(0.114386 -0.00475514 0)
(0.111198 -0.00462822 0)
(0.107982 -0.00428439 0)
(0.104848 -0.00376809 0)
(0.101918 -0.00312674 0)
(0.0992862 -0.00240601 0)
(0.097004 -0.00166871 0)
(0.0951054 -0.0009819 0)
(0.0936124 -0.000406884 0)
(0.0924961 4.06092e-05 0)
(0.0917473 0.000366356 0)
(0.0912666 0.000587512 0)
(0.0910316 0.000718527 0)
(0.090918 0.000782197 0)
(0.0909452 0.000785874 0)
(0.0909902 0.000745248 0)
(0.0911374 0.000681185 0)
(0.0912545 0.00060499 0)
(0.0914582 0.000533514 0)
(0.091594 0.000459741 0)
(0.0918041 0.000402429 0)
(0.0919249 0.000339573 0)
(0.0921089 0.000298794 0)
(0.0922031 0.000243523 0)
(0.0923415 0.000217187 0)
(0.0924144 0.000165604 0)
(0.0924926 0.000152312 0)
(0.0925631 0.000104916 0)
(0.0880164 -0.00044563 0)
(0.0879608 -0.000545759 0)
(0.0875477 -0.00066894 0)
(0.0867575 -0.000823337 0)
(0.0855556 -0.000998508 0)
(0.0838857 -0.00119708 0)
(0.0817017 -0.00140623 0)
(0.0789841 -0.00159808 0)
(0.0757368 -0.00176344 0)
(0.0719973 -0.00189042 0)
(0.0678579 -0.00194726 0)
(0.0634652 -0.00190382 0)
(0.0590043 -0.00174961 0)
(0.0546936 -0.00149598 0)
(0.05075 -0.00116129 0)
(0.0473492 -0.000780778 0)
(0.0446058 -0.000401434 0)
(0.0425772 -6.38337e-05 0)
(0.0412535 0.00020673 0)
(0.0405748 0.000399135 0)
(0.0404273 0.000519325 0)
(0.0406803 0.000584162 0)
(0.0412113 0.000597362 0)
(0.041922 0.000572396 0)
(0.0427288 0.000523628 0)
(0.0435599 0.000462445 0)
(0.0443791 0.000402737 0)
(0.045142 0.000353231 0)
(0.0458557 0.000312969 0)
(0.0464818 0.00027754 0)
(0.047059 0.000245599 0)
(0.0475409 0.000214151 0)
(0.0479883 0.000185019 0)
(0.048343 0.000155374 0)
(0.0486767 0.000130345 0)
(0.0489301 0.00010399 0)
(0.0491621 8.5796e-05 0)
(0.0493474 6.3264e-05 0)
(0.0494772 5.34417e-05 0)
(0.0496405 3.35983e-05 0)
)
;

boundaryField
{
    inlet
    {
        type            fixedValue;
        value           uniform (0.1 0 0);
    }
    outlet
    {
        type            zeroGradient;
    }
    lowerWall
    {
        type            noSlip;
    }
    upperWall
    {
        type            noSlip;
    }
    defaultFaces
    {
        type            empty;
    }
}


// ************************************************************************* //
