/*--------------------------------*- C++ -*----------------------------------*\
| =========                 |                                                 |
| \\      /  F ield         | OpenFOAM: The Open Source CFD Toolbox           |
|  \\    /   O peration     | Version:  2112                                  |
|   \\  /    A nd           | Website:  www.openfoam.com                      |
|    \\/     M anipulation  |                                                 |
\*---------------------------------------------------------------------------*/
FoamFile
{
    version     2.0;
    format      ascii;
    arch        "LSB;label=32;scalar=64";
    class       surfaceScalarField;
    location    "0.39";
    object      phi;
}
// * * * * * * * * * * * * * * * * * * * * * * * * * * * * * * * * * * * * * //

dimensions      [0 3 -1 0 0 0 0];

oriented        oriented;

internalField   nonuniform List<scalar> 
3653
(
9.92363e-07
7.63671e-09
9.79195e-07
1.31684e-08
9.63589e-07
1.5606e-08
9.48223e-07
1.53659e-08
9.31355e-07
1.68678e-08
9.15234e-07
1.61211e-08
8.96795e-07
1.84393e-08
8.79626e-07
1.71688e-08
8.60577e-07
1.90486e-08
8.42734e-07
1.78433e-08
8.23275e-07
1.94591e-08
8.04424e-07
1.88513e-08
7.84677e-07
1.97469e-08
7.64331e-07
2.03457e-08
7.44174e-07
2.01574e-08
7.21005e-07
2.31681e-08
7.00883e-07
2.01226e-08
6.74506e-07
2.63767e-08
6.5173e-07
2.27758e-08
6.2362e-07
2.81105e-08
5.94262e-07
2.93575e-08
5.63984e-07
3.02781e-08
5.28829e-07
3.51551e-08
4.89581e-07
3.92478e-08
4.47482e-07
4.20993e-08
3.9698e-07
5.05018e-08
3.42208e-07
5.47719e-08
2.82906e-07
5.93025e-08
2.16698e-07
6.62078e-08
7.1952e-08
1.44746e-07
1.00252e-06
5.12008e-09
1.00652e-06
9.16302e-09
1.00845e-06
1.36771e-08
1.01058e-06
1.32364e-08
1.01038e-06
1.70657e-08
1.01244e-06
1.40641e-08
1.0104e-06
2.04824e-08
1.01201e-06
1.5555e-08
1.00859e-06
2.24724e-08
1.00808e-06
1.83466e-08
1.00507e-06
2.24676e-08
1.0019e-06
2.20271e-08
9.9785e-07
2.37961e-08
9.94349e-07
2.38467e-08
9.86437e-07
2.8069e-08
9.84139e-07
2.54667e-08
9.72348e-07
3.1913e-08
9.67479e-07
3.12461e-08
9.54624e-07
3.56306e-08
9.46001e-07
3.6733e-08
9.29185e-07
4.61739e-08
9.19394e-07
4.00694e-08
8.93123e-07
6.14258e-08
8.80136e-07
5.22348e-08
8.49421e-07
7.28149e-08
8.25363e-07
7.45593e-08
7.85969e-07
9.41661e-08
7.52846e-07
9.2425e-08
6.87063e-07
1.31991e-07
1.26491e-07
6.32524e-07
1.0009e-06
4.22146e-09
1.00498e-06
5.08258e-09
1.00718e-06
1.14809e-08
1.01006e-06
1.03502e-08
1.01165e-06
1.54749e-08
1.01373e-06
1.19901e-08
1.01523e-06
1.89776e-08
1.01705e-06
1.37387e-08
1.01826e-06
2.1257e-08
1.01904e-06
1.75727e-08
1.02024e-06
2.12675e-08
1.01986e-06
2.24076e-08
1.02048e-06
2.31746e-08
1.02041e-06
2.39172e-08
1.01783e-06
3.0649e-08
1.01982e-06
2.34715e-08
1.01363e-06
3.81014e-08
1.01554e-06
2.93361e-08
1.00894e-06
4.22357e-08
1.00661e-06
3.9064e-08
1.00004e-06
5.27465e-08
9.95966e-07
4.41383e-08
9.85017e-07
7.23749e-08
9.79792e-07
5.74605e-08
9.66895e-07
8.5712e-08
9.5352e-07
8.79335e-08
9.39264e-07
1.08422e-07
9.19121e-07
1.12568e-07
8.97209e-07
1.53904e-07
1.54735e-07
8.68964e-07
1.00064e-06
3.5824e-09
1.00269e-06
3.03187e-09
1.00441e-06
9.76479e-09
1.00673e-06
8.02294e-09
1.00823e-06
1.39786e-08
1.01e-06
1.02205e-08
1.01154e-06
1.74362e-08
1.01315e-06
1.21341e-08
1.01441e-06
1.99911e-08
1.01622e-06
1.57607e-08
1.01622e-06
2.12681e-08
1.01889e-06
1.97417e-08
1.01735e-06
2.47099e-08
1.02018e-06
2.1091e-08
1.01821e-06
3.26232e-08
1.0196e-06
2.2078e-08
1.0182e-06
3.95024e-08
1.01806e-06
2.94743e-08
1.01608e-06
4.42202e-08
1.01488e-06
4.02631e-08
1.01232e-06
5.53071e-08
1.0085e-06
4.79565e-08
1.00721e-06
7.36634e-08
1.00047e-06
6.42028e-08
9.97089e-07
8.90892e-08
9.92173e-07
9.2849e-08
9.84444e-07
1.16152e-07
9.75985e-07
1.21027e-07
9.73476e-07
1.56413e-07
1.6979e-07
9.58421e-07
1.00077e-06
2.80812e-09
1.00132e-06
2.4845e-09
1.00344e-06
7.64173e-09
1.00459e-06
6.87582e-09
1.00677e-06
1.17958e-08
1.00789e-06
9.10608e-09
1.00974e-06
1.55869e-08
1.01111e-06
1.0764e-08
1.01248e-06
1.86238e-08
1.01417e-06
1.4067e-08
1.01477e-06
2.0667e-08
1.01673e-06
1.77851e-08
1.0166e-06
2.48322e-08
1.01852e-06
1.9171e-08
1.01792e-06
3.32268e-08
1.01917e-06
2.08328e-08
1.01854e-06
4.01254e-08
1.01882e-06
2.9194e-08
1.01809e-06
4.49585e-08
1.01751e-06
4.08337e-08
1.01628e-06
5.65442e-08
1.01435e-06
4.98832e-08
1.01354e-06
7.44724e-08
1.01069e-06
6.70558e-08
1.00895e-06
9.08268e-08
1.00707e-06
9.47342e-08
1.00463e-06
1.18588e-07
1.00254e-06
1.23115e-07
1.00097e-06
1.57988e-07
1.66325e-07
1.00443e-06
1.0007e-06
2.10793e-09
1.00105e-06
2.13593e-09
1.00264e-06
6.04922e-09
1.00365e-06
5.86991e-09
1.00562e-06
9.82496e-09
1.00654e-06
8.18066e-09
1.00865e-06
1.34823e-08
1.00956e-06
9.84921e-09
1.01141e-06
1.67797e-08
1.01278e-06
1.26939e-08
1.01387e-06
1.95782e-08
1.01551e-06
1.6139e-08
1.01649e-06
2.38595e-08
1.01719e-06
1.84678e-08
1.01901e-06
3.14115e-08
1.01836e-06
2.14789e-08
1.02021e-06
3.8271e-08
1.01967e-06
2.97351e-08
1.02046e-06
4.41695e-08
1.01995e-06
4.13492e-08
1.02079e-06
5.56964e-08
1.01878e-06
5.19004e-08
1.02071e-06
7.25395e-08
1.01849e-06
6.92805e-08
1.01941e-06
8.99065e-08
1.01934e-06
9.47999e-08
1.0204e-06
1.17525e-07
1.02003e-06
1.23492e-07
1.02535e-06
1.52667e-07
1.64091e-07
1.02758e-06
1.00078e-06
1.33209e-09
1.00072e-06
2.18966e-09
1.00224e-06
4.53124e-09
1.00295e-06
5.15535e-09
1.00477e-06
8.01351e-09
1.00585e-06
7.09882e-09
1.00768e-06
1.16494e-08
1.00892e-06
8.60917e-09
1.01067e-06
1.50272e-08
1.01213e-06
1.12412e-08
1.01357e-06
1.81345e-08
1.01514e-06
1.4568e-08
1.01653e-06
2.24675e-08
1.01755e-06
1.74462e-08
1.01957e-06
2.93996e-08
1.01953e-06
2.15173e-08
1.02182e-06
3.59775e-08
1.02176e-06
2.97924e-08
1.02328e-06
4.26555e-08
1.02383e-06
4.07939e-08
1.02499e-06
5.45365e-08
1.02496e-06
5.19347e-08
1.02706e-06
7.04395e-08
1.027e-06
6.93354e-08
1.02903e-06
8.78778e-08
1.03102e-06
9.28166e-08
1.03389e-06
1.14651e-07
1.03739e-06
1.19992e-07
1.04302e-06
1.47042e-07
1.5645e-07
1.05066e-06
1.00057e-06
7.61179e-10
1.00067e-06
2.08781e-09
1.00192e-06
3.28612e-09
1.00265e-06
4.42817e-09
1.00441e-06
6.24628e-09
1.00535e-06
6.15867e-09
1.00746e-06
9.53775e-09
1.00845e-06
7.61934e-09
1.01066e-06
1.28233e-08
1.01186e-06
1.00396e-08
1.0139e-06
1.60916e-08
1.01515e-06
1.3321e-08
1.01744e-06
2.01778e-08
1.01808e-06
1.68061e-08
1.02105e-06
2.64262e-08
1.0211e-06
2.14707e-08
1.02406e-06
3.30204e-08
1.02447e-06
2.93749e-08
1.02691e-06
4.02226e-08
1.0278e-06
3.99055e-08
1.03046e-06
5.18756e-08
1.03098e-06
5.14112e-08
1.03451e-06
6.69095e-08
1.03571e-06
6.81332e-08
1.03944e-06
8.41545e-08
1.04244e-06
8.98073e-08
1.04803e-06
1.09065e-07
1.05227e-06
1.15752e-07
1.06088e-06
1.3843e-07
1.48765e-07
1.06857e-06
1.00049e-06
2.70576e-10
1.00068e-06
1.9016e-09
1.00172e-06
2.23997e-09
1.00261e-06
3.53971e-09
1.00411e-06
4.74621e-09
1.00536e-06
4.9102e-09
1.00725e-06
7.64578e-09
1.00854e-06
6.33449e-09
1.01077e-06
1.05863e-08
1.01208e-06
8.73221e-09
1.01445e-06
1.3726e-08
1.01578e-06
1.19864e-08
1.01837e-06
1.75855e-08
1.01946e-06
1.57216e-08
1.02254e-06
2.33416e-08
1.02333e-06
2.06871e-08
1.02653e-06
2.98162e-08
1.02771e-06
2.81947e-08
1.03058e-06
3.73504e-08
1.0324e-06
3.80838e-08
1.03569e-06
4.85912e-08
1.03742e-06
4.9682e-08
1.04165e-06
6.26736e-08
1.04431e-06
6.54819e-08
1.04903e-06
7.94266e-08
1.05362e-06
8.52232e-08
1.06028e-06
1.02397e-07
1.06675e-06
1.09289e-07
1.07623e-06
1.28952e-07
1.3868e-07
1.08631e-06
1.00037e-06
-9.96843e-11
1.00068e-06
1.59441e-09
1.00166e-06
1.25715e-09
1.00258e-06
2.61772e-09
1.00415e-06
3.18038e-09
1.00539e-06
3.66665e-09
1.00745e-06
5.58615e-09
1.00879e-06
4.9963e-09
1.01121e-06
8.16835e-09
1.01265e-06
7.29458e-09
1.01527e-06
1.11061e-08
1.01676e-06
1.04962e-08
1.0197e-06
1.46417e-08
1.02108e-06
1.43409e-08
1.02445e-06
1.99681e-08
1.02584e-06
1.9299e-08
1.02933e-06
2.63289e-08
1.03114e-06
2.63789e-08
1.03467e-06
3.38238e-08
1.03707e-06
3.56897e-08
1.0412e-06
4.44566e-08
1.04383e-06
4.70476e-08
1.04886e-06
5.7645e-08
1.05262e-06
6.17247e-08
1.05852e-06
7.35274e-08
1.06404e-06
7.97015e-08
1.0722e-06
9.42393e-08
1.07963e-06
1.01857e-07
1.09047e-06
1.18115e-07
1.27992e-07
1.10116e-06
1.00027e-06
-3.72273e-10
1.00075e-06
1.11892e-09
1.00163e-06
3.70289e-10
1.00277e-06
1.48533e-09
1.00426e-06
1.68858e-09
1.00574e-06
2.18596e-09
1.00778e-06
3.54102e-09
1.00936e-06
3.42312e-09
1.01185e-06
5.67202e-09
1.01353e-06
5.61647e-09
1.01629e-06
8.34851e-09
1.01814e-06
8.64444e-09
1.02115e-06
1.16341e-08
1.02314e-06
1.23514e-08
1.02652e-06
1.65866e-08
1.02865e-06
1.717e-08
1.0323e-06
2.26789e-08
1.03484e-06
2.38428e-08
1.03876e-06
2.99001e-08
1.04193e-06
3.25234e-08
1.04656e-06
3.98196e-08
1.05022e-06
4.33879e-08
1.05577e-06
5.20954e-08
1.06066e-06
5.6834e-08
1.06732e-06
6.68736e-08
1.07394e-06
7.30769e-08
1.08277e-06
8.54148e-08
1.09152e-06
9.31036e-08
1.10293e-06
1.06706e-07
1.16065e-07
1.11486e-06
1.00023e-06
-5.98028e-10
1.00081e-06
5.3842e-10
1.00175e-06
-5.73531e-10
1.00297e-06
2.67371e-10
1.0046e-06
6.12795e-11
1.00619e-06
5.94032e-10
1.00835e-06
1.37681e-09
1.01013e-06
1.64495e-09
1.0127e-06
3.1023e-09
1.01467e-06
3.64133e-09
1.01754e-06
5.48255e-09
1.01975e-06
6.43612e-09
1.0229e-06
8.48698e-09
1.02536e-06
9.89233e-09
1.02887e-06
1.30691e-08
1.03161e-06
1.44317e-08
1.03548e-06
1.8814e-08
1.03862e-06
2.06954e-08
1.04299e-06
2.5532e-08
1.0468e-06
2.87162e-08
1.05193e-06
3.46856e-08
1.05646e-06
3.88648e-08
1.06253e-06
4.60213e-08
1.06832e-06
5.1044e-08
1.07568e-06
5.9514e-08
1.08308e-06
6.56724e-08
1.09264e-06
7.58578e-08
1.10223e-06
8.35141e-08
1.1142e-06
9.47319e-08
1.03661e-07
1.12661e-06
1.00021e-06
-8.05043e-10
1.00094e-06
-1.96936e-10
1.00197e-06
-1.60492e-09
1.00341e-06
-1.16833e-09
1.00513e-06
-1.65486e-09
1.00694e-06
-1.22265e-09
1.00918e-06
-8.64981e-10
1.0112e-06
-3.66438e-10
1.01383e-06
4.68405e-10
1.01612e-06
1.34881e-09
1.01906e-06
2.54619e-09
1.02168e-06
3.81469e-09
1.02487e-06
5.29385e-09
1.02784e-06
6.92971e-09
1.03147e-06
9.43456e-09
1.03474e-06
1.11626e-08
1.03884e-06
1.47126e-08
1.04256e-06
1.69709e-08
1.04726e-06
2.08389e-08
1.05173e-06
2.42417e-08
1.05721e-06
2.92039e-08
1.06254e-06
3.35345e-08
1.06904e-06
3.95239e-08
1.07562e-06
4.44659e-08
1.08349e-06
5.16433e-08
1.09165e-06
5.75183e-08
1.10158e-06
6.59277e-08
1.11192e-06
7.3171e-08
1.12416e-06
8.24928e-08
9.05694e-08
1.13725e-06
1.00021e-06
-1.01006e-09
1.00108e-06
-1.07024e-09
1.00225e-06
-2.78115e-09
1.00389e-06
-2.80516e-09
1.00578e-06
-3.54751e-09
1.0078e-06
-3.24334e-09
1.01016e-06
-3.22166e-09
1.01244e-06
-2.64829e-09
1.01518e-06
-2.26643e-09
1.01778e-06
-1.25708e-09
1.02085e-06
-5.24259e-10
1.02383e-06
8.43556e-10
1.02719e-06
1.9323e-09
1.03052e-06
3.59292e-09
1.03437e-06
5.59048e-09
1.03807e-06
7.46396e-09
1.04243e-06
1.0346e-08
1.04665e-06
1.27521e-08
1.05169e-06
1.57998e-08
1.05672e-06
1.92165e-08
1.06255e-06
2.33722e-08
1.06853e-06
2.75574e-08
1.07543e-06
3.26184e-08
1.0826e-06
3.72977e-08
1.09092e-06
4.33218e-08
1.09965e-06
4.87873e-08
1.10994e-06
5.56427e-08
1.12084e-06
6.22627e-08
1.13333e-06
7.00064e-08
7.74931e-08
1.14641e-06
1.00033e-06
-1.33643e-09
1.00143e-06
-2.17398e-09
1.00292e-06
-4.27046e-09
1.00484e-06
-4.72333e-09
1.00695e-06
-5.66475e-09
1.0092e-06
-5.48849e-09
1.01168e-06
-5.70398e-09
1.0142e-06
-5.16879e-09
1.01705e-06
-5.1089e-09
1.01993e-06
-4.14551e-09
1.02311e-06
-3.69786e-09
1.02638e-06
-2.42649e-09
1.02988e-06
-1.56596e-09
1.0335e-06
-3.30038e-11
1.03755e-06
1.54235e-09
1.04162e-06
3.39467e-09
1.04623e-06
5.73056e-09
1.05091e-06
8.07787e-09
1.0562e-06
1.05073e-08
1.06171e-06
1.37097e-08
1.06785e-06
1.7234e-08
1.07438e-06
2.10254e-08
1.08166e-06
2.53361e-08
1.08933e-06
2.96303e-08
1.09798e-06
3.46733e-08
1.10718e-06
3.95868e-08
1.11764e-06
4.51761e-08
1.12885e-06
5.10539e-08
1.14139e-06
5.74726e-08
6.37728e-08
1.15511e-06
1.00038e-06
-1.7185e-09
1.00186e-06
-3.64992e-09
1.00376e-06
-6.17536e-09
1.00605e-06
-7.00655e-09
1.00841e-06
-8.0269e-09
1.01088e-06
-7.96426e-09
1.01351e-06
-8.32556e-09
1.01629e-06
-7.95422e-09
1.0193e-06
-8.12164e-09
1.02246e-06
-7.3019e-09
1.02582e-06
-7.06107e-09
1.02936e-06
-5.9658e-09
1.03307e-06
-5.2696e-09
1.03704e-06
-4.00464e-09
1.04129e-06
-2.71076e-09
1.04567e-06
-9.80705e-10
1.05055e-06
8.50822e-10
1.05564e-06
2.98692e-09
1.06122e-06
4.92892e-09
1.0671e-06
7.82906e-09
1.07351e-06
1.08226e-08
1.08044e-06
1.40899e-08
1.08805e-06
1.77287e-08
1.09611e-06
2.15663e-08
1.10509e-06
2.56944e-08
1.1147e-06
2.99825e-08
1.12537e-06
3.45e-08
1.13684e-06
3.95859e-08
1.14936e-06
4.49529e-08
5.05854e-08
1.16255e-06
1.00082e-06
-2.54102e-09
1.00288e-06
-5.71073e-09
1.00528e-06
-8.57684e-09
1.00789e-06
-9.61298e-09
1.01045e-06
-1.05841e-08
1.01313e-06
-1.06428e-08
1.01595e-06
-1.11445e-08
1.01904e-06
-1.10454e-08
1.02224e-06
-1.1325e-08
1.02561e-06
-1.06723e-08
1.02916e-06
-1.06088e-08
1.03293e-06
-9.73625e-09
1.0368e-06
-9.14306e-09
1.04095e-06
-8.15424e-09
1.04537e-06
-7.13011e-09
1.04999e-06
-5.59731e-09
1.05505e-06
-4.21022e-09
1.06047e-06
-2.43034e-09
1.06621e-06
-8.19529e-10
1.07236e-06
1.6828e-09
1.07903e-06
4.14886e-09
1.08632e-06
6.80204e-09
1.0942e-06
9.84656e-09
1.10259e-06
1.31853e-08
1.11176e-06
1.65208e-08
1.12159e-06
2.01497e-08
1.13231e-06
2.37867e-08
1.14389e-06
2.79979e-08
1.15663e-06
3.22204e-08
3.67026e-08
1.17051e-06
1.00175e-06
-4.29554e-09
1.00526e-06
-9.21304e-09
1.00848e-06
-1.18006e-08
1.01149e-06
-1.26208e-08
1.01423e-06
-1.33285e-08
1.01721e-06
-1.36176e-08
1.02027e-06
-1.42037e-08
1.0236e-06
-1.43789e-08
1.02682e-06
-1.45489e-08
1.03017e-06
-1.4015e-08
1.03357e-06
-1.4016e-08
1.03721e-06
-1.33749e-08
1.04094e-06
-1.28656e-08
1.04492e-06
-1.21384e-08
1.04908e-06
-1.12918e-08
1.05353e-06
-1.00507e-08
1.05843e-06
-9.10243e-09
1.06374e-06
-7.74389e-09
1.06932e-06
-6.39404e-09
1.07525e-06
-4.25681e-09
1.08175e-06
-2.34709e-09
1.08892e-06
-3.72272e-10
1.09678e-06
1.99455e-09
1.10523e-06
4.73427e-09
1.11452e-06
7.23019e-09
1.12449e-06
1.01816e-08
1.13524e-06
1.30296e-08
1.14681e-06
1.6432e-08
1.15937e-06
1.96626e-08
2.32606e-08
1.17281e-06
1.00296e-06
-7.25932e-09
1.00687e-06
-1.31187e-08
1.00971e-06
-1.46416e-08
1.0119e-06
-1.48071e-08
1.0137e-06
-1.51321e-08
1.0155e-06
-1.54155e-08
1.01707e-06
-1.57712e-08
1.01848e-06
-1.57911e-08
1.01945e-06
-1.55215e-08
1.02051e-06
-1.50716e-08
1.02143e-06
-1.49351e-08
1.02236e-06
-1.43129e-08
1.02323e-06
-1.37319e-08
1.02429e-06
-1.31945e-08
1.02561e-06
-1.26139e-08
1.02731e-06
-1.17517e-08
1.02919e-06
-1.09778e-08
1.03134e-06
-9.90287e-09
1.03382e-06
-8.86757e-09
1.03719e-06
-7.62542e-09
1.04141e-06
-6.57214e-09
1.04621e-06
-5.16863e-09
1.05168e-06
-3.47762e-09
1.05798e-06
-1.56361e-09
1.06522e-06
-1.00264e-11
1.07378e-06
1.62359e-09
1.08368e-06
3.12864e-09
1.09511e-06
5.00255e-09
1.10788e-06
6.88888e-09
8.98324e-09
1.12216e-06
9.92741e-07
9.79622e-07
9.6498e-07
9.50173e-07
9.35041e-07
9.19626e-07
9.03854e-07
8.88063e-07
8.72542e-07
8.5747e-07
8.42535e-07
8.28222e-07
8.1449e-07
8.01296e-07
7.88682e-07
7.7693e-07
7.65952e-07
7.56049e-07
7.47182e-07
7.39556e-07
7.32984e-07
7.27816e-07
7.24338e-07
7.22774e-07
7.22764e-07
7.24388e-07
7.27517e-07
7.32519e-07
7.39408e-07
7.48391e-07
2.60622e-07
-1.15876e-07
3.54436e-07
-9.38143e-08
4.40383e-07
-8.59469e-08
5.03642e-07
-6.32589e-08
5.65219e-07
-6.15773e-08
6.14777e-07
-4.95581e-08
6.60525e-07
-4.57481e-08
7.1338e-07
-5.28545e-08
7.64926e-07
-5.15464e-08
-1.20453e-07
8.85379e-07
6.96561e-07
-1.79913e-07
7.44793e-07
-1.42046e-07
7.80013e-07
-1.21167e-07
8.27661e-07
-1.10907e-07
8.65893e-07
-9.98087e-08
8.88401e-07
-7.20663e-08
9.20896e-07
-7.82431e-08
9.56069e-07
-8.8027e-08
1.00564e-06
-1.01117e-07
-1.38814e-07
1.024e-06
8.76686e-07
-1.87635e-07
9.00954e-07
-1.66314e-07
9.02367e-07
-1.2258e-07
9.21806e-07
-1.30347e-07
9.29852e-07
-1.07854e-07
9.54699e-07
-9.69136e-08
9.53119e-07
-7.66632e-08
1.00124e-06
-1.36151e-07
1.03264e-06
-1.32518e-07
-1.65009e-07
1.05884e-06
9.51581e-07
-1.80794e-07
9.55949e-07
-1.70682e-07
9.62886e-07
-1.29517e-07
9.66488e-07
-1.33948e-07
9.76584e-07
-1.17951e-07
9.93133e-07
-1.13462e-07
1.00602e-06
-8.95482e-08
1.01331e-06
-1.43444e-07
1.04013e-06
-1.59333e-07
-1.80313e-07
1.05543e-06
9.93586e-07
-1.69949e-07
9.89887e-07
-1.66983e-07
9.90036e-07
-1.29667e-07
9.9546e-07
-1.39372e-07
9.95336e-07
-1.17827e-07
1.00948e-06
-1.27606e-07
1.02384e-06
-1.03913e-07
1.02931e-06
-1.48908e-07
1.03697e-06
-1.66995e-07
-1.91411e-07
1.04807e-06
1.01996e-06
-1.62329e-07
1.01441e-06
-1.61435e-07
1.0168e-06
-1.32055e-07
1.01477e-06
-1.37337e-07
1.01778e-06
-1.20841e-07
1.02355e-06
-1.33374e-07
1.03599e-06
-1.16352e-07
1.03851e-06
-1.51428e-07
1.04244e-06
-1.70931e-07
-1.95658e-07
1.04669e-06
1.04216e-06
-1.53831e-07
1.03537e-06
-1.5465e-07
1.03325e-06
-1.29932e-07
1.03315e-06
-1.37238e-07
1.03461e-06
-1.22304e-07
1.03616e-06
-1.34919e-07
1.04343e-06
-1.23627e-07
1.04464e-06
-1.52637e-07
1.04202e-06
-1.68306e-07
-1.959e-07
1.04226e-06
1.06143e-06
-1.46694e-07
1.0535e-06
-1.46719e-07
1.05154e-06
-1.2797e-07
1.04774e-06
-1.33441e-07
1.04761e-06
-1.22177e-07
1.04619e-06
-1.33499e-07
1.04988e-06
-1.27315e-07
1.04909e-06
-1.51849e-07
1.04469e-06
-1.63902e-07
-1.90782e-07
1.03957e-06
1.07799e-06
-1.38372e-07
1.06978e-06
-1.38507e-07
1.06524e-06
-1.23429e-07
1.06055e-06
-1.28755e-07
1.05826e-06
-1.1989e-07
1.05494e-06
-1.30172e-07
1.05431e-06
-1.26686e-07
1.05078e-06
-1.48326e-07
1.04397e-06
-1.57084e-07
-1.83858e-07
1.03704e-06
1.09253e-06
-1.29744e-07
1.08341e-06
-1.29389e-07
1.07777e-06
-1.17792e-07
1.07118e-06
-1.22158e-07
1.06685e-06
-1.15559e-07
1.06184e-06
-1.25166e-07
1.05811e-06
-1.2296e-07
1.05138e-06
-1.41598e-07
1.04425e-06
-1.49946e-07
-1.74419e-07
1.03481e-06
1.10522e-06
-1.20107e-07
1.09547e-06
-1.19637e-07
1.0881e-06
-1.1043e-07
1.08029e-06
-1.14347e-07
1.07403e-06
-1.09301e-07
1.06673e-06
-1.17861e-07
1.06081e-06
-1.17036e-07
1.05257e-06
-1.33367e-07
1.04307e-06
-1.40445e-07
-1.62097e-07
1.03075e-06
1.1162e-06
-1.09704e-07
1.1056e-06
-1.09032e-07
1.09694e-06
-1.01769e-07
1.08765e-06
-1.05062e-07
1.07978e-06
-1.01432e-07
1.07086e-06
-1.08937e-07
1.06275e-06
-1.08927e-07
1.05219e-06
-1.22809e-07
1.04146e-06
-1.29712e-07
-1.48758e-07
1.02812e-06
1.12596e-06
-9.84131e-08
1.11462e-06
-9.76983e-08
1.10472e-06
-9.18602e-08
1.09419e-06
-9.45348e-08
1.08462e-06
-9.18588e-08
1.07402e-06
-9.83444e-08
1.06426e-06
-9.9162e-08
1.05234e-06
-1.10894e-07
1.03974e-06
-1.17114e-07
-1.33587e-07
1.02457e-06
1.13442e-06
-8.64245e-08
1.12225e-06
-8.5525e-08
1.11118e-06
-8.07941e-08
1.09953e-06
-8.28824e-08
1.08869e-06
-8.1023e-08
1.07677e-06
-8.64204e-08
1.06525e-06
-8.76449e-08
1.05191e-06
-9.75528e-08
1.03814e-06
-1.03345e-07
-1.17377e-07
1.02193e-06
1.14236e-06
-7.36795e-08
1.1295e-06
-7.26606e-08
1.11745e-06
-6.87491e-08
1.10473e-06
-7.01556e-08
1.0925e-06
-6.88022e-08
1.07929e-06
-7.32094e-08
1.06638e-06
-7.47364e-08
1.05178e-06
-8.29453e-08
1.03658e-06
-8.81461e-08
-9.99337e-08
1.01914e-06
1.14929e-06
-6.04253e-08
1.13571e-06
-5.90791e-08
1.12278e-06
-5.58207e-08
1.10918e-06
-5.65493e-08
1.09595e-06
-5.55744e-08
1.08169e-06
-5.89523e-08
1.06752e-06
-6.05669e-08
1.05181e-06
-6.72278e-08
1.03556e-06
-7.18959e-08
-8.15493e-08
1.01717e-06
1.15647e-06
-4.639e-08
1.14213e-06
-4.47345e-08
1.12826e-06
-4.19517e-08
1.11356e-06
-4.18459e-08
1.09905e-06
-4.10644e-08
1.08346e-06
-4.3368e-08
1.0679e-06
-4.50085e-08
1.05086e-06
-5.0179e-08
1.03333e-06
-5.43659e-08
-6.19836e-08
1.01376e-06
1.15738e-06
-3.09605e-08
1.14164e-06
-2.89937e-08
1.12641e-06
-2.67194e-08
1.11046e-06
-2.58978e-08
1.09473e-06
-2.53348e-08
1.07792e-06
-2.65599e-08
1.06105e-06
-2.81381e-08
1.04263e-06
-3.1759e-08
1.02364e-06
-3.53719e-08
-4.08316e-08
1.00248e-06
1.1038e-06
-1.26052e-08
1.08594e-06
-1.11366e-08
1.06894e-06
-9.71933e-09
1.05195e-06
-8.90725e-09
1.03539e-06
-8.76694e-09
1.01827e-06
-9.44425e-09
1.0009e-06
-1.07642e-08
9.81975e-07
-1.28368e-08
9.61895e-07
-1.52928e-08
-1.82058e-08
9.3927e-07
7.35786e-07
7.24649e-07
7.1493e-07
7.06023e-07
6.97256e-07
6.87812e-07
6.77047e-07
6.64211e-07
6.48918e-07
6.30712e-07
1.03744e-07
-1.03744e-07
1.01493e-07
2.25104e-09
7.80437e-08
2.34496e-08
-1.4772e-09
7.95209e-08
-2.47328e-07
2.4585e-07
-5.18381e-07
2.71054e-07
-7.33185e-07
2.14803e-07
-8.91728e-07
1.58543e-07
-9.71098e-07
7.93704e-08
-9.82945e-07
1.18468e-08
-9.3724e-07
-4.57049e-08
-8.54232e-07
-8.30082e-08
-7.46911e-07
-1.07321e-07
-6.24973e-07
-1.21938e-07
-4.9018e-07
-1.34793e-07
-3.42921e-07
-1.47259e-07
-1.94728e-07
-1.48193e-07
-4.72067e-08
-1.47522e-07
8.44375e-08
-1.31644e-07
1.95069e-07
-1.10631e-07
2.81279e-07
-8.62104e-08
3.45365e-07
-6.40861e-08
3.91536e-07
-4.61714e-08
4.23905e-07
-3.23683e-08
4.45174e-07
-2.12697e-08
4.56933e-07
-1.17587e-08
4.59823e-07
-2.88998e-09
4.54652e-07
5.17106e-09
4.42393e-07
1.22594e-08
4.24929e-07
1.74641e-08
4.04656e-07
2.02729e-08
3.84175e-07
2.04805e-08
3.65229e-07
1.89461e-08
3.4918e-07
1.6049e-08
3.36103e-07
1.30772e-08
3.26167e-07
9.93602e-09
3.18486e-07
7.68145e-09
3.13003e-07
5.48279e-09
3.08573e-07
4.43002e-09
3.15195e-09
8.54159e-08
-1.8916e-07
1.24815e-07
-3.71484e-08
1.44427e-08
1.33822e-07
-2.46453e-07
3.40416e-07
-4.97678e-07
4.97076e-07
-6.83189e-07
4.56565e-07
-8.24914e-07
3.56529e-07
-9.21666e-07
2.55295e-07
-9.57734e-07
1.15437e-07
-9.37951e-07
-7.93624e-09
-8.69955e-07
-1.13701e-07
-7.74229e-07
-1.78734e-07
-6.55552e-07
-2.25998e-07
-5.30377e-07
-2.47113e-07
-3.9768e-07
-2.6749e-07
-2.54081e-07
-2.90858e-07
-1.0524e-07
-2.97034e-07
4.28912e-08
-2.95653e-07
1.78786e-07
-2.67539e-07
2.9532e-07
-2.27165e-07
3.89244e-07
-1.80135e-07
4.62067e-07
-1.36909e-07
5.18256e-07
-1.02361e-07
5.62388e-07
-7.64999e-08
5.97502e-07
-5.63837e-08
6.25746e-07
-4.00024e-08
6.48365e-07
-2.55091e-08
6.65911e-07
-1.23756e-08
6.77872e-07
2.9891e-10
6.83836e-07
1.15005e-08
6.84045e-07
2.00634e-08
6.80092e-07
2.44335e-08
6.73602e-07
2.54358e-08
6.66653e-07
2.29986e-08
6.60082e-07
1.96474e-08
6.54727e-07
1.52916e-08
6.50376e-07
1.20322e-08
6.47075e-07
8.7835e-09
6.44335e-07
7.17067e-09
5.40972e-09
-2.05452e-08
-1.68615e-07
-1.13336e-07
5.56426e-08
-2.13724e-07
2.3421e-07
-3.60218e-07
4.8691e-07
-4.81947e-07
6.18805e-07
-5.80133e-07
5.54751e-07
-6.64945e-07
4.41341e-07
-7.16317e-07
3.06667e-07
-7.25958e-07
1.25078e-07
-6.89891e-07
-4.40027e-08
-6.13693e-07
-1.89899e-07
-5.17698e-07
-2.74728e-07
-4.13653e-07
-3.30043e-07
-3.02545e-07
-3.58221e-07
-1.93124e-07
-3.76911e-07
-7.78876e-08
-4.06094e-07
4.62274e-08
-4.21149e-07
1.67869e-07
-4.17294e-07
2.80319e-07
-3.79989e-07
3.77114e-07
-3.2396e-07
4.56504e-07
-2.59524e-07
5.17329e-07
-1.97734e-07
5.63193e-07
-1.48226e-07
5.99761e-07
-1.13068e-07
6.30034e-07
-8.66564e-08
6.55045e-07
-6.50134e-08
6.76e-07
-4.6464e-08
6.95148e-07
-3.15242e-08
7.13315e-07
-1.78683e-08
7.29904e-07
-5.0884e-09
7.42596e-07
7.37174e-09
7.50377e-07
1.66522e-08
7.53363e-07
2.24505e-08
7.53017e-07
2.33444e-08
7.51062e-07
2.16025e-08
7.48687e-07
1.76666e-08
7.46936e-07
1.37833e-08
7.4573e-07
9.98952e-09
7.45333e-07
7.56725e-09
5.34677e-09
-1.83767e-08
-1.50238e-07
-1.01831e-07
1.39097e-07
-1.71681e-07
3.0406e-07
-2.80604e-07
5.95834e-07
-3.56201e-07
6.94402e-07
-4.04421e-07
6.02971e-07
-4.43018e-07
4.79938e-07
-4.61498e-07
3.25147e-07
-4.5366e-07
1.1724e-07
-4.11983e-07
-8.56798e-08
-3.42127e-07
-2.59755e-07
-2.53381e-07
-3.63474e-07
-1.60187e-07
-4.23237e-07
-6.79757e-08
-4.50433e-07
2.73665e-08
-4.72253e-07
1.23239e-07
-5.01967e-07
2.21584e-07
-5.19494e-07
3.1857e-07
-5.14281e-07
4.04186e-07
-4.65605e-07
4.71601e-07
-3.91375e-07
5.27368e-07
-3.15291e-07
5.72579e-07
-2.42945e-07
6.05591e-07
-1.81237e-07
6.31033e-07
-1.3851e-07
6.5431e-07
-1.09934e-07
6.75376e-07
-8.60788e-08
6.91556e-07
-6.26444e-08
7.03254e-07
-4.32222e-08
7.13894e-07
-2.85079e-08
7.26418e-07
-1.76127e-08
7.4068e-07
-6.88993e-09
7.54385e-07
2.94705e-09
7.65118e-07
1.17174e-08
7.71691e-07
1.67712e-08
7.7448e-07
1.88135e-08
7.74463e-07
1.76836e-08
7.73195e-07
1.50515e-08
7.71681e-07
1.15036e-08
7.70414e-07
8.83453e-09
5.67366e-09
2.12979e-09
-1.52368e-07
-1.281e-07
2.69327e-07
-1.51505e-07
3.27464e-07
-1.47407e-07
5.91735e-07
-1.42007e-07
6.89002e-07
-1.49843e-07
6.10807e-07
-1.62109e-07
4.92204e-07
-1.57029e-07
3.20067e-07
-1.35931e-07
9.61421e-08
-9.7512e-08
-1.24099e-07
-4.71904e-08
-3.10076e-07
1.42793e-08
-4.24944e-07
7.93038e-08
-4.88262e-07
1.50691e-07
-5.2182e-07
2.29141e-07
-5.50703e-07
3.07868e-07
-5.80694e-07
3.826e-07
-5.94226e-07
4.52199e-07
-5.8388e-07
5.16599e-07
-5.30005e-07
5.60658e-07
-4.35433e-07
5.87417e-07
-3.42051e-07
6.11615e-07
-2.67142e-07
6.3324e-07
-2.02863e-07
6.48177e-07
-1.53447e-07
6.61099e-07
-1.22856e-07
6.7728e-07
-1.0226e-07
6.94175e-07
-7.95388e-08
7.05904e-07
-5.4952e-08
7.11124e-07
-3.37272e-08
7.13982e-07
-2.04714e-08
7.19079e-07
-1.19871e-08
7.2822e-07
-6.19359e-09
7.40043e-07
-1.06002e-10
7.52062e-07
4.75282e-09
7.62155e-07
8.72067e-09
7.69239e-07
1.05993e-08
7.7341e-07
1.08805e-08
7.75403e-07
9.51059e-09
7.75983e-07
8.25422e-09
5.48844e-09
-7.43884e-08
-7.79798e-08
-7.79942e-08
2.72933e-07
8.94567e-09
2.40524e-07
3.19788e-08
5.68702e-07
5.92915e-08
6.6169e-07
8.62192e-08
5.83879e-07
1.18874e-07
4.59549e-07
1.61491e-07
2.7745e-07
1.97832e-07
5.98013e-08
2.33881e-07
-1.60147e-07
2.66735e-07
-3.42931e-07
3.00773e-07
-4.58982e-07
3.40607e-07
-5.28096e-07
3.91345e-07
-5.72557e-07
4.49985e-07
-6.09344e-07
5.093e-07
-6.40008e-07
5.57523e-07
-6.42449e-07
5.83737e-07
-6.10094e-07
6.05515e-07
-5.51783e-07
6.28261e-07
-4.5818e-07
6.36634e-07
-3.50424e-07
6.38637e-07
-2.69145e-07
6.48044e-07
-2.1227e-07
6.60026e-07
-1.65429e-07
6.67625e-07
-1.30455e-07
6.74713e-07
-1.09348e-07
6.86541e-07
-9.13659e-08
7.00294e-07
-6.87058e-08
7.09108e-07
-4.25407e-08
7.10548e-07
-2.19114e-08
7.08201e-07
-9.63992e-09
7.07563e-07
-5.55615e-09
7.11811e-07
-4.35374e-09
7.20862e-07
-4.29842e-09
7.32707e-07
-3.12437e-09
7.44971e-07
-1.66477e-09
7.55826e-07
2.58994e-11
7.64062e-07
1.27431e-09
7.70243e-07
2.07317e-09
2.4561e-09
-2.29555e-07
1.51575e-07
-6.64752e-08
1.09853e-07
6.24512e-08
1.11598e-07
2.62961e-07
3.68192e-07
3.71678e-07
5.52973e-07
4.34603e-07
5.20954e-07
4.79342e-07
4.1481e-07
5.17176e-07
2.39615e-07
5.40142e-07
3.68356e-08
5.51529e-07
-1.71535e-07
5.53895e-07
-3.45296e-07
5.60079e-07
-4.65166e-07
5.76712e-07
-5.44729e-07
6.12562e-07
-6.08407e-07
6.59268e-07
-6.5605e-07
6.9636e-07
-6.771e-07
7.18568e-07
-6.64657e-07
7.16103e-07
-6.07629e-07
6.91568e-07
-5.27248e-07
6.75357e-07
-4.41969e-07
6.7097e-07
-3.46036e-07
6.64444e-07
-2.62619e-07
6.61037e-07
-2.08862e-07
6.67194e-07
-1.71586e-07
6.75942e-07
-1.39204e-07
6.80899e-07
-1.14305e-07
6.85174e-07
-9.5641e-08
6.93451e-07
-7.69827e-08
7.04088e-07
-5.31773e-08
7.11823e-07
-2.9647e-08
7.1371e-07
-1.15265e-08
7.11678e-07
-3.52435e-09
7.09678e-07
-2.35367e-09
7.10894e-07
-5.51473e-09
7.16388e-07
-8.61814e-09
7.2505e-07
-1.03267e-08
7.36187e-07
-1.11116e-08
7.46504e-07
-9.04239e-09
7.57157e-07
-8.58015e-09
-4.36711e-09
6.50503e-07
3.86451e-07
4.42365e-07
3.17991e-07
2.9796e-07
2.56003e-07
3.6704e-07
2.99112e-07
5.27872e-07
3.92142e-07
6.59016e-07
3.8981e-07
7.50437e-07
3.23389e-07
8.04329e-07
1.85722e-07
8.26558e-07
1.46071e-08
8.21863e-07
-1.6684e-07
8.12231e-07
-3.35664e-07
8.11564e-07
-4.645e-07
8.2355e-07
-5.56715e-07
8.43828e-07
-6.28686e-07
8.63718e-07
-6.75939e-07
8.68474e-07
-6.81857e-07
8.48194e-07
-6.44377e-07
8.13701e-07
-5.73136e-07
7.71361e-07
-4.84908e-07
7.32326e-07
-4.02934e-07
7.16129e-07
-3.29839e-07
7.17263e-07
-2.63753e-07
7.21104e-07
-2.12704e-07
7.25274e-07
-1.75756e-07
7.30676e-07
-1.44606e-07
7.34584e-07
-1.18212e-07
7.35828e-07
-9.68851e-08
7.37585e-07
-7.874e-08
7.43079e-07
-5.86713e-08
7.5206e-07
-3.86282e-08
7.61486e-07
-2.09521e-08
7.68689e-07
-1.07272e-08
7.72654e-07
-6.31901e-09
7.73858e-07
-6.71827e-09
7.74274e-07
-9.0344e-09
7.7468e-07
-1.07329e-08
7.77765e-07
-1.4196e-08
7.8171e-07
-1.29872e-08
7.88647e-07
-1.55171e-08
-1.06938e-08
1.01268e-06
3.9777e-07
9.49366e-07
3.81306e-07
8.44165e-07
3.61204e-07
7.77799e-07
3.65478e-07
7.94274e-07
3.75666e-07
8.55098e-07
3.28986e-07
9.24682e-07
2.53806e-07
9.77625e-07
1.32779e-07
1.00413e-06
-1.1898e-08
1.01163e-06
-1.7434e-07
1.01635e-06
-3.40387e-07
1.03044e-06
-4.78582e-07
1.03934e-06
-5.65618e-07
1.03357e-06
-6.2292e-07
1.00878e-06
-6.51146e-07
9.63699e-07
-6.36775e-07
9.04085e-07
-5.84763e-07
8.3867e-07
-5.07721e-07
7.833e-07
-4.29537e-07
7.44569e-07
-3.64204e-07
7.24689e-07
-3.09959e-07
7.24662e-07
-2.63726e-07
7.37916e-07
-2.25958e-07
7.5364e-07
-1.9148e-07
7.63601e-07
-1.54566e-07
7.65771e-07
-1.20382e-07
7.63909e-07
-9.50234e-08
7.62906e-07
-7.77366e-08
7.64831e-07
-6.05967e-08
7.69304e-07
-4.31013e-08
7.75424e-07
-2.70717e-08
7.83031e-07
-1.83339e-08
7.91851e-07
-1.51397e-08
8.00194e-07
-1.50613e-08
8.06648e-07
-1.54881e-08
8.09177e-07
-1.32617e-08
8.0898e-07
-1.39989e-08
8.06901e-07
-1.09087e-08
8.04554e-07
-1.31702e-08
-1.06822e-08
1.08171e-06
3.74903e-07
1.09182e-06
3.71188e-07
1.09296e-06
3.60073e-07
1.09715e-06
3.61281e-07
1.11896e-06
3.53861e-07
1.15397e-06
2.93971e-07
1.19724e-06
2.10537e-07
1.22913e-06
1.00896e-07
1.24628e-06
-2.90504e-08
1.24811e-06
-1.76175e-07
1.23053e-06
-3.22807e-07
1.20856e-06
-4.56607e-07
1.18077e-06
-5.37825e-07
1.12676e-06
-5.68911e-07
1.05478e-06
-5.7917e-07
9.74307e-07
-5.563e-07
8.98599e-07
-5.09056e-07
8.4454e-07
-4.53662e-07
8.10083e-07
-3.9508e-07
7.89842e-07
-3.43963e-07
7.80324e-07
-3.00441e-07
7.74118e-07
-2.57519e-07
7.69158e-07
-2.20998e-07
7.70957e-07
-1.9328e-07
7.78743e-07
-1.62352e-07
7.83594e-07
-1.25233e-07
7.81628e-07
-9.30569e-08
7.79038e-07
-7.51474e-08
7.82587e-07
-6.41458e-08
7.91288e-07
-5.1802e-08
7.98881e-07
-3.46648e-08
8.01313e-07
-2.07655e-08
8.00016e-07
-1.38427e-08
7.99299e-07
-1.43448e-08
8.01649e-07
-1.78383e-08
8.07385e-07
-1.89974e-08
8.13219e-07
-1.98332e-08
8.18131e-07
-1.58199e-08
8.19574e-07
-1.46139e-08
-9.31072e-09
1.08061e-06
3.49722e-07
1.11554e-06
3.3626e-07
1.14874e-06
3.26875e-07
1.19195e-06
3.18064e-07
1.24335e-06
3.02467e-07
1.2891e-06
2.48218e-07
1.33232e-06
1.67319e-07
1.361e-06
7.22138e-08
1.37124e-06
-3.92867e-08
1.36617e-06
-1.71112e-07
1.33372e-06
-2.90356e-07
1.26467e-06
-3.87557e-07
1.19136e-06
-4.64514e-07
1.11824e-06
-4.95794e-07
1.03558e-06
-4.96503e-07
9.63187e-07
-4.83911e-07
9.07018e-07
-4.52887e-07
8.67527e-07
-4.14171e-07
8.46439e-07
-3.73992e-07
8.33764e-07
-3.31288e-07
8.25894e-07
-2.92571e-07
8.22089e-07
-2.53715e-07
8.124e-07
-2.11309e-07
7.95085e-07
-1.75965e-07
7.82339e-07
-1.49606e-07
7.79898e-07
-1.22792e-07
7.80524e-07
-9.36825e-08
7.78825e-07
-7.34485e-08
7.78989e-07
-6.43104e-08
7.86632e-07
-5.94443e-08
7.99019e-07
-4.7052e-08
8.07674e-07
-2.94204e-08
8.06081e-07
-1.22499e-08
7.96429e-07
-4.69282e-09
7.84921e-07
-6.33032e-09
7.78257e-07
-1.23334e-08
7.79298e-07
-2.0874e-08
7.84869e-07
-2.13908e-08
7.95632e-07
-2.53776e-08
-1.66186e-08
1.07822e-06
3.19566e-07
1.11894e-06
2.95545e-07
1.16544e-06
2.80376e-07
1.21585e-06
2.67654e-07
1.26529e-06
2.53027e-07
1.30702e-06
2.06485e-07
1.33719e-06
1.3715e-07
1.35882e-06
5.0588e-08
1.37313e-06
-5.36e-08
1.36581e-06
-1.63795e-07
1.33006e-06
-2.54607e-07
1.26289e-06
-3.20385e-07
1.18158e-06
-3.83208e-07
1.11473e-06
-4.28938e-07
1.05384e-06
-4.35614e-07
9.96562e-07
-4.26634e-07
9.55279e-07
-4.11604e-07
9.20646e-07
-3.79537e-07
8.88038e-07
-3.41384e-07
8.61235e-07
-3.04486e-07
8.36844e-07
-2.6818e-07
8.17631e-07
-2.34502e-07
8.07033e-07
-2.00711e-07
7.9785e-07
-1.66782e-07
7.86272e-07
-1.38028e-07
7.79423e-07
-1.15944e-07
7.81611e-07
-9.58711e-08
7.86897e-07
-7.87342e-08
7.88295e-07
-6.57087e-08
7.8653e-07
-5.76785e-08
7.86677e-07
-4.71995e-08
7.9054e-07
-3.32833e-08
7.94943e-07
-1.66528e-08
7.9546e-07
-5.20972e-09
7.91926e-07
-2.79644e-09
7.8469e-07
-5.09774e-09
7.79202e-07
-1.53852e-08
7.75259e-07
-1.74485e-08
7.76251e-07
-2.63689e-08
-2.12538e-08
1.07861e-06
2.87645e-07
1.11489e-06
2.59273e-07
1.15916e-06
2.361e-07
1.20035e-06
2.26464e-07
1.2414e-06
2.11983e-07
1.27646e-06
1.71423e-07
1.3016e-06
1.12003e-07
1.31992e-06
3.22691e-08
1.33104e-06
-6.47137e-08
1.32047e-06
-1.53231e-07
1.28239e-06
-2.16522e-07
1.2313e-06
-2.69301e-07
1.17215e-06
-3.24053e-07
1.11206e-06
-3.68853e-07
1.06002e-06
-3.83567e-07
1.00765e-06
-3.74266e-07
9.58621e-07
-3.62575e-07
9.21323e-07
-3.42239e-07
8.89355e-07
-3.09416e-07
8.6306e-07
-2.78191e-07
8.44868e-07
-2.49988e-07
8.28864e-07
-2.18497e-07
8.15359e-07
-1.87206e-07
8.09705e-07
-1.61127e-07
8.09717e-07
-1.3804e-07
8.09438e-07
-1.15665e-07
8.08299e-07
-9.47319e-08
8.08477e-07
-7.89128e-08
8.08854e-07
-6.60856e-08
8.05696e-07
-5.45199e-08
7.98682e-07
-4.01859e-08
7.91494e-07
-2.60953e-08
7.88979e-07
-1.4138e-08
7.92454e-07
-8.68508e-09
8.00072e-07
-1.04139e-08
8.08248e-07
-1.3274e-08
8.12784e-07
-1.99212e-08
8.13944e-07
-1.86079e-08
8.0961e-07
-2.20354e-08
-1.69701e-08
1.07617e-06
2.53735e-07
1.11024e-06
2.25203e-07
1.14593e-06
2.00415e-07
1.18119e-06
1.91199e-07
1.21586e-06
1.77314e-07
1.24433e-06
1.42955e-07
1.26926e-06
8.70707e-08
1.28594e-06
1.55888e-08
1.2852e-06
-6.39757e-08
1.2692e-06
-1.3723e-07
1.24122e-06
-1.88538e-07
1.20427e-06
-2.3235e-07
1.15952e-06
-2.79304e-07
1.1067e-06
-3.1603e-07
1.05839e-06
-3.35263e-07
1.01839e-06
-3.34262e-07
9.76456e-07
-3.20645e-07
9.39985e-07
-3.05768e-07
9.15054e-07
-2.84485e-07
8.92559e-07
-2.55695e-07
8.72076e-07
-2.29505e-07
8.58554e-07
-2.04975e-07
8.47733e-07
-1.76386e-07
8.36251e-07
-1.49645e-07
8.28556e-07
-1.30344e-07
8.26586e-07
-1.13695e-07
8.2465e-07
-9.27955e-08
8.18037e-07
-7.23004e-08
8.09423e-07
-5.74712e-08
8.04415e-07
-4.95123e-08
8.04623e-07
-4.03932e-08
8.0741e-07
-2.88831e-08
8.08727e-07
-1.54541e-08
8.07897e-07
-7.85578e-09
8.05249e-07
-7.76512e-09
8.04529e-07
-1.25541e-08
8.05895e-07
-2.12873e-08
8.09508e-07
-2.22212e-08
8.1456e-07
-2.70875e-08
-1.8176e-08
1.07411e-06
2.19191e-07
1.10316e-06
1.96161e-07
1.13038e-06
1.73195e-07
1.16041e-06
1.61162e-07
1.19026e-06
1.47464e-07
1.21719e-06
1.16031e-07
1.24027e-06
6.39922e-08
1.2527e-06
3.15496e-09
1.24715e-06
-5.84256e-08
1.22821e-06
-1.18296e-07
1.20741e-06
-1.67737e-07
1.18124e-06
-2.06175e-07
1.144e-06
-2.42062e-07
1.10058e-06
-2.72613e-07
1.05726e-06
-2.91949e-07
1.02058e-06
-2.97574e-07
9.87148e-07
-2.87216e-07
9.51565e-07
-2.70184e-07
9.22869e-07
-2.5579e-07
9.03862e-07
-2.36687e-07
8.84378e-07
-2.10021e-07
8.64733e-07
-1.85331e-07
8.52576e-07
-1.64228e-07
8.44731e-07
-1.418e-07
8.34015e-07
-1.19628e-07
8.224e-07
-1.0208e-07
8.15501e-07
-8.58967e-08
8.12192e-07
-6.89907e-08
8.07955e-07
-5.32346e-08
8.02313e-07
-4.38703e-08
7.99832e-07
-3.7912e-08
8.02792e-07
-3.18427e-08
8.0903e-07
-2.16922e-08
8.12174e-07
-1.10003e-08
8.0915e-07
-4.74133e-09
7.99831e-07
-3.23425e-09
7.88845e-07
-1.03015e-08
7.79915e-07
-1.3291e-08
7.74704e-07
-2.18772e-08
-1.80084e-08
1.06848e-06
1.87755e-07
1.0945e-06
1.70143e-07
1.11814e-06
1.49553e-07
1.1434e-06
1.35904e-07
1.16988e-06
1.20978e-07
1.19384e-06
9.20751e-08
1.21101e-06
4.68199e-08
1.22043e-06
-6.26598e-09
1.21724e-06
-5.52314e-08
1.19983e-06
-1.00884e-07
1.17905e-06
-1.46957e-07
1.15799e-06
-1.85121e-07
1.12948e-06
-2.13551e-07
1.0953e-06
-2.38431e-07
1.05824e-06
-2.54888e-07
1.02029e-06
-2.5963e-07
9.90218e-07
-2.57141e-07
9.66375e-07
-2.46342e-07
9.39729e-07
-2.29144e-07
9.14702e-07
-2.1166e-07
8.97062e-07
-1.92381e-07
8.81758e-07
-1.70027e-07
8.66884e-07
-1.49354e-07
8.56671e-07
-1.31587e-07
8.49664e-07
-1.12621e-07
8.40531e-07
-9.29477e-08
8.30431e-07
-7.57967e-08
8.24895e-07
-6.34546e-08
8.24685e-07
-5.30244e-08
8.24417e-07
-4.36026e-08
8.1994e-07
-3.34345e-08
8.12472e-07
-2.43747e-08
8.06825e-07
-1.60452e-08
8.06003e-07
-1.01788e-08
8.09491e-07
-8.22871e-09
8.14678e-07
-8.42121e-09
8.17216e-07
-1.28393e-08
8.16963e-07
-1.30389e-08
8.11738e-07
-1.66521e-08
-1.28603e-08
1.0621e-06
1.60459e-07
1.08569e-06
1.46552e-07
1.10637e-06
1.28875e-07
1.12806e-06
1.14216e-07
1.15203e-06
9.70121e-08
1.17306e-06
7.10381e-08
1.18596e-06
3.39217e-08
1.19063e-06
-1.09353e-08
1.18911e-06
-5.37106e-08
1.17919e-06
-9.09648e-08
1.15977e-06
-1.27533e-07
1.13772e-06
-1.63076e-07
1.11511e-06
-1.90935e-07
1.08716e-06
-2.10483e-07
1.05639e-06
-2.24115e-07
1.02584e-06
-2.29083e-07
9.95718e-07
-2.27019e-07
9.70265e-07
-2.20889e-07
9.48783e-07
-2.07662e-07
9.26411e-07
-1.89288e-07
9.06556e-07
-1.72525e-07
8.93015e-07
-1.56486e-07
8.80787e-07
-1.37127e-07
8.66156e-07
-1.16956e-07
8.53106e-07
-9.95719e-08
8.45086e-07
-8.49273e-08
8.39849e-07
-7.05598e-08
8.339e-07
-5.75062e-08
8.27083e-07
-4.62074e-08
8.20949e-07
-3.74679e-08
8.16415e-07
-2.89008e-08
8.12946e-07
-2.09062e-08
8.10223e-07
-1.33224e-08
8.08274e-07
-8.22958e-09
8.0673e-07
-6.68401e-09
8.05354e-07
-7.04535e-09
8.02918e-07
-1.04036e-08
8.00458e-07
-1.05794e-08
7.96704e-07
-1.2898e-08
-9.73213e-09
1.05509e-06
1.36117e-07
1.07743e-06
1.24216e-07
1.09687e-06
1.09435e-07
1.11611e-06
9.49794e-08
1.13533e-06
7.77879e-08
1.15289e-06
5.34757e-08
1.16502e-06
2.17931e-08
1.16747e-06
-1.33813e-08
1.16373e-06
-4.99682e-08
1.15764e-06
-8.48838e-08
1.1448e-06
-1.14689e-07
1.12424e-06
-1.42515e-07
1.10225e-06
-1.68948e-07
1.07892e-06
-1.87151e-07
1.05236e-06
-1.97557e-07
1.02708e-06
-2.038e-07
1.00292e-06
-2.02855e-07
9.76983e-07
-1.94956e-07
9.54237e-07
-1.84917e-07
9.37304e-07
-1.72355e-07
9.20647e-07
-1.55868e-07
9.02469e-07
-1.38308e-07
8.86958e-07
-1.21616e-07
8.75367e-07
-1.05364e-07
8.65137e-07
-8.93426e-08
8.55298e-07
-7.50876e-08
8.46842e-07
-6.21044e-08
8.39634e-07
-5.02978e-08
8.32482e-07
-3.90552e-08
8.25157e-07
-3.0143e-08
8.19173e-07
-2.29167e-08
8.15793e-07
-1.75269e-08
8.15085e-07
-1.26135e-08
8.15284e-07
-8.42876e-09
8.14503e-07
-5.9032e-09
8.11716e-07
-4.25852e-09
8.07008e-07
-5.69554e-09
8.02065e-07
-5.63651e-09
7.97033e-07
-7.86583e-09
-6.89711e-09
1.04972e-06
1.14523e-07
1.0694e-06
1.0453e-07
1.08735e-06
9.14931e-08
1.10484e-06
7.74838e-08
1.12137e-06
6.12629e-08
1.13523e-06
3.96096e-08
1.14487e-06
1.21525e-08
1.14893e-06
-1.74346e-08
1.14599e-06
-4.70277e-08
1.1377e-06
-7.65946e-08
1.12768e-06
-1.04675e-07
1.11364e-06
-1.2847e-07
1.09339e-06
-1.48699e-07
1.07189e-06
-1.65657e-07
1.05064e-06
-1.763e-07
1.02711e-06
-1.80277e-07
1.00421e-06
-1.79952e-07
9.84084e-07
-1.74828e-07
9.641e-07
-1.64933e-07
9.44351e-07
-1.52607e-07
9.27132e-07
-1.38648e-07
9.11866e-07
-1.23042e-07
8.97441e-07
-1.07191e-07
8.84682e-07
-9.2605e-08
8.73672e-07
-7.83326e-08
8.62938e-07
-6.43531e-08
8.522e-07
-5.13674e-08
8.43032e-07
-4.11293e-08
8.36541e-07
-3.25645e-08
8.31794e-07
-2.53959e-08
8.27063e-07
-1.81859e-08
8.21621e-07
-1.20851e-08
8.16042e-07
-7.03389e-09
8.116e-07
-3.98664e-09
8.08483e-07
-2.78695e-09
8.06776e-07
-2.55091e-09
8.04854e-07
-3.7737e-09
8.03019e-07
-3.80157e-09
8.00028e-07
-4.87458e-09
-3.84383e-09
1.04402e-06
9.50763e-08
1.06246e-06
8.60934e-08
1.07904e-06
7.4909e-08
1.09439e-06
6.21343e-08
1.10892e-06
4.67352e-08
1.12076e-06
2.77619e-08
1.12804e-06
4.87843e-09
1.13107e-06
-2.04646e-08
1.13014e-06
-4.60989e-08
1.12401e-06
-7.04649e-08
1.11345e-06
-9.41128e-08
1.10089e-06
-1.15911e-07
1.08568e-06
-1.33486e-07
1.06689e-06
-1.46876e-07
1.04726e-06
-1.5667e-07
1.02801e-06
-1.61017e-07
1.00785e-06
-1.59801e-07
9.88083e-07
-1.55057e-07
9.70111e-07
-1.46961e-07
9.52689e-07
-1.35185e-07
9.35557e-07
-1.21517e-07
9.20222e-07
-1.07706e-07
9.0637e-07
-9.33394e-08
8.92543e-07
-7.87777e-08
8.79167e-07
-6.49568e-08
8.67855e-07
-5.3041e-08
8.58733e-07
-4.22451e-08
8.50335e-07
-3.27317e-08
8.41719e-07
-2.39485e-08
8.33363e-07
-1.70401e-08
8.2643e-07
-1.12528e-08
8.21459e-07
-7.11352e-09
8.18087e-07
-3.66222e-09
8.1538e-07
-1.2797e-09
8.12423e-07
1.69756e-10
8.08977e-07
8.94985e-10
8.0491e-07
2.93631e-10
8.01131e-07
-2.30158e-11
7.97319e-07
-1.06215e-09
-1.29535e-09
1.03955e-06
7.7452e-08
1.05616e-06
6.94866e-08
1.07145e-06
5.96218e-08
1.0855e-06
4.80844e-08
1.09783e-06
3.44048e-08
1.10786e-06
1.77344e-08
1.11466e-06
-1.92201e-09
1.117e-06
-2.28088e-08
1.11539e-06
-4.44834e-08
1.11099e-06
-6.60708e-08
1.10291e-06
-8.60302e-08
1.09101e-06
-1.04016e-07
1.07752e-06
-1.19989e-07
1.06266e-06
-1.32023e-07
1.04544e-06
-1.39444e-07
1.02761e-06
-1.43194e-07
1.01064e-06
-1.42828e-07
9.93301e-07
-1.37717e-07
9.75534e-07
-1.29195e-07
9.58961e-07
-1.18612e-07
9.43395e-07
-1.0595e-07
9.27685e-07
-9.19971e-08
9.12373e-07
-7.80274e-08
8.98648e-07
-6.50528e-08
8.86314e-07
-5.26224e-08
8.74458e-07
-4.11851e-08
8.63038e-07
-3.08249e-08
8.52803e-07
-2.2497e-08
8.44201e-07
-1.53464e-08
8.36961e-07
-9.79977e-09
8.3044e-07
-4.73248e-09
8.24393e-07
-1.06599e-09
8.18839e-07
1.89197e-09
8.14223e-07
3.33582e-09
8.10302e-07
4.0912e-09
8.07324e-07
3.8723e-09
8.04368e-07
3.25047e-09
8.01796e-07
2.54873e-09
7.98848e-07
1.88613e-09
1.4429e-09
1.03532e-06
6.12686e-08
1.05065e-06
5.41526e-08
1.06472e-06
4.55525e-08
1.07734e-06
3.54628e-08
1.08835e-06
2.34014e-08
1.09699e-06
9.0901e-09
1.10244e-06
-7.37554e-09
1.10484e-06
-2.52079e-08
1.10392e-06
-4.3556e-08
1.09943e-06
-6.15874e-08
1.09237e-06
-7.89689e-08
1.08313e-06
-9.47782e-08
1.07116e-06
-1.08017e-07
1.05748e-06
-1.18345e-07
1.04341e-06
-1.25367e-07
1.02838e-06
-1.28167e-07
1.01228e-06
-1.26729e-07
9.96322e-07
-1.21758e-07
9.80598e-07
-1.13471e-07
9.64402e-07
-1.02416e-07
9.48131e-07
-8.9679e-08
9.326e-07
-7.64659e-08
9.17702e-07
-6.31296e-08
9.03095e-07
-5.04452e-08
8.8912e-07
-3.86479e-08
8.76408e-07
-2.84733e-08
8.65033e-07
-1.94494e-08
8.54645e-07
-1.21087e-08
8.45082e-07
-5.78406e-09
8.36497e-07
-1.21454e-09
8.29078e-07
2.68651e-09
8.22978e-07
5.03432e-09
8.17942e-07
6.92814e-09
8.13724e-07
7.55366e-09
8.0985e-07
7.96455e-09
8.06316e-07
7.40698e-09
8.02728e-07
6.83808e-09
7.99601e-07
5.67563e-09
7.9648e-07
5.00734e-09
3.77055e-09
1.03206e-06
4.63795e-08
1.04614e-06
4.00735e-08
1.05906e-06
3.26285e-08
1.07057e-06
2.39522e-08
1.0803e-06
1.36789e-08
1.08776e-06
1.62261e-09
1.09264e-06
-1.22472e-08
1.09449e-06
-2.7057e-08
1.09345e-06
-4.2519e-08
1.08979e-06
-5.79264e-08
1.08347e-06
-7.26485e-08
1.07487e-06
-8.61833e-08
1.06471e-06
-9.78497e-08
1.05305e-06
-1.06693e-07
1.03997e-06
-1.1228e-07
1.02612e-06
-1.14319e-07
1.01176e-06
-1.12375e-07
9.96537e-07
-1.06532e-07
9.80562e-07
-9.7496e-08
9.64276e-07
-8.613e-08
9.47812e-07
-7.32155e-08
9.31248e-07
-5.99021e-08
9.1508e-07
-4.69608e-08
8.99783e-07
-3.51487e-08
8.855e-07
-2.43648e-08
8.72188e-07
-1.51612e-08
8.59941e-07
-7.20295e-09
8.49017e-07
-1.1844e-09
8.39489e-07
3.74405e-09
8.31266e-07
7.00885e-09
8.24139e-07
9.81295e-09
8.18034e-07
1.11393e-08
8.12731e-07
1.22315e-08
8.08378e-07
1.19061e-08
8.0464e-07
1.17033e-08
8.01695e-07
1.03513e-08
7.98961e-07
9.57265e-09
7.96698e-07
7.93868e-09
7.94363e-07
7.3419e-09
5.88248e-09
1.02776e-06
3.23786e-08
1.04094e-06
2.68963e-08
1.05288e-06
2.06818e-08
1.06333e-06
1.3511e-08
1.07203e-06
4.97235e-09
1.07861e-06
-4.95903e-09
1.08258e-06
-1.6215e-08
1.08395e-06
-2.8426e-08
1.08261e-06
-4.1182e-08
1.07862e-06
-5.39348e-08
1.0723e-06
-6.63307e-08
1.06393e-06
-7.78123e-08
1.05369e-06
-8.76069e-08
1.04186e-06
-9.48625e-08
1.02866e-06
-9.90773e-08
1.01417e-06
-9.98311e-08
9.98506e-07
-9.67116e-08
9.81761e-07
-8.97867e-08
9.64098e-07
-7.98327e-08
9.45742e-07
-6.77742e-08
9.2718e-07
-5.46533e-08
9.08946e-07
-4.16678e-08
8.91576e-07
-2.95906e-08
8.75276e-07
-1.88495e-08
8.60358e-07
-9.44641e-09
8.47093e-07
-1.8964e-09
8.35446e-07
4.44428e-09
8.25354e-07
8.90765e-09
8.16743e-07
1.23549e-08
8.09481e-07
1.42708e-08
8.03541e-07
1.57528e-08
7.98796e-07
1.58842e-08
7.9509e-07
1.5938e-08
7.92214e-07
1.47816e-08
7.89881e-07
1.40366e-08
7.87999e-07
1.22329e-08
7.86271e-07
1.13011e-08
7.8488e-07
9.32953e-09
7.83524e-07
8.69844e-09
6.83782e-09
1.01628e-06
1.85795e-08
1.02885e-06
1.43314e-08
1.03994e-06
9.59068e-09
1.04928e-06
4.16845e-09
1.05657e-06
-2.31698e-09
1.06162e-06
-1.00063e-08
1.06392e-06
-1.8517e-08
1.06323e-06
-2.77305e-08
1.05953e-06
-3.74882e-08
1.0529e-06
-4.72981e-08
1.04341e-06
-5.68447e-08
1.03125e-06
-6.56543e-08
1.01671e-06
-7.30667e-08
1.00002e-06
-7.81759e-08
9.81262e-07
-8.03145e-08
9.60777e-07
-7.93461e-08
9.38758e-07
-7.4693e-08
9.15619e-07
-6.66483e-08
8.92075e-07
-5.62881e-08
8.68892e-07
-4.45918e-08
8.46699e-07
-3.24603e-08
8.26158e-07
-2.11261e-08
8.07866e-07
-1.12984e-08
7.92097e-07
-3.08147e-09
7.78831e-07
3.82032e-09
7.67901e-07
9.03363e-09
7.59339e-07
1.30058e-08
7.52839e-07
1.54081e-08
7.48256e-07
1.69375e-08
7.45216e-07
1.73111e-08
7.43488e-07
1.7481e-08
7.42692e-07
1.668e-08
7.42665e-07
1.59645e-08
7.43155e-07
1.42919e-08
7.44063e-07
1.31285e-08
7.45163e-07
1.11326e-08
7.46391e-07
1.00741e-08
7.47539e-07
8.18138e-09
7.48656e-07
7.58156e-09
5.99917e-09
9.52623e-07
5.22632e-09
9.63974e-07
2.98054e-09
9.73192e-07
3.72226e-10
9.79978e-07
-2.61697e-09
9.83903e-07
-6.24277e-09
9.84391e-07
-1.0494e-08
9.81079e-07
-1.52053e-08
9.7364e-07
-2.02914e-08
9.61849e-07
-2.5697e-08
9.45705e-07
-3.11536e-08
9.25237e-07
-3.63769e-08
9.00702e-07
-4.11191e-08
8.72531e-07
-4.48966e-08
8.41407e-07
-4.70514e-08
8.08185e-07
-4.70926e-08
7.73513e-07
-4.46737e-08
7.38434e-07
-3.96144e-08
7.04194e-07
-3.24082e-08
6.71991e-07
-2.40851e-08
6.43041e-07
-1.56418e-08
6.18371e-07
-7.79015e-09
5.98416e-07
-1.17084e-09
5.83288e-07
3.82926e-09
5.72747e-07
7.45949e-09
5.66549e-07
1.00181e-08
5.6396e-07
1.16229e-08
5.64412e-07
1.25543e-08
5.67064e-07
1.2756e-08
5.71473e-07
1.25286e-08
5.76957e-07
1.18268e-08
5.83356e-07
1.10824e-08
5.89981e-07
1.00548e-08
5.96824e-07
9.12114e-09
6.03197e-07
7.91947e-09
6.09344e-07
6.98058e-09
6.14676e-07
5.8006e-09
6.19679e-07
5.07097e-09
6.23842e-07
4.01889e-09
6.27775e-07
3.64875e-09
2.75529e-09
6.35938e-07
6.38919e-07
6.39291e-07
6.36674e-07
6.30431e-07
6.19937e-07
6.04732e-07
5.84441e-07
5.58744e-07
5.2759e-07
4.91213e-07
4.50094e-07
4.05198e-07
3.58146e-07
3.11054e-07
2.6638e-07
2.26765e-07
1.94357e-07
1.70272e-07
1.5463e-07
1.4684e-07
1.45669e-07
1.49499e-07
1.56958e-07
1.66976e-07
1.78599e-07
1.91153e-07
2.03909e-07
2.16438e-07
2.28265e-07
2.39347e-07
2.49402e-07
2.58523e-07
2.66442e-07
2.73423e-07
2.79224e-07
2.84295e-07
2.88313e-07
2.91962e-07
)
;

boundaryField
{
    inlet
    {
        type            calculated;
        value           nonuniform List<scalar> 
20
(
-1e-06
-1e-06
-1e-06
-1e-06
-1e-06
-1e-06
-1e-06
-1e-06
-1e-06
-1e-06
-1e-06
-1e-06
-1e-06
-1e-06
-1e-06
-1e-06
-1e-06
-1e-06
-1e-06
-1e-06
)
;
    }
    outlet
    {
        type            calculated;
        value           nonuniform List<scalar> 
27
(
7.94973e-07
8.04543e-07
8.18203e-07
8.0294e-07
7.80886e-07
8.05326e-07
8.15766e-07
7.74537e-07
8.0659e-07
7.93576e-07
7.94198e-07
7.96975e-07
7.94771e-07
7.96109e-07
7.94152e-07
7.92251e-07
7.82568e-07
7.49494e-07
6.31019e-07
2.94717e-07
3.05421e-07
6.42077e-07
7.45396e-07
7.70087e-07
7.76168e-07
7.73276e-07
7.6398e-07
)
;
    }
    lowerWall
    {
        type            calculated;
        value           uniform 0;
    }
    upperWall
    {
        type            calculated;
        value           uniform 0;
    }
    defaultFaces
    {
        type            empty;
        value           nonuniform List<scalar> 0();
    }
}


// ************************************************************************* //
