/*--------------------------------*- C++ -*----------------------------------*\
| =========                 |                                                 |
| \\      /  F ield         | OpenFOAM: The Open Source CFD Toolbox           |
|  \\    /   O peration     | Version:  2112                                  |
|   \\  /    A nd           | Website:  www.openfoam.com                      |
|    \\/     M anipulation  |                                                 |
\*---------------------------------------------------------------------------*/
FoamFile
{
    version     2.0;
    format      ascii;
    arch        "LSB;label=32;scalar=64";
    class       volVectorField;
    location    "0.39";
    object      U;
}
// * * * * * * * * * * * * * * * * * * * * * * * * * * * * * * * * * * * * * //

dimensions      [0 1 -1 0 0 0 0];

internalField   nonuniform List<vector> 
1880
(
(0.0989186 0.000596341 0)
(0.0985134 0.00117944 0)
(0.0971574 0.00128212 0)
(0.0959878 0.00137434 0)
(0.0939431 0.00130843 0)
(0.0925566 0.00143477 0)
(0.090409 0.00136627 0)
(0.0890045 0.00150045 0)
(0.0867881 0.00132984 0)
(0.0854183 0.00152056 0)
(0.0830684 0.00130801 0)
(0.0816319 0.00154565 0)
(0.0792097 0.00123066 0)
(0.0777212 0.00159629 0)
(0.0751568 0.0012812 0)
(0.0735627 0.00164382 0)
(0.0707766 0.00130871 0)
(0.069209 0.00164715 0)
(0.0657883 0.00150552 0)
(0.0645286 0.00177912 0)
(0.060016 0.00176923 0)
(0.0590732 0.00188543 0)
(0.0535111 0.00197187 0)
(0.0523104 0.00243904 0)
(0.0457347 0.00241142 0)
(0.0435682 0.00331149 0)
(0.0360022 0.00256102 0)
(0.0322842 0.0038907 0)
(0.0248746 0.00292576 0)
(0.0176962 0.00340021 0)
(0.0996012 0.000777012 0)
(0.100685 0.00132258 0)
(0.100264 0.0017615 0)
(0.101283 0.00164141 0)
(0.100876 0.00200464 0)
(0.101311 0.00172674 0)
(0.101273 0.00226232 0)
(0.100841 0.00188385 0)
(0.101534 0.00243493 0)
(0.100165 0.00200912 0)
(0.101427 0.00253726 0)
(0.0995747 0.00218668 0)
(0.100729 0.00266291 0)
(0.0989808 0.00244641 0)
(0.0996318 0.00268922 0)
(0.0979288 0.00295954 0)
(0.0985618 0.00265649 0)
(0.0962584 0.00359103 0)
(0.0968315 0.00299727 0)
(0.0945035 0.00378255 0)
(0.0942291 0.00403372 0)
(0.0920534 0.00410594 0)
(0.091491 0.00498986 0)
(0.087308 0.00535811 0)
(0.0887128 0.00594264 0)
(0.0810731 0.00671681 0)
(0.0838699 0.00828476 0)
(0.0738278 0.00813459 0)
(0.0762697 0.0104465 0)
(0.0615276 0.0114313 0)
(0.0999254 0.000337986 0)
(0.100132 0.000596324 0)
(0.100613 0.00104512 0)
(0.100596 0.00106377 0)
(0.101374 0.00146734 0)
(0.100978 0.00113595 0)
(0.101874 0.00188596 0)
(0.101238 0.00126592 0)
(0.102174 0.00210504 0)
(0.101466 0.00169212 0)
(0.10233 0.00200268 0)
(0.101649 0.00224685 0)
(0.102313 0.00214327 0)
(0.101802 0.00232726 0)
(0.102192 0.00297394 0)
(0.101446 0.00212585 0)
(0.102336 0.00376287 0)
(0.100591 0.00264712 0)
(0.102196 0.0041196 0)
(0.0999132 0.00355123 0)
(0.101026 0.00515939 0)
(0.0993434 0.00384044 0)
(0.0995952 0.00720611 0)
(0.0974385 0.00495669 0)
(0.0987447 0.00846699 0)
(0.0943421 0.00802755 0)
(0.0966461 0.0103695 0)
(0.0912529 0.0100528 0)
(0.0927639 0.0156109 0)
(0.0865012 0.013286 0)
(0.0998715 0.000461207 0)
(0.100156 0.00036966 0)
(0.100338 0.00118471 0)
(0.100333 0.000953408 0)
(0.100968 0.00157434 0)
(0.100575 0.00122195 0)
(0.101478 0.00186118 0)
(0.10088 0.00144663 0)
(0.101711 0.00209742 0)
(0.101262 0.00179112 0)
(0.101866 0.00220533 0)
(0.101476 0.00220392 0)
(0.102122 0.00245197 0)
(0.101529 0.00242222 0)
(0.102327 0.00311699 0)
(0.101439 0.00252085 0)
(0.102356 0.00382164 0)
(0.101379 0.00315724 0)
(0.10216 0.00430238 0)
(0.101034 0.00419077 0)
(0.101961 0.00533049 0)
(0.100512 0.00492311 0)
(0.101209 0.0071678 0)
(0.100144 0.00648872 0)
(0.10023 0.00857463 0)
(0.0989166 0.00941759 0)
(0.0999231 0.01116 0)
(0.0968565 0.0122947 0)
(0.0984807 0.0149096 0)
(0.0960172 0.0177188 0)
(0.0999319 0.000285129 0)
(0.10012 0.000263898 0)
(0.100221 0.00080968 0)
(0.100301 0.000684993 0)
(0.100611 0.0012616 0)
(0.1006 0.000853567 0)
(0.101022 0.00166545 0)
(0.100926 0.00100803 0)
(0.101286 0.00193776 0)
(0.101257 0.00138608 0)
(0.101523 0.00207944 0)
(0.101484 0.00177187 0)
(0.101722 0.00251465 0)
(0.101744 0.00182466 0)
(0.101813 0.00342321 0)
(0.101874 0.0019269 0)
(0.101839 0.00408347 0)
(0.101986 0.00277859 0)
(0.101699 0.00452163 0)
(0.101916 0.00390032 0)
(0.101614 0.00571621 0)
(0.101656 0.00469018 0)
(0.101274 0.0075679 0)
(0.101425 0.00634446 0)
(0.100859 0.0091731 0)
(0.101019 0.009201 0)
(0.100591 0.0119741 0)
(0.100546 0.0118961 0)
(0.100061 0.0163288 0)
(0.100271 0.016125 0)
(0.0999628 0.00026514 0)
(0.100065 0.000219554 0)
(0.100245 0.000692775 0)
(0.100172 0.000664933 0)
(0.100561 0.00106615 0)
(0.100441 0.000941972 0)
(0.100879 0.00142212 0)
(0.100852 0.00112068 0)
(0.101035 0.00175934 0)
(0.101278 0.00140071 0)
(0.101272 0.00203064 0)
(0.101483 0.00175515 0)
(0.101587 0.00243261 0)
(0.101717 0.00197978 0)
(0.101735 0.00320545 0)
(0.101982 0.00221266 0)
(0.101754 0.00391508 0)
(0.102248 0.003028 0)
(0.101771 0.00444049 0)
(0.102179 0.00423448 0)
(0.101958 0.00554649 0)
(0.102133 0.0052484 0)
(0.101786 0.00727578 0)
(0.10222 0.00699054 0)
(0.101731 0.00897095 0)
(0.102036 0.00966156 0)
(0.102094 0.011701 0)
(0.101969 0.0126725 0)
(0.102189 0.0152264 0)
(0.102652 0.0170275 0)
(0.0999752 0.000163394 0)
(0.100069 0.000215562 0)
(0.10019 0.00053038 0)
(0.100179 0.000521955 0)
(0.100432 0.00091401 0)
(0.100419 0.000709662 0)
(0.100747 0.00129113 0)
(0.100792 0.000866515 0)
(0.100949 0.00161206 0)
(0.101221 0.00115697 0)
(0.101197 0.00189637 0)
(0.101506 0.0014911 0)
(0.101497 0.00234772 0)
(0.101815 0.0017301 0)
(0.10173 0.00308295 0)
(0.102086 0.00209664 0)
(0.101895 0.00373888 0)
(0.102443 0.00293453 0)
(0.101991 0.00437752 0)
(0.102559 0.00404728 0)
(0.102322 0.00557249 0)
(0.102683 0.00513682 0)
(0.102422 0.00720458 0)
(0.102975 0.00688326 0)
(0.102599 0.0089625 0)
(0.103265 0.00930728 0)
(0.103149 0.0117626 0)
(0.103733 0.0120275 0)
(0.103824 0.0152515 0)
(0.104706 0.0158764 0)
(0.100011 0.000102131 0)
(0.10001 0.000224314 0)
(0.100217 0.000372513 0)
(0.100117 0.000501459 0)
(0.100424 0.00067961 0)
(0.100373 0.000697988 0)
(0.100693 0.00102781 0)
(0.100785 0.000841229 0)
(0.100887 0.00138292 0)
(0.101224 0.00107596 0)
(0.101212 0.00171859 0)
(0.101485 0.00140768 0)
(0.101599 0.00212903 0)
(0.10183 0.00174616 0)
(0.101879 0.00277528 0)
(0.1022 0.00219059 0)
(0.102124 0.00343775 0)
(0.102632 0.00299937 0)
(0.102386 0.00413151 0)
(0.102856 0.00408277 0)
(0.10285 0.00531192 0)
(0.103196 0.00521684 0)
(0.103157 0.00685396 0)
(0.103659 0.00693972 0)
(0.103667 0.00858552 0)
(0.104202 0.00921808 0)
(0.104495 0.0111484 0)
(0.105098 0.0119426 0)
(0.105499 0.0142231 0)
(0.106447 0.0154259 0)
(0.100011 5.11287e-05 0)
(0.100011 0.000195287 0)
(0.100194 0.000284404 0)
(0.100125 0.000384366 0)
(0.100393 0.000565141 0)
(0.100371 0.000535991 0)
(0.100676 0.000874301 0)
(0.100774 0.000688035 0)
(0.100901 0.00117707 0)
(0.101235 0.000936968 0)
(0.101253 0.00149669 0)
(0.101544 0.00125735 0)
(0.101682 0.00190482 0)
(0.101929 0.00161109 0)
(0.102062 0.0025059 0)
(0.10233 0.00210044 0)
(0.102417 0.00315281 0)
(0.10287 0.00287462 0)
(0.102772 0.00389639 0)
(0.103242 0.00389014 0)
(0.10337 0.00504574 0)
(0.103752 0.00505034 0)
(0.103879 0.00650476 0)
(0.104413 0.00667567 0)
(0.104602 0.00821967 0)
(0.105247 0.00873432 0)
(0.105659 0.0106474 0)
(0.106431 0.0112345 0)
(0.107021 0.0134592 0)
(0.108063 0.0143768 0)
(0.100024 2.85763e-06 0)
(0.0999926 0.000184765 0)
(0.100192 0.000164501 0)
(0.100126 0.000320383 0)
(0.100381 0.000383469 0)
(0.100393 0.000440921 0)
(0.100668 0.000653441 0)
(0.100805 0.000573332 0)
(0.100939 0.000937471 0)
(0.101258 0.000805229 0)
(0.101365 0.00124141 0)
(0.101586 0.00113644 0)
(0.101839 0.00160208 0)
(0.102048 0.00152714 0)
(0.102259 0.00215211 0)
(0.102529 0.0020243 0)
(0.102717 0.0028019 0)
(0.103135 0.00274881 0)
(0.103203 0.0035598 0)
(0.103626 0.00370976 0)
(0.10392 0.00465381 0)
(0.104309 0.00486827 0)
(0.104603 0.00601276 0)
(0.10513 0.00639804 0)
(0.105541 0.00765121 0)
(0.106199 0.00829222 0)
(0.10679 0.0098385 0)
(0.107639 0.0106303 0)
(0.108407 0.0123752 0)
(0.109496 0.0134066 0)
(0.100022 -2.33104e-05 0)
(0.0999947 0.000133852 0)
(0.100178 8.55038e-05 0)
(0.100147 0.000201864 0)
(0.100379 0.000249156 0)
(0.100431 0.000289586 0)
(0.100691 0.000459267 0)
(0.100853 0.000421518 0)
(0.101003 0.000690693 0)
(0.101325 0.000646793 0)
(0.101475 0.000973059 0)
(0.101691 0.000954633 0)
(0.101996 0.00131743 0)
(0.102208 0.00133279 0)
(0.102484 0.00182902 0)
(0.102752 0.00182748 0)
(0.103028 0.00244942 0)
(0.103451 0.00251364 0)
(0.103613 0.00319133 0)
(0.104051 0.00341078 0)
(0.104459 0.00422113 0)
(0.104877 0.00452534 0)
(0.105293 0.00549517 0)
(0.105862 0.00593287 0)
(0.106396 0.00703784 0)
(0.107128 0.00764605 0)
(0.107829 0.00901734 0)
(0.108739 0.00976689 0)
(0.10966 0.011273 0)
(0.110789 0.0122306 0)
(0.100023 -5.18112e-05 0)
(0.0999971 8.81045e-05 0)
(0.10017 -1.08442e-05 0)
(0.100175 9.69612e-05 0)
(0.100387 9.1735e-05 0)
(0.100485 0.000151222 0)
(0.100733 0.00025352 0)
(0.100918 0.000268548 0)
(0.101098 0.000449015 0)
(0.101404 0.000483058 0)
(0.101619 0.000701394 0)
(0.101815 0.000780587 0)
(0.102172 0.00101394 0)
(0.102409 0.00114142 0)
(0.102708 0.00149403 0)
(0.103014 0.00160656 0)
(0.103354 0.00208956 0)
(0.103776 0.00225295 0)
(0.104042 0.00278699 0)
(0.10448 0.00309202 0)
(0.104989 0.0037379 0)
(0.105449 0.0041455 0)
(0.105955 0.00492026 0)
(0.106564 0.00542719 0)
(0.107211 0.00634077 0)
(0.10799 0.00698113 0)
(0.10879 0.00808929 0)
(0.109746 0.00888192 0)
(0.110778 0.0101064 0)
(0.11194 0.0110334 0)
(0.10002 -6.97118e-05 0)
(0.100007 1.72791e-05 0)
(0.100169 -0.000106813 0)
(0.100216 -4.57456e-05 0)
(0.100419 -8.04994e-05 0)
(0.100559 -3.61396e-05 0)
(0.100805 1.62244e-05 0)
(0.101015 5.38714e-05 0)
(0.101217 0.00016295 0)
(0.101527 0.000236167 0)
(0.101776 0.0003851 0)
(0.10198 0.000496917 0)
(0.102369 0.000672297 0)
(0.102634 0.000826232 0)
(0.102958 0.0011076 0)
(0.103301 0.00126726 0)
(0.103686 0.00165985 0)
(0.104132 0.00187138 0)
(0.104465 0.00230634 0)
(0.104922 0.00263776 0)
(0.105512 0.00318331 0)
(0.106014 0.00361422 0)
(0.106586 0.00426925 0)
(0.10725 0.00477078 0)
(0.107971 0.00555593 0)
(0.108798 0.00615807 0)
(0.109678 0.00709203 0)
(0.110661 0.00784126 0)
(0.111779 0.008865 0)
(0.112976 0.0097192 0)
(0.100017 -9.06925e-05 0)
(0.100017 -5.52905e-05 0)
(0.100172 -0.000208027 0)
(0.100259 -0.000181624 0)
(0.10046 -0.000241896 0)
(0.100641 -0.000200776 0)
(0.100896 -0.00018266 0)
(0.101125 -0.000122902 0)
(0.10136 -6.4767e-05 0)
(0.10167 4.09107e-05 0)
(0.101954 0.000133277 0)
(0.102178 0.000275813 0)
(0.102585 0.000397447 0)
(0.102894 0.000570464 0)
(0.10323 0.000790795 0)
(0.103613 0.000975886 0)
(0.104044 0.00129255 0)
(0.1045 0.00153364 0)
(0.1049 0.00187059 0)
(0.105385 0.00222012 0)
(0.106029 0.0026662 0)
(0.106581 0.00310108 0)
(0.107201 0.00364744 0)
(0.107909 0.00413576 0)
(0.108699 0.00478923 0)
(0.109559 0.00536608 0)
(0.110504 0.00611911 0)
(0.111512 0.00682278 0)
(0.112686 0.00766607 0)
(0.113908 0.00844129 0)
(0.100014 -0.000117589 0)
(0.100039 -0.000166466 0)
(0.100199 -0.000361502 0)
(0.100335 -0.000393011 0)
(0.100553 -0.000483469 0)
(0.100775 -0.000463215 0)
(0.101045 -0.000477259 0)
(0.101292 -0.000420899 0)
(0.101553 -0.000401432 0)
(0.101869 -0.00030171 0)
(0.102174 -0.000243907 0)
(0.102421 -0.000113864 0)
(0.102841 -2.05842e-05 0)
(0.103183 0.000136048 0)
(0.103534 0.000314021 0)
(0.103951 0.00050277 0)
(0.104418 0.000761843 0)
(0.104889 0.00100201 0)
(0.105344 0.00127477 0)
(0.105856 0.00160867 0)
(0.106544 0.00199234 0)
(0.107138 0.0023958 0)
(0.1078 0.00286379 0)
(0.108548 0.00331202 0)
(0.109398 0.00386598 0)
(0.110276 0.00438739 0)
(0.111274 0.00501159 0)
(0.112293 0.00564268 0)
(0.113508 0.00635364 0)
(0.114753 0.00703711 0)
(0.100012 -0.000140431 0)
(0.100057 -0.000253413 0)
(0.100235 -0.000469445 0)
(0.100426 -0.000526855 0)
(0.100676 -0.000622993 0)
(0.100937 -0.000609648 0)
(0.101232 -0.000639261 0)
(0.101494 -0.000590563 0)
(0.101786 -0.00059856 0)
(0.102105 -0.000507937 0)
(0.102433 -0.000477561 0)
(0.102709 -0.000357241 0)
(0.103146 -0.000281572 0)
(0.10352 -0.000141175 0)
(0.1039 3.51075e-06 0)
(0.104336 0.000188566 0)
(0.104846 0.000398657 0)
(0.105322 0.000629049 0)
(0.105837 0.000842135 0)
(0.106381 0.00114841 0)
(0.107098 0.00147108 0)
(0.107714 0.00182778 0)
(0.108424 0.00222427 0)
(0.109191 0.00263491 0)
(0.110108 0.00308867 0)
(0.110992 0.0035505 0)
(0.112046 0.00404439 0)
(0.113065 0.00459002 0)
(0.114316 0.00517114 0)
(0.115539 0.00577291 0)
(0.10001 -0.000225387 0)
(0.100106 -0.000508298 0)
(0.100332 -0.000802782 0)
(0.100591 -0.000910054 0)
(0.100881 -0.00101771 0)
(0.101168 -0.00101648 0)
(0.10149 -0.0010589 0)
(0.101754 -0.0010313 0)
(0.102083 -0.00105591 0)
(0.102396 -0.000980222 0)
(0.102755 -0.000961454 0)
(0.103051 -0.000860402 0)
(0.103519 -0.000795351 0)
(0.103893 -0.00067918 0)
(0.104314 -0.00056099 0)
(0.104744 -0.000393699 0)
(0.105306 -0.000236545 0)
(0.105764 -4.52125e-05 0)
(0.106346 0.00012808 0)
(0.106889 0.000399005 0)
(0.107648 0.000673427 0)
(0.108255 0.000968995 0)
(0.109045 0.00129906 0)
(0.1098 0.00165619 0)
(0.110791 0.00203142 0)
(0.111643 0.00243386 0)
(0.112761 0.00284793 0)
(0.113748 0.00331613 0)
(0.115071 0.00379144 0)
(0.116272 0.0042857 0)
(0.0999991 -0.000246157 0)
(0.100219 -0.000579125 0)
(0.100564 -0.000853277 0)
(0.100949 -0.000959832 0)
(0.101291 -0.0010518 0)
(0.101612 -0.00107016 0)
(0.101936 -0.00112902 0)
(0.102202 -0.00113785 0)
(0.102539 -0.00116989 0)
(0.10284 -0.00111814 0)
(0.103201 -0.00112571 0)
(0.103492 -0.00105432 0)
(0.103953 -0.00100218 0)
(0.10429 -0.000922865 0)
(0.104719 -0.000837977 0)
(0.105097 -0.000700904 0)
(0.105659 -0.000583722 0)
(0.106073 -0.000425123 0)
(0.106684 -0.000283537 0)
(0.107187 -5.11715e-05 0)
(0.10793 0.000173766 0)
(0.108496 0.000413804 0)
(0.109318 0.000695501 0)
(0.110049 0.00100466 0)
(0.111067 0.00129207 0)
(0.111912 0.00161294 0)
(0.113055 0.00193027 0)
(0.114034 0.0023144 0)
(0.115372 0.00270137 0)
(0.116544 0.0031271 0)
(0.0999741 -0.000697315 0)
(0.100348 -0.00135107 0)
(0.100698 -0.00157432 0)
(0.101116 -0.00162153 0)
(0.101312 -0.00167075 0)
(0.101557 -0.00170623 0)
(0.101661 -0.00176065 0)
(0.101819 -0.00178325 0)
(0.101876 -0.00178297 0)
(0.102024 -0.00172527 0)
(0.102074 -0.00171786 0)
(0.102207 -0.00166187 0)
(0.102289 -0.00161125 0)
(0.102408 -0.00154284 0)
(0.102465 -0.00145858 0)
(0.102669 -0.00134816 0)
(0.102836 -0.00127498 0)
(0.103039 -0.00115818 0)
(0.10323 -0.0010264 0)
(0.103568 -0.000825803 0)
(0.103926 -0.000662397 0)
(0.104403 -0.000496303 0)
(0.104879 -0.000315537 0)
(0.105504 -8.39472e-05 0)
(0.106144 0.00012687 0)
(0.106963 0.000394176 0)
(0.107842 0.000640036 0)
(0.108949 0.000923935 0)
(0.110134 0.00116769 0)
(0.111503 0.00144364 0)
(0.0990183 -0.000603707 0)
(0.0984573 -0.00114162 0)
(0.0974188 -0.00127973 0)
(0.0960199 -0.00128558 0)
(0.0943602 -0.00129443 0)
(0.0927872 -0.00131527 0)
(0.0911512 -0.00133788 0)
(0.0895996 -0.00132824 0)
(0.0879941 -0.00128212 0)
(0.0865474 -0.00125405 0)
(0.084973 -0.00123546 0)
(0.0835631 -0.00116579 0)
(0.0821071 -0.0010999 0)
(0.0808216 -0.00106387 0)
(0.0794472 -0.00103387 0)
(0.0783146 -0.00097012 0)
(0.0770965 -0.000888947 0)
(0.0761251 -0.000796035 0)
(0.0750931 -0.000723472 0)
(0.0743855 -0.00067541 0)
(0.0735572 -0.000629433 0)
(0.0730798 -0.000516988 0)
(0.072504 -0.000363748 0)
(0.0724088 -0.000219822 0)
(0.0721709 -0.000128367 0)
(0.0724319 -6.76346e-05 0)
(0.0724652 -7.8221e-06 0)
(0.0730869 9.35581e-05 0)
(0.0734486 0.000239299 0)
(0.0745178 0.000395988 0)
(0.0119316 0.00256435 0)
(0.0412788 0.0138214 0)
(0.0320045 0.0120119 0)
(0.0635668 0.0261841 8.4726e-22)
(0.0467233 0.0207933 6.86036e-22)
(0.0828227 0.0345891 0)
(0.0603001 0.0282682 2.92586e-22)
(0.100385 0.040682 1.87656e-23)
(0.0768795 0.0355945 6.30259e-22)
(0.122256 0.0443299 0)
(0.065902 0.011902 0)
(0.0752025 0.0220762 0)
(0.0790145 0.0225896 0)
(0.0883561 0.0323739 0)
(0.0928977 0.0321628 0)
(0.103309 0.0428658 1.75272e-22)
(0.103753 0.0394402 5.85969e-23)
(0.11728 0.050805 -8.41239e-23)
(0.122352 0.0473769 -4.9236e-22)
(0.134972 0.0515691 -4.73279e-22)
(0.0869201 0.0200185 0)
(0.0906413 0.0231228 0)
(0.0961836 0.0310692 0)
(0.0981481 0.0286078 0)
(0.103939 0.0356038 0)
(0.10892 0.0376731 -1.7527e-22)
(0.113602 0.0419206 -5.85968e-23)
(0.118431 0.0370352 8.41236e-23)
(0.130956 0.0453701 2.60142e-22)
(0.138053 0.042814 4.7328e-22)
(0.0954884 0.0199468 -3.73877e-22)
(0.0973493 0.0226942 0)
(0.101511 0.0277009 -2.99271e-22)
(0.104813 0.0305061 -2.47725e-22)
(0.107997 0.0319281 -1.79381e-22)
(0.11321 0.0361732 0)
(0.119263 0.040636 0)
(0.123146 0.0367244 1.28589e-22)
(0.130554 0.0376411 2.72003e-22)
(0.139147 0.0399939 4.19484e-22)
(0.0998733 0.0214463 3.73877e-22)
(0.101837 0.0219766 0)
(0.104145 0.0276969 2.99271e-22)
(0.108491 0.0271871 2.47726e-22)
(0.11077 0.0310077 1.79382e-22)
(0.115343 0.0317263 0)
(0.121018 0.0366918 0)
(0.126751 0.0334413 -1.2859e-22)
(0.131288 0.0339802 -2.72004e-22)
(0.138265 0.0336883 -4.19486e-22)
(0.102566 0.0200477 0)
(0.10455 0.0211996 -2.7007e-22)
(0.107166 0.0249041 0)
(0.110891 0.0262887 -1.75335e-22)
(0.11335 0.0286123 0)
(0.117564 0.0290116 0)
(0.122638 0.0328669 0)
(0.1278 0.0308903 -1.49225e-22)
(0.132391 0.0300771 0)
(0.138203 0.0301976 0)
(0.10491 0.0195449 2.65736e-22)
(0.107054 0.0198509 5.08486e-22)
(0.109119 0.023553 1.97538e-22)
(0.112739 0.0236944 1.75336e-22)
(0.115639 0.0264906 0)
(0.119461 0.0263557 -2.11227e-23)
(0.123836 0.0292095 0)
(0.129 0.0276007 1.49225e-22)
(0.132922 0.0274205 0)
(0.137605 0.0260226 0)
(0.107011 0.0180609 -2.65737e-22)
(0.109005 0.0187153 -2.38416e-22)
(0.111297 0.0213936 -1.97538e-22)
(0.11454 0.0219265 0)
(0.11738 0.0239925 0)
(0.120843 0.0238436 2.11228e-23)
(0.124907 0.0259799 0)
(0.129551 0.0248131 0)
(0.133528 0.0243642 0)
(0.137412 0.0229731 0)
(0.108848 0.0168348 0)
(0.110809 0.017244 -1.87074e-22)
(0.113019 0.0196078 0)
(0.11598 0.0198073 -1.03838e-22)
(0.118841 0.0216849 0)
(0.122097 0.0215116 0)
(0.125775 0.0229084 7.88443e-23)
(0.130078 0.0217373 1.6001e-22)
(0.133587 0.0219917 0)
(0.137087 0.0202067 3.3433e-22)
(0.110485 0.0153288 0)
(0.112321 0.0158151 1.87074e-22)
(0.114546 0.017664 0)
(0.117299 0.0179163 1.03838e-22)
(0.12001 0.0193394 0)
(0.123076 0.0191137 0)
(0.126517 0.0203455 -7.88444e-23)
(0.130255 0.019313 -1.6001e-22)
(0.133582 0.0191583 0)
(0.136998 0.0174442 -3.34331e-22)
(0.111911 0.0138592 8.70134e-23)
(0.113691 0.0142636 0)
(0.115838 0.0157922 0)
(0.118397 0.015956 3.66737e-23)
(0.121027 0.0171768 0)
(0.123881 0.0169004 0)
(0.126984 0.0177194 0)
(0.130485 0.0167681 -7.88484e-23)
(0.133612 0.0168449 0)
(0.136587 0.0152334 0)
(0.113159 0.0123443 -7.83295e-24)
(0.114861 0.0127501 0)
(0.116934 0.0139863 5.06146e-23)
(0.119338 0.0141181 -5.76285e-24)
(0.121823 0.0150488 0)
(0.12453 0.0148114 0)
(0.127435 0.0154844 -4.53455e-23)
(0.130523 0.0146 7.88485e-23)
(0.133405 0.0144456 -1.11023e-22)
(0.136266 0.0130066 -1.45973e-22)
(0.11426 0.0108109 -6.66313e-24)
(0.115916 0.0111578 0)
(0.117907 0.0121618 -5.65672e-24)
(0.120172 0.0122749 -4.69603e-24)
(0.122527 0.0130278 5.16147e-24)
(0.12505 0.0127701 1.88298e-23)
(0.127745 0.0131998 -5.87798e-25)
(0.130601 0.0124553 -7.58146e-23)
(0.133271 0.0123259 3.88123e-24)
(0.135857 0.0110208 6.12113e-24)
(0.115226 0.00933553 -7.25176e-23)
(0.116825 0.00966774 0)
(0.118724 0.0104929 -4.4958e-23)
(0.120858 0.0105884 -2.6215e-23)
(0.123103 0.011165 -5.16148e-24)
(0.125492 0.0109517 -3.93757e-23)
(0.127998 0.0112511 4.59335e-23)
(0.130585 0.010568 7.58147e-23)
(0.133082 0.0103459 1.07142e-22)
(0.135518 0.00921002 1.39852e-22)
(0.11612 0.00777544 0)
(0.117687 0.00806537 0)
(0.119516 0.00872929 0)
(0.121531 0.00881829 0)
(0.123653 0.00926126 0)
(0.125883 0.00906405 2.05459e-23)
(0.128223 0.00923556 0)
(0.130611 0.00865872 0)
(0.132919 0.0084336 0)
(0.135163 0.00744892 0)
(0.116926 0.0063896 0)
(0.118424 0.00667634 0)
(0.1202 0.00723376 0)
(0.122092 0.00733324 0)
(0.124141 0.00767127 0)
(0.126232 0.00750477 1.11476e-23)
(0.12844 0.00758227 0)
(0.13063 0.00706638 0)
(0.132807 0.00679961 0)
(0.134892 0.00594878 0)
(0.117761 0.00476934 0)
(0.119165 0.00502345 0)
(0.120938 0.00546631 1.52533e-23)
(0.122636 0.0055719 0)
(0.124622 0.00583124 -1.3684e-24)
(0.126475 0.00570703 -1.11477e-23)
(0.128579 0.00573356 0)
(0.130508 0.00531613 -3.41238e-23)
(0.132577 0.00506787 0)
(0.134414 0.00436973 0)
(0.118078 0.00352856 0)
(0.119158 0.00379414 0)
(0.120966 0.00416716 -1.52534e-23)
(0.122304 0.00429385 0)
(0.124331 0.00447785 1.3684e-24)
(0.125794 0.00437234 0)
(0.127924 0.00432131 0)
(0.129411 0.00394322 3.41239e-23)
(0.131499 0.0036544 0)
(0.132853 0.00305508 0)
(0.112932 0.00168147 -6.35947e-24)
(0.113419 0.00188606 -4.98568e-24)
(0.115132 0.00215133 -3.40727e-24)
(0.115826 0.002299 0)
(0.117849 0.00244023 4.47229e-25)
(0.118666 0.00242129 0)
(0.120883 0.00237988 5.29035e-24)
(0.12166 0.00214878 0)
(0.123849 0.0019288 1.11053e-23)
(0.124306 0.00153273 1.43223e-23)
(0.0752912 0.00054079 6.35874e-24)
(0.0756349 0.000647529 4.98506e-24)
(0.0769151 0.000727027 3.40682e-24)
(0.0775855 0.000742776 0)
(0.0792455 0.000707763 -4.47165e-25)
(0.0799935 0.000620177 0)
(0.0817523 0.000487713 -5.2895e-24)
(0.0822152 0.000325336 0)
(0.0837361 0.000138437 -1.11033e-23)
(0.0835166 -5.85309e-05 -1.43196e-23)
(0.00952198 -0.0031131 0)
(0.0186226 0.00559634 0)
(0.0103777 0.00841462 0)
(0.0118176 0.00221932 0)
(-0.012064 0.0141985 0)
(-0.0577906 0.0170391 0)
(-0.0899944 0.0131973 0)
(-0.118468 0.00982982 0)
(-0.132763 0.00566287 0)
(-0.138311 0.00193612 0)
(-0.134797 -0.000870167 0)
(-0.125307 -0.00312584 0)
(-0.112334 -0.00402545 0)
(-0.0950979 -0.00553365 0)
(-0.0794008 -0.00569125 0)
(-0.0567499 -0.00652042 0)
(-0.0385218 -0.00639262 0)
(-0.0161652 -0.00620909 0)
(0.00294788 -0.0053506 0)
(0.0202033 -0.00426512 0)
(0.0338347 -0.00302933 0)
(0.0442961 -0.00193916 0)
(0.0519284 -0.00107257 0)
(0.0574238 -0.000402803 0)
(0.0611972 0.000145 0)
(0.0635327 0.000623673 0)
(0.0645212 0.00106203 0)
(0.0643334 0.00144971 0)
(0.0630234 0.00171439 0)
(0.0608627 0.00179743 0)
(0.0581066 0.00170079 0)
(0.0552012 0.00147656 0)
(0.0523878 0.00118535 0)
(0.0499362 0.000887081 0)
(0.0479022 0.000622003 0)
(0.0462864 0.000410179 0)
(0.0451121 0.000256374 0)
(0.0441147 0.000146657 0)
(0.0435852 8.42288e-05 0)
(0.0428104 4.61248e-05 0)
(0.00799315 -0.0182478 0)
(0.0151176 -0.00524257 0)
(0.0199711 -0.0039731 0)
(-0.0154774 0.0146294 0)
(-0.0532189 0.0351668 0)
(-0.0875558 0.0358705 0)
(-0.106574 0.0283509 0)
(-0.127544 0.0207566 0)
(-0.132103 0.00952658 0)
(-0.13496 0.000223448 0)
(-0.125604 -0.0086354 0)
(-0.115595 -0.0139211 0)
(-0.0997499 -0.0178952 0)
(-0.0822039 -0.0192224 0)
(-0.0659166 -0.0216328 0)
(-0.0446229 -0.0232998 0)
(-0.0257476 -0.0233456 0)
(-0.00380342 -0.0231968 0)
(0.0157318 -0.02079 0)
(0.0336543 -0.0176287 0)
(0.0482947 -0.0140029 0)
(0.0599495 -0.0107063 0)
(0.068878 -0.00802551 0)
(0.0759304 -0.00596423 0)
(0.0814689 -0.00431847 0)
(0.08592 -0.00291941 0)
(0.0894065 -0.0016158 0)
(0.0922332 -0.000384507 0)
(0.0942848 0.00076484 0)
(0.0955463 0.00166913 0)
(0.0959369 0.0023058 0)
(0.0956166 0.00255645 0)
(0.0948552 0.00253556 0)
(0.0938303 0.00225879 0)
(0.0929253 0.00193963 0)
(0.0919843 0.00153501 0)
(0.0914285 0.00124868 0)
(0.0907317 0.000928401 0)
(0.0905112 0.000787 0)
(0.0899179 0.000580407 0)
(0.00465352 -0.0205227 0)
(-0.0107261 -0.00262525 0)
(-0.0203201 0.0295695 0)
(-0.038365 0.0506901 0)
(-0.0611072 0.0620874 0)
(-0.0759304 0.0538319 0)
(-0.0886608 0.0417434 0)
(-0.100385 0.0291347 0)
(-0.101737 0.0127204 0)
(-0.100468 -0.00204489 0)
(-0.090779 -0.0148965 0)
(-0.0788242 -0.0226037 0)
(-0.0648983 -0.0280497 0)
(-0.0498538 -0.0310285 0)
(-0.0346592 -0.032717 0)
(-0.0190466 -0.0357536 0)
(-0.00230566 -0.0368775 0)
(0.0152812 -0.0366018 0)
(0.0315081 -0.0332404 0)
(0.0461854 -0.0281828 0)
(0.0585544 -0.0223131 0)
(0.0684624 -0.0169203 0)
(0.0758049 -0.0126622 0)
(0.0815757 -0.00952049 0)
(0.0862651 -0.00711241 0)
(0.0901968 -0.0052091 0)
(0.0933084 -0.0035856 0)
(0.0960623 -0.00215483 0)
(0.0986289 -0.000717824 0)
(0.101143 0.000601585 0)
(0.103251 0.0017377 0)
(0.104714 0.00239869 0)
(0.105435 0.00264073 0)
(0.105567 0.00243154 0)
(0.105353 0.00207151 0)
(0.105018 0.00159027 0)
(0.104692 0.00121091 0)
(0.104507 0.000867696 0)
(0.104355 0.000676056 0)
(0.104368 0.000514966 0)
(0.00719775 -0.0115921 0)
(-0.0126036 0.0148448 0)
(-0.0147866 0.0195992 0)
(-0.0321916 0.0499275 0)
(-0.0478632 0.061578 0)
(-0.0537786 0.0551196 0)
(-0.0604956 0.0446568 0)
(-0.0658094 0.0308265 0)
(-0.0648447 0.0114788 0)
(-0.0611815 -0.00713827 0)
(-0.0525244 -0.0236864 0)
(-0.0415651 -0.0330049 0)
(-0.0284871 -0.0386303 0)
(-0.015783 -0.041176 0)
(-0.00326866 -0.0432228 0)
(0.0109341 -0.0461753 0)
(0.0241997 -0.048048 0)
(0.0380025 -0.0474972 0)
(0.0508834 -0.0432888 0)
(0.0613605 -0.0370372 0)
(0.0697421 -0.0298996 0)
(0.0770922 -0.0228359 0)
(0.0826249 -0.0171306 0)
(0.0866086 -0.0131881 0)
(0.0899485 -0.0102511 0)
(0.0932535 -0.00777279 0)
(0.0959 -0.00567179 0)
(0.0977855 -0.00412712 0)
(0.0991636 -0.00284117 0)
(0.10076 -0.00162111 0)
(0.102664 -0.000279133 0)
(0.104757 0.000897214 0)
(0.106512 0.0017997 0)
(0.107776 0.00218635 0)
(0.10836 0.00220171 0)
(0.108558 0.00190234 0)
(0.108357 0.00151049 0)
(0.108195 0.00110164 0)
(0.107922 0.000814905 0)
(0.107824 0.00054286 0)
(0.0124422 -0.0202686 0)
(-0.0120148 0.0112169 0)
(-0.0220744 0.0384894 0)
(-0.0198721 0.0659104 0)
(-0.0223555 0.0760269 0)
(-0.0188219 0.0666205 0)
(-0.0233385 0.0526456 0)
(-0.0235136 0.0347075 0)
(-0.0212449 0.0116565 0)
(-0.0163818 -0.010544 0)
(-0.0100462 -0.0292548 0)
(-0.00252294 -0.0407542 0)
(0.00677862 -0.0468988 0)
(0.0157385 -0.0497757 0)
(0.0264731 -0.0520183 0)
(0.0379205 -0.0547903 0)
(0.0491491 -0.0565695 0)
(0.0584414 -0.0560451 0)
(0.0677824 -0.0504473 0)
(0.0758307 -0.0417919 0)
(0.0801389 -0.0336298 0)
(0.0835324 -0.0261223 0)
(0.0871334 -0.0193963 0)
(0.0898196 -0.014736 0)
(0.0914827 -0.0119179 0)
(0.093545 -0.00958658 0)
(0.0960791 -0.00696587 0)
(0.0982979 -0.00459673 0)
(0.0993665 -0.00292204 0)
(0.0997655 -0.00194935 0)
(0.10017 -0.00112662 0)
(0.101204 -0.000328516 0)
(0.102732 0.000522072 0)
(0.104527 0.00117367 0)
(0.106102 0.00158212 0)
(0.107357 0.00166247 0)
(0.108085 0.00153217 0)
(0.108518 0.00122885 0)
(0.108639 0.000976802 0)
(0.108668 0.000603806 0)
(-0.00420219 -0.00831904 0)
(-0.0182435 0.0443058 0)
(-0.00158935 0.0297674 0)
(0.0038179 0.0553761 0)
(0.00452904 0.0628637 0)
(0.0111935 0.05459 0)
(0.0125648 0.0441499 0)
(0.0195434 0.0279442 0)
(0.0249535 0.00688721 0)
(0.0309503 -0.0149197 0)
(0.0359437 -0.0335384 0)
(0.0402736 -0.0449543 0)
(0.0450043 -0.0514499 0)
(0.0507555 -0.0551568 0)
(0.0587336 -0.0587507 0)
(0.0676495 -0.0620286 0)
(0.075997 -0.0627075 0)
(0.0806337 -0.0610044 0)
(0.0823352 -0.0557521 0)
(0.0861273 -0.0455555 0)
(0.0887359 -0.0350945 0)
(0.0887692 -0.0275973 0)
(0.0895141 -0.0213942 0)
(0.0915793 -0.0160885 0)
(0.0929885 -0.0127359 0)
(0.093794 -0.0109242 0)
(0.0950496 -0.00897312 0)
(0.0971503 -0.00638798 0)
(0.0989192 -0.00379465 0)
(0.0996272 -0.00210776 0)
(0.0993299 -0.00123813 0)
(0.0989785 -0.000886893 0)
(0.0991715 -0.000541784 0)
(0.100175 -0.00020639 0)
(0.10171 0.000169578 0)
(0.103495 0.000447342 0)
(0.105139 0.00062083 0)
(0.106538 0.000647368 0)
(0.107434 0.000649877 0)
(0.108264 0.000481739 0)
(-0.0619116 -0.00810829 0)
(-0.0050588 0.00772961 0)
(-0.0118106 0.0163039 0)
(0.0288018 0.0563375 0)
(0.043279 0.0708979 0)
(0.058343 0.0630712 0)
(0.0624603 0.0486307 0)
(0.0697397 0.0283547 0)
(0.0740004 0.00548537 0)
(0.0778427 -0.0164023 0)
(0.0786432 -0.0340802 0)
(0.0785097 -0.0459383 0)
(0.0795972 -0.053627 0)
(0.0826208 -0.0593421 0)
(0.0891733 -0.06321 0)
(0.0960988 -0.0660093 0)
(0.0999534 -0.0659604 0)
(0.10157 -0.0613175 0)
(0.0983005 -0.0547659 0)
(0.0942954 -0.0460815 0)
(0.0938116 -0.0349922 0)
(0.0933687 -0.0262682 0)
(0.0921745 -0.0211319 0)
(0.0925408 -0.0170825 0)
(0.0940011 -0.0134072 0)
(0.0950705 -0.0109579 0)
(0.0954583 -0.0093044 0)
(0.0963179 -0.0073685 0)
(0.0978026 -0.00473937 0)
(0.0993159 -0.00230222 0)
(0.0999816 -0.000713549 0)
(0.0998604 -0.000246144 0)
(0.0994328 -0.000352338 0)
(0.0993145 -0.000675031 0)
(0.0997786 -0.000809016 0)
(0.100849 -0.000778866 0)
(0.102201 -0.000614004 0)
(0.103968 -0.000380069 0)
(0.105083 -0.000219556 0)
(0.106953 2.04407e-05 0)
(0.107575 0.0380571 0)
(0.0721408 0.0169323 0)
(0.0435211 0.00745482 0)
(0.0377491 0.0186283 0)
(0.0580054 0.0402328 0)
(0.0805226 0.0428333 0)
(0.0939314 0.0362451 0)
(0.104088 0.02109 0)
(0.109258 0.00241444 0)
(0.111178 -0.0168449 0)
(0.110146 -0.0339398 0)
(0.10867 -0.0466175 0)
(0.109194 -0.0556298 0)
(0.111559 -0.0626776 0)
(0.114186 -0.0679237 0)
(0.116997 -0.0690424 0)
(0.115576 -0.0664697 0)
(0.110579 -0.0601461 0)
(0.10549 -0.0511049 0)
(0.0992177 -0.0428438 0)
(0.0952745 -0.0346028 0)
(0.0950952 -0.0263665 0)
(0.0957141 -0.0205291 0)
(0.0961929 -0.017077 0)
(0.0968913 -0.0143313 0)
(0.0977273 -0.0118403 0)
(0.0980158 -0.00976335 0)
(0.0981095 -0.00797761 0)
(0.0985091 -0.00587344 0)
(0.0995979 -0.00362589 0)
(0.100925 -0.00159156 0)
(0.102133 -0.000448517 0)
(0.102868 -9.65475e-05 0)
(0.103198 -0.000410315 0)
(0.103198 -0.000929771 0)
(0.103306 -0.00132999 0)
(0.103308 -0.00167725 0)
(0.104136 -0.00149731 0)
(0.10434 -0.00156635 0)
(0.105995 -0.000932461 0)
(0.140368 0.0420387 0)
(0.130845 0.0427428 0)
(0.122921 0.0407781 0)
(0.105918 0.039041 0)
(0.0996561 0.0378938 0)
(0.108671 0.0338833 0)
(0.117891 0.0271317 0)
(0.126808 0.0150806 0)
(0.1327 0.000274713 0)
(0.135615 -0.0171083 0)
(0.136064 -0.033856 0)
(0.137248 -0.0468191 0)
(0.139104 -0.0561105 0)
(0.139329 -0.0628545 0)
(0.137449 -0.0665546 0)
(0.132365 -0.0665358 0)
(0.125155 -0.0618472 0)
(0.1158 -0.0540089 0)
(0.107058 -0.0453154 0)
(0.10093 -0.0373984 0)
(0.0969499 -0.0313486 0)
(0.095771 -0.0265387 0)
(0.0970329 -0.0221964 0)
(0.0993815 -0.0181573 0)
(0.10128 -0.0145453 0)
(0.102099 -0.0117219 0)
(0.101935 -0.00954975 0)
(0.101666 -0.00772042 0)
(0.101695 -0.00581652 0)
(0.102195 -0.00407157 0)
(0.102908 -0.00259675 0)
(0.103856 -0.00170805 0)
(0.104965 -0.00117517 0)
(0.106212 -0.000929611 0)
(0.1072 -0.000861963 0)
(0.10793 -0.000785448 0)
(0.107879 -0.00111155 0)
(0.107879 -0.00104581 0)
(0.10731 -0.00148287 0)
(0.107265 -0.00118187 0)
(0.145108 0.0361917 0)
(0.145461 0.0361416 0)
(0.147604 0.0341859 0)
(0.146161 0.0353544 0)
(0.145141 0.0360126 0)
(0.149947 0.0311652 0)
(0.155966 0.0233259 0)
(0.16169 0.0116112 0)
(0.164946 -0.00259355 0)
(0.167473 -0.0175099 0)
(0.167147 -0.0336008 0)
(0.163285 -0.047905 0)
(0.160776 -0.0556208 0)
(0.155408 -0.0601558 0)
(0.146031 -0.0624062 0)
(0.135812 -0.0600693 0)
(0.12431 -0.0548428 0)
(0.115118 -0.0476642 0)
(0.109433 -0.0406415 0)
(0.105912 -0.0351915 0)
(0.104166 -0.0302247 0)
(0.103415 -0.0257869 0)
(0.102545 -0.0227697 0)
(0.102189 -0.0201842 0)
(0.103098 -0.0165285 0)
(0.104344 -0.0125253 0)
(0.104455 -0.00959392 0)
(0.103858 -0.00793715 0)
(0.103792 -0.00639025 0)
(0.104825 -0.00461046 0)
(0.106131 -0.00285452 0)
(0.106874 -0.00198385 0)
(0.106806 -0.00188229 0)
(0.106546 -0.00211601 0)
(0.106615 -0.00226926 0)
(0.107175 -0.00190557 0)
(0.108147 -0.00174116 0)
(0.108734 -0.00119121 0)
(0.109458 -0.00120832 0)
(0.1091 -0.000984234 0)
(0.143854 0.0378253 0)
(0.146172 0.0370239 0)
(0.151454 0.0362186 0)
(0.156358 0.0356619 0)
(0.161289 0.0341413 0)
(0.167621 0.0282731 0)
(0.174282 0.0196516 0)
(0.179661 0.00928139 0)
(0.182162 -0.00278896 0)
(0.183203 -0.0166697 0)
(0.182732 -0.0296283 0)
(0.17511 -0.0419871 0)
(0.163695 -0.0508134 0)
(0.155147 -0.0529766 0)
(0.143966 -0.0530898 0)
(0.132645 -0.0512005 0)
(0.124431 -0.0470422 0)
(0.117442 -0.0429761 0)
(0.113417 -0.0383721 0)
(0.111651 -0.0338626 0)
(0.11017 -0.0302588 0)
(0.109642 -0.0260606 0)
(0.109189 -0.0215898 0)
(0.107105 -0.0185059 0)
(0.104616 -0.0159659 0)
(0.103781 -0.0125739 0)
(0.104032 -0.00908687 0)
(0.10398 -0.00716435 0)
(0.103605 -0.00650612 0)
(0.104048 -0.00580186 0)
(0.105662 -0.0041022 0)
(0.107375 -0.00216051 0)
(0.108 -0.000855625 0)
(0.106952 -0.000705566 0)
(0.105417 -0.0012464 0)
(0.1039 -0.00183959 0)
(0.103643 -0.00216105 0)
(0.104189 -0.00190591 0)
(0.10512 -0.00165247 0)
(0.107058 -0.000848438 0)
(0.142778 0.0326804 0)
(0.146199 0.030632 0)
(0.152089 0.0300851 0)
(0.159301 0.0290294 0)
(0.164973 0.0273593 0)
(0.170635 0.0222931 0)
(0.176137 0.0145201 0)
(0.179206 0.00556366 0)
(0.182084 -0.00483422 0)
(0.183976 -0.0170857 0)
(0.181625 -0.0278402 0)
(0.174841 -0.0353099 0)
(0.163274 -0.0422525 0)
(0.152854 -0.0464624 0)
(0.145211 -0.0465929 0)
(0.136332 -0.0459153 0)
(0.12973 -0.0435404 0)
(0.125115 -0.0397349 0)
(0.120051 -0.0362749 0)
(0.116185 -0.0322874 0)
(0.113003 -0.0282649 0)
(0.109784 -0.0248092 0)
(0.107909 -0.0208699 0)
(0.107001 -0.0168673 0)
(0.105496 -0.0140441 0)
(0.103958 -0.0119966 0)
(0.103717 -0.00964147 0)
(0.104575 -0.00752596 0)
(0.105156 -0.006377 0)
(0.104969 -0.0061359 0)
(0.104708 -0.00537349 0)
(0.105032 -0.00378483 0)
(0.105761 -0.00163991 0)
(0.106211 -0.000269006 0)
(0.105911 -6.40661e-05 0)
(0.105266 -0.000683346 0)
(0.103987 -0.00208695 0)
(0.10382 -0.00245248 0)
(0.102898 -0.0035101 0)
(0.104121 -0.00251538 0)
(0.142626 0.0307999 0)
(0.145886 0.0282658 0)
(0.151162 0.0262069 0)
(0.157532 0.0248294 0)
(0.162435 0.0230642 0)
(0.167337 0.0185353 0)
(0.17154 0.0124385 0)
(0.174436 0.00424852 0)
(0.176891 -0.00615762 0)
(0.178123 -0.0160036 0)
(0.174964 -0.0234985 0)
(0.168423 -0.0291744 0)
(0.161111 -0.0347345 0)
(0.152363 -0.0395547 0)
(0.144945 -0.040417 0)
(0.138289 -0.0391265 0)
(0.130729 -0.0384144 0)
(0.12495 -0.0358859 0)
(0.120456 -0.0319099 0)
(0.116249 -0.0285364 0)
(0.11352 -0.0252135 0)
(0.111484 -0.021849 0)
(0.109246 -0.0189976 0)
(0.107886 -0.0162441 0)
(0.107784 -0.013354 0)
(0.107939 -0.0110041 0)
(0.107734 -0.00937235 0)
(0.107667 -0.0080986 0)
(0.107822 -0.00666509 0)
(0.107801 -0.00529556 0)
(0.10699 -0.00395607 0)
(0.105938 -0.00277567 0)
(0.105094 -0.00162674 0)
(0.105282 -0.000735624 0)
(0.106027 -0.000464725 0)
(0.107301 -0.000299043 0)
(0.108238 -0.000933107 0)
(0.108512 -0.000973129 0)
(0.108551 -0.00167636 0)
(0.107358 -0.00168668 0)
(0.141926 0.0268824 0)
(0.145799 0.0237558 0)
(0.150092 0.0212525 0)
(0.154788 0.020725 0)
(0.159692 0.0193207 0)
(0.163624 0.0155587 0)
(0.167055 0.00986286 0)
(0.170492 0.00218645 0)
(0.171845 -0.00694942 0)
(0.170875 -0.0149702 0)
(0.168304 -0.0201758 0)
(0.163804 -0.0250478 0)
(0.158377 -0.0303156 0)
(0.151656 -0.034179 0)
(0.144168 -0.0361794 0)
(0.13859 -0.0357346 0)
(0.133246 -0.0342713 0)
(0.127283 -0.0326718 0)
(0.123281 -0.0298702 0)
(0.120393 -0.026916 0)
(0.11726 -0.0246943 0)
(0.115007 -0.0219211 0)
(0.113682 -0.0185862 0)
(0.112119 -0.0161517 0)
(0.110637 -0.0144555 0)
(0.110119 -0.0123495 0)
(0.110157 -0.00977955 0)
(0.109626 -0.00785278 0)
(0.108414 -0.00668981 0)
(0.107349 -0.00573159 0)
(0.1071 -0.00418959 0)
(0.107413 -0.00252812 0)
(0.107858 -0.00125892 0)
(0.107771 -0.00105017 0)
(0.107656 -0.00167658 0)
(0.107076 -0.00241226 0)
(0.107454 -0.00310514 0)
(0.107446 -0.00279815 0)
(0.108414 -0.00279476 0)
(0.108787 -0.00174737 0)
(0.14143 0.0237599 0)
(0.145454 0.021203 0)
(0.148528 0.0187449 0)
(0.152266 0.0175598 0)
(0.156548 0.0161243 0)
(0.160141 0.0128801 0)
(0.16357 0.00735948 0)
(0.166387 0.000841415 0)
(0.167223 -0.00609115 0)
(0.165371 -0.0128167 0)
(0.162739 -0.0178798 0)
(0.160128 -0.0217297 0)
(0.155774 -0.0257967 0)
(0.150064 -0.0292041 0)
(0.143996 -0.0310918 0)
(0.138401 -0.0312278 0)
(0.134111 -0.0296991 0)
(0.129313 -0.0282294 0)
(0.124375 -0.0268999 0)
(0.121445 -0.0242771 0)
(0.119262 -0.0213351 0)
(0.116318 -0.0191963 0)
(0.114068 -0.0167426 0)
(0.113083 -0.0137251 0)
(0.111977 -0.0114848 0)
(0.110244 -0.0102308 0)
(0.108913 -0.0086328 0)
(0.108435 -0.00648414 0)
(0.108049 -0.00469811 0)
(0.107322 -0.00407693 0)
(0.106563 -0.00381343 0)
(0.106673 -0.00319166 0)
(0.107364 -0.00178941 0)
(0.108345 -0.000482317 0)
(0.108208 0.000171734 0)
(0.107542 -3.83742e-05 0)
(0.105711 -0.00109699 0)
(0.104646 -0.00160358 0)
(0.103309 -0.00258266 0)
(0.103279 -0.00186699 0)
(0.140923 0.0201194 0)
(0.144438 0.0180613 0)
(0.147227 0.0159542 0)
(0.150372 0.0147495 0)
(0.153882 0.0133586 0)
(0.157465 0.0102144 0)
(0.160252 0.00532564 0)
(0.162068 -0.000230322 0)
(0.162998 -0.00573793 0)
(0.161632 -0.0110271 0)
(0.158781 -0.0158809 0)
(0.156366 -0.0197032 0)
(0.153205 -0.0227819 0)
(0.148649 -0.0254129 0)
(0.143975 -0.0271933 0)
(0.138674 -0.0280846 0)
(0.133722 -0.0275971 0)
(0.130506 -0.0257433 0)
(0.127201 -0.0241971 0)
(0.123209 -0.0229544 0)
(0.120445 -0.020522 0)
(0.118556 -0.0176951 0)
(0.116405 -0.0159232 0)
(0.114581 -0.0144919 0)
(0.11368 -0.0123521 0)
(0.112737 -0.0101246 0)
(0.11127 -0.00850078 0)
(0.110062 -0.00728853 0)
(0.109814 -0.00593288 0)
(0.110026 -0.00467812 0)
(0.109756 -0.00375843 0)
(0.108836 -0.00319222 0)
(0.107773 -0.00258162 0)
(0.107348 -0.00175539 0)
(0.107569 -0.00115219 0)
(0.108273 -0.000640229 0)
(0.108971 -0.00100224 0)
(0.108937 -0.00106278 0)
(0.108927 -0.0017653 0)
(0.107531 -0.00171546 0)
(0.140284 0.0173827 0)
(0.143323 0.015942 0)
(0.145974 0.0139138 0)
(0.148542 0.0123699 0)
(0.151665 0.0107611 0)
(0.154978 0.00809114 0)
(0.157338 0.00393047 0)
(0.158455 -0.00107592 0)
(0.158769 -0.00545467 0)
(0.158372 -0.00935596 0)
(0.156465 -0.0137285 0)
(0.153403 -0.0175346 0)
(0.150642 -0.0201252 0)
(0.147315 -0.0223948 0)
(0.143093 -0.0238487 0)
(0.139011 -0.0239132 0)
(0.134839 -0.0238946 0)
(0.130871 -0.0235485 0)
(0.127932 -0.0216328 0)
(0.124972 -0.0193916 0)
(0.121855 -0.0180102 0)
(0.119694 -0.0164171 0)
(0.118296 -0.0140816 0)
(0.116437 -0.0119564 0)
(0.114381 -0.0102951 0)
(0.112972 -0.00858387 0)
(0.112267 -0.00676744 0)
(0.11159 -0.00549678 0)
(0.110691 -0.00475947 0)
(0.109788 -0.00413087 0)
(0.109072 -0.00300994 0)
(0.108591 -0.00173347 0)
(0.108146 -0.000623605 0)
(0.107875 -0.000251235 0)
(0.107624 -0.000456553 0)
(0.10747 -0.00100352 0)
(0.107257 -0.00154188 0)
(0.106828 -0.00154976 0)
(0.106607 -0.00159424 0)
(0.105824 -0.000879948 0)
(0.139447 0.0147186 0)
(0.142298 0.0133568 0)
(0.144802 0.0118343 0)
(0.147224 0.0104255 0)
(0.149847 0.00857816 0)
(0.1524 0.00604285 0)
(0.154632 0.00278803 0)
(0.155698 -0.00116745 0)
(0.15544 -0.00539365 0)
(0.154946 -0.0089603 0)
(0.15408 -0.0119251 0)
(0.151696 -0.0152209 0)
(0.148661 -0.0181678 0)
(0.145794 -0.0197784 0)
(0.142353 -0.020995 0)
(0.138648 -0.0218432 0)
(0.135532 -0.0213895 0)
(0.132095 -0.0204968 0)
(0.128514 -0.0197869 0)
(0.1259 -0.0183716 0)
(0.123893 -0.0163931 0)
(0.121451 -0.0147597 0)
(0.119085 -0.0132164 0)
(0.117326 -0.0113078 0)
(0.115982 -0.00948915 0)
(0.114596 -0.00827518 0)
(0.113373 -0.00723356 0)
(0.112359 -0.00590644 0)
(0.111466 -0.00438495 0)
(0.110459 -0.00326185 0)
(0.109517 -0.00267777 0)
(0.108867 -0.0023847 0)
(0.108629 -0.00202797 0)
(0.10869 -0.00141369 0)
(0.108691 -0.000907138 0)
(0.108486 -0.000428663 0)
(0.107951 -0.000532921 0)
(0.10723 -0.000546829 0)
(0.106645 -0.000954739 0)
(0.105882 -0.0010451 0)
(0.138919 0.0124877 0)
(0.141367 0.0114526 0)
(0.14362 0.0100153 0)
(0.145902 0.00851964 0)
(0.148216 0.00691755 0)
(0.150361 0.00458847 0)
(0.15203 0.00152246 0)
(0.153024 -0.00155513 0)
(0.153248 -0.00470153 0)
(0.152437 -0.00815513 0)
(0.151236 -0.0111496 0)
(0.149893 -0.0134128 0)
(0.147547 -0.0157507 0)
(0.144481 -0.0177463 0)
(0.141748 -0.0185537 0)
(0.138747 -0.0189188 0)
(0.135423 -0.0191658 0)
(0.132551 -0.0184662 0)
(0.129966 -0.0171724 0)
(0.127125 -0.0160942 0)
(0.124604 -0.0148011 0)
(0.122507 -0.0129475 0)
(0.120559 -0.0111711 0)
(0.118671 -0.00984857 0)
(0.11715 -0.00847899 0)
(0.115733 -0.00684376 0)
(0.114292 -0.0052798 0)
(0.112875 -0.00424127 0)
(0.111856 -0.00351804 0)
(0.111157 -0.00286259 0)
(0.110601 -0.001994 0)
(0.1099 -0.00118694 0)
(0.109149 -0.000526197 0)
(0.108413 -0.000271774 0)
(0.107971 -0.00026984 0)
(0.107584 -0.000428718 0)
(0.107521 -0.000622283 0)
(0.10707 -0.000602095 0)
(0.107044 -0.00064634 0)
(0.106271 -0.00035275 0)
(0.138239 0.0104015 0)
(0.140503 0.0094291 0)
(0.142662 0.00824936 0)
(0.144682 0.0069316 0)
(0.146701 0.00528513 0)
(0.148606 0.00328514 0)
(0.149973 0.000874704 0)
(0.15066 -0.00198444 0)
(0.150918 -0.00478175 0)
(0.150562 -0.00725741 0)
(0.149426 -0.00990031 0)
(0.147852 -0.0123895 0)
(0.146124 -0.0140699 0)
(0.143778 -0.0154503 0)
(0.141071 -0.016726 0)
(0.138495 -0.017099 0)
(0.135883 -0.0167594 0)
(0.133053 -0.0164225 0)
(0.13054 -0.0157355 0)
(0.128188 -0.0143533 0)
(0.125821 -0.0128541 0)
(0.123581 -0.011588 0)
(0.121739 -0.0101996 0)
(0.119901 -0.00860086 0)
(0.118052 -0.00710681 0)
(0.116322 -0.00594697 0)
(0.115029 -0.00492115 0)
(0.113891 -0.00391227 0)
(0.112802 -0.00291483 0)
(0.111597 -0.00213161 0)
(0.110572 -0.00156721 0)
(0.109749 -0.00117497 0)
(0.109259 -0.000849562 0)
(0.108857 -0.000509011 0)
(0.108542 -0.000276687 0)
(0.108066 -7.11189e-05 0)
(0.107631 -0.00011624 0)
(0.10698 -0.000138701 0)
(0.106634 -0.00030722 0)
(0.105962 -0.000403194 0)
(0.137735 0.00860836 0)
(0.139787 0.00776636 0)
(0.141732 0.00670263 0)
(0.143629 0.00546321 0)
(0.145429 0.00402551 0)
(0.146967 0.00223154 0)
(0.14821 8.71983e-05 0)
(0.148907 -0.00215061 0)
(0.148963 -0.00451019 0)
(0.148601 -0.00692485 0)
(0.147901 -0.00901523 0)
(0.146519 -0.0108893 0)
(0.144762 -0.0127209 0)
(0.142912 -0.0139928 0)
(0.140767 -0.0146336 0)
(0.13827 -0.0150966 0)
(0.135965 -0.0151798 0)
(0.133697 -0.0145577 0)
(0.131295 -0.0136093 0)
(0.128906 -0.0126309 0)
(0.126827 -0.0114066 0)
(0.124724 -0.00992316 0)
(0.122627 -0.00846005 0)
(0.120636 -0.00717628 0)
(0.118971 -0.00592604 0)
(0.117341 -0.00470612 0)
(0.115792 -0.00357146 0)
(0.114281 -0.00268487 0)
(0.113069 -0.00193691 0)
(0.111998 -0.00134259 0)
(0.11114 -0.000740926 0)
(0.110254 -0.000289636 0)
(0.109532 9.29991e-05 0)
(0.108774 0.000241582 0)
(0.108306 0.000308042 0)
(0.107729 0.00024438 0)
(0.107519 0.000171808 0)
(0.106939 0.000131867 0)
(0.106847 8.49962e-05 0)
(0.10615 0.000137002 0)
(0.137218 0.00686439 0)
(0.139128 0.00610893 0)
(0.140948 0.00519283 0)
(0.14266 0.00411823 0)
(0.144265 0.00281908 0)
(0.145649 0.00128757 0)
(0.146665 -0.000485219 0)
(0.147232 -0.00245206 0)
(0.147425 -0.00444422 0)
(0.147092 -0.0063638 0)
(0.14632 -0.00827121 0)
(0.145258 -0.00999131 0)
(0.143873 -0.0113483 0)
(0.142059 -0.0124627 0)
(0.140193 -0.0132754 0)
(0.138256 -0.013533 0)
(0.13615 -0.0133513 0)
(0.133926 -0.0129273 0)
(0.131857 -0.0121636 0)
(0.129709 -0.0110316 0)
(0.12753 -0.00973298 0)
(0.125352 -0.00843133 0)
(0.123361 -0.00710126 0)
(0.121355 -0.00579067 0)
(0.119462 -0.0045657 0)
(0.11762 -0.00351506 0)
(0.116052 -0.00257988 0)
(0.114571 -0.00178767 0)
(0.113287 -0.00109167 0)
(0.112017 -0.000574361 0)
(0.110989 -0.000173827 0)
(0.11004 9.01993e-05 0)
(0.109367 0.000299653 0)
(0.1087 0.000439546 0)
(0.108248 0.000523031 0)
(0.107666 0.00054168 0)
(0.107312 0.000491061 0)
(0.106709 0.00039113 0)
(0.106491 0.0003026 0)
(0.10588 0.00015785 0)
(0.136829 0.00539302 0)
(0.138608 0.00471836 0)
(0.140286 0.00391075 0)
(0.141859 0.00296094 0)
(0.1433 0.00183876 0)
(0.144496 0.000510144 0)
(0.145403 -0.00101119 0)
(0.145907 -0.00263265 0)
(0.14601 -0.00432396 0)
(0.145727 -0.00601726 0)
(0.145107 -0.00759767 0)
(0.144077 -0.00904225 0)
(0.142818 -0.0103198 0)
(0.141342 -0.0112651 0)
(0.139676 -0.011835 0)
(0.137815 -0.0120844 0)
(0.13595 -0.0119536 0)
(0.133943 -0.0113991 0)
(0.131871 -0.0105319 0)
(0.129696 -0.00945706 0)
(0.127555 -0.00819555 0)
(0.125301 -0.00685089 0)
(0.123112 -0.00552231 0)
(0.120955 -0.00430117 0)
(0.11902 -0.0031608 0)
(0.117124 -0.00216882 0)
(0.115433 -0.00130705 0)
(0.113832 -0.00064685 0)
(0.112521 -8.60585e-05 0)
(0.111294 0.000318828 0)
(0.110326 0.000691279 0)
(0.109386 0.000892453 0)
(0.108699 0.00106348 0)
(0.107975 0.00105252 0)
(0.107541 0.00105264 0)
(0.10698 0.000922957 0)
(0.10676 0.000858754 0)
(0.10625 0.000726279 0)
(0.106166 0.000683017 0)
(0.105633 0.000587076 0)
(0.136262 0.00387396 0)
(0.13796 0.0032941 0)
(0.139541 0.00262527 0)
(0.140993 0.00184607 0)
(0.142289 0.000917167 0)
(0.143348 -0.000178601 0)
(0.144123 -0.00142805 0)
(0.144533 -0.00278704 0)
(0.144593 -0.00420197 0)
(0.144267 -0.0056027 0)
(0.143599 -0.00696305 0)
(0.142594 -0.00822431 0)
(0.141351 -0.0092858 0)
(0.13983 -0.0100951 0)
(0.138148 -0.0106106 0)
(0.136265 -0.0107502 0)
(0.134259 -0.0104855 0)
(0.132058 -0.00986476 0)
(0.129798 -0.00894493 0)
(0.12738 -0.00780493 0)
(0.124948 -0.00652304 0)
(0.122444 -0.00522073 0)
(0.120082 -0.00394969 0)
(0.117771 -0.00278424 0)
(0.11571 -0.0017474 0)
(0.113757 -0.000889924 0)
(0.112121 -0.000154578 0)
(0.110625 0.000401519 0)
(0.109426 0.00083811 0)
(0.10832 0.00109972 0)
(0.107484 0.00129457 0)
(0.10673 0.00135897 0)
(0.106221 0.0014042 0)
(0.105746 0.00134715 0)
(0.105457 0.00130525 0)
(0.105129 0.00116427 0)
(0.104958 0.00107339 0)
(0.104677 0.000879099 0)
(0.10459 0.000802169 0)
(0.104329 0.000599138 0)
(0.134692 0.00257787 0)
(0.136365 0.0020564 0)
(0.13788 0.00147778 0)
(0.139226 0.000824146 0)
(0.14036 5.59637e-05 0)
(0.141219 -0.000832401 0)
(0.141759 -0.00183321 0)
(0.141925 -0.00291743 0)
(0.14169 -0.00405806 0)
(0.141035 -0.00520377 0)
(0.139978 -0.00632285 0)
(0.138504 -0.00735716 0)
(0.136712 -0.00823853 0)
(0.134572 -0.00888449 0)
(0.132169 -0.00924211 0)
(0.129507 -0.00925322 0)
(0.126685 -0.0088413 0)
(0.123647 -0.0080493 0)
(0.120559 -0.0069809 0)
(0.117433 -0.0057249 0)
(0.114448 -0.00439597 0)
(0.111533 -0.00313942 0)
(0.108944 -0.00201812 0)
(0.106604 -0.00104023 0)
(0.104708 -0.000185349 0)
(0.103041 0.000491457 0)
(0.101764 0.00101812 0)
(0.100697 0.00135416 0)
(0.100007 0.00160488 0)
(0.0994672 0.00172405 0)
(0.0991976 0.00182488 0)
(0.0990026 0.00179031 0)
(0.0989829 0.00176038 0)
(0.0990012 0.00159192 0)
(0.0991124 0.0014888 0)
(0.099254 0.00127098 0)
(0.0994024 0.00117539 0)
(0.0995954 0.000974293 0)
(0.0997017 0.000924534 0)
(0.0999184 0.000760606 0)
(0.126164 0.00121068 0)
(0.127784 0.000873463 0)
(0.129138 0.000490841 0)
(0.130212 4.32483e-05 0)
(0.130946 -0.000492165 0)
(0.131278 -0.00111318 0)
(0.131143 -0.00179545 0)
(0.130492 -0.00253331 0)
(0.12926 -0.00332204 0)
(0.127428 -0.00411977 0)
(0.125004 -0.00489521 0)
(0.121969 -0.00561217 0)
(0.118411 -0.006221 0)
(0.11439 -0.00663043 0)
(0.110004 -0.00681409 0)
(0.105372 -0.00673085 0)
(0.100712 -0.00628568 0)
(0.0961053 -0.00550363 0)
(0.0917157 -0.00449728 0)
(0.087627 -0.00338268 0)
(0.084066 -0.00224071 0)
(0.0810552 -0.00118409 0)
(0.0787242 -0.000295816 0)
(0.0769565 0.000406424 0)
(0.0758808 0.000951973 0)
(0.0752502 0.00134057 0)
(0.0751556 0.00161586 0)
(0.0753241 0.00176103 0)
(0.0758464 0.00181979 0)
(0.0764805 0.00177866 0)
(0.0773145 0.00171388 0)
(0.0781788 0.00158711 0)
(0.0790864 0.00147217 0)
(0.0800018 0.00130199 0)
(0.0807901 0.00116787 0)
(0.0816506 0.000981442 0)
(0.0822112 0.000861162 0)
(0.0830087 0.000680356 0)
(0.0833032 0.000606895 0)
(0.0841033 0.000447701 0)
(0.0844567 -0.000197549 0)
(0.0850485 -0.000302354 0)
(0.0852708 -0.000424138 0)
(0.0851144 -0.000585292 0)
(0.0845356 -0.000783447 0)
(0.0834558 -0.00101826 0)
(0.0817932 -0.00128153 0)
(0.0794852 -0.00156302 0)
(0.0764622 -0.00185571 0)
(0.0726913 -0.00214567 0)
(0.0681849 -0.0024077 0)
(0.062988 -0.00260319 0)
(0.0571901 -0.00271001 0)
(0.0509505 -0.00270055 0)
(0.0445283 -0.0025029 0)
(0.0382846 -0.002084 0)
(0.0325889 -0.00149963 0)
(0.0277702 -0.000838809 0)
(0.0240408 -0.000196944 0)
(0.0214348 0.000347481 0)
(0.0199215 0.000741007 0)
(0.019375 0.000969295 0)
(0.019596 0.00109141 0)
(0.0203711 0.0011207 0)
(0.0215709 0.00108745 0)
(0.0230078 0.00101661 0)
(0.0246434 0.000924604 0)
(0.0263149 0.00081769 0)
(0.0280302 0.000709947 0)
(0.0296349 0.000604161 0)
(0.0311914 0.000509328 0)
(0.0325802 0.000419799 0)
(0.033881 0.000344406 0)
(0.0350046 0.000273619 0)
(0.0360011 0.000222525 0)
(0.0368665 0.000174164 0)
(0.0375525 0.00015098 0)
(0.0382316 0.000120198 0)
(0.0386116 0.000120771 0)
(0.0392483 0.000101875 0)
)
;

boundaryField
{
    inlet
    {
        type            fixedValue;
        value           uniform (0.1 0 0);
    }
    outlet
    {
        type            zeroGradient;
    }
    lowerWall
    {
        type            noSlip;
    }
    upperWall
    {
        type            noSlip;
    }
    defaultFaces
    {
        type            empty;
    }
}


// ************************************************************************* //
