/*--------------------------------*- C++ -*----------------------------------*\
| =========                 |                                                 |
| \\      /  F ield         | OpenFOAM: The Open Source CFD Toolbox           |
|  \\    /   O peration     | Version:  2112                                  |
|   \\  /    A nd           | Website:  www.openfoam.com                      |
|    \\/     M anipulation  |                                                 |
\*---------------------------------------------------------------------------*/
FoamFile
{
    version     2.0;
    format      ascii;
    arch        "LSB;label=32;scalar=64";
    class       surfaceScalarField;
    location    "0.16";
    object      phi;
}
// * * * * * * * * * * * * * * * * * * * * * * * * * * * * * * * * * * * * * //

dimensions      [0 3 -1 0 0 0 0];

oriented        oriented;

internalField   nonuniform List<scalar> 
3653
(
9.92575e-07
7.42484e-09
9.79204e-07
1.33707e-08
9.6424e-07
1.49641e-08
9.48835e-07
1.5405e-08
9.32678e-07
1.61579e-08
9.15334e-07
1.73434e-08
8.97633e-07
1.77009e-08
8.80881e-07
1.67525e-08
8.64339e-07
1.65419e-08
8.46541e-07
1.77982e-08
8.27266e-07
1.92749e-08
8.08549e-07
1.87169e-08
7.90943e-07
1.76056e-08
7.76678e-07
1.42652e-08
7.63708e-07
1.29704e-08
7.5543e-07
8.27767e-09
7.45715e-07
9.71458e-09
7.40904e-07
4.81115e-09
7.31009e-07
9.89542e-09
7.26148e-07
4.86109e-09
7.14142e-07
1.20057e-08
7.06133e-07
8.0093e-09
6.90271e-07
1.58622e-08
6.76441e-07
1.383e-08
6.53499e-07
2.29421e-08
6.28045e-07
2.5454e-08
5.9452e-07
3.35247e-08
5.3979e-07
5.47299e-08
4.86687e-07
5.31033e-08
1.1917e-07
3.67516e-07
1.00299e-06
4.43456e-09
1.00652e-06
9.84298e-09
1.00891e-06
1.25711e-08
1.01037e-06
1.39464e-08
1.01155e-06
1.49784e-08
1.01243e-06
1.64639e-08
1.01254e-06
1.75944e-08
1.01177e-06
1.75155e-08
1.01079e-06
1.75229e-08
1.00998e-06
1.86048e-08
1.00897e-06
2.02852e-08
1.00724e-06
2.04541e-08
1.00463e-06
2.02171e-08
1.00132e-06
1.75715e-08
9.97077e-07
1.72127e-08
9.92794e-07
1.25601e-08
9.87098e-07
1.54111e-08
9.82534e-07
9.37472e-09
9.74895e-07
1.75344e-08
9.69537e-07
1.02197e-08
9.59588e-07
2.19537e-08
9.50917e-07
1.6681e-08
9.39155e-07
2.76237e-08
9.2385e-07
2.91348e-08
9.06841e-07
3.99514e-08
8.87202e-07
4.50932e-08
8.50409e-07
7.03174e-08
8.36382e-07
6.87568e-08
7.61318e-07
1.28168e-07
1.25513e-07
7.54975e-07
1.00182e-06
2.61464e-09
1.00492e-06
6.74527e-09
1.0077e-06
9.78859e-09
1.00997e-06
1.16728e-08
1.01213e-06
1.28263e-08
1.0144e-06
1.41895e-08
1.01645e-06
1.55406e-08
1.01787e-06
1.61006e-08
1.01899e-06
1.64013e-08
1.02048e-06
1.712e-08
1.02228e-06
1.84836e-08
1.02365e-06
1.9086e-08
1.02412e-06
1.97396e-08
1.02313e-06
1.85636e-08
1.02107e-06
1.92759e-08
1.01731e-06
1.6321e-08
1.01306e-06
1.96536e-08
1.0078e-06
1.46341e-08
1.00183e-06
2.35079e-08
9.96235e-07
1.5816e-08
9.87703e-07
3.04858e-08
9.81579e-07
2.28045e-08
9.69864e-07
3.93389e-08
9.60849e-07
3.81497e-08
9.46804e-07
5.39968e-08
9.31375e-07
6.0522e-08
9.16159e-07
8.55334e-08
8.92641e-07
9.22742e-08
8.7833e-07
1.42479e-07
1.53153e-07
8.5069e-07
1.00085e-06
1.76541e-09
1.00257e-06
5.02898e-09
1.00457e-06
7.78063e-09
1.00655e-06
9.69728e-09
1.0084e-06
1.09703e-08
1.01032e-06
1.22744e-08
1.01221e-06
1.36501e-08
1.01379e-06
1.45256e-08
1.01515e-06
1.50346e-08
1.0167e-06
1.55732e-08
1.01845e-06
1.67352e-08
1.0199e-06
1.76354e-08
1.02064e-06
1.8997e-08
1.02028e-06
1.89269e-08
1.01904e-06
2.05124e-08
1.01643e-06
1.89297e-08
1.01367e-06
2.24199e-08
1.00914e-06
1.91613e-08
1.00565e-06
2.7001e-08
9.99351e-07
2.21106e-08
9.95043e-07
3.47932e-08
9.87088e-07
3.07603e-08
9.80786e-07
4.56407e-08
9.71948e-07
4.6988e-08
9.62061e-07
6.38831e-08
9.52956e-07
6.9627e-08
9.40233e-07
9.82567e-08
9.30051e-07
1.02457e-07
9.21895e-07
1.50635e-07
1.60439e-07
9.14609e-07
1.00042e-06
1.34561e-09
1.00156e-06
3.89361e-09
1.00314e-06
6.1948e-09
1.00487e-06
7.97314e-09
1.00654e-06
9.29641e-09
1.00824e-06
1.05771e-08
1.00998e-06
1.19089e-08
1.01156e-06
1.29384e-08
1.01297e-06
1.36264e-08
1.01433e-06
1.42168e-08
1.0158e-06
1.52631e-08
1.01703e-06
1.64075e-08
1.018e-06
1.80293e-08
1.01803e-06
1.8896e-08
1.01772e-06
2.08161e-08
1.01595e-06
2.07056e-08
1.01435e-06
2.40206e-08
1.01079e-06
2.2715e-08
1.00841e-06
2.93808e-08
1.00316e-06
2.73646e-08
1.00038e-06
3.75718e-08
9.93307e-07
3.78347e-08
9.9036e-07
4.85876e-08
9.81201e-07
5.61471e-08
9.78531e-07
6.65537e-08
9.67802e-07
8.03557e-08
9.65425e-07
1.00634e-07
9.57504e-07
1.10378e-07
9.55589e-07
1.52551e-07
1.60089e-07
9.55938e-07
1.00033e-06
1.01753e-09
1.00117e-06
3.05148e-09
1.00239e-06
4.9706e-09
1.00383e-06
6.53771e-09
1.00533e-06
7.79661e-09
1.00688e-06
9.02795e-09
1.00848e-06
1.03085e-08
1.01001e-06
1.14072e-08
1.01143e-06
1.22099e-08
1.01275e-06
1.28965e-08
1.0141e-06
1.39055e-08
1.01527e-06
1.52385e-08
1.01631e-06
1.69922e-08
1.01666e-06
1.85422e-08
1.01685e-06
2.06278e-08
1.01584e-06
2.17222e-08
1.01513e-06
2.4728e-08
1.01258e-06
2.52678e-08
1.01131e-06
3.06492e-08
1.0074e-06
3.12757e-08
1.00555e-06
3.94164e-08
1.00111e-06
4.22735e-08
9.97866e-07
5.1835e-08
9.94242e-07
5.97707e-08
9.89621e-07
7.11752e-08
9.8658e-07
8.33965e-08
9.84712e-07
1.02501e-07
9.80642e-07
1.14448e-07
9.86518e-07
1.46675e-07
1.5916e-07
9.87447e-07
1.00023e-06
7.89171e-10
1.00088e-06
2.39559e-09
1.00187e-06
3.98172e-09
1.00311e-06
5.30384e-09
1.00449e-06
6.41331e-09
1.00597e-06
7.55148e-09
1.0075e-06
8.77273e-09
1.00901e-06
9.89753e-09
1.01046e-06
1.07573e-08
1.01183e-06
1.1531e-08
1.01322e-06
1.25122e-08
1.01448e-06
1.39855e-08
1.0157e-06
1.57692e-08
1.01641e-06
1.78312e-08
1.01706e-06
1.99814e-08
1.01676e-06
2.20235e-08
1.01673e-06
2.47502e-08
1.01519e-06
2.68164e-08
1.01483e-06
3.1004e-08
1.01202e-06
3.40866e-08
1.01175e-06
3.96845e-08
1.00801e-06
4.6015e-08
1.0079e-06
5.1945e-08
1.00422e-06
6.34498e-08
1.00424e-06
7.11594e-08
1.00224e-06
8.5397e-08
1.00316e-06
1.01575e-07
1.005e-06
1.12608e-07
1.01011e-06
1.41564e-07
1.52629e-07
1.01664e-06
1.00019e-06
6.00584e-10
1.00075e-06
1.83451e-09
1.00164e-06
3.09541e-09
1.00276e-06
4.18143e-09
1.00406e-06
5.10867e-09
1.0055e-06
6.11122e-09
1.00703e-06
7.24898e-09
1.00856e-06
8.36902e-09
1.01006e-06
9.25473e-09
1.0115e-06
1.00927e-08
1.01296e-06
1.10495e-08
1.01434e-06
1.2605e-08
1.01574e-06
1.4365e-08
1.0168e-06
1.67727e-08
1.01785e-06
1.89365e-08
1.01819e-06
2.16814e-08
1.01875e-06
2.41913e-08
1.01821e-06
2.73592e-08
1.01845e-06
3.07623e-08
1.01722e-06
3.53091e-08
1.01726e-06
3.9647e-08
1.01613e-06
4.71469e-08
1.01581e-06
5.22645e-08
1.0158e-06
6.34614e-08
1.01599e-06
7.09641e-08
1.01702e-06
8.43668e-08
1.02103e-06
9.7571e-08
1.02302e-06
1.10619e-07
1.03272e-06
1.31861e-07
1.45285e-07
1.04006e-06
1.00017e-06
4.28688e-10
1.00069e-06
1.31503e-09
1.00152e-06
2.2701e-09
1.00259e-06
3.11099e-09
1.00386e-06
3.83351e-09
1.0053e-06
4.67287e-09
1.00684e-06
5.70471e-09
1.00842e-06
6.79316e-09
1.01e-06
7.67676e-09
1.01155e-06
8.5429e-09
1.01314e-06
9.46154e-09
1.0147e-06
1.10391e-08
1.01632e-06
1.27448e-08
1.01774e-06
1.53563e-08
1.01916e-06
1.75176e-08
1.0201e-06
2.07435e-08
1.0212e-06
2.30916e-08
1.02149e-06
2.70633e-08
1.02246e-06
2.97932e-08
1.02226e-06
3.5512e-08
1.02336e-06
3.85453e-08
1.02329e-06
4.7212e-08
1.02459e-06
5.09645e-08
1.02576e-06
6.22988e-08
1.02775e-06
6.89719e-08
1.03101e-06
8.1102e-08
1.03544e-06
9.31412e-08
1.04142e-06
1.04638e-07
1.05072e-06
1.22561e-07
1.35358e-07
1.06065e-06
1.00017e-06
2.6081e-10
1.00068e-06
8.06585e-10
1.0015e-06
1.45116e-09
1.00257e-06
2.04087e-09
1.00385e-06
2.54561e-09
1.00533e-06
3.19803e-09
1.00693e-06
4.09908e-09
1.0086e-06
5.12717e-09
1.01029e-06
5.98726e-09
1.01198e-06
6.854e-09
1.01371e-06
7.72534e-09
1.01548e-06
9.2717e-09
1.01732e-06
1.09024e-08
1.01909e-06
1.35946e-08
1.02085e-06
1.57534e-08
1.02234e-06
1.92533e-08
1.02389e-06
2.15373e-08
1.02501e-06
2.59514e-08
1.02647e-06
2.8327e-08
1.02744e-06
3.45458e-08
1.02903e-06
3.69552e-08
1.03051e-06
4.57325e-08
1.03247e-06
4.90027e-08
1.0352e-06
5.9571e-08
1.03859e-06
6.5582e-08
1.04277e-06
7.69219e-08
1.04946e-06
8.64474e-08
1.05576e-06
9.83393e-08
1.06671e-06
1.11615e-07
1.24396e-07
1.07767e-06
1.00017e-06
8.64919e-11
1.0007e-06
2.77419e-10
1.00156e-06
5.99293e-10
1.00267e-06
9.2314e-10
1.00402e-06
1.1973e-09
1.00557e-06
1.64757e-09
1.00727e-06
2.39845e-09
1.00906e-06
3.34267e-09
1.01088e-06
4.16585e-09
1.01272e-06
5.01196e-09
1.01462e-06
5.82459e-09
1.0166e-06
7.289e-09
1.01868e-06
8.82756e-09
1.02077e-06
1.15062e-08
1.02286e-06
1.36626e-08
1.02483e-06
1.72835e-08
1.02681e-06
1.95561e-08
1.02858e-06
2.41803e-08
1.03057e-06
2.63362e-08
1.03239e-06
3.27277e-08
1.03464e-06
3.47027e-08
1.03712e-06
4.32507e-08
1.03996e-06
4.61659e-08
1.04382e-06
5.57123e-08
1.04811e-06
6.12869e-08
1.05381e-06
7.12273e-08
1.06078e-06
7.94745e-08
1.06899e-06
9.01314e-08
1.07989e-06
1.00714e-07
1.12398e-07
1.09189e-06
1.00019e-06
-1.03845e-10
1.00077e-06
-2.98596e-10
1.00169e-06
-3.23555e-10
1.00289e-06
-2.7902e-10
1.00433e-06
-2.4561e-10
1.006e-06
-1.63232e-11
1.00782e-06
5.76705e-10
1.00975e-06
1.41579e-09
1.01173e-06
2.18673e-09
1.01375e-06
2.99257e-09
1.01583e-06
3.73631e-09
1.01804e-06
5.08067e-09
1.02035e-06
6.51589e-09
1.02275e-06
9.10742e-09
1.02515e-06
1.12667e-08
1.02754e-06
1.48927e-08
1.02988e-06
1.72163e-08
1.03222e-06
2.18439e-08
1.03461e-06
2.39373e-08
1.03718e-06
3.01624e-08
1.03993e-06
3.19514e-08
1.04327e-06
3.99093e-08
1.04684e-06
4.25948e-08
1.05147e-06
5.10869e-08
1.05677e-06
5.59872e-08
1.06303e-06
6.49613e-08
1.07103e-06
7.14795e-08
1.07977e-06
8.13907e-08
1.09105e-06
8.94316e-08
9.98844e-08
1.10357e-06
1.00022e-06
-3.2741e-10
1.00089e-06
-9.6347e-10
1.00194e-06
-1.37803e-09
1.0033e-06
-1.63798e-09
1.0049e-06
-1.84054e-09
1.00669e-06
-1.81024e-09
1.00867e-06
-1.40583e-09
1.01077e-06
-6.84356e-10
1.01291e-06
5.20623e-11
1.0151e-06
7.9718e-10
1.01738e-06
1.46035e-09
1.0198e-06
2.6568e-09
1.02233e-06
3.98993e-09
1.02499e-06
6.45132e-09
1.02763e-06
8.61882e-09
1.03036e-06
1.21703e-08
1.03299e-06
1.45773e-08
1.03577e-06
1.9072e-08
1.03852e-06
2.11842e-08
1.04165e-06
2.70282e-08
1.04485e-06
2.87527e-08
1.04885e-06
3.59107e-08
1.053e-06
3.84422e-08
1.05832e-06
4.57671e-08
1.06418e-06
5.01343e-08
1.07124e-06
5.78946e-08
1.0795e-06
6.3223e-08
1.08899e-06
7.18965e-08
1.10029e-06
7.81311e-08
8.71255e-08
1.11305e-06
1.00026e-06
-5.88638e-10
1.00103e-06
-1.72989e-09
1.00224e-06
-2.5916e-09
1.00379e-06
-3.186e-09
1.00555e-06
-3.60627e-09
1.00751e-06
-3.76897e-09
1.00967e-06
-3.56047e-09
1.01197e-06
-2.98543e-09
1.01434e-06
-2.31737e-09
1.01675e-06
-1.61272e-09
1.01926e-06
-1.05199e-09
1.02197e-06
-5.51085e-11
1.02476e-06
1.19863e-09
1.02768e-06
3.53371e-09
1.03056e-06
5.74089e-09
1.03351e-06
9.21812e-09
1.03634e-06
1.17454e-08
1.03939e-06
1.60291e-08
1.04238e-06
1.81953e-08
1.04589e-06
2.35164e-08
1.04943e-06
2.52145e-08
1.05387e-06
3.14676e-08
1.05851e-06
3.38053e-08
1.06426e-06
4.00169e-08
1.07062e-06
4.37676e-08
1.0781e-06
5.04151e-08
1.08672e-06
5.46075e-08
1.09655e-06
6.20619e-08
1.10786e-06
6.68196e-08
7.43382e-08
1.12065e-06
1.00038e-06
-9.72062e-10
1.00139e-06
-2.73182e-09
1.00289e-06
-4.09843e-09
1.00472e-06
-5.01871e-09
1.00672e-06
-5.60016e-09
1.00889e-06
-5.93683e-09
1.01127e-06
-5.94556e-09
1.01379e-06
-5.50171e-09
1.01633e-06
-4.86276e-09
1.01896e-06
-4.23743e-09
1.02172e-06
-3.80984e-09
1.02462e-06
-2.95446e-09
1.02757e-06
-1.76024e-09
1.03059e-06
5.18946e-10
1.03352e-06
2.80806e-09
1.03654e-06
6.19566e-09
1.03946e-06
8.83305e-09
1.04265e-06
1.28323e-08
1.04582e-06
1.50303e-08
1.0496e-06
1.97369e-08
1.05342e-06
2.13932e-08
1.05819e-06
2.66918e-08
1.06321e-06
2.87946e-08
1.0693e-06
3.39184e-08
1.076e-06
3.70708e-08
1.08385e-06
4.25641e-08
1.09262e-06
4.58368e-08
1.1027e-06
5.1989e-08
1.11394e-06
5.55788e-08
6.16212e-08
1.12665e-06
1.00048e-06
-1.44938e-09
1.0018e-06
-4.05176e-09
1.00372e-06
-6.02032e-09
1.00591e-06
-7.21151e-09
1.00816e-06
-7.84572e-09
1.01057e-06
-8.34802e-09
1.01323e-06
-8.60212e-09
1.01597e-06
-8.2464e-09
1.0187e-06
-7.59231e-09
1.02156e-06
-7.09952e-09
1.02464e-06
-6.89132e-09
1.02792e-06
-6.23043e-09
1.03118e-06
-5.01721e-09
1.03443e-06
-2.73525e-09
1.0375e-06
-2.64321e-10
1.0405e-06
3.19915e-09
1.0433e-06
6.02806e-09
1.04637e-06
9.76347e-09
1.04945e-06
1.19547e-08
1.05322e-06
1.59646e-08
1.05712e-06
1.749e-08
1.06202e-06
2.17967e-08
1.06725e-06
2.35643e-08
1.07353e-06
2.76403e-08
1.08046e-06
3.0138e-08
1.08851e-06
3.45168e-08
1.09739e-06
3.69529e-08
1.10755e-06
4.18339e-08
1.1187e-06
4.44285e-08
4.91028e-08
1.13122e-06
1.00091e-06
-2.36425e-09
1.00284e-06
-5.97317e-09
1.00522e-06
-8.4036e-09
1.00773e-06
-9.71898e-09
1.01024e-06
-1.03617e-08
1.01297e-06
-1.10778e-08
1.0159e-06
-1.15305e-08
1.01878e-06
-1.11263e-08
1.02167e-06
-1.04808e-08
1.02493e-06
-1.03585e-08
1.02858e-06
-1.0538e-08
1.0323e-06
-9.95245e-09
1.0357e-06
-8.41523e-09
1.03875e-06
-5.78824e-09
1.04131e-06
-2.82354e-09
1.0438e-06
7.07667e-10
1.04619e-06
3.63993e-09
1.04903e-06
6.92188e-09
1.05202e-06
8.96587e-09
1.05583e-06
1.2151e-08
1.05987e-06
1.34554e-08
1.06491e-06
1.67529e-08
1.07035e-06
1.81221e-08
1.07681e-06
2.11856e-08
1.08391e-06
2.30369e-08
1.09211e-06
2.63164e-08
1.10105e-06
2.80079e-08
1.11123e-06
3.16587e-08
1.12224e-06
3.34144e-08
3.67449e-08
1.1346e-06
1.0019e-06
-4.26372e-09
1.00523e-06
-9.30848e-09
1.00844e-06
-1.16063e-08
1.0113e-06
-1.25777e-08
1.01417e-06
-1.32385e-08
1.01734e-06
-1.42466e-08
1.02054e-06
-1.47314e-08
1.0234e-06
-1.39789e-08
1.02619e-06
-1.32741e-08
1.02954e-06
-1.37129e-08
1.03342e-06
-1.44128e-08
1.0373e-06
-1.38354e-08
1.04072e-06
-1.18334e-08
1.04363e-06
-8.7032e-09
1.04594e-06
-5.1277e-09
1.04801e-06
-1.36292e-09
1.04981e-06
1.8339e-09
1.05207e-06
4.6618e-09
1.05458e-06
6.46274e-09
1.05807e-06
8.66255e-09
1.06191e-06
9.61539e-09
1.0669e-06
1.17542e-08
1.07237e-06
1.2655e-08
1.07894e-06
1.46184e-08
1.08611e-06
1.58657e-08
1.09446e-06
1.79654e-08
1.10343e-06
1.90387e-08
1.11367e-06
2.14181e-08
1.12461e-06
2.24739e-08
2.46572e-08
1.1367e-06
1.00307e-06
-7.33164e-09
1.00685e-06
-1.30881e-08
1.0097e-06
-1.44606e-08
1.01182e-06
-1.46926e-08
1.01382e-06
-1.5238e-08
1.01573e-06
-1.61557e-08
1.01717e-06
-1.61712e-08
1.01808e-06
-1.48947e-08
1.01907e-06
-1.42585e-08
1.02052e-06
-1.51656e-08
1.02211e-06
-1.60079e-08
1.02349e-06
-1.52094e-08
1.02462e-06
-1.29709e-08
1.02577e-06
-9.84932e-09
1.02703e-06
-6.38953e-09
1.02866e-06
-2.9927e-09
1.03079e-06
-2.90311e-10
1.03373e-06
1.71684e-09
1.03717e-06
3.02906e-09
1.04157e-06
4.25816e-09
1.04628e-06
4.90269e-09
1.0521e-06
5.93361e-09
1.05831e-06
6.44866e-09
1.06558e-06
7.34867e-09
1.0734e-06
8.04128e-09
1.08242e-06
8.94833e-09
1.09191e-06
9.54919e-09
1.10272e-06
1.06097e-08
1.11416e-06
1.10324e-08
1.18671e-08
1.12695e-06
9.92668e-07
9.7958e-07
9.6512e-07
9.50427e-07
9.35189e-07
9.19033e-07
9.02862e-07
8.87967e-07
8.73709e-07
8.58543e-07
8.42535e-07
8.27326e-07
8.14355e-07
8.04506e-07
7.98116e-07
7.95123e-07
7.94833e-07
7.9655e-07
7.99579e-07
8.03837e-07
8.0874e-07
8.14674e-07
8.21122e-07
8.28471e-07
8.36512e-07
8.4546e-07
8.5501e-07
8.65619e-07
8.76652e-07
8.88519e-07
4.58095e-07
-9.05782e-08
5.90046e-07
-1.31951e-07
6.08488e-07
-1.84422e-08
5.88476e-07
2.00115e-08
7.28395e-07
-1.39919e-07
7.84914e-07
-5.65194e-08
6.95035e-07
8.98792e-08
7.33966e-07
-3.89306e-08
9.01622e-07
-1.67656e-07
-1.38114e-07
1.03974e-06
7.99514e-07
-1.35117e-07
7.96499e-07
-1.28936e-07
8.50989e-07
-7.29322e-08
8.82824e-07
-1.18234e-08
8.96049e-07
-1.53143e-07
9.58982e-07
-1.19452e-07
9.5985e-07
8.9011e-08
9.39738e-07
-1.8819e-08
1.0391e-06
-2.67015e-07
-2.48919e-07
1.1499e-06
8.62595e-07
-1.47021e-07
8.60659e-07
-1.27001e-07
8.95107e-07
-1.0738e-07
9.53738e-07
-7.04547e-08
8.97982e-07
-9.73867e-08
9.23786e-07
-1.45257e-07
1.0216e-06
-8.80342e-09
1.08456e-06
-8.17795e-08
1.06465e-06
-2.47105e-07
-2.68361e-07
1.08409e-06
9.18618e-07
-1.5103e-07
9.26743e-07
-1.35126e-07
9.32823e-07
-1.13461e-07
9.65101e-07
-1.02733e-07
9.72128e-07
-1.04414e-07
9.63667e-07
-1.36796e-07
1.01774e-06
-6.28765e-08
1.07051e-06
-1.34545e-07
1.05304e-06
-2.29642e-07
-2.58487e-07
1.04317e-06
9.53681e-07
-1.48773e-07
9.58249e-07
-1.39694e-07
9.67237e-07
-1.22449e-07
9.83405e-07
-1.189e-07
9.85786e-07
-1.06795e-07
9.95847e-07
-1.46857e-07
1.03191e-06
-9.89442e-08
1.05479e-06
-1.57425e-07
1.04061e-06
-2.15454e-07
-2.70836e-07
1.05296e-06
9.87616e-07
-1.48942e-07
9.90966e-07
-1.43045e-07
9.9497e-07
-1.26453e-07
1.00311e-06
-1.27041e-07
1.01463e-06
-1.18318e-07
1.01373e-06
-1.45955e-07
1.03643e-06
-1.21639e-07
1.05573e-06
-1.76728e-07
1.05418e-06
-2.13902e-07
-2.57108e-07
1.04045e-06
1.01453e-06
-1.46824e-07
1.01286e-06
-1.41379e-07
1.01453e-06
-1.28121e-07
1.0192e-06
-1.31714e-07
1.02513e-06
-1.24247e-07
1.02859e-06
-1.49412e-07
1.04288e-06
-1.35926e-07
1.04603e-06
-1.79877e-07
1.04192e-06
-2.09796e-07
-2.53626e-07
1.03844e-06
1.03631e-06
-1.43071e-07
1.03403e-06
-1.39095e-07
1.03493e-06
-1.29023e-07
1.03563e-06
-1.32418e-07
1.03905e-06
-1.27661e-07
1.03699e-06
-1.47352e-07
1.04616e-06
-1.45098e-07
1.0469e-06
-1.80619e-07
1.04032e-06
-2.03217e-07
-2.42133e-07
1.02883e-06
1.05567e-06
-1.38085e-07
1.05052e-06
-1.33944e-07
1.04743e-06
-1.25941e-07
1.04539e-06
-1.30374e-07
1.04613e-06
-1.28399e-07
1.04383e-06
-1.45051e-07
1.04465e-06
-1.45926e-07
1.03982e-06
-1.7578e-07
1.03346e-06
-1.96859e-07
-2.31619e-07
1.02294e-06
1.07041e-06
-1.30824e-07
1.06402e-06
-1.27559e-07
1.06021e-06
-1.22127e-07
1.0558e-06
-1.25964e-07
1.05296e-06
-1.25564e-07
1.0471e-06
-1.39186e-07
1.0454e-06
-1.44225e-07
1.03798e-06
-1.68361e-07
1.02714e-06
-1.86018e-07
-2.16755e-07
1.01227e-06
1.08331e-06
-1.22243e-07
1.0754e-06
-1.1965e-07
1.06843e-06
-1.15157e-07
1.06184e-06
-1.19378e-07
1.05637e-06
-1.20094e-07
1.04918e-06
-1.31996e-07
1.04262e-06
-1.37666e-07
1.03255e-06
-1.58288e-07
1.02074e-06
-1.74213e-07
-2.00998e-07
1.00499e-06
1.09343e-06
-1.12109e-07
1.08394e-06
-1.10157e-07
1.07589e-06
-1.07111e-07
1.06737e-06
-1.10858e-07
1.05954e-06
-1.12265e-07
1.04991e-06
-1.22365e-07
1.04125e-06
-1.29003e-07
1.029e-06
-1.46033e-07
1.01458e-06
-1.59796e-07
-1.82808e-07
9.96389e-07
1.10171e-06
-1.00766e-07
1.09108e-06
-9.95303e-08
1.08104e-06
-9.70714e-08
1.07082e-06
-1.00638e-07
1.06102e-06
-1.02462e-07
1.04986e-06
-1.11209e-07
1.03843e-06
-1.17573e-07
1.02446e-06
-1.32057e-07
1.00871e-06
-1.44048e-07
-1.63676e-07
9.89578e-07
1.10828e-06
-8.83989e-08
1.09631e-06
-8.75523e-08
1.08515e-06
-8.59186e-08
1.07348e-06
-8.89604e-08
1.06204e-06
-9.10218e-08
1.04924e-06
-9.8417e-08
1.0362e-06
-1.04531e-07
1.02071e-06
-1.16568e-07
1.00352e-06
-1.26858e-07
-1.43226e-07
9.83073e-07
1.11333e-06
-7.50707e-08
1.10043e-06
-7.46573e-08
1.08799e-06
-7.34748e-08
1.07511e-06
-7.60875e-08
1.06227e-06
-7.8179e-08
1.04827e-06
-8.44173e-08
1.03366e-06
-8.99179e-08
1.01701e-06
-9.9924e-08
9.98775e-07
-1.0862e-07
-1.22132e-07
9.77681e-07
1.11715e-06
-6.10102e-08
1.10329e-06
-6.07965e-08
1.08995e-06
-6.01275e-08
1.07609e-06
-6.22341e-08
1.06216e-06
-6.42452e-08
1.04712e-06
-6.93757e-08
1.03145e-06
-7.42509e-08
1.01384e-06
-8.2313e-08
9.94766e-07
-8.9546e-08
-1.00337e-07
9.72971e-07
1.11987e-06
-4.62776e-08
1.10531e-06
-4.62354e-08
1.09114e-06
-4.59589e-08
1.07649e-06
-4.75816e-08
1.06169e-06
-4.9453e-08
1.04582e-06
-5.34988e-08
1.02924e-06
-5.76727e-08
1.01081e-06
-6.38834e-08
9.91024e-07
-6.97616e-08
-7.79878e-08
9.68675e-07
1.12128e-06
-3.08607e-08
1.10586e-06
-3.08161e-08
1.09088e-06
-3.09706e-08
1.07538e-06
-3.20915e-08
1.05975e-06
-3.38147e-08
1.0429e-06
-3.66537e-08
1.02529e-06
-4.00614e-08
1.00578e-06
-4.43776e-08
9.84959e-07
-4.89363e-08
-5.45131e-08
9.61484e-07
1.10914e-06
-1.30481e-08
1.09163e-06
-1.33109e-08
1.07454e-06
-1.38754e-08
1.0571e-06
-1.46515e-08
1.03927e-06
-1.59904e-08
1.02027e-06
-1.76546e-08
1.00011e-06
-1.98945e-08
9.78039e-07
-2.231e-08
9.54251e-07
-2.51482e-08
-2.78834e-08
9.27621e-07
8.75471e-07
8.6216e-07
8.48284e-07
8.33633e-07
8.17643e-07
7.99988e-07
7.80093e-07
7.57784e-07
7.32635e-07
7.04752e-07
-4.26291e-08
4.26291e-08
-1.72325e-07
1.29696e-07
-3.40802e-07
1.68477e-07
-5.29746e-07
1.88944e-07
-6.79183e-07
1.49437e-07
-7.42323e-07
6.31394e-08
-7.06242e-07
-3.60804e-08
-5.95502e-07
-1.1074e-07
-4.33726e-07
-1.61777e-07
-2.57356e-07
-1.76369e-07
-8.78566e-08
-1.695e-07
6.23772e-08
-1.50234e-07
1.85288e-07
-1.2291e-07
2.7846e-07
-9.31729e-08
3.44943e-07
-6.64821e-08
3.89911e-07
-4.4968e-08
4.1871e-07
-2.87992e-08
4.3599e-07
-1.72807e-08
4.45469e-07
-9.479e-09
4.49944e-07
-4.47504e-09
4.51436e-07
-1.49107e-09
4.51293e-07
1.42567e-10
4.50337e-07
9.561e-10
4.49072e-07
1.26527e-09
4.47768e-07
1.30328e-09
4.46548e-07
1.2204e-09
4.45471e-07
1.07737e-09
4.44532e-07
9.38901e-10
4.43744e-07
7.87995e-10
4.43069e-07
6.75177e-10
4.42516e-07
5.52234e-10
4.42048e-07
4.67798e-10
4.41675e-07
3.73879e-10
4.41367e-07
3.07338e-10
4.41132e-07
2.35032e-10
4.40956e-07
1.76081e-10
4.40832e-07
1.24304e-10
4.40774e-07
5.78734e-11
4.40744e-07
3.03776e-11
-5.63358e-11
-5.0954e-08
9.35831e-08
-2.17828e-07
2.9657e-07
-4.26981e-07
3.77629e-07
-6.15665e-07
3.77628e-07
-7.58611e-07
2.92383e-07
-8.00891e-07
1.0542e-07
-7.34614e-07
-1.02358e-07
-5.94933e-07
-2.5042e-07
-4.13585e-07
-3.43125e-07
-2.26863e-07
-3.63091e-07
-4.29014e-08
-3.53461e-07
1.21256e-07
-3.14391e-07
2.59267e-07
-2.60921e-07
3.68379e-07
-2.02285e-07
4.5158e-07
-1.49683e-07
5.14057e-07
-1.07445e-07
5.60768e-07
-7.55107e-08
5.95589e-07
-5.21012e-08
6.21393e-07
-3.52829e-08
6.40367e-07
-2.3449e-08
6.54204e-07
-1.53281e-08
6.64245e-07
-9.89921e-09
6.71562e-07
-6.3604e-09
6.76928e-07
-4.10122e-09
6.80923e-07
-2.69156e-09
6.83934e-07
-1.78993e-09
6.86258e-07
-1.24715e-09
6.88058e-07
-8.61055e-10
6.89506e-07
-6.5976e-10
6.9065e-07
-4.68812e-10
6.91603e-07
-4.00678e-10
6.92372e-07
-3.0148e-10
6.93031e-07
-2.85524e-10
6.93576e-07
-2.3768e-10
6.94062e-07
-2.509e-10
6.94477e-07
-2.38428e-10
6.94862e-07
-2.61165e-10
6.95212e-07
-2.91914e-10
6.95551e-07
-3.08028e-10
-3.83384e-10
-1.66872e-07
2.60455e-07
-3.29921e-07
4.59619e-07
-4.7525e-07
5.22958e-07
-6.32863e-07
5.35242e-07
-7.26969e-07
3.86488e-07
-7.25258e-07
1.03709e-07
-6.29872e-07
-1.97744e-07
-4.75379e-07
-4.04914e-07
-3.04122e-07
-5.14382e-07
-1.30192e-07
-5.37021e-07
2.91295e-08
-5.12782e-07
1.73829e-07
-4.59091e-07
2.97414e-07
-3.84506e-07
3.96425e-07
-3.01296e-07
4.72431e-07
-2.25689e-07
5.3e-07
-1.65014e-07
5.7396e-07
-1.1947e-07
6.08092e-07
-8.62331e-08
6.34909e-07
-6.21006e-08
6.56027e-07
-4.45672e-08
6.72585e-07
-3.18859e-08
6.85493e-07
-2.28068e-08
6.9553e-07
-1.63972e-08
7.03332e-07
-1.1904e-08
7.09432e-07
-8.79147e-09
7.14221e-07
-6.57828e-09
7.18034e-07
-5.06038e-09
7.2107e-07
-3.89699e-09
7.23543e-07
-3.13281e-09
7.25538e-07
-2.46383e-09
7.27196e-07
-2.05864e-09
7.28551e-07
-1.65661e-09
7.297e-07
-1.43457e-09
7.30647e-07
-1.18488e-09
7.31475e-07
-1.07883e-09
7.32164e-07
-9.27753e-10
7.32789e-07
-8.85788e-10
7.33322e-07
-8.24385e-10
7.33828e-07
-8.14473e-10
-8.34563e-10
-1.82498e-07
4.42953e-07
-2.59299e-07
5.3642e-07
-3.37074e-07
6.00733e-07
-4.61177e-07
6.59345e-07
-4.94458e-07
4.19769e-07
-4.37675e-07
4.69265e-08
-3.14937e-07
-3.20483e-07
-1.66017e-07
-5.53833e-07
-1.3227e-08
-6.67173e-07
1.16e-07
-6.66248e-07
2.23735e-07
-6.20518e-07
3.16005e-07
-5.51361e-07
3.95981e-07
-4.64482e-07
4.62658e-07
-3.67973e-07
5.17283e-07
-2.80314e-07
5.61719e-07
-2.09449e-07
5.9717e-07
-1.54921e-07
6.25074e-07
-1.14138e-07
6.47081e-07
-8.41069e-08
6.6461e-07
-6.20965e-08
6.78685e-07
-4.59608e-08
6.90014e-07
-3.41358e-08
6.99129e-07
-2.55128e-08
7.06452e-07
-1.9227e-08
7.12349e-07
-1.46876e-08
7.17096e-07
-1.13252e-08
7.20954e-07
-8.91918e-09
7.24081e-07
-7.02348e-09
7.2666e-07
-5.71155e-09
7.28764e-07
-4.56866e-09
7.30525e-07
-3.81956e-09
7.31974e-07
-3.10524e-09
7.33207e-07
-2.66743e-09
7.34225e-07
-2.20264e-09
7.35115e-07
-1.96949e-09
7.35854e-07
-1.66698e-09
7.36524e-07
-1.55492e-09
7.37089e-07
-1.39e-09
7.37625e-07
-1.35076e-09
-1.30577e-09
-3.1658e-08
4.74611e-07
-5.6228e-08
5.6099e-07
-1.05576e-07
6.50082e-07
-1.23185e-07
6.76954e-07
-8.97972e-08
3.86381e-07
7.72058e-09
-5.05913e-08
1.42081e-07
-4.54843e-07
2.61575e-07
-6.73327e-07
3.57804e-07
-7.63402e-07
4.44976e-07
-7.5342e-07
5.0246e-07
-6.78002e-07
5.38127e-07
-5.87028e-07
5.61947e-07
-4.88302e-07
5.75421e-07
-3.81446e-07
5.85879e-07
-2.90773e-07
6.01181e-07
-2.24751e-07
6.21159e-07
-1.749e-07
6.41649e-07
-1.34627e-07
6.59599e-07
-1.02057e-07
6.742e-07
-7.66976e-08
6.85847e-07
-5.76085e-08
6.95207e-07
-4.34953e-08
7.02828e-07
-3.31338e-08
7.09084e-07
-2.54832e-08
7.14248e-07
-1.98519e-08
7.18505e-07
-1.55818e-08
7.22035e-07
-1.24489e-08
7.24941e-07
-9.92966e-09
7.27367e-07
-8.13799e-09
7.29366e-07
-6.56786e-09
7.31051e-07
-5.50423e-09
7.32444e-07
-4.49772e-09
7.33634e-07
-3.85772e-09
7.34619e-07
-3.1874e-09
7.35482e-07
-2.83322e-09
7.362e-07
-2.38424e-09
7.3685e-07
-2.20483e-09
7.37399e-07
-1.93904e-09
7.37919e-07
-1.87142e-09
-1.76163e-09
2.79347e-07
1.95264e-07
3.56664e-07
4.83673e-07
3.82152e-07
6.24594e-07
3.2803e-07
7.31075e-07
3.36967e-07
3.77445e-07
4.03159e-07
-1.16783e-07
4.98023e-07
-5.49707e-07
5.77553e-07
-7.52856e-07
6.0637e-07
-7.92219e-07
6.36998e-07
-7.84048e-07
6.69674e-07
-7.10678e-07
6.87652e-07
-6.05006e-07
7.01151e-07
-5.01801e-07
7.03629e-07
-3.83924e-07
6.87597e-07
-2.74741e-07
6.67736e-07
-2.0489e-07
6.59076e-07
-1.66239e-07
6.6249e-07
-1.38041e-07
6.72182e-07
-1.1175e-07
6.83033e-07
-8.75477e-08
6.92651e-07
-6.72265e-08
7.00542e-07
-5.13864e-08
7.0695e-07
-3.95418e-08
7.12214e-07
-3.07479e-08
7.16604e-07
-2.42414e-08
7.20279e-07
-1.92569e-08
7.23379e-07
-1.55492e-08
7.25972e-07
-1.25229e-08
7.28167e-07
-1.03326e-08
7.29994e-07
-8.39529e-09
7.31548e-07
-7.05758e-09
7.32839e-07
-5.78933e-09
7.33949e-07
-4.9675e-09
7.3487e-07
-4.10857e-09
7.3568e-07
-3.64326e-09
7.36354e-07
-3.05809e-09
7.36966e-07
-2.81621e-09
7.37482e-07
-2.45576e-09
7.37973e-07
-2.36163e-09
-2.19028e-09
1.37884e-08
1.81476e-07
3.16781e-07
1.8068e-07
4.76373e-07
4.65002e-07
5.76892e-07
6.30557e-07
6.33042e-07
3.21295e-07
6.65974e-07
-1.49716e-07
6.99149e-07
-5.82882e-07
7.51686e-07
-8.05393e-07
7.46236e-07
-7.86769e-07
7.11238e-07
-7.4905e-07
7.02388e-07
-7.01828e-07
6.9053e-07
-5.93148e-07
6.82627e-07
-4.93898e-07
7.00465e-07
-4.01762e-07
7.20801e-07
-2.95076e-07
7.21081e-07
-2.0517e-07
7.07788e-07
-1.52946e-07
6.96159e-07
-1.26412e-07
6.92518e-07
-1.08109e-07
6.95066e-07
-9.00954e-08
7.00284e-07
-7.24449e-08
7.05887e-07
-5.69887e-08
7.10958e-07
-4.46127e-08
7.15312e-07
-3.5102e-08
7.19022e-07
-2.79513e-08
7.22176e-07
-2.24112e-08
7.24874e-07
-1.82469e-08
7.27157e-07
-1.48066e-08
7.29111e-07
-1.22857e-08
7.3075e-07
-1.0035e-08
7.32154e-07
-8.461e-09
7.33326e-07
-6.96201e-09
7.34338e-07
-5.97926e-09
7.35181e-07
-4.95091e-09
7.35923e-07
-4.38566e-09
7.36542e-07
-3.6768e-09
7.37104e-07
-3.37827e-09
7.37579e-07
-2.93102e-09
7.3803e-07
-2.8128e-09
-2.58414e-09
7.74716e-07
4.46496e-07
6.84006e-07
2.7139e-07
7.45024e-07
4.03984e-07
8.76278e-07
4.99302e-07
9.6549e-07
2.32084e-07
9.80928e-07
-1.65154e-07
9.4494e-07
-5.46893e-07
9.39565e-07
-8.00018e-07
9.3148e-07
-7.78684e-07
8.62143e-07
-6.79714e-07
7.9783e-07
-6.37515e-07
7.45527e-07
-5.40846e-07
6.81239e-07
-4.2961e-07
6.49437e-07
-3.6996e-07
6.71018e-07
-3.16658e-07
7.13007e-07
-2.47159e-07
7.42252e-07
-1.82191e-07
7.52084e-07
-1.36245e-07
7.51247e-07
-1.07272e-07
7.48709e-07
-8.75578e-08
7.48185e-07
-7.19206e-08
7.49762e-07
-5.85661e-08
7.5245e-07
-4.73003e-08
7.55422e-07
-3.80741e-08
7.58268e-07
-3.07977e-08
7.60834e-07
-2.49765e-08
7.63107e-07
-2.05206e-08
7.65081e-07
-1.67806e-08
7.66805e-07
-1.4009e-08
7.68275e-07
-1.15051e-08
7.6955e-07
-9.73596e-09
7.70625e-07
-8.03782e-09
7.71561e-07
-6.91454e-09
7.72344e-07
-5.73388e-09
7.73036e-07
-5.07838e-09
7.73615e-07
-4.25579e-09
7.74142e-07
-3.90524e-09
7.74588e-07
-3.37704e-09
7.75012e-07
-3.23653e-09
-2.95351e-09
1.11332e-06
4.83073e-07
1.03073e-06
3.53985e-07
1.05838e-06
3.76334e-07
1.16293e-06
3.94751e-07
1.27048e-06
1.24537e-07
1.32237e-06
-2.17049e-07
1.24027e-06
-4.64791e-07
1.0868e-06
-6.46552e-07
1.00804e-06
-6.99917e-07
9.50318e-07
-6.21995e-07
8.57225e-07
-5.44423e-07
7.75288e-07
-4.58908e-07
7.02535e-07
-3.56857e-07
6.36604e-07
-3.04029e-07
6.10282e-07
-2.90336e-07
6.31277e-07
-2.68154e-07
6.75529e-07
-2.26443e-07
7.16797e-07
-1.77513e-07
7.42617e-07
-1.33092e-07
7.53998e-07
-9.89384e-08
7.57192e-07
-7.51152e-08
7.57702e-07
-5.90756e-08
7.58227e-07
-4.78255e-08
7.59439e-07
-3.92855e-08
7.61167e-07
-3.2526e-08
7.63071e-07
-2.68807e-08
7.64926e-07
-2.23758e-08
7.66598e-07
-1.8452e-08
7.68073e-07
-1.54841e-08
7.69332e-07
-1.27649e-08
7.70424e-07
-1.08277e-08
7.71345e-07
-8.95872e-09
7.72146e-07
-7.71546e-09
7.72817e-07
-6.40517e-09
7.73412e-07
-5.67307e-09
7.7391e-07
-4.75362e-09
7.74363e-07
-4.35889e-09
7.74748e-07
-3.76124e-09
7.75113e-07
-3.60172e-09
-3.27134e-09
1.11636e-06
4.50808e-07
1.15179e-06
3.18548e-07
1.22843e-06
2.99695e-07
1.36136e-06
2.61825e-07
1.44499e-06
4.09062e-08
1.44626e-06
-2.18314e-07
1.3632e-06
-3.81736e-07
1.17261e-06
-4.55962e-07
1.01273e-06
-5.40036e-07
9.53578e-07
-5.62844e-07
8.91114e-07
-4.81959e-07
8.13322e-07
-3.81116e-07
7.72687e-07
-3.16223e-07
7.5247e-07
-2.83811e-07
7.23772e-07
-2.61638e-07
6.94246e-07
-2.38628e-07
6.83488e-07
-2.15684e-07
6.9493e-07
-1.88955e-07
7.17139e-07
-1.55301e-07
7.37843e-07
-1.19642e-07
7.51811e-07
-8.90838e-08
7.59458e-07
-6.67218e-08
7.63096e-07
-5.14641e-08
7.64812e-07
-4.10011e-08
7.65858e-07
-3.35718e-08
7.6678e-07
-2.78028e-08
7.67748e-07
-2.33441e-08
7.6874e-07
-1.94444e-08
7.69721e-07
-1.6465e-08
7.70626e-07
-1.36697e-08
7.71452e-07
-1.16534e-08
7.72171e-07
-9.6776e-09
7.72809e-07
-8.35369e-09
7.73351e-07
-6.94679e-09
7.73834e-07
-6.15684e-09
7.74241e-07
-5.16068e-09
7.74614e-07
-4.73102e-09
7.74929e-07
-4.07696e-09
7.7523e-07
-3.90213e-09
-3.53246e-09
1.12685e-06
3.67129e-07
1.17151e-06
2.73887e-07
1.25167e-06
2.19529e-07
1.36706e-06
1.46441e-07
1.4022e-06
5.76488e-09
1.3507e-06
-1.66814e-07
1.26185e-06
-2.92885e-07
1.15774e-06
-3.51849e-07
1.0358e-06
-4.18103e-07
9.37646e-07
-4.64686e-07
8.72378e-07
-4.16691e-07
8.22127e-07
-3.30865e-07
8.065e-07
-3.00595e-07
8.34259e-07
-3.1157e-07
8.70034e-07
-2.97414e-07
8.76367e-07
-2.4496e-07
8.48637e-07
-1.87954e-07
8.07816e-07
-1.48134e-07
7.75115e-07
-1.226e-07
7.58234e-07
-1.02761e-07
7.53904e-07
-8.47536e-08
7.55365e-07
-6.8183e-08
7.58636e-07
-5.4735e-08
7.61947e-07
-4.43123e-08
7.64734e-07
-3.63588e-08
7.6692e-07
-2.99884e-08
7.68604e-07
-2.50281e-08
7.69897e-07
-2.07376e-08
7.70921e-07
-1.74892e-08
7.71742e-07
-1.44905e-08
7.72429e-07
-1.23409e-08
7.73002e-07
-1.02503e-08
7.73499e-07
-8.85053e-09
7.73917e-07
-7.36439e-09
7.74288e-07
-6.52833e-09
7.74601e-07
-5.47317e-09
7.74886e-07
-5.01676e-09
7.75129e-07
-4.31955e-09
7.7536e-07
-4.13304e-09
-3.73283e-09
1.12855e-06
2.91533e-07
1.17238e-06
2.30055e-07
1.22932e-06
1.62596e-07
1.27072e-06
1.05033e-07
1.28471e-06
-8.22004e-09
1.25976e-06
-1.41866e-07
1.20422e-06
-2.37343e-07
1.14931e-06
-2.96942e-07
1.06477e-06
-3.33563e-07
9.62998e-07
-3.62912e-07
9.15415e-07
-3.69108e-07
9.08622e-07
-3.24072e-07
8.77631e-07
-2.69605e-07
8.23196e-07
-2.57136e-07
7.93913e-07
-2.6813e-07
8.06573e-07
-2.57621e-07
8.35329e-07
-2.1671e-07
8.51114e-07
-1.63919e-07
8.45884e-07
-1.1737e-07
8.27561e-07
-8.44379e-08
8.07677e-07
-6.48699e-08
7.92532e-07
-5.3038e-08
7.82856e-07
-4.50595e-08
7.77321e-07
-3.87768e-08
7.74427e-07
-3.34654e-08
7.73089e-07
-2.86501e-08
7.72633e-07
-2.45724e-08
7.72648e-07
-2.07525e-08
7.72899e-07
-1.77405e-08
7.73238e-07
-1.48293e-08
7.736e-07
-1.27024e-08
7.73939e-07
-1.05891e-08
7.74252e-07
-9.16414e-09
7.74525e-07
-7.6371e-09
7.74773e-07
-6.77586e-09
7.74983e-07
-5.68385e-09
7.75177e-07
-5.21069e-09
7.75343e-07
-4.48486e-09
7.755e-07
-4.29069e-09
-3.8694e-09
1.09638e-06
2.35604e-07
1.14492e-06
1.81515e-07
1.18176e-06
1.2575e-07
1.21841e-06
6.83892e-08
1.22844e-06
-1.82522e-08
1.18703e-06
-1.00451e-07
1.13638e-06
-1.867e-07
1.10586e-06
-2.66415e-07
1.05615e-06
-2.83854e-07
9.70039e-07
-2.76803e-07
9.03528e-07
-3.02596e-07
8.90339e-07
-3.10883e-07
8.7519e-07
-2.54455e-07
8.08915e-07
-1.90861e-07
7.18331e-07
-1.77546e-07
6.57673e-07
-1.96963e-07
6.45024e-07
-2.04061e-07
6.64382e-07
-1.83277e-07
6.93661e-07
-1.46649e-07
7.20245e-07
-1.11022e-07
7.39687e-07
-8.43123e-08
7.52653e-07
-6.60038e-08
7.60949e-07
-5.33549e-08
7.66176e-07
-4.40041e-08
7.69455e-07
-3.67442e-08
7.71496e-07
-3.06917e-08
7.7276e-07
-2.58363e-08
7.73541e-07
-2.1533e-08
7.7404e-07
-1.82398e-08
7.74378e-07
-1.51669e-08
7.7463e-07
-1.29544e-08
7.74829e-07
-1.0788e-08
7.74998e-07
-9.33353e-09
7.75141e-07
-7.77987e-09
7.75269e-07
-6.90399e-09
7.75378e-07
-5.79309e-09
7.75479e-07
-5.31143e-09
7.75565e-07
-4.57107e-09
7.75647e-07
-4.373e-09
-3.94033e-09
1.08913e-06
1.84915e-07
1.12254e-06
1.48103e-07
1.14373e-06
1.04562e-07
1.16482e-06
4.72913e-08
1.17224e-06
-2.56731e-08
1.16195e-06
-9.01569e-08
1.12256e-06
-1.47306e-07
1.05945e-06
-2.03311e-07
1.02369e-06
-2.48091e-07
1.00801e-06
-2.61121e-07
9.55747e-07
-2.50337e-07
8.85175e-07
-2.40311e-07
8.64096e-07
-2.33376e-07
8.9956e-07
-2.26326e-07
9.39305e-07
-2.17291e-07
9.40814e-07
-1.98472e-07
9.07378e-07
-1.70624e-07
8.64019e-07
-1.39918e-07
8.29635e-07
-1.12265e-07
8.08302e-07
-8.9689e-08
7.96202e-07
-7.22125e-08
7.89111e-07
-5.89128e-08
7.84545e-07
-4.87888e-08
7.814e-07
-4.08589e-08
7.79219e-07
-3.45633e-08
7.77768e-07
-2.92405e-08
7.76862e-07
-2.49305e-08
7.76337e-07
-2.10085e-08
7.76052e-07
-1.79545e-08
7.75905e-07
-1.50204e-08
7.75832e-07
-1.2881e-08
7.75797e-07
-1.0753e-08
7.75781e-07
-9.3181e-09
7.75777e-07
-7.77514e-09
7.75778e-07
-6.90483e-09
7.75782e-07
-5.79709e-09
7.75787e-07
-5.31679e-09
7.75793e-07
-4.57676e-09
7.75798e-07
-4.37885e-09
-3.94478e-09
1.06354e-06
1.50201e-07
1.09401e-06
1.17634e-07
1.11964e-06
7.89382e-08
1.13005e-06
3.68786e-08
1.12551e-06
-2.1138e-08
1.11772e-06
-8.23611e-08
1.09858e-06
-1.28165e-07
1.05949e-06
-1.64219e-07
1.01197e-06
-2.00578e-07
9.76227e-07
-2.25375e-07
9.49772e-07
-2.23882e-07
9.16545e-07
-2.07085e-07
8.76114e-07
-1.92944e-07
8.37223e-07
-1.87435e-07
8.07803e-07
-1.8787e-07
7.9004e-07
-1.8071e-07
7.78946e-07
-1.59529e-07
7.71814e-07
-1.32786e-07
7.683e-07
-1.08752e-07
7.6794e-07
-8.9329e-08
7.69496e-07
-7.37687e-08
7.71761e-07
-6.11777e-08
7.73932e-07
-5.09594e-08
7.75621e-07
-4.25485e-08
7.76732e-07
-3.5674e-08
7.77323e-07
-2.9832e-08
7.77524e-07
-2.51312e-08
7.77481e-07
-2.09649e-08
7.7731e-07
-1.77839e-08
7.771e-07
-1.48106e-08
7.76889e-07
-1.26701e-08
7.76702e-07
-1.05659e-08
7.76537e-07
-9.1533e-09
7.76401e-07
-7.63818e-09
7.76281e-07
-6.7851e-09
7.76183e-07
-5.6988e-09
7.76094e-07
-5.22821e-09
7.7602e-07
-4.50265e-09
7.7595e-07
-4.30868e-09
-3.88309e-09
1.05077e-06
1.22373e-07
1.07337e-06
9.50394e-08
1.08903e-06
6.32731e-08
1.1022e-06
2.37104e-08
1.10385e-06
-2.27899e-08
1.08644e-06
-6.49516e-08
1.06544e-06
-1.07166e-07
1.04827e-06
-1.47041e-07
1.01751e-06
-1.69824e-07
9.71268e-07
-1.79132e-07
9.3656e-07
-1.89173e-07
9.26005e-07
-1.9653e-07
9.21996e-07
-1.88935e-07
9.04527e-07
-1.69967e-07
8.713e-07
-1.54643e-07
8.37421e-07
-1.4683e-07
8.15499e-07
-1.37607e-07
8.05173e-07
-1.2246e-07
8.00668e-07
-1.04247e-07
7.97791e-07
-8.64519e-08
7.94949e-07
-7.09267e-08
7.91931e-07
-5.81595e-08
7.88957e-07
-4.79854e-08
7.86274e-07
-3.98651e-08
7.84025e-07
-3.34252e-08
7.82253e-07
-2.806e-08
7.80903e-07
-2.37816e-08
7.79893e-07
-1.99553e-08
7.79119e-07
-1.70095e-08
7.78518e-07
-1.42094e-08
7.78028e-07
-1.21806e-08
7.77631e-07
-1.01688e-08
7.77295e-07
-8.81691e-09
7.77018e-07
-7.36148e-09
7.76776e-07
-6.54324e-09
7.76576e-07
-5.49877e-09
7.76395e-07
-5.04703e-09
7.76243e-07
-4.35013e-09
7.76098e-07
-4.16395e-09
-3.75658e-09
1.0351e-06
9.95422e-08
1.05457e-06
7.55707e-08
1.06954e-06
4.8301e-08
1.07598e-06
1.72723e-08
1.07424e-06
-2.105e-08
1.06837e-06
-5.90786e-08
1.05214e-06
-9.09366e-08
1.02401e-06
-1.18914e-07
9.99041e-07
-1.44852e-07
9.81383e-07
-1.61475e-07
9.55422e-07
-1.63211e-07
9.17129e-07
-1.58237e-07
8.83987e-07
-1.55793e-07
8.67307e-07
-1.53287e-07
8.6072e-07
-1.48056e-07
8.52345e-07
-1.38455e-07
8.38141e-07
-1.23404e-07
8.22041e-07
-1.0636e-07
8.08261e-07
-9.04674e-08
7.98495e-07
-7.66858e-08
7.92394e-07
-6.48263e-08
7.88842e-07
-5.46075e-08
7.86759e-07
-4.59015e-08
7.85385e-07
-3.84913e-08
7.84285e-07
-3.2325e-08
7.83266e-07
-2.70414e-08
7.82273e-07
-2.27883e-08
7.81335e-07
-1.90175e-08
7.80471e-07
-1.61458e-08
7.79716e-07
-1.34542e-08
7.79055e-07
-1.15191e-08
7.78496e-07
-9.61032e-09
7.78012e-07
-8.33237e-09
7.77607e-07
-6.95731e-09
7.77251e-07
-6.18673e-09
7.76954e-07
-5.20195e-09
7.76684e-07
-4.77721e-09
7.76456e-07
-4.12229e-09
7.7624e-07
-3.94749e-09
-3.56766e-09
1.02348e-06
8.10465e-08
1.03863e-06
6.04205e-08
1.04979e-06
3.7142e-08
1.05676e-06
1.0307e-08
1.05589e-06
-2.01783e-08
1.04688e-06
-5.00698e-08
1.03414e-06
-7.82027e-08
1.01873e-06
-1.03506e-07
9.95686e-07
-1.21803e-07
9.67296e-07
-1.33084e-07
9.44317e-07
-1.40233e-07
9.29679e-07
-1.436e-07
9.14919e-07
-1.41032e-07
8.94767e-07
-1.33136e-07
8.70906e-07
-1.24194e-07
8.48232e-07
-1.15782e-07
8.3158e-07
-1.06751e-07
8.20836e-07
-9.56152e-08
8.13672e-07
-8.33033e-08
8.08131e-07
-7.11456e-08
8.03307e-07
-6.00015e-08
7.98955e-07
-5.02557e-08
7.95081e-07
-4.20272e-08
7.91735e-07
-3.5146e-08
7.8893e-07
-2.95194e-08
7.86636e-07
-2.47476e-08
7.84767e-07
-2.09194e-08
7.8325e-07
-1.75003e-08
7.8199e-07
-1.48855e-08
7.80949e-07
-1.24137e-08
7.80065e-07
-1.06352e-08
7.79329e-07
-8.87405e-09
7.78694e-07
-7.69743e-09
7.78165e-07
-6.42847e-09
7.77699e-07
-5.72025e-09
7.7731e-07
-4.81303e-09
7.76956e-07
-4.42337e-09
7.76657e-07
-3.82313e-09
7.76372e-07
-3.66318e-09
-3.31965e-09
1.01237e-06
6.50655e-08
1.0254e-06
4.73917e-08
1.03495e-06
2.75907e-08
1.03941e-06
5.84848e-09
1.0386e-06
-1.93713e-08
1.03302e-06
-4.44927e-08
1.02179e-06
-6.69649e-08
1.00518e-06
-8.68952e-08
9.8711e-07
-1.03737e-07
9.6925e-07
-1.15225e-07
9.49188e-07
-1.20171e-07
9.26244e-07
-1.20655e-07
9.04145e-07
-1.18933e-07
8.8651e-07
-1.15501e-07
8.72353e-07
-1.10037e-07
8.59475e-07
-1.02904e-07
8.46352e-07
-9.36289e-08
8.33647e-07
-8.29104e-08
8.22434e-07
-7.20902e-08
8.1328e-07
-6.19908e-08
8.06184e-07
-5.29064e-08
8.00801e-07
-4.48724e-08
7.96674e-07
-3.79005e-08
7.93405e-07
-3.18765e-08
7.90702e-07
-2.68165e-08
7.88406e-07
-2.24522e-08
7.86424e-07
-1.89366e-08
7.84729e-07
-1.58053e-08
7.83268e-07
-1.3425e-08
7.82036e-07
-1.11817e-08
7.80977e-07
-9.57582e-09
7.80089e-07
-7.98591e-09
7.7932e-07
-6.92846e-09
7.78678e-07
-5.78638e-09
7.7811e-07
-5.15285e-09
7.77636e-07
-4.33918e-09
7.77205e-07
-3.99193e-09
7.7684e-07
-3.45796e-09
7.76493e-07
-3.31603e-09
-3.01683e-09
1.00309e-06
5.15493e-08
1.01391e-06
3.65743e-08
1.02166e-06
1.98376e-08
1.02602e-06
1.49217e-09
1.0252e-06
-1.8554e-08
1.01962e-06
-3.89047e-08
1.01038e-06
-5.77259e-08
9.97992e-07
-7.451e-08
9.82096e-07
-8.78415e-08
9.63621e-07
-9.67494e-08
9.45264e-07
-1.01814e-07
9.28325e-07
-1.03716e-07
9.12191e-07
-1.02799e-07
8.9569e-07
-9.89999e-08
8.79002e-07
-9.33501e-08
8.62808e-07
-8.67094e-08
8.48307e-07
-7.91278e-08
8.36319e-07
-7.09223e-08
8.26585e-07
-6.23568e-08
8.18559e-07
-5.39645e-08
8.11797e-07
-4.61445e-08
8.0604e-07
-3.91155e-08
8.01143e-07
-3.30031e-08
7.97011e-07
-2.77449e-08
7.93546e-07
-2.33511e-08
7.90656e-07
-1.95625e-08
7.88229e-07
-1.65099e-08
7.86202e-07
-1.3778e-08
7.84481e-07
-1.17041e-08
7.83041e-07
-9.7416e-09
7.81808e-07
-8.34282e-09
7.80776e-07
-6.95407e-09
7.79883e-07
-6.03563e-09
7.79138e-07
-5.04085e-09
7.78479e-07
-4.4938e-09
7.77928e-07
-3.7884e-09
7.77426e-07
-3.49031e-09
7.77002e-07
-3.03306e-09
7.76598e-07
-2.91207e-09
-2.66428e-09
9.94985e-07
3.96378e-08
1.0045e-06
2.70638e-08
1.01121e-06
1.31253e-08
1.01446e-06
-1.76122e-09
1.01392e-06
-1.80154e-08
1.00962e-06
-3.45993e-08
1.0017e-06
-4.98079e-08
9.90293e-07
-6.3104e-08
9.76521e-07
-7.40692e-08
9.61612e-07
-8.18402e-08
9.45767e-07
-8.59694e-08
9.29083e-07
-8.70319e-08
9.12129e-07
-8.58451e-08
8.95865e-07
-8.2736e-08
8.80786e-07
-7.82708e-08
8.66791e-07
-7.27144e-08
8.53967e-07
-6.63035e-08
8.42285e-07
-5.92405e-08
8.31897e-07
-5.19688e-08
8.22913e-07
-4.4981e-08
8.15314e-07
-3.85455e-08
8.08968e-07
-3.2769e-08
8.03676e-07
-2.77113e-08
7.99246e-07
-2.33151e-08
7.95511e-07
-1.9616e-08
7.92362e-07
-1.64129e-08
7.89688e-07
-1.38363e-08
7.87437e-07
-1.15275e-08
7.85519e-07
-9.7852e-09
7.83909e-07
-8.13183e-09
7.82529e-07
-6.96296e-09
7.81373e-07
-5.79839e-09
7.80373e-07
-5.03503e-09
7.79537e-07
-4.20499e-09
7.78797e-07
-3.75452e-09
7.78179e-07
-3.17021e-09
7.77616e-07
-2.92721e-09
7.77139e-07
-2.55572e-09
7.76685e-07
-2.45825e-09
-2.2679e-09
9.88171e-07
2.91477e-08
9.96509e-07
1.87261e-08
1.00236e-06
7.27504e-09
1.00534e-06
-4.74016e-09
1.00493e-06
-1.76084e-08
1.00109e-06
-3.07562e-08
9.94173e-07
-4.28927e-08
9.84619e-07
-5.35505e-08
9.72772e-07
-6.22218e-08
9.59101e-07
-6.8169e-08
9.44361e-07
-7.123e-08
9.29239e-07
-7.19097e-08
9.14083e-07
-7.06891e-08
8.99193e-07
-6.78456e-08
8.84669e-07
-6.37469e-08
8.70717e-07
-5.87622e-08
8.57653e-07
-5.32394e-08
8.45829e-07
-4.74173e-08
8.35411e-07
-4.155e-08
8.26372e-07
-3.5942e-08
8.18586e-07
-3.07604e-08
8.11919e-07
-2.61018e-08
8.06236e-07
-2.20279e-08
8.01415e-07
-1.84938e-08
7.97327e-07
-1.55288e-08
7.93878e-07
-1.29637e-08
7.90952e-07
-1.09102e-08
7.88491e-07
-9.06691e-09
7.86395e-07
-7.68886e-09
7.84637e-07
-6.37406e-09
7.83131e-07
-5.45708e-09
7.8187e-07
-4.53723e-09
7.80778e-07
-3.94315e-09
7.79866e-07
-3.29288e-09
7.79059e-07
-2.94756e-09
7.78384e-07
-2.49521e-09
7.7777e-07
-2.31234e-09
7.77248e-07
-2.03415e-09
7.76752e-07
-1.9624e-09
-1.83431e-09
9.82475e-07
1.96436e-08
9.9001e-07
1.1191e-08
9.95225e-07
2.0601e-09
9.97834e-07
-7.34855e-09
9.97559e-07
-1.73337e-08
9.94348e-07
-2.75448e-08
9.88403e-07
-3.69481e-08
9.79917e-07
-4.50647e-08
9.69274e-07
-5.15784e-08
9.57088e-07
-5.59835e-08
9.43863e-07
-5.80051e-08
9.29885e-07
-5.79312e-08
9.1546e-07
-5.62645e-08
9.00976e-07
-5.33613e-08
8.86787e-07
-4.95577e-08
8.73204e-07
-4.51796e-08
8.60479e-07
-4.05144e-08
8.48822e-07
-3.57604e-08
8.38363e-07
-3.10906e-08
8.29112e-07
-2.66914e-08
8.21038e-07
-2.26868e-08
8.14068e-07
-1.91315e-08
8.08094e-07
-1.60536e-08
8.03005e-07
-1.34046e-08
7.98676e-07
-1.12e-08
7.95014e-07
-9.3022e-09
7.91903e-07
-7.79862e-09
7.89284e-07
-6.44845e-09
7.87053e-07
-5.45709e-09
7.85181e-07
-4.50231e-09
7.83578e-07
-3.85396e-09
7.82235e-07
-3.19419e-09
7.81072e-07
-2.78055e-09
7.80101e-07
-2.32157e-09
7.79241e-07
-2.08793e-09
7.78522e-07
-1.77593e-09
7.77867e-07
-1.65711e-09
7.7731e-07
-1.47798e-09
7.76782e-07
-1.43356e-09
-1.37139e-09
9.77395e-07
1.09235e-08
9.84285e-07
4.30091e-09
9.89016e-07
-2.67093e-09
9.91421e-07
-9.75356e-09
9.91251e-07
-1.71643e-08
9.88411e-07
-2.47047e-08
9.83062e-07
-3.15984e-08
9.75426e-07
-3.74286e-08
9.65835e-07
-4.19877e-08
9.54692e-07
-4.48411e-08
9.42343e-07
-4.56552e-08
9.29098e-07
-4.46865e-08
9.15296e-07
-4.24625e-08
9.01312e-07
-3.93775e-08
8.87493e-07
-3.57391e-08
8.74153e-07
-3.18395e-08
8.61562e-07
-2.79232e-08
8.49944e-07
-2.41421e-08
8.39447e-07
-2.05934e-08
8.30119e-07
-1.73633e-08
8.2194e-07
-1.45082e-08
8.14847e-07
-1.20385e-08
8.08743e-07
-9.94929e-09
8.03527e-07
-8.18922e-09
7.99081e-07
-6.75336e-09
7.95315e-07
-5.53696e-09
7.92112e-07
-4.59557e-09
7.89417e-07
-3.75323e-09
7.87119e-07
-3.15892e-09
7.85192e-07
-2.57501e-09
7.83541e-07
-2.20354e-09
7.82158e-07
-1.81069e-09
7.8096e-07
-1.58312e-09
7.79959e-07
-1.32058e-09
7.79073e-07
-1.20157e-09
7.78331e-07
-1.03349e-09
7.77654e-07
-9.80578e-10
7.77079e-07
-9.02821e-10
7.76532e-07
-8.86527e-10
-8.9069e-10
9.696e-07
2.80821e-09
9.75818e-07
-1.91691e-09
9.79956e-07
-6.80898e-09
9.81838e-07
-1.16358e-08
9.81294e-07
-1.66209e-08
9.78275e-07
-2.16849e-08
9.72896e-07
-2.62195e-08
9.65322e-07
-2.9855e-08
9.55815e-07
-3.24805e-08
9.44738e-07
-3.37639e-08
9.32478e-07
-3.33958e-08
9.19385e-07
-3.15933e-08
9.05805e-07
-2.88826e-08
8.92104e-07
-2.56762e-08
8.78626e-07
-2.22608e-08
8.6568e-07
-1.88935e-08
8.53525e-07
-1.57691e-08
8.42361e-07
-1.29776e-08
8.32308e-07
-1.05406e-08
8.23406e-07
-8.46093e-09
8.15627e-07
-6.72903e-09
8.08903e-07
-5.31439e-09
8.03134e-07
-4.18116e-09
7.98221e-07
-3.27553e-09
7.94041e-07
-2.57328e-09
7.9051e-07
-2.00637e-09
7.8751e-07
-1.59548e-09
7.84992e-07
-1.23506e-09
7.82844e-07
-1.01108e-09
7.81047e-07
-7.77631e-10
7.79506e-07
-6.63048e-10
7.78215e-07
-5.19837e-10
7.77097e-07
-4.65021e-10
7.76161e-07
-3.84286e-10
7.7533e-07
-3.7101e-10
7.74632e-07
-3.34722e-10
7.73993e-07
-3.42294e-10
7.73446e-07
-3.55351e-10
7.72924e-07
-3.64329e-10
-4.26123e-10
9.34038e-07
-3.60863e-09
9.38115e-07
-5.99367e-09
9.39832e-07
-8.5262e-09
9.39105e-07
-1.09081e-08
9.35794e-07
-1.33103e-08
9.29845e-07
-1.57357e-08
9.21398e-07
-1.77725e-08
9.10771e-07
-1.9228e-08
8.98389e-07
-2.00988e-08
8.84752e-07
-2.01266e-08
8.70435e-07
-1.90788e-08
8.5599e-07
-1.71489e-08
8.41861e-07
-1.4753e-08
8.28384e-07
-1.21995e-08
8.15817e-07
-9.69405e-09
8.04337e-07
-7.41316e-09
7.94038e-07
-5.47031e-09
7.84954e-07
-3.89365e-09
7.77067e-07
-2.65378e-09
7.70313e-07
-1.70611e-09
7.64589e-07
-1.00493e-09
7.59777e-07
-5.02512e-10
7.55752e-07
-1.56215e-10
7.52401e-07
7.53113e-11
7.49605e-07
2.22497e-10
7.47287e-07
3.12024e-10
7.45343e-07
3.4777e-10
7.43739e-07
3.69242e-10
7.42378e-07
3.49748e-10
7.41258e-07
3.42711e-10
7.40295e-07
2.99654e-10
7.39498e-07
2.77909e-10
7.38802e-07
2.30521e-10
7.38219e-07
1.98954e-10
7.37694e-07
1.53451e-10
7.37245e-07
1.14712e-10
7.36826e-07
7.63955e-11
7.36448e-07
2.26643e-11
7.36083e-07
6.89392e-13
-7.75841e-11
7.01143e-07
6.9515e-07
6.86623e-07
6.75715e-07
6.62405e-07
6.46669e-07
6.28897e-07
6.09669e-07
5.8957e-07
5.69443e-07
5.50365e-07
5.33216e-07
5.18463e-07
5.06263e-07
4.96569e-07
4.89156e-07
4.83686e-07
4.79792e-07
4.77138e-07
4.75432e-07
4.74427e-07
4.73925e-07
4.73769e-07
4.73844e-07
4.74066e-07
4.74378e-07
4.74726e-07
4.75095e-07
4.75445e-07
4.75788e-07
4.76087e-07
4.76365e-07
4.76596e-07
4.76795e-07
4.76948e-07
4.77063e-07
4.77139e-07
4.77162e-07
4.77163e-07
)
;

boundaryField
{
    inlet
    {
        type            calculated;
        value           nonuniform List<scalar> 
20
(
-1e-06
-1e-06
-1e-06
-1e-06
-1e-06
-1e-06
-1e-06
-1e-06
-1e-06
-1e-06
-1e-06
-1e-06
-1e-06
-1e-06
-1e-06
-1e-06
-1e-06
-1e-06
-1e-06
-1e-06
)
;
    }
    outlet
    {
        type            calculated;
        value           nonuniform List<scalar> 
27
(
7.75381e-07
7.75431e-07
7.75491e-07
7.7556e-07
7.75637e-07
7.75718e-07
7.75803e-07
7.75888e-07
7.75971e-07
7.76051e-07
7.76124e-07
7.7619e-07
7.76245e-07
7.76289e-07
7.76318e-07
7.76319e-07
7.76051e-07
7.72459e-07
7.35735e-07
4.77085e-07
4.408e-07
6.95878e-07
7.34279e-07
7.38097e-07
7.38375e-07
7.38401e-07
7.38424e-07
)
;
    }
    lowerWall
    {
        type            calculated;
        value           uniform 0;
    }
    upperWall
    {
        type            calculated;
        value           uniform 0;
    }
    defaultFaces
    {
        type            empty;
        value           nonuniform List<scalar> 0();
    }
}


// ************************************************************************* //
