/*--------------------------------*- C++ -*----------------------------------*\
| =========                 |                                                 |
| \\      /  F ield         | OpenFOAM: The Open Source CFD Toolbox           |
|  \\    /   O peration     | Version:  2112                                  |
|   \\  /    A nd           | Website:  www.openfoam.com                      |
|    \\/     M anipulation  |                                                 |
\*---------------------------------------------------------------------------*/
FoamFile
{
    version     2.0;
    format      ascii;
    arch        "LSB;label=32;scalar=64";
    class       volVectorField;
    location    "0.16";
    object      U;
}
// * * * * * * * * * * * * * * * * * * * * * * * * * * * * * * * * * * * * * //

dimensions      [0 1 -1 0 0 0 0];

internalField   nonuniform List<vector> 
1880
(
(0.0990184 0.000616417 0)
(0.0984041 0.00114589 0)
(0.0974433 0.00128695 0)
(0.0958542 0.00130955 0)
(0.0941787 0.00135583 0)
(0.0925174 0.00143116 0)
(0.090576 0.00142229 0)
(0.0887897 0.00131722 0)
(0.0873309 0.00130542 0)
(0.0856849 0.00142837 0)
(0.0836539 0.00152048 0)
(0.0816901 0.00141589 0)
(0.0798827 0.00122648 0)
(0.0783761 0.000937056 0)
(0.0768977 0.000752475 0)
(0.0759606 0.000468147 0)
(0.0749064 0.000470366 0)
(0.074436 0.000257883 0)
(0.0734419 0.000467312 0)
(0.0730315 0.000260423 0)
(0.071853 0.000612375 0)
(0.0712486 0.00040525 0)
(0.0696414 0.000841277 0)
(0.0686671 0.000802269 0)
(0.0662501 0.00097681 0)
(0.0647455 0.00205542 0)
(0.0603574 0.00043328 0)
(0.0591136 0.00566488 0)
(0.0479678 -0.00104782 0)
(0.0508664 0.013423 0)
(0.0999825 0.000716234 0)
(0.1003 0.00139602 0)
(0.100746 0.00163156 0)
(0.100904 0.00171717 0)
(0.101131 0.00181077 0)
(0.101392 0.00196856 0)
(0.101253 0.00206255 0)
(0.101074 0.00199662 0)
(0.101136 0.00196358 0)
(0.101183 0.0020844 0)
(0.100889 0.00228776 0)
(0.100792 0.00228586 0)
(0.100468 0.00224774 0)
(0.100552 0.00187522 0)
(0.0996513 0.00180486 0)
(0.0999039 0.001168 0)
(0.0984038 0.00145095 0)
(0.0992154 0.000695985 0)
(0.0969902 0.00149827 0)
(0.0982295 0.000705692 0)
(0.0953761 0.00178337 0)
(0.0967007 0.00117317 0)
(0.0933158 0.00235576 0)
(0.0944012 0.00191508 0)
(0.0905517 0.00367429 0)
(0.0903399 0.0029483 0)
(0.0875855 0.00626092 0)
(0.0823719 0.00512192 0)
(0.0845717 0.0113496 0)
(0.0697161 0.00994716 0)
(0.099979 0.00025581 0)
(0.100204 0.00066197 0)
(0.100603 0.000950199 0)
(0.100767 0.00112896 0)
(0.101091 0.00124164 0)
(0.101522 0.00138084 0)
(0.10156 0.00150839 0)
(0.101558 0.00154915 0)
(0.101841 0.00157878 0)
(0.102114 0.00167516 0)
(0.1021 0.00181532 0)
(0.102241 0.00185602 0)
(0.102314 0.00185558 0)
(0.102559 0.00169329 0)
(0.102081 0.00169264 0)
(0.102171 0.00138005 0)
(0.101157 0.00167164 0)
(0.101473 0.00118154 0)
(0.0999794 0.00202664 0)
(0.100358 0.00131849 0)
(0.0988347 0.00258055 0)
(0.098532 0.00213403 0)
(0.0978763 0.00309795 0)
(0.0958079 0.00386896 0)
(0.0966048 0.0041763 0)
(0.0925158 0.0059696 0)
(0.0940752 0.0075771 0)
(0.0891557 0.00834242 0)
(0.0898527 0.0140512 0)
(0.0860494 0.0145122 0)
(0.0999778 0.000230993 0)
(0.100097 0.000629408 0)
(0.100382 0.000945958 0)
(0.100422 0.00115112 0)
(0.100682 0.00127637 0)
(0.101121 0.00141018 0)
(0.101157 0.00155158 0)
(0.101139 0.00162745 0)
(0.10143 0.00166514 0)
(0.101743 0.00171511 0)
(0.101722 0.0018425 0)
(0.101867 0.00191898 0)
(0.10193 0.00204505 0)
(0.102247 0.00197517 0)
(0.101824 0.00211545 0)
(0.102032 0.00184816 0)
(0.101132 0.00221751 0)
(0.101611 0.00172202 0)
(0.10015 0.00263811 0)
(0.100939 0.0018335 0)
(0.098943 0.0034769 0)
(0.0998952 0.00240987 0)
(0.0977108 0.00472917 0)
(0.0981625 0.00369762 0)
(0.096587 0.0065934 0)
(0.0955541 0.00603219 0)
(0.0954135 0.00945814 0)
(0.0927508 0.0101215 0)
(0.0933473 0.0141764 0)
(0.0916721 0.0165134 0)
(0.099977 0.000143216 0)
(0.100051 0.000411188 0)
(0.100287 0.00064869 0)
(0.100267 0.000825911 0)
(0.100484 0.000953726 0)
(0.100914 0.00108102 0)
(0.100943 0.00121432 0)
(0.100917 0.0013109 0)
(0.101208 0.00137244 0)
(0.101523 0.00142866 0)
(0.101474 0.00153444 0)
(0.101591 0.00163806 0)
(0.10164 0.00178706 0)
(0.101996 0.00184055 0)
(0.101651 0.00201885 0)
(0.101915 0.0019603 0)
(0.10121 0.00229403 0)
(0.101598 0.00210884 0)
(0.10062 0.00277894 0)
(0.100898 0.00256469 0)
(0.0999547 0.00348111 0)
(0.0998053 0.00370098 0)
(0.0992352 0.00437311 0)
(0.0984576 0.00564761 0)
(0.09822 0.00612526 0)
(0.0971623 0.00781831 0)
(0.0968193 0.0101204 0)
(0.0961253 0.0102188 0)
(0.0956543 0.0160452 0)
(0.0954323 0.0155737 0)
(0.0999775 0.000118307 0)
(0.100034 0.00035052 0)
(0.100246 0.000566293 0)
(0.100189 0.000740582 0)
(0.100367 0.000877201 0)
(0.100777 0.00100723 0)
(0.100798 0.00114015 0)
(0.100766 0.00124927 0)
(0.101052 0.00132668 0)
(0.101369 0.00139058 0)
(0.101309 0.00149347 0)
(0.101422 0.00161763 0)
(0.101459 0.00179043 0)
(0.101845 0.00191132 0)
(0.101529 0.00211455 0)
(0.101874 0.00215536 0)
(0.101234 0.00247883 0)
(0.101748 0.00241296 0)
(0.10083 0.00306159 0)
(0.101316 0.00289321 0)
(0.100346 0.003986 0)
(0.100564 0.00386024 0)
(0.0999175 0.00528258 0)
(0.0994906 0.00558415 0)
(0.0996098 0.00711167 0)
(0.0982951 0.00825004 0)
(0.099258 0.00991906 0)
(0.0978491 0.0118938 0)
(0.098506 0.0144231 0)
(0.0987874 0.0164854 0)
(0.0999775 8.98479e-05 0)
(0.10002 0.000269348 0)
(0.100214 0.000440465 0)
(0.100133 0.000581352 0)
(0.100287 0.000697665 0)
(0.100684 0.000815066 0)
(0.1007 0.000939008 0)
(0.100668 0.00104938 0)
(0.100954 0.00113196 0)
(0.101275 0.00120481 0)
(0.10122 0.00130349 0)
(0.101338 0.00144528 0)
(0.101388 0.00162325 0)
(0.101795 0.00180991 0)
(0.101538 0.00202201 0)
(0.101907 0.00219001 0)
(0.101408 0.00246731 0)
(0.101886 0.00262714 0)
(0.101258 0.00306156 0)
(0.101568 0.00333372 0)
(0.101076 0.00388943 0)
(0.101042 0.00454983 0)
(0.100863 0.00507859 0)
(0.100531 0.00631243 0)
(0.100565 0.00710852 0)
(0.100261 0.00837188 0)
(0.100379 0.0105634 0)
(0.100383 0.0109627 0)
(0.100774 0.0149269 0)
(0.101116 0.0154757 0)
(0.0999776 6.9498e-05 0)
(0.100014 0.000211031 0)
(0.1002 0.000351774 0)
(0.100107 0.000471797 0)
(0.10025 0.000574925 0)
(0.100637 0.000684114 0)
(0.100651 0.000803906 0)
(0.100622 0.00091776 0)
(0.100912 0.0010065 0)
(0.101238 0.00108823 0)
(0.101191 0.0011853 0)
(0.101315 0.00133735 0)
(0.101386 0.00151485 0)
(0.101809 0.00174019 0)
(0.101607 0.00195656 0)
(0.102005 0.00219747 0)
(0.101601 0.00246209 0)
(0.102115 0.00271913 0)
(0.101623 0.0031133 0)
(0.101976 0.00346869 0)
(0.101664 0.00401237 0)
(0.101655 0.00464236 0)
(0.10178 0.00526618 0)
(0.101352 0.00636489 0)
(0.101948 0.00708067 0)
(0.101385 0.00867673 0)
(0.102179 0.00974213 0)
(0.102124 0.0115383 0)
(0.102739 0.0134745 0)
(0.103575 0.0150615 0)
(0.0999776 5.15412e-05 0)
(0.100012 0.000157452 0)
(0.100193 0.00026769 0)
(0.100094 0.00036346 0)
(0.100232 0.00044593 0)
(0.100616 0.000538626 0)
(0.100631 0.000647619 0)
(0.100605 0.00075825 0)
(0.100903 0.000846365 0)
(0.101235 0.000931283 0)
(0.101206 0.00102426 0)
(0.101337 0.00118157 0)
(0.101441 0.00135458 0)
(0.101872 0.00160873 0)
(0.101738 0.00182378 0)
(0.102141 0.00212915 0)
(0.101855 0.00236592 0)
(0.102359 0.00273778 0)
(0.102041 0.00302593 0)
(0.102378 0.0035709 0)
(0.102261 0.00390155 0)
(0.102308 0.00475673 0)
(0.102535 0.00516736 0)
(0.102405 0.0062949 0)
(0.102832 0.00708279 0)
(0.102904 0.00818322 0)
(0.103378 0.00974625 0)
(0.103836 0.0106327 0)
(0.104614 0.0128933 0)
(0.105341 0.014075 0)
(0.0999777 3.44563e-05 0)
(0.100011 0.000106029 0)
(0.100191 0.000185836 0)
(0.100093 0.000257227 0)
(0.100231 0.000318566 0)
(0.100616 0.000393485 0)
(0.100636 0.000490577 0)
(0.100618 0.00059698 0)
(0.100928 0.000684741 0)
(0.101269 0.000772212 0)
(0.10126 0.000862135 0)
(0.101399 0.0010194 0)
(0.101539 0.00118651 0)
(0.101976 0.00145374 0)
(0.101909 0.00166969 0)
(0.102313 0.00200871 0)
(0.102134 0.00223933 0)
(0.102636 0.00266183 0)
(0.102456 0.00291573 0)
(0.102801 0.0035162 0)
(0.102843 0.00378613 0)
(0.102915 0.00466688 0)
(0.10333 0.00500294 0)
(0.103235 0.0061382 0)
(0.103874 0.00670103 0)
(0.104013 0.00800716 0)
(0.104656 0.00891492 0)
(0.105277 0.0102951 0)
(0.106098 0.0116805 0)
(0.107024 0.0130495 0)
(0.0999778 1.74104e-05 0)
(0.100013 5.44836e-05 0)
(0.100196 0.000103098 0)
(0.100101 0.000149054 0)
(0.100245 0.000187892 0)
(0.100636 0.000242518 0)
(0.100665 0.000324888 0)
(0.100656 0.000423471 0)
(0.100982 0.000507223 0)
(0.101334 0.000592634 0)
(0.101347 0.00067648 0)
(0.101494 0.000827697 0)
(0.101674 0.000985916 0)
(0.102113 0.00125599 0)
(0.102115 0.00147104 0)
(0.102512 0.00183081 0)
(0.102435 0.00205648 0)
(0.102927 0.00251511 0)
(0.102871 0.00273606 0)
(0.103231 0.00337683 0)
(0.103379 0.00358901 0)
(0.103539 0.00446164 0)
(0.103995 0.00477866 0)
(0.104104 0.00576241 0)
(0.104696 0.00639546 0)
(0.105108 0.00739065 0)
(0.105725 0.00837674 0)
(0.106497 0.0094193 0)
(0.107446 0.0106664 0)
(0.108391 0.0118856 0)
(0.0999778 -5.5147e-07 0)
(0.100015 2.89028e-07 0)
(0.100204 1.67442e-05 0)
(0.100118 3.71452e-05 0)
(0.100271 5.43154e-05 0)
(0.100672 9.08222e-05 0)
(0.100715 0.000159431 0)
(0.100717 0.000250387 0)
(0.10106 0.000331793 0)
(0.101425 0.000415648 0)
(0.101465 0.000494281 0)
(0.101619 0.00063572 0)
(0.10184 0.000783943 0)
(0.102281 0.00104684 0)
(0.10235 0.0012601 0)
(0.102738 0.00162203 0)
(0.102754 0.00184849 0)
(0.103232 0.00231292 0)
(0.103282 0.00252107 0)
(0.103652 0.0031572 0)
(0.103894 0.00333911 0)
(0.104111 0.00417379 0)
(0.104634 0.00444399 0)
(0.104846 0.00536479 0)
(0.105488 0.00586753 0)
(0.106013 0.00685626 0)
(0.106688 0.00754842 0)
(0.107551 0.00862894 0)
(0.108549 0.0095208 0)
(0.109539 0.0106459 0)
(0.0999779 -2.10608e-05 0)
(0.100021 -6.16601e-05 0)
(0.10022 -8.34456e-05 0)
(0.100148 -9.51562e-05 0)
(0.100318 -0.000105831 0)
(0.100736 -9.47367e-05 0)
(0.100794 -4.81281e-05 0)
(0.10081 2.64773e-05 0)
(0.101171 9.80034e-05 0)
(0.10155 0.000174628 0)
(0.101615 0.000244054 0)
(0.101778 0.000370335 0)
(0.102037 0.000508355 0)
(0.102478 0.000762714 0)
(0.102606 0.000980855 0)
(0.102981 0.00134367 0)
(0.103077 0.00158192 0)
(0.10354 0.00204268 0)
(0.103676 0.00225341 0)
(0.104057 0.00286237 0)
(0.104362 0.00303845 0)
(0.104649 0.00379669 0)
(0.10519 0.00406398 0)
(0.105526 0.00484942 0)
(0.106168 0.00533114 0)
(0.106805 0.0061553 0)
(0.107517 0.00676432 0)
(0.10843 0.00768382 0)
(0.109469 0.00839896 0)
(0.110519 0.00937108 0)
(0.0999779 -4.40975e-05 0)
(0.100027 -0.000128115 0)
(0.100239 -0.000186847 0)
(0.100184 -0.00022497 0)
(0.100374 -0.000253218 0)
(0.100811 -0.000257992 0)
(0.100887 -0.000224825 0)
(0.100919 -0.000157571 0)
(0.101302 -8.59968e-05 0)
(0.101701 -9.41915e-06 0)
(0.101797 5.56436e-05 0)
(0.101974 0.000170967 0)
(0.102277 0.000300719 0)
(0.102724 0.000539951 0)
(0.102906 0.000755359 0)
(0.103266 0.00110148 0)
(0.103425 0.00134082 0)
(0.103866 0.00177393 0)
(0.104066 0.00198174 0)
(0.10445 0.00253861 0)
(0.104799 0.00270657 0)
(0.105137 0.00337863 0)
(0.105694 0.00362134 0)
(0.106113 0.00430354 0)
(0.106769 0.00470772 0)
(0.10747 0.00543783 0)
(0.108223 0.00590366 0)
(0.109163 0.00672077 0)
(0.110231 0.00725968 0)
(0.111298 0.00809215 0)
(0.0999779 -7.8497e-05 0)
(0.100044 -0.000227441 0)
(0.100279 -0.000344036 0)
(0.100257 -0.000426752 0)
(0.10048 -0.000483847 0)
(0.100942 -0.000512343 0)
(0.101039 -0.000503624 0)
(0.101088 -0.000454576 0)
(0.101494 -0.000390703 0)
(0.101909 -0.000324197 0)
(0.102034 -0.000275098 0)
(0.102226 -0.000184095 0)
(0.102561 -6.9885e-05 0)
(0.103001 0.000152832 0)
(0.103215 0.00037718 0)
(0.103549 0.000725711 0)
(0.103751 0.00099244 0)
(0.104166 0.00141642 0)
(0.104414 0.00164318 0)
(0.104799 0.00215164 0)
(0.105179 0.00232547 0)
(0.105562 0.00290657 0)
(0.106124 0.0031353 0)
(0.106614 0.00370369 0)
(0.107278 0.00405448 0)
(0.108023 0.00466099 0)
(0.108808 0.00503553 0)
(0.109764 0.00571621 0)
(0.110837 0.0061318 0)
(0.111939 0.00680632 0)
(0.0999776 -0.000107821 0)
(0.100062 -0.000302332 0)
(0.100325 -0.000453335 0)
(0.100347 -0.000551373 0)
(0.100616 -0.000610279 0)
(0.101107 -0.00065 0)
(0.101222 -0.000660924 0)
(0.101292 -0.000622066 0)
(0.101722 -0.000559953 0)
(0.102157 -0.000503132 0)
(0.102314 -0.000467321 0)
(0.102532 -0.000388967 0)
(0.102914 -0.000268574 0)
(0.103367 -4.14356e-05 0)
(0.103623 0.000199623 0)
(0.103936 0.00053157 0)
(0.104159 0.000791108 0)
(0.10453 0.0011648 0)
(0.104791 0.00137351 0)
(0.105153 0.00180132 0)
(0.10554 0.00195562 0)
(0.105944 0.00243251 0)
(0.106501 0.00262763 0)
(0.107034 0.00308749 0)
(0.107704 0.00337105 0)
(0.108471 0.00386561 0)
(0.109284 0.00414922 0)
(0.11024 0.00470215 0)
(0.11132 0.00500797 0)
(0.112428 0.00554469 0)
(0.0999785 -0.000202498 0)
(0.10011 -0.000541358 0)
(0.100425 -0.000787401 0)
(0.100511 -0.00092677 0)
(0.100831 -0.000993363 0)
(0.10134 -0.00105419 0)
(0.101474 -0.00109333 0)
(0.101566 -0.00105848 0)
(0.102012 -0.000987354 0)
(0.102466 -0.000944935 0)
(0.102675 -0.00093966 0)
(0.102948 -0.00088566 0)
(0.103376 -0.000761517 0)
(0.103815 -0.000525455 0)
(0.104046 -0.000257399 0)
(0.104278 9.06485e-05 0)
(0.104476 0.000395908 0)
(0.104791 0.000769129 0)
(0.105057 0.0010002 0)
(0.105404 0.00137608 0)
(0.105802 0.0015302 0)
(0.10623 0.00191754 0)
(0.106788 0.00208235 0)
(0.107357 0.00244323 0)
(0.108038 0.00266317 0)
(0.108813 0.00304853 0)
(0.109655 0.00325464 0)
(0.110599 0.00368143 0)
(0.111689 0.00389759 0)
(0.112787 0.00429709 0)
(0.0999797 -0.000234918 0)
(0.100219 -0.000597481 0)
(0.100652 -0.000834448 0)
(0.100867 -0.000965019 0)
(0.101258 -0.00103368 0)
(0.101767 -0.00111665 0)
(0.101911 -0.00116767 0)
(0.102032 -0.0011262 0)
(0.102481 -0.00107433 0)
(0.102918 -0.0010933 0)
(0.103141 -0.00113086 0)
(0.103443 -0.00106508 0)
(0.103893 -0.000882304 0)
(0.10431 -0.000598296 0)
(0.104525 -0.000284834 0)
(0.104717 6.20243e-05 0)
(0.104883 0.000350778 0)
(0.10512 0.000634023 0)
(0.105337 0.000810091 0)
(0.105639 0.00106838 0)
(0.106006 0.0011717 0)
(0.106435 0.00144098 0)
(0.106976 0.00154907 0)
(0.107567 0.0018019 0)
(0.108254 0.00195304 0)
(0.109029 0.00222494 0)
(0.109905 0.00235964 0)
(0.110824 0.00266327 0)
(0.111944 0.00280004 0)
(0.113008 0.00307378 0)
(0.0999832 -0.00070202 0)
(0.100316 -0.00135239 0)
(0.100797 -0.00155349 0)
(0.101013 -0.00160676 0)
(0.101314 -0.0016699 0)
(0.101664 -0.00178843 0)
(0.101649 -0.00182994 0)
(0.101611 -0.0017126 0)
(0.101872 -0.00161903 0)
(0.102104 -0.0016901 0)
(0.102119 -0.00179819 0)
(0.102192 -0.0017538 0)
(0.102395 -0.00153805 0)
(0.102597 -0.00119121 0)
(0.102669 -0.000777406 0)
(0.102803 -0.000351219 0)
(0.102939 -1.73283e-06 0)
(0.103263 0.000276552 0)
(0.103512 0.000460943 0)
(0.103987 0.000644041 0)
(0.104345 0.000733548 0)
(0.104977 0.000893217 0)
(0.105464 0.000967576 0)
(0.106262 0.00110717 0)
(0.106881 0.0012075 0)
(0.107855 0.00135642 0)
(0.108658 0.00143854 0)
(0.109772 0.00161411 0)
(0.110804 0.00168505 0)
(0.112075 0.00183142 0)
(0.0990191 -0.000612649 0)
(0.0984221 -0.001134 0)
(0.097501 -0.00126516 0)
(0.0959742 -0.00127838 0)
(0.0943792 -0.0013144 0)
(0.0928215 -0.00137604 0)
(0.0910194 -0.00135169 0)
(0.089399 -0.00123249 0)
(0.0881475 -0.00119737 0)
(0.0867478 -0.00129998 0)
(0.0850285 -0.00136173 0)
(0.0833793 -0.00124967 0)
(0.0820163 -0.00101603 0)
(0.0809141 -0.000741001 0)
(0.0800731 -0.00047246 0)
(0.0796061 -0.000232247 0)
(0.0794414 -5.32578e-05 0)
(0.0795669 7.433e-05 0)
(0.0797721 0.000153112 0)
(0.0802 0.00021485 0)
(0.0805846 0.000253552 0)
(0.0812211 0.000299893 0)
(0.0817317 0.000327841 0)
(0.0825476 0.000369588 0)
(0.0831685 0.000406723 0)
(0.0841819 0.0004414 0)
(0.0849229 0.000480035 0)
(0.0861182 0.00052068 0)
(0.0870088 0.000540363 0)
(0.0883693 0.000571401 0)
(0.0231713 0.00512008 0)
(0.06828 0.0190033 0)
(0.0562356 0.02776 0)
(0.0727528 0.0348831 8.80653e-22)
(0.0572736 0.0190204 6.94958e-22)
(0.111966 0.0478588 0)
(0.0689327 0.0352903 2.83622e-22)
(0.100649 0.0385369 -9.85472e-23)
(0.0847173 0.0328789 7.11402e-22)
(0.145815 0.0589902 0)
(0.0792487 0.0243353 0)
(0.081972 0.0245537 0)
(0.084034 0.0345997 0)
(0.0966001 0.0488562 0)
(0.0997408 0.0259998 0)
(0.106709 0.043586 2.31843e-22)
(0.114068 0.0675962 2.06565e-23)
(0.120593 0.0574218 -1.50441e-22)
(0.114544 0.0256436 -5.81881e-22)
(0.15165 0.0522967 -5.34091e-22)
(0.0842385 0.0224283 0)
(0.0899045 0.0263218 0)
(0.0890969 0.0280141 0)
(0.102601 0.0384752 0)
(0.107904 0.0372695 0)
(0.0991867 0.0242888 -2.31839e-22)
(0.114782 0.0523911 -2.06575e-23)
(0.13604 0.0543643 1.50469e-22)
(0.135767 0.0319339 3.11788e-22)
(0.142158 0.028262 5.34077e-22)
(0.0905234 0.0217289 -4.58343e-22)
(0.0950407 0.0257574 0)
(0.0982638 0.0291413 -3.62245e-22)
(0.100992 0.0328728 -2.90479e-22)
(0.112297 0.0356053 -2.14096e-22)
(0.109116 0.0336029 0)
(0.115659 0.0434002 0)
(0.132464 0.0419223 1.40961e-22)
(0.137952 0.0328439 2.7775e-22)
(0.135661 0.0336192 4.47817e-22)
(0.0952863 0.0218096 4.58346e-22)
(0.0980055 0.0237814 0)
(0.101648 0.0272883 3.62247e-22)
(0.105919 0.0287263 2.9048e-22)
(0.111308 0.0323298 2.14097e-22)
(0.11346 0.0272874 0)
(0.119555 0.0372713 0)
(0.131774 0.0357512 -1.40962e-22)
(0.134492 0.0285391 -2.77775e-22)
(0.136098 0.0218502 -4.47814e-22)
(0.0984333 0.02051 0)
(0.101825 0.0222582 -3.36258e-22)
(0.105182 0.0249008 0)
(0.108114 0.0266919 -2.2978e-22)
(0.113775 0.029661 0)
(0.117007 0.0284136 0)
(0.121132 0.0320268 0)
(0.130365 0.0295171 -1.29004e-22)
(0.136089 0.028127 0)
(0.13759 0.024747 0)
(0.101838 0.0192017 3.37737e-22)
(0.104358 0.0206012 6.41902e-22)
(0.107235 0.0233555 2.61152e-22)
(0.110694 0.0237234 2.29781e-22)
(0.114964 0.025975 0)
(0.118642 0.0240125 -7.33206e-23)
(0.123525 0.0283211 0)
(0.130039 0.0251689 1.29004e-22)
(0.133839 0.0223853 0)
(0.136752 0.0186131 0)
(0.104269 0.0178582 -3.37738e-22)
(0.106563 0.0188943 -3.05644e-22)
(0.109716 0.0207379 -2.61153e-22)
(0.112687 0.0216442 0)
(0.116689 0.0235375 0)
(0.120053 0.0225854 7.33207e-23)
(0.124183 0.0239095 0)
(0.129961 0.0220716 0)
(0.133812 0.0212693 0)
(0.136242 0.017955 0)
(0.106465 0.0162048 0)
(0.108633 0.0171922 -2.56207e-22)
(0.111222 0.019033 0)
(0.114114 0.0191805 -1.70515e-22)
(0.117626 0.0204751 0)
(0.121125 0.0194686 0)
(0.124939 0.020922 1.44793e-23)
(0.129155 0.0185812 9.23471e-23)
(0.132677 0.0170972 0)
(0.135612 0.0141943 2.38839e-22)
(0.108285 0.0147197 0)
(0.110066 0.0155367 2.56207e-22)
(0.112753 0.0166981 0)
(0.11549 0.017152 1.70516e-22)
(0.118638 0.0180542 0)
(0.121696 0.0174315 0)
(0.125226 0.0177878 -1.44794e-23)
(0.128998 0.0162624 -9.23473e-23)
(0.132074 0.0152982 0)
(0.134412 0.0126673 -2.38839e-22)
(0.109697 0.0131393 1.22721e-22)
(0.111508 0.0137888 0)
(0.113849 0.0149317 0)
(0.116349 0.014991 7.3763e-23)
(0.119238 0.0156437 0)
(0.122217 0.0149976 0)
(0.125273 0.0152598 0)
(0.128339 0.0136257 -3.36951e-23)
(0.131195 0.0125509 0)
(0.13354 0.0101864 0)
(0.110938 0.0116169 -7.1823e-24)
(0.112536 0.012193 0)
(0.114754 0.0129339 8.8542e-23)
(0.117159 0.0130866 -3.9542e-24)
(0.119763 0.0135058 0)
(0.122418 0.012986 0)
(0.125244 0.012882 -1.05555e-24)
(0.127959 0.0116435 3.36951e-23)
(0.130464 0.0107172 -5.48877e-23)
(0.132492 0.00869552 -8.13767e-23)
(0.111873 0.0101341 -5.87457e-24)
(0.113456 0.0105348 0)
(0.115479 0.011218 -4.26481e-24)
(0.117674 0.0112112 -2.93107e-24)
(0.120078 0.0114866 4.72375e-23)
(0.12256 0.0109802 -2.51428e-23)
(0.125056 0.0108075 2.72516e-24)
(0.12743 0.00963302 -2.28045e-23)
(0.129697 0.0087594 7.54778e-24)
(0.131604 0.00695953 9.6961e-24)
(0.112665 0.00866077 -1.09665e-22)
(0.114155 0.00901096 0)
(0.116022 0.0094742 -8.42774e-23)
(0.1181 0.00948291 -6.6878e-23)
(0.120308 0.00963223 -4.72376e-23)
(0.122559 0.00918869 5.10974e-23)
(0.124853 0.00890944 -1.66961e-24)
(0.126994 0.00794886 2.28045e-23)
(0.129032 0.00716563 4.73401e-23)
(0.130755 0.00566914 7.16808e-23)
(0.113267 0.00725193 0)
(0.114716 0.0074866 0)
(0.116459 0.00786859 0)
(0.118377 0.00783073 0)
(0.120426 0.0078917 0)
(0.122513 0.00748614 -2.59546e-23)
(0.124598 0.00718838 0)
(0.126549 0.0063405 0)
(0.128406 0.00564468 0)
(0.130011 0.00436438 0)
(0.113742 0.00586167 0)
(0.115139 0.00604801 0)
(0.116775 0.00631017 0)
(0.118568 0.00627029 0)
(0.120486 0.00627366 0)
(0.122407 0.00591575 -1.41178e-23)
(0.124346 0.00560578 0)
(0.12615 0.00490519 0)
(0.127869 0.00430139 0)
(0.129354 0.00326065 0)
(0.114102 0.00451958 0)
(0.115438 0.00463645 0)
(0.117022 0.00481785 3.74735e-23)
(0.118669 0.00476722 0)
(0.120495 0.00472676 2.31287e-23)
(0.122253 0.00441421 1.41178e-23)
(0.124093 0.00411887 0)
(0.125747 0.00354345 -3.56718e-24)
(0.127375 0.00303121 0)
(0.128733 0.00219547 0)
(0.114347 0.00321326 0)
(0.115551 0.00328794 0)
(0.117132 0.00339119 -3.74736e-23)
(0.118562 0.00333757 0)
(0.120362 0.00326715 -2.31288e-23)
(0.121861 0.00300462 0)
(0.123675 0.00272975 0)
(0.125062 0.00228081 3.56719e-24)
(0.126662 0.00185484 0)
(0.127719 0.00122288 0)
(0.113312 0.00188693 -1.17511e-23)
(0.114147 0.00191716 -1.05837e-23)
(0.115623 0.00193189 -9.231e-24)
(0.116574 0.00187751 0)
(0.11825 0.00177523 -5.9214e-24)
(0.119177 0.00158836 0)
(0.120865 0.00135359 -1.9002e-24)
(0.121563 0.00104057 0)
(0.123025 0.000705521 2.56562e-24)
(0.123206 0.000290763 4.84719e-24)
(0.0893964 0.000550932 1.17499e-23)
(0.0901763 0.000516233 1.05825e-23)
(0.0912902 0.000451165 9.22986e-24)
(0.0920059 0.0003857 0)
(0.0931232 0.00028265 5.92058e-24)
(0.0936055 0.000165923 0)
(0.0944967 1.6954e-05 1.89991e-24)
(0.0944704 -0.000136032 0)
(0.0949002 -0.000322656 -2.56517e-24)
(0.0940197 -0.000490806 -4.84631e-24)
(-0.000968575 -0.00239504 0)
(-0.0108093 -0.000223422 0)
(-0.0360994 0.00625236 0)
(-0.0617548 0.00969149 0)
(-0.0893069 0.00845627 0)
(-0.103006 0.00454123 0)
(-0.102718 -7.67155e-05 0)
(-0.0924382 -0.00431501 0)
(-0.0716383 -0.00621785 0)
(-0.0483742 -0.00770433 0)
(-0.0235877 -0.00698123 0)
(-0.00116774 -0.00608927 0)
(0.0180978 -0.00470306 0)
(0.0330849 -0.00323407 0)
(0.0441611 -0.00195286 0)
(0.0518647 -0.000971685 0)
(0.0569443 -0.00029744 0)
(0.0600964 0.000115219 0)
(0.0619041 0.000330534 0)
(0.0628237 0.000412992 0)
(0.0631946 0.000418445 0)
(0.0632546 0.000384306 0)
(0.0631548 0.000332166 0)
(0.0629848 0.000277956 0)
(0.0627963 0.000228723 0)
(0.0626139 0.000187057 0)
(0.0624499 0.000152763 0)
(0.0623063 0.000125196 0)
(0.062184 0.000102713 0)
(0.0620811 8.4825e-05 0)
(0.0619931 6.98012e-05 0)
(0.061924 5.79246e-05 0)
(0.0618599 4.74906e-05 0)
(0.0618188 3.91488e-05 0)
(0.061771 3.17824e-05 0)
(0.0617541 2.5289e-05 0)
(0.0617185 2.03064e-05 0)
(0.0617215 1.43527e-05 0)
(0.0616988 1.17582e-05 0)
(0.0617139 4.72256e-06 0)
(0.000468761 0.0102392 0)
(-0.0143031 0.0264146 0)
(-0.0451475 0.0282612 0)
(-0.0771907 0.0292418 0)
(-0.098792 0.0219988 0)
(-0.114922 0.00847322 0)
(-0.107129 -0.00706142 0)
(-0.0954786 -0.0175348 0)
(-0.0685404 -0.0259667 0)
(-0.0457067 -0.0272606 0)
(-0.018046 -0.0266463 0)
(0.00595554 -0.0236708 0)
(0.0272774 -0.0196225 0)
(0.044462 -0.015196 0)
(0.0578387 -0.0111918 0)
(0.067966 -0.00791622 0)
(0.0755644 -0.00539353 0)
(0.0812383 -0.00353116 0)
(0.0854464 -0.00220877 0)
(0.0885402 -0.00130843 0)
(0.0907949 -0.000721438 0)
(0.0924278 -0.00035701 0)
(0.0936101 -0.000144796 0)
(0.0944725 -2.8779e-05 0)
(0.0951082 2.86349e-05 0)
(0.095585 5.42799e-05 0)
(0.0959465 6.04195e-05 0)
(0.0962302 6.06459e-05 0)
(0.0964473 5.32447e-05 0)
(0.0966316 4.88409e-05 0)
(0.0967651 3.94632e-05 0)
(0.0968969 3.46641e-05 0)
(0.0969773 2.64584e-05 0)
(0.0970819 2.16316e-05 0)
(0.0971264 1.46714e-05 0)
(0.0972193 9.45615e-06 0)
(0.0972392 4.17641e-06 0)
(0.0973292 -3.04339e-06 0)
(0.097334 -5.84604e-06 0)
(0.0974243 -1.61645e-05 0)
(-0.0145702 0.00991455 0)
(-0.0333782 0.0326581 0)
(-0.0565199 0.0455341 0)
(-0.0801043 0.0440816 0)
(-0.100742 0.0350314 0)
(-0.104261 0.0117223 0)
(-0.0960484 -0.014028 0)
(-0.077205 -0.0335162 0)
(-0.053503 -0.0436165 0)
(-0.0302419 -0.0462646 0)
(-0.0065593 -0.0445663 0)
(0.0144968 -0.0395659 0)
(0.033381 -0.0327656 0)
(0.0489389 -0.0254098 0)
(0.0611586 -0.0188772 0)
(0.0704652 -0.0136983 0)
(0.0775333 -0.00982028 0)
(0.0829719 -0.00697866 0)
(0.0872165 -0.00491264 0)
(0.0905499 -0.00342467 0)
(0.0931623 -0.00237007 0)
(0.0951988 -0.00163605 0)
(0.0967797 -0.00113356 0)
(0.0980072 -0.000793035 0)
(0.098961 -0.000565339 0)
(0.0997108 -0.000409184 0)
(0.100298 -0.000306545 0)
(0.100774 -0.0002298 0)
(0.101145 -0.00018249 0)
(0.101464 -0.000140346 0)
(0.101701 -0.000117603 0)
(0.101927 -9.33249e-05 0)
(0.102077 -8.20758e-05 0)
(0.102249 -6.79093e-05 0)
(0.102339 -6.36647e-05 0)
(0.102481 -5.60756e-05 0)
(0.10253 -5.53658e-05 0)
(0.102657 -5.43206e-05 0)
(0.102677 -5.48025e-05 0)
(0.1028 -5.98986e-05 0)
(-0.0156069 0.0395729 0)
(-0.0355211 0.057532 0)
(-0.0345765 0.0593026 0)
(-0.0632479 0.0623249 0)
(-0.069749 0.0403058 0)
(-0.068939 0.00775276 0)
(-0.051283 -0.0276448 0)
(-0.0341795 -0.0500872 0)
(-0.0108195 -0.0614462 0)
(0.00747805 -0.0623263 0)
(0.0243469 -0.058907 0)
(0.0377281 -0.0526559 0)
(0.0497548 -0.0442839 0)
(0.060001 -0.0349131 0)
(0.0685548 -0.0262931 0)
(0.0756104 -0.0193057 0)
(0.081279 -0.014059 0)
(0.085728 -0.010253 0)
(0.0892059 -0.00749733 0)
(0.0919526 -0.00548357 0)
(0.0941465 -0.00400672 0)
(0.0959087 -0.00292896 0)
(0.0973243 -0.00215133 0)
(0.0984619 -0.00159364 0)
(0.0993734 -0.00119845 0)
(0.10011 -0.000911434 0)
(0.1007 -0.00070999 0)
(0.101187 -0.000553534 0)
(0.101572 -0.000447499 0)
(0.101907 -0.000355341 0)
(0.102159 -0.00029661 0)
(0.1024 -0.000240074 0)
(0.102562 -0.000206592 0)
(0.102745 -0.000170514 0)
(0.102845 -0.00015332 0)
(0.102995 -0.000130461 0)
(0.10305 -0.000122635 0)
(0.103183 -0.000111218 0)
(0.103206 -0.000108693 0)
(0.103334 -0.000107314 0)
(-0.00627247 0.0523106 0)
(-0.00311768 0.0516569 0)
(-0.0112306 0.060838 0)
(-0.0205592 0.0663094 0)
(-0.0162217 0.0406491 0)
(-0.00905997 0.000753565 0)
(0.0116609 -0.037912 0)
(0.030112 -0.0619268 0)
(0.0447855 -0.0732485 0)
(0.0566772 -0.0723117 0)
(0.0668552 -0.0656256 0)
(0.0727714 -0.0574883 0)
(0.0767593 -0.0482584 0)
(0.0792967 -0.0384549 0)
(0.0807405 -0.029806 0)
(0.0826108 -0.0227358 0)
(0.0853429 -0.0170832 0)
(0.088386 -0.0126988 0)
(0.0911706 -0.00941799 0)
(0.0934669 -0.00700722 0)
(0.095293 -0.00523987 0)
(0.0967485 -0.00393959 0)
(0.0979242 -0.00298241 0)
(0.0988868 -0.00227501 0)
(0.0996772 -0.00175625 0)
(0.100332 -0.0013662 0)
(0.100868 -0.00108307 0)
(0.101319 -0.00085792 0)
(0.101679 -0.000699827 0)
(0.101997 -0.000562143 0)
(0.102237 -0.000470181 0)
(0.102468 -0.000383188 0)
(0.102625 -0.000328661 0)
(0.102801 -0.000271396 0)
(0.102898 -0.000241718 0)
(0.103043 -0.000203825 0)
(0.103097 -0.00018908 0)
(0.103226 -0.000167343 0)
(0.103249 -0.000161882 0)
(0.103373 -0.00015395 0)
(0.0336485 0.0406165 0)
(0.044673 0.0601446 0)
(0.0585462 0.0661581 0)
(0.0442733 0.0710944 0)
(0.0437093 0.0384631 0)
(0.0516981 -0.0100032 0)
(0.0641998 -0.051066 0)
(0.079023 -0.0709388 0)
(0.0849454 -0.0783478 0)
(0.0856209 -0.0788865 0)
(0.0914486 -0.0712475 0)
(0.0948406 -0.0610102 0)
(0.0965127 -0.0499206 0)
(0.0984899 -0.0377451 0)
(0.0974767 -0.028059 0)
(0.0943452 -0.0220799 0)
(0.0922187 -0.0179361 0)
(0.092092 -0.0142946 0)
(0.0932704 -0.0110394 0)
(0.0948582 -0.00835279 0)
(0.0963451 -0.00628602 0)
(0.097578 -0.00475635 0)
(0.0985715 -0.00363993 0)
(0.0993814 -0.00281884 0)
(0.10005 -0.00221371 0)
(0.100612 -0.00175159 0)
(0.101079 -0.00140919 0)
(0.10148 -0.00113089 0)
(0.101804 -0.00093066 0)
(0.102093 -0.000754091 0)
(0.102314 -0.000633027 0)
(0.102528 -0.000518365 0)
(0.102674 -0.000444587 0)
(0.102839 -0.00036748 0)
(0.10293 -0.000326086 0)
(0.103066 -0.00027394 0)
(0.103117 -0.000252621 0)
(0.103238 -0.00022101 0)
(0.10326 -0.00021275 0)
(0.103376 -0.000198427 0)
(-0.0355143 -0.00331023 0)
(0.0388302 0.0318773 0)
(0.0546585 0.0620898 0)
(0.0727891 0.0770956 0)
(0.0846002 0.0390159 0)
(0.0937961 -0.0122428 0)
(0.0964408 -0.0568851 0)
(0.103751 -0.0776056 0)
(0.108932 -0.078649 0)
(0.100542 -0.0774982 0)
(0.0976098 -0.0714528 0)
(0.0976982 -0.0610979 0)
(0.0943813 -0.05179 0)
(0.0954819 -0.0403417 0)
(0.0998593 -0.0278867 0)
(0.101514 -0.0194083 0)
(0.0999537 -0.0154894 0)
(0.0978662 -0.0134171 0)
(0.0968424 -0.0114086 0)
(0.0969327 -0.00924695 0)
(0.0976068 -0.00723645 0)
(0.0984298 -0.00558492 0)
(0.0991992 -0.00432024 0)
(0.0998636 -0.00337103 0)
(0.100426 -0.00266453 0)
(0.100906 -0.00212135 0)
(0.101311 -0.00171597 0)
(0.101662 -0.00138455 0)
(0.10195 -0.00114362 0)
(0.102209 -0.00093057 0)
(0.102408 -0.000782662 0)
(0.102602 -0.000642651 0)
(0.102735 -0.000551374 0)
(0.102886 -0.00045615 0)
(0.10297 -0.000404098 0)
(0.103094 -0.000338875 0)
(0.103141 -0.000311558 0)
(0.103252 -0.000270825 0)
(0.103272 -0.000260013 0)
(0.10338 -0.000239699 0)
(0.123982 0.041831 0)
(0.0910516 0.00774109 0)
(0.0885994 0.0325995 0)
(0.104367 0.0497231 0)
(0.124618 0.0240177 0)
(0.134416 -0.0190621 0)
(0.131454 -0.0619617 0)
(0.125164 -0.0855199 0)
(0.127624 -0.0795986 0)
(0.12079 -0.0723372 0)
(0.1085 -0.068361 0)
(0.103117 -0.0566552 0)
(0.0943691 -0.0463517 0)
(0.0861099 -0.0399687 0)
(0.0864658 -0.031549 0)
(0.0922526 -0.0221713 0)
(0.0975769 -0.0155363 0)
(0.100003 -0.0120904 0)
(0.100264 -0.0102337 0)
(0.0998694 -0.00872007 0)
(0.0996613 -0.00719346 0)
(0.0997844 -0.00575835 0)
(0.100115 -0.00455576 0)
(0.10052 -0.00361425 0)
(0.100919 -0.00290367 0)
(0.101286 -0.00235079 0)
(0.101607 -0.00193222 0)
(0.101894 -0.00158064 0)
(0.102134 -0.00131955 0)
(0.102354 -0.00108284 0)
(0.102525 -0.000915667 0)
(0.102694 -0.000755178 0)
(0.102811 -0.000649246 0)
(0.102944 -0.000538035 0)
(0.103018 -0.000476477 0)
(0.103129 -0.000399307 0)
(0.103171 -0.000366503 0)
(0.103271 -0.000317295 0)
(0.103289 -0.000304124 0)
(0.103384 -0.00027814 0)
(0.154705 0.0493987 0)
(0.145822 0.0418642 0)
(0.134338 0.0447943 0)
(0.141732 0.0478524 0)
(0.163343 0.0217268 0)
(0.177633 -0.0129935 0)
(0.179425 -0.0454817 0)
(0.155668 -0.0723516 0)
(0.136116 -0.0742237 0)
(0.132703 -0.0619877 0)
(0.120526 -0.057789 0)
(0.107299 -0.0503278 0)
(0.098231 -0.0385366 0)
(0.0881205 -0.0331303 0)
(0.0812205 -0.0310761 0)
(0.0813724 -0.0267527 0)
(0.086704 -0.0206309 0)
(0.0931032 -0.0151513 0)
(0.0977537 -0.011341 0)
(0.100074 -0.00892373 0)
(0.100844 -0.00730417 0)
(0.100981 -0.00605555 0)
(0.101021 -0.00499348 0)
(0.101145 -0.00407424 0)
(0.101357 -0.00331203 0)
(0.101614 -0.00268442 0)
(0.101869 -0.00219908 0)
(0.102111 -0.00179371 0)
(0.102317 -0.00149463 0)
(0.102506 -0.00122671 0)
(0.102653 -0.0010376 0)
(0.102798 -0.000856823 0)
(0.102898 -0.000737046 0)
(0.103012 -0.000611349 0)
(0.103076 -0.000541269 0)
(0.103171 -0.000453461 0)
(0.103207 -0.000415797 0)
(0.103293 -0.000359016 0)
(0.103308 -0.000343761 0)
(0.103391 -0.000312646 0)
(0.146612 0.0470475 0)
(0.155095 0.0324717 0)
(0.154374 0.0330546 0)
(0.168164 0.0336405 0)
(0.190821 0.00467081 0)
(0.196061 -0.0283558 0)
(0.193715 -0.0446773 0)
(0.173148 -0.0545494 0)
(0.141026 -0.065433 0)
(0.129673 -0.0629611 0)
(0.12491 -0.0516798 0)
(0.112177 -0.0416878 0)
(0.103741 -0.0326119 0)
(0.101553 -0.0271819 0)
(0.0987458 -0.0263761 0)
(0.0939946 -0.0266821 0)
(0.0908414 -0.0249545 0)
(0.0911666 -0.0207256 0)
(0.0939087 -0.0154741 0)
(0.0971058 -0.0108737 0)
(0.0995036 -0.00766581 0)
(0.100891 -0.00567434 0)
(0.101571 -0.00447712 0)
(0.101882 -0.00369769 0)
(0.102045 -0.00312656 0)
(0.102172 -0.00264598 0)
(0.102297 -0.00224898 0)
(0.102434 -0.00188363 0)
(0.102564 -0.00159799 0)
(0.102697 -0.00132658 0)
(0.102805 -0.00113007 0)
(0.102918 -0.000937545 0)
(0.102997 -0.000808643 0)
(0.103089 -0.000671992 0)
(0.10314 -0.000595327 0)
(0.103218 -0.000498871 0)
(0.103248 -0.00045726 0)
(0.103318 -0.000394166 0)
(0.103331 -0.000377185 0)
(0.103399 -0.000341706 0)
(0.145112 0.0433106 0)
(0.156958 0.0297326 0)
(0.156572 0.0256354 0)
(0.17354 0.0178807 0)
(0.18838 0.00359714 0)
(0.186541 -0.0155415 0)
(0.175959 -0.0328381 0)
(0.163199 -0.0376773 0)
(0.146972 -0.042432 0)
(0.130087 -0.0488131 0)
(0.119968 -0.0439019 0)
(0.111978 -0.0347185 0)
(0.10662 -0.0311288 0)
(0.108049 -0.0299677 0)
(0.114007 -0.0260313 0)
(0.117837 -0.0206432 0)
(0.115794 -0.0173372 0)
(0.110166 -0.0160988 0)
(0.104832 -0.0148616 0)
(0.101642 -0.0127131 0)
(0.100487 -0.0101318 0)
(0.10049 -0.00777903 0)
(0.100902 -0.00594726 0)
(0.101376 -0.0046208 0)
(0.101791 -0.00368138 0)
(0.102124 -0.00298188 0)
(0.102378 -0.00246467 0)
(0.102576 -0.0020336 0)
(0.102726 -0.00171287 0)
(0.102852 -0.00141883 0)
(0.102946 -0.00120828 0)
(0.103036 -0.00100327 0)
(0.103098 -0.000865977 0)
(0.10317 -0.000720291 0)
(0.103209 -0.000638328 0)
(0.103269 -0.000535032 0)
(0.103292 -0.000490313 0)
(0.103346 -0.000422212 0)
(0.103356 -0.000403868 0)
(0.103408 -0.000364873 0)
(0.147449 0.0300092 0)
(0.153898 0.0258089 0)
(0.158489 0.0189095 0)
(0.166698 0.0110795 0)
(0.170721 -0.0025222 0)
(0.171731 -0.0183222 0)
(0.165234 -0.0262388 0)
(0.158007 -0.0325063 0)
(0.150133 -0.0405562 0)
(0.134477 -0.0442462 0)
(0.122499 -0.0399331 0)
(0.121388 -0.031729 0)
(0.120485 -0.0293488 0)
(0.113073 -0.0330199 0)
(0.105979 -0.0342155 0)
(0.105545 -0.0292192 0)
(0.109614 -0.021316 0)
(0.113187 -0.0146091 0)
(0.113686 -0.0104858 0)
(0.111636 -0.00820205 0)
(0.108807 -0.00673785 0)
(0.106428 -0.0056651 0)
(0.104833 -0.00480552 0)
(0.103888 -0.00407962 0)
(0.103376 -0.00346789 0)
(0.103126 -0.002931 0)
(0.103024 -0.00248772 0)
(0.103007 -0.00208456 0)
(0.103029 -0.00177164 0)
(0.103075 -0.00147521 0)
(0.10312 -0.00126027 0)
(0.103173 -0.00104877 0)
(0.103211 -0.000906547 0)
(0.103257 -0.000754893 0)
(0.103283 -0.000669378 0)
(0.103324 -0.000561284 0)
(0.103339 -0.000514388 0)
(0.103376 -0.000442685 0)
(0.103383 -0.000423369 0)
(0.103418 -0.00038178 0)
(0.14254 0.0276892 0)
(0.149931 0.0201176 0)
(0.154466 0.0133366 0)
(0.158776 0.00947081 0)
(0.164972 0.000653993 0)
(0.162927 -0.010996 0)
(0.154494 -0.021929 0)
(0.149792 -0.0275275 0)
(0.146484 -0.027035 0)
(0.136027 -0.0285262 0)
(0.122872 -0.0336208 0)
(0.118298 -0.0326722 0)
(0.11932 -0.0238305 0)
(0.113711 -0.0173235 0)
(0.101203 -0.0183338 0)
(0.0902201 -0.0214207 0)
(0.085522 -0.0211814 0)
(0.086563 -0.0173983 0)
(0.0903449 -0.0125591 0)
(0.0943623 -0.00876046 0)
(0.0975054 -0.00646054 0)
(0.0996392 -0.00519262 0)
(0.101008 -0.00443368 0)
(0.101871 -0.00386213 0)
(0.102413 -0.00336688 0)
(0.102752 -0.00289874 0)
(0.102963 -0.00249171 0)
(0.103094 -0.00210535 0)
(0.103175 -0.0017997 0)
(0.10323 -0.00150453 0)
(0.103267 -0.00128893 0)
(0.103299 -0.0010748 0)
(0.103321 -0.000930349 0)
(0.103345 -0.000775544 0)
(0.103359 -0.000688137 0)
(0.10338 -0.000577296 0)
(0.103388 -0.000529153 0)
(0.103407 -0.000455295 0)
(0.103411 -0.000435404 0)
(0.103429 -0.000392187 0)
(0.14249 0.0196094 0)
(0.148387 0.0160933 0)
(0.149918 0.0118351 0)
(0.153612 0.00414847 0)
(0.156442 -0.00418788 0)
(0.156039 -0.00890512 0)
(0.154205 -0.0158361 0)
(0.146247 -0.0256273 0)
(0.13755 -0.0292056 0)
(0.13611 -0.0265359 0)
(0.132915 -0.0268473 0)
(0.121913 -0.029825 0)
(0.114046 -0.0278055 0)
(0.116149 -0.0217884 0)
(0.123318 -0.0180105 0)
(0.127104 -0.0180339 0)
(0.124081 -0.0190985 0)
(0.117778 -0.0185636 0)
(0.11226 -0.0161233 0)
(0.108715 -0.0129141 0)
(0.1067 -0.00996947 0)
(0.105549 -0.00765355 0)
(0.104833 -0.00595347 0)
(0.104346 -0.00472033 0)
(0.104005 -0.00382254 0)
(0.103772 -0.0031311 0)
(0.103622 -0.00260789 0)
(0.103533 -0.00216376 0)
(0.103484 -0.0018307 0)
(0.103458 -0.00152279 0)
(0.103446 -0.00130147 0)
(0.10344 -0.00108445 0)
(0.103437 -0.000938611 0)
(0.103436 -0.000782655 0)
(0.103436 -0.000694658 0)
(0.103437 -0.000582981 0)
(0.103437 -0.000534464 0)
(0.103439 -0.000459893 0)
(0.103439 -0.000439816 0)
(0.10344 -0.000395962 0)
(0.140171 0.0170561 0)
(0.143829 0.013286 0)
(0.147046 0.008948 0)
(0.150253 0.00514954 0)
(0.150592 -0.00119861 0)
(0.149792 -0.00959684 0)
(0.148669 -0.0138421 0)
(0.145008 -0.0152915 0)
(0.138439 -0.02096 0)
(0.132105 -0.0261519 0)
(0.128475 -0.0233002 0)
(0.124943 -0.0178814 0)
(0.119561 -0.0180932 0)
(0.113758 -0.0225371 0)
(0.109104 -0.0247714 0)
(0.106204 -0.0217673 0)
(0.104463 -0.0156897 0)
(0.103243 -0.0102795 0)
(0.1025 -0.0071258 0)
(0.102266 -0.00566264 0)
(0.102401 -0.00496921 0)
(0.102704 -0.0045148 0)
(0.103029 -0.00410238 0)
(0.103301 -0.00367615 0)
(0.103493 -0.00325243 0)
(0.103606 -0.00282699 0)
(0.103658 -0.00244734 0)
(0.103665 -0.00207825 0)
(0.103651 -0.00178299 0)
(0.103623 -0.00149436 0)
(0.103598 -0.00128274 0)
(0.103569 -0.0010714 0)
(0.103549 -0.000928744 0)
(0.103526 -0.000775176 0)
(0.103513 -0.000688513 0)
(0.103494 -0.000578156 0)
(0.103487 -0.000530231 0)
(0.10347 -0.000456423 0)
(0.103468 -0.000436564 0)
(0.103452 -0.000393076 0)
(0.138876 0.0131398 0)
(0.141926 0.0103026 0)
(0.143648 0.00688575 0)
(0.145693 0.00225908 0)
(0.147745 -0.00288721 0)
(0.146658 -0.00688329 0)
(0.143387 -0.0120469 0)
(0.141418 -0.0174821 0)
(0.138962 -0.0187506 0)
(0.132936 -0.0185168 0)
(0.12633 -0.0213714 0)
(0.123474 -0.0238349 0)
(0.123457 -0.0211739 0)
(0.122482 -0.0157389 0)
(0.118694 -0.0130407 0)
(0.113586 -0.0139867 0)
(0.109661 -0.0154967 0)
(0.107663 -0.0154524 0)
(0.106873 -0.0138647 0)
(0.106493 -0.0115739 0)
(0.10615 -0.00928377 0)
(0.105766 -0.00732863 0)
(0.105365 -0.0057884 0)
(0.104987 -0.00460996 0)
(0.10466 -0.00372455 0)
(0.104395 -0.003036 0)
(0.104192 -0.00251739 0)
(0.104038 -0.00208272 0)
(0.103925 -0.00176005 0)
(0.103833 -0.00146376 0)
(0.103766 -0.00125162 0)
(0.103703 -0.00104363 0)
(0.103661 -0.000904147 0)
(0.103614 -0.000754586 0)
(0.103588 -0.00067039 0)
(0.10355 -0.000563162 0)
(0.103535 -0.000516658 0)
(0.103501 -0.000445019 0)
(0.103496 -0.000425753 0)
(0.103463 -0.000383618 0)
(0.137033 0.0111782 0)
(0.139445 0.00855768 0)
(0.141271 0.00563008 0)
(0.143017 0.0023861 0)
(0.143519 -0.00184253 0)
(0.143068 -0.00634374 0)
(0.142101 -0.00953682 0)
(0.138976 -0.01213 0)
(0.134764 -0.0155366 0)
(0.132156 -0.0176519 0)
(0.129814 -0.0166309 0)
(0.125119 -0.0152492 0)
(0.119565 -0.0160447 0)
(0.116131 -0.0175891 0)
(0.115013 -0.0176975 0)
(0.114372 -0.0157354 0)
(0.112849 -0.0126406 0)
(0.110631 -0.00972996 0)
(0.10852 -0.007631 0)
(0.106941 -0.0062684 0)
(0.105923 -0.00535157 0)
(0.105324 -0.00465935 0)
(0.104984 -0.00408206 0)
(0.104776 -0.00356459 0)
(0.104625 -0.00310091 0)
(0.104489 -0.00266651 0)
(0.10436 -0.00229249 0)
(0.104229 -0.00193794 0)
(0.104114 -0.0016581 0)
(0.104002 -0.0013875 0)
(0.103915 -0.00119041 0)
(0.103827 -0.000994205 0)
(0.103767 -0.000862293 0)
(0.103699 -0.000720102 0)
(0.10366 -0.000640191 0)
(0.103603 -0.000538126 0)
(0.103582 -0.000493955 0)
(0.103531 -0.000425882 0)
(0.103522 -0.000407591 0)
(0.103473 -0.000367772 0)
(0.13573 0.00881474 0)
(0.13766 0.00661324 0)
(0.138985 0.0040801 0)
(0.140237 0.00109846 0)
(0.141098 -0.00227533 0)
(0.140523 -0.00547563 0)
(0.138903 -0.00873071 0)
(0.137287 -0.0116351 0)
(0.134948 -0.0132938 0)
(0.131057 -0.0143894 0)
(0.127132 -0.0157396 0)
(0.124769 -0.0164338 0)
(0.12319 -0.015479 0)
(0.120919 -0.0135721 0)
(0.117757 -0.0121596 0)
(0.11443 -0.0117422 0)
(0.111731 -0.0115937 0)
(0.109952 -0.0110193 0)
(0.108838 -0.00995452 0)
(0.108046 -0.00861617 0)
(0.10738 -0.00723159 0)
(0.106778 -0.00595368 0)
(0.106234 -0.00486047 0)
(0.105755 -0.00396062 0)
(0.10535 -0.00324723 0)
(0.105013 -0.00267048 0)
(0.104742 -0.002227 0)
(0.104516 -0.00184843 0)
(0.104339 -0.00156538 0)
(0.104182 -0.00130291 0)
(0.104064 -0.00111497 0)
(0.103947 -0.000929982 0)
(0.103868 -0.000806333 0)
(0.103779 -0.000673302 0)
(0.103728 -0.000598843 0)
(0.103654 -0.000503653 0)
(0.103626 -0.000462597 0)
(0.103559 -0.000399388 0)
(0.103547 -0.000382423 0)
(0.103483 -0.000345828 0)
(0.134339 0.00731035 0)
(0.135988 0.00538847 0)
(0.137195 0.00326086 0)
(0.138179 0.000910914 0)
(0.138645 -0.00186333 0)
(0.138331 -0.0046734 0)
(0.137334 -0.00705088 0)
(0.135497 -0.00917925 0)
(0.13304 -0.0111665 0)
(0.130593 -0.0124129 0)
(0.128107 -0.012567 0)
(0.125166 -0.0123505 0)
(0.121984 -0.0124861 0)
(0.119231 -0.0126697 0)
(0.117142 -0.0123986 0)
(0.115418 -0.0114837 0)
(0.113709 -0.0100446 0)
(0.111951 -0.00848429 0)
(0.110319 -0.00709772 0)
(0.108952 -0.00597263 0)
(0.107879 -0.00507661 0)
(0.107064 -0.00434631 0)
(0.106447 -0.00373476 0)
(0.105967 -0.00320357 0)
(0.10558 -0.00274457 0)
(0.105251 -0.00233076 0)
(0.104972 -0.00198496 0)
(0.104726 -0.00166662 0)
(0.104523 -0.00142025 0)
(0.104338 -0.00118522 0)
(0.104197 -0.00101586 0)
(0.104057 -0.000847732 0)
(0.103961 -0.000735509 0)
(0.103852 -0.000614328 0)
(0.103791 -0.000546817 0)
(0.1037 -0.000460255 0)
(0.103666 -0.00042311 0)
(0.103585 -0.000365993 0)
(0.10357 -0.000350691 0)
(0.103492 -0.000318167 0)
(0.133229 0.00572778 0)
(0.134615 0.00410684 0)
(0.13561 0.00228525 0)
(0.136379 0.00027018 0)
(0.136842 -0.00197301 0)
(0.136541 -0.00420563 0)
(0.135535 -0.00633967 0)
(0.134175 -0.00822617 0)
(0.132357 -0.00958576 0)
(0.129932 -0.010526 0)
(0.12728 -0.0112516 0)
(0.124886 -0.0116218 0)
(0.122751 -0.0113979 0)
(0.120594 -0.0106839 0)
(0.118332 -0.00985405 0)
(0.116081 -0.00913471 0)
(0.11399 -0.00852003 0)
(0.112206 -0.00784341 0)
(0.110768 -0.00704101 0)
(0.109603 -0.0061604 0)
(0.108632 -0.00527399 0)
(0.107807 -0.00444165 0)
(0.107104 -0.00370577 0)
(0.106507 -0.00307669 0)
(0.106007 -0.0025613 0)
(0.105587 -0.00212975 0)
(0.10524 -0.00178944 0)
(0.104941 -0.00149047 0)
(0.104701 -0.00126481 0)
(0.104484 -0.0010527 0)
(0.104319 -0.000901339 0)
(0.104156 -0.000751488 0)
(0.104045 -0.000652069 0)
(0.103918 -0.000544599 0)
(0.103847 -0.00048517 0)
(0.103742 -0.000408746 0)
(0.103702 -0.000376208 0)
(0.103607 -0.000326285 0)
(0.103591 -0.000312952 0)
(0.103499 -0.000285258 0)
(0.132202 0.00453455 0)
(0.133425 0.00316302 0)
(0.134324 0.0016369 0)
(0.134957 1.6342e-05 0)
(0.135276 -0.00179689 0)
(0.135061 -0.00365336 0)
(0.134299 -0.00530804 0)
(0.133064 -0.00676165 0)
(0.131372 -0.00801387 0)
(0.129371 -0.00888846 0)
(0.127252 -0.00926124 0)
(0.125068 -0.00927457 0)
(0.122811 -0.00915352 0)
(0.120555 -0.00897025 0)
(0.118421 -0.00863188 0)
(0.116458 -0.00809309 0)
(0.114664 -0.00735345 0)
(0.11303 -0.00648237 0)
(0.111555 -0.00560721 0)
(0.11026 -0.00480837 0)
(0.109157 -0.00410944 0)
(0.108234 -0.00350433 0)
(0.107466 -0.00298287 0)
(0.106824 -0.00252825 0)
(0.106287 -0.00214059 0)
(0.105831 -0.00179951 0)
(0.10545 -0.00152165 0)
(0.10512 -0.00127065 0)
(0.104852 -0.00107984 0)
(0.104609 -0.000898562 0)
(0.104424 -0.000769657 0)
(0.104242 -0.000641384 0)
(0.104118 -0.000556831 0)
(0.103975 -0.000465074 0)
(0.103896 -0.000414866 0)
(0.103778 -0.000349978 0)
(0.103733 -0.000322689 0)
(0.103627 -0.000280942 0)
(0.103608 -0.000269855 0)
(0.103505 -0.000247653 0)
(0.131347 0.00338514 0)
(0.132441 0.00224157 0)
(0.133238 0.000980751 0)
(0.133777 -0.000362623 0)
(0.134059 -0.00181118 0)
(0.133875 -0.00328037 0)
(0.133184 -0.00465432 0)
(0.132126 -0.00587261 0)
(0.13073 -0.00682867 0)
(0.128976 -0.00746869 0)
(0.126992 -0.00784701 0)
(0.124962 -0.00800226 0)
(0.122942 -0.00792141 0)
(0.120924 -0.00760092 0)
(0.118932 -0.0071082 0)
(0.117007 -0.00653209 0)
(0.115189 -0.00591993 0)
(0.113518 -0.00530439 0)
(0.112027 -0.00469214 0)
(0.11073 -0.00408814 0)
(0.109612 -0.00351159 0)
(0.108654 -0.00298172 0)
(0.107836 -0.00251405 0)
(0.10714 -0.00210865 0)
(0.106552 -0.00176984 0)
(0.106052 -0.00147816 0)
(0.105635 -0.00124474 0)
(0.105273 -0.0010358 0)
(0.10498 -0.000878843 0)
(0.104715 -0.000729637 0)
(0.104513 -0.00062474 0)
(0.104314 -0.000519951 0)
(0.104178 -0.000451667 0)
(0.104023 -0.000377213 0)
(0.103937 -0.000337145 0)
(0.103807 -0.000284978 0)
(0.103758 -0.000263489 0)
(0.103642 -0.00023075 0)
(0.103621 -0.000222146 0)
(0.103509 -0.000205983 0)
(0.130604 0.00241847 0)
(0.131616 0.0014792 0)
(0.132356 0.000456324 0)
(0.132834 -0.000606657 0)
(0.133057 -0.00174698 0)
(0.132904 -0.00291514 0)
(0.132331 -0.00398067 0)
(0.13141 -0.004895 0)
(0.130155 -0.0056433 0)
(0.128587 -0.00617324 0)
(0.126825 -0.00643216 0)
(0.124984 -0.00644435 0)
(0.123089 -0.00628033 0)
(0.121145 -0.00598841 0)
(0.1192 -0.0056092 0)
(0.117321 -0.00516773 0)
(0.115551 -0.00467907 0)
(0.113916 -0.00415873 0)
(0.112435 -0.00363241 0)
(0.111118 -0.00312879 0)
(0.109963 -0.00266874 0)
(0.108963 -0.00225994 0)
(0.108104 -0.00190501 0)
(0.10737 -0.00159794 0)
(0.106748 -0.0013406 0)
(0.106217 -0.00111777 0)
(0.105773 -0.000939803 0)
(0.105388 -0.000779729 0)
(0.105077 -0.00066084 0)
(0.104794 -0.000546889 0)
(0.104579 -0.000468219 0)
(0.104367 -0.000388852 0)
(0.104222 -0.000338162 0)
(0.104056 -0.000282385 0)
(0.103965 -0.000253244 0)
(0.103827 -0.000214778 0)
(0.103775 -0.000199561 0)
(0.103651 -0.000176518 0)
(0.103629 -0.000170609 0)
(0.103509 -0.000160912 0)
(0.12993 0.00150122 0)
(0.130886 0.000754268 0)
(0.131581 -4.62921e-05 0)
(0.132018 -0.000873021 0)
(0.132212 -0.00174162 0)
(0.132076 -0.00262341 0)
(0.131563 -0.00343514 0)
(0.130728 -0.00413442 0)
(0.129599 -0.00468607 0)
(0.128189 -0.00503609 0)
(0.126571 -0.00516651 0)
(0.124837 -0.00511668 0)
(0.123027 -0.00493429 0)
(0.121159 -0.0046467 0)
(0.119277 -0.00427961 0)
(0.117441 -0.00386405 0)
(0.115695 -0.00342998 0)
(0.11407 -0.00299891 0)
(0.112588 -0.00258623 0)
(0.111262 -0.00220493 0)
(0.110094 -0.00186274 0)
(0.109077 -0.00156201 0)
(0.108201 -0.00130381 0)
(0.107449 -0.00108321 0)
(0.10681 -0.000900892 0)
(0.106264 -0.000744767 0)
(0.105807 -0.000622189 0)
(0.10541 -0.000512192 0)
(0.10509 -0.000432649 0)
(0.104798 -0.000355456 0)
(0.104577 -0.000304248 0)
(0.104358 -0.000251447 0)
(0.10421 -0.000219233 0)
(0.104039 -0.000183009 0)
(0.103945 -0.000165286 0)
(0.103801 -0.000141172 0)
(0.103749 -0.000132501 0)
(0.10362 -0.000119578 0)
(0.103598 -0.000116494 0)
(0.103473 -0.00011348 0)
(0.128875 0.00066938 0)
(0.129789 9.55947e-05 0)
(0.130434 -0.000496067 0)
(0.130807 -0.00108941 0)
(0.130922 -0.00170498 0)
(0.13073 -0.00233095 0)
(0.130194 -0.00289866 0)
(0.129356 -0.00336949 0)
(0.128238 -0.00372621 0)
(0.126848 -0.00392636 0)
(0.125248 -0.00393859 0)
(0.12353 -0.00378585 0)
(0.121742 -0.00352407 0)
(0.11991 -0.00319852 0)
(0.118073 -0.00284144 0)
(0.116288 -0.00247997 0)
(0.114598 -0.00213381 0)
(0.113032 -0.00181245 0)
(0.11161 -0.00152002 0)
(0.110342 -0.00126022 0)
(0.109228 -0.00103547 0)
(0.108263 -0.000845109 0)
(0.107433 -0.000687293 0)
(0.106723 -0.000556861 0)
(0.106122 -0.000452345 0)
(0.105609 -0.000365199 0)
(0.105181 -0.000299343 0)
(0.10481 -0.000240645 0)
(0.10451 -0.000201066 0)
(0.104238 -0.000161222 0)
(0.104032 -0.00013789 0)
(0.103827 -0.00011191 0)
(0.10369 -9.84427e-05 0)
(0.103528 -8.19918e-05 0)
(0.103442 -7.57938e-05 0)
(0.103306 -6.61576e-05 0)
(0.103258 -6.41595e-05 0)
(0.103134 -6.14002e-05 0)
(0.103115 -6.11918e-05 0)
(0.102994 -6.48705e-05 0)
(0.124184 -8.98952e-05 0)
(0.124891 -0.000464439 0)
(0.125277 -0.000845674 0)
(0.125328 -0.00121837 0)
(0.12507 -0.00159685 0)
(0.124473 -0.00198253 0)
(0.123525 -0.00232514 0)
(0.122272 -0.00259251 0)
(0.120748 -0.00278138 0)
(0.118991 -0.00286101 0)
(0.117088 -0.0027956 0)
(0.115144 -0.00259922 0)
(0.113227 -0.0023209 0)
(0.111374 -0.00200154 0)
(0.10962 -0.00166917 0)
(0.108 -0.00134914 0)
(0.106537 -0.00106189 0)
(0.105237 -0.000816837 0)
(0.104101 -0.000614575 0)
(0.103123 -0.000452187 0)
(0.102292 -0.000325363 0)
(0.101591 -0.000228605 0)
(0.101005 -0.000156473 0)
(0.100516 -0.000103331 0)
(0.10011 -6.59039e-05 0)
(0.0997713 -3.84525e-05 0)
(0.0994918 -2.1227e-05 0)
(0.0992545 -7.10745e-06 0)
(0.0990642 -1.36817e-06 0)
(0.0988929 5.86294e-06 0)
(0.0987664 5.80255e-06 0)
(0.0986363 8.54188e-06 0)
(0.0985558 6.23427e-06 0)
(0.0984498 5.90508e-06 0)
(0.098403 2.42242e-06 0)
(0.0983083 4.05066e-08 0)
(0.098286 -3.43384e-06 0)
(0.0981947 -8.76865e-06 0)
(0.0981883 -1.07565e-05 0)
(0.0980967 -1.98184e-05 0)
(0.0937433 -0.000631717 0)
(0.0931634 -0.000741656 0)
(0.0922115 -0.000856292 0)
(0.090914 -0.000958897 0)
(0.0893042 -0.0010569 0)
(0.087356 -0.00114895 0)
(0.0851108 -0.00121048 0)
(0.0826576 -0.00123361 0)
(0.0800358 -0.00121664 0)
(0.0773148 -0.00113951 0)
(0.0746526 -0.000994448 0)
(0.07221 -0.000807722 0)
(0.0700742 -0.000613682 0)
(0.0682736 -0.000431951 0)
(0.0668116 -0.000271887 0)
(0.0656718 -0.000140354 0)
(0.0648166 -4.06102e-05 0)
(0.0641972 2.98793e-05 0)
(0.0637654 7.66412e-05 0)
(0.0634789 0.000105118 0)
(0.0633021 0.000119903 0)
(0.0632052 0.000124961 0)
(0.0631644 0.000123474 0)
(0.0631617 0.000117796 0)
(0.0631836 0.000109326 0)
(0.0632213 9.97145e-05 0)
(0.0632664 8.96958e-05 0)
(0.0633156 7.99571e-05 0)
(0.0633647 7.04338e-05 0)
(0.0634108 6.19216e-05 0)
(0.0634563 5.34733e-05 0)
(0.0634917 4.64857e-05 0)
(0.0635317 3.93867e-05 0)
(0.0635527 3.34637e-05 0)
(0.0635869 2.79139e-05 0)
(0.0635923 2.25858e-05 0)
(0.0636202 1.84556e-05 0)
(0.0636105 1.31559e-05 0)
(0.0636295 1.08762e-05 0)
(0.0636097 4.10327e-06 0)
)
;

boundaryField
{
    inlet
    {
        type            fixedValue;
        value           uniform (0.1 0 0);
    }
    outlet
    {
        type            zeroGradient;
    }
    lowerWall
    {
        type            noSlip;
    }
    upperWall
    {
        type            noSlip;
    }
    defaultFaces
    {
        type            empty;
    }
}


// ************************************************************************* //
