/*--------------------------------*- C++ -*----------------------------------*\
| =========                 |                                                 |
| \\      /  F ield         | OpenFOAM: The Open Source CFD Toolbox           |
|  \\    /   O peration     | Version:  2112                                  |
|   \\  /    A nd           | Website:  www.openfoam.com                      |
|    \\/     M anipulation  |                                                 |
\*---------------------------------------------------------------------------*/
FoamFile
{
    version     2.0;
    format      ascii;
    arch        "LSB;label=32;scalar=64";
    class       volVectorField;
    location    "0.15";
    object      U;
}
// * * * * * * * * * * * * * * * * * * * * * * * * * * * * * * * * * * * * * //

dimensions      [0 1 -1 0 0 0 0];

internalField   nonuniform List<vector> 
1880
(
(0.098989 0.000613075 0)
(0.0984393 0.0011336 0)
(0.0974479 0.00129596 0)
(0.0958244 0.00132706 0)
(0.0942055 0.00136992 0)
(0.0924756 0.00140778 0)
(0.090534 0.0013626 0)
(0.088915 0.00130681 0)
(0.087465 0.00138473 0)
(0.0856331 0.00150841 0)
(0.0835394 0.00149046 0)
(0.0816757 0.00128245 0)
(0.0800753 0.00103156 0)
(0.0787602 0.000750436 0)
(0.0775706 0.000580025 0)
(0.0768017 0.000363356 0)
(0.0759756 0.000387833 0)
(0.0755315 0.000228034 0)
(0.0746776 0.000436521 0)
(0.0742356 0.000247344 0)
(0.0731588 0.000603324 0)
(0.0725033 0.000371898 0)
(0.071005 0.000868599 0)
(0.0699542 0.000674992 0)
(0.0676974 0.00116964 0)
(0.0660001 0.00163812 0)
(0.0621055 0.00100073 0)
(0.0599678 0.0048909 0)
(0.0504365 -0.000389354 0)
(0.0510973 0.0137883 0)
(0.0999582 0.000713865 0)
(0.100334 0.00137973 0)
(0.100721 0.0016352 0)
(0.100875 0.00173146 0)
(0.101222 0.00183618 0)
(0.101403 0.0019633 0)
(0.10116 0.00198881 0)
(0.101074 0.00193374 0)
(0.10123 0.00200284 0)
(0.101218 0.00218766 0)
(0.100944 0.00230643 0)
(0.100831 0.00218707 0)
(0.100574 0.00199617 0)
(0.100479 0.00160835 0)
(0.0997346 0.00145681 0)
(0.0997751 0.000966122 0)
(0.0985759 0.00120613 0)
(0.0991114 0.000621162 0)
(0.0971799 0.00139712 0)
(0.098222 0.000638144 0)
(0.0955204 0.00180081 0)
(0.096801 0.0010748 0)
(0.0934442 0.00235974 0)
(0.0946038 0.00190482 0)
(0.0905245 0.00352477 0)
(0.0909732 0.00306964 0)
(0.0869559 0.00605567 0)
(0.0837678 0.00521569 0)
(0.0837126 0.0113079 0)
(0.0707359 0.0102064 0)
(0.0999538 0.000255064 0)
(0.100244 0.00065644 0)
(0.10057 0.000948882 0)
(0.100728 0.00112852 0)
(0.101192 0.00124981 0)
(0.101545 0.00138058 0)
(0.101462 0.00147026 0)
(0.101544 0.00150442 0)
(0.101913 0.00157811 0)
(0.102132 0.0017062 0)
(0.102133 0.00180555 0)
(0.102279 0.00178171 0)
(0.102351 0.00170325 0)
(0.1024 0.0015345 0)
(0.10193 0.00148058 0)
(0.101844 0.0012686 0)
(0.100982 0.00147839 0)
(0.101137 0.00116899 0)
(0.0997795 0.00188061 0)
(0.100183 0.00129526 0)
(0.0985017 0.00258817 0)
(0.0986296 0.00192151 0)
(0.0973659 0.00331856 0)
(0.0960437 0.00355384 0)
(0.0961614 0.00422895 0)
(0.092524 0.0061265 0)
(0.0940057 0.00697861 0)
(0.0887384 0.0089733 0)
(0.0900679 0.0136341 0)
(0.085503 0.0142072 0)
(0.0999486 0.000231068 0)
(0.100143 0.000628519 0)
(0.10035 0.000941519 0)
(0.100372 0.00114362 0)
(0.10078 0.00128013 0)
(0.101145 0.00141771 0)
(0.101057 0.00152851 0)
(0.101129 0.00157954 0)
(0.101508 0.001631 0)
(0.101743 0.00172255 0)
(0.101721 0.00185111 0)
(0.101874 0.00191066 0)
(0.101959 0.00196224 0)
(0.102107 0.00187522 0)
(0.101703 0.00192397 0)
(0.101762 0.00172488 0)
(0.101002 0.00198909 0)
(0.101302 0.00166985 0)
(0.100025 0.0024231 0)
(0.100661 0.00184365 0)
(0.0987873 0.00331421 0)
(0.0997426 0.00239977 0)
(0.0973999 0.00465468 0)
(0.0982387 0.00362487 0)
(0.0960405 0.00660283 0)
(0.0958164 0.00586816 0)
(0.0948369 0.00959438 0)
(0.0927118 0.0099 0)
(0.093381 0.014268 0)
(0.0909256 0.0164893 0)
(0.0999457 0.000143695 0)
(0.1001 0.00041249 0)
(0.100255 0.000642643 0)
(0.10021 0.000815083 0)
(0.100578 0.000954087 0)
(0.100938 0.00108855 0)
(0.100846 0.00120117 0)
(0.100911 0.00127139 0)
(0.101283 0.00133025 0)
(0.101503 0.00141302 0)
(0.101446 0.00153541 0)
(0.101585 0.00164379 0)
(0.101686 0.00175572 0)
(0.101903 0.00179568 0)
(0.101577 0.00190676 0)
(0.101725 0.00188152 0)
(0.101091 0.00213479 0)
(0.101396 0.00204841 0)
(0.100422 0.00264099 0)
(0.100763 0.0024836 0)
(0.0996804 0.00346577 0)
(0.0997435 0.00350328 0)
(0.0989452 0.00448873 0)
(0.0983581 0.00547995 0)
(0.0980353 0.0060006 0)
(0.0969141 0.00815709 0)
(0.0967459 0.00942769 0)
(0.0958343 0.010851 0)
(0.0954897 0.0157535 0)
(0.0952441 0.0152425 0)
(0.0999451 0.00011866 0)
(0.100084 0.000352488 0)
(0.100216 0.000560634 0)
(0.100129 0.000729514 0)
(0.100458 0.000875911 0)
(0.1008 0.0010139 0)
(0.100702 0.0011321 0)
(0.100762 0.00121591 0)
(0.101127 0.00128349 0)
(0.10134 0.00136743 0)
(0.101267 0.00149419 0)
(0.101403 0.00163281 0)
(0.101506 0.00178234 0)
(0.101767 0.0018856 0)
(0.101485 0.00202801 0)
(0.101722 0.00208328 0)
(0.101157 0.00233022 0)
(0.101577 0.00235414 0)
(0.100678 0.0029004 0)
(0.101181 0.00285901 0)
(0.100118 0.00386921 0)
(0.100504 0.00379617 0)
(0.0995972 0.00526274 0)
(0.0995229 0.00545016 0)
(0.099214 0.00717646 0)
(0.0983018 0.0080953 0)
(0.0990451 0.0099461 0)
(0.0974729 0.0119303 0)
(0.098727 0.0141809 0)
(0.0982317 0.0167818 0)
(0.0999448 8.97669e-05 0)
(0.100071 0.000272236 0)
(0.100184 0.00043535 0)
(0.100071 0.000569395 0)
(0.100377 0.000694823 0)
(0.100707 0.000821863 0)
(0.100604 0.000935533 0)
(0.100664 0.00102141 0)
(0.101028 0.00109064 0)
(0.101243 0.00117646 0)
(0.101173 0.00130274 0)
(0.101317 0.0014639 0)
(0.101438 0.00163772 0)
(0.101733 0.00180732 0)
(0.101507 0.0019795 0)
(0.101791 0.0021383 0)
(0.101336 0.00237145 0)
(0.101768 0.00255654 0)
(0.101089 0.00296833 0)
(0.101485 0.00324321 0)
(0.100843 0.00385754 0)
(0.100966 0.00442592 0)
(0.100644 0.00507648 0)
(0.100397 0.00626871 0)
(0.100399 0.00693878 0)
(0.100078 0.00859961 0)
(0.100211 0.0101738 0)
(0.100242 0.0112233 0)
(0.100569 0.0148815 0)
(0.100941 0.0151782 0)
(0.0999447 6.90313e-05 0)
(0.100065 0.000214302 0)
(0.100169 0.000347859 0)
(0.100045 0.000460065 0)
(0.100338 0.000570915 0)
(0.100659 0.000691003 0)
(0.100555 0.000804564 0)
(0.100618 0.000895338 0)
(0.100985 0.000968379 0)
(0.101203 0.00105685 0)
(0.101139 0.0011815 0)
(0.101292 0.00135389 0)
(0.101436 0.00153861 0)
(0.101756 0.00174805 0)
(0.101585 0.00193688 0)
(0.101909 0.00216003 0)
(0.101543 0.00238949 0)
(0.102019 0.00265954 0)
(0.101467 0.00302973 0)
(0.10191 0.00339838 0)
(0.101432 0.00396274 0)
(0.101613 0.00455214 0)
(0.101523 0.00525669 0)
(0.101284 0.00627114 0)
(0.101732 0.00707003 0)
(0.10122 0.00863609 0)
(0.102089 0.00964528 0)
(0.101822 0.0116576 0)
(0.102735 0.013235 0)
(0.103335 0.0152349 0)
(0.0999447 5.07369e-05 0)
(0.100062 0.000161014 0)
(0.100162 0.000265113 0)
(0.100032 0.000351956 0)
(0.10032 0.000440707 0)
(0.100637 0.000545749 0)
(0.100534 0.000652126 0)
(0.100601 0.000740908 0)
(0.100975 0.000811764 0)
(0.101201 0.000898564 0)
(0.101151 0.00101875 0)
(0.101315 0.00119678 0)
(0.101489 0.00138729 0)
(0.101828 0.00162725 0)
(0.101719 0.00182871 0)
(0.102061 0.00210603 0)
(0.101802 0.00232716 0)
(0.102281 0.00268152 0)
(0.101892 0.00297969 0)
(0.10232 0.00349296 0)
(0.102051 0.00387409 0)
(0.10224 0.00468314 0)
(0.102337 0.00511814 0)
(0.102268 0.00629111 0)
(0.10269 0.00695437 0)
(0.102719 0.00826502 0)
(0.103225 0.00958356 0)
(0.103702 0.010685 0)
(0.10443 0.0128858 0)
(0.105172 0.0139222 0)
(0.0999447 3.3366e-05 0)
(0.100062 0.000109738 0)
(0.100161 0.000184688 0)
(0.100031 0.000246355 0)
(0.100318 0.000312277 0)
(0.100636 0.000400648 0)
(0.100539 0.000498775 0)
(0.100614 0.000585384 0)
(0.101 0.000654826 0)
(0.101235 0.000739534 0)
(0.101202 0.000854156 0)
(0.101377 0.00103155 0)
(0.101585 0.00122288 0)
(0.101938 0.00147976 0)
(0.101891 0.0016914 0)
(0.102245 0.00200038 0)
(0.102084 0.00222361 0)
(0.102567 0.00261832 0)
(0.102314 0.00288948 0)
(0.102748 0.00344864 0)
(0.102638 0.00376716 0)
(0.102854 0.00460272 0)
(0.10313 0.00496565 0)
(0.103103 0.00610684 0)
(0.103741 0.00664249 0)
(0.103808 0.00799882 0)
(0.104548 0.00882597 0)
(0.105094 0.0103467 0)
(0.105944 0.0115564 0)
(0.106894 0.0130704 0)
(0.0999447 1.60928e-05 0)
(0.100063 5.81724e-05 0)
(0.100165 0.000103316 0)
(0.100039 0.000139137 0)
(0.100332 0.000180815 0)
(0.100656 0.000249786 0)
(0.100569 0.000336583 0)
(0.100654 0.000417467 0)
(0.101052 0.000481991 0)
(0.101299 0.000560563 0)
(0.101286 0.000666161 0)
(0.101473 0.000837106 0)
(0.101715 0.001025 0)
(0.10208 0.00128987 0)
(0.102094 0.00150947 0)
(0.102451 0.00183903 0)
(0.102387 0.00206541 0)
(0.102863 0.00248613 0)
(0.102737 0.00273234 0)
(0.103171 0.00332178 0)
(0.103191 0.00357615 0)
(0.103461 0.00442223 0)
(0.10382 0.00472156 0)
(0.103951 0.00576665 0)
(0.104576 0.00631489 0)
(0.104915 0.00739341 0)
(0.105582 0.008307 0)
(0.106364 0.00940888 0)
(0.107262 0.0106353 0)
(0.108243 0.0118159 0)
(0.0999447 -2.12955e-06 0)
(0.100066 3.97942e-06 0)
(0.100174 1.84338e-05 0)
(0.100056 2.81112e-05 0)
(0.100357 4.62247e-05 0)
(0.100693 9.74932e-05 0)
(0.100618 0.000173797 0)
(0.100715 0.000250096 0)
(0.101129 0.000311621 0)
(0.101391 0.000384474 0)
(0.1014 0.000480304 0)
(0.1016 0.000640401 0)
(0.101878 0.000821508 0)
(0.102253 0.00108498 0)
(0.102325 0.00130903 0)
(0.102681 0.00164418 0)
(0.102703 0.00187559 0)
(0.103166 0.00229878 0)
(0.103151 0.00253394 0)
(0.103583 0.0031146 0)
(0.103713 0.00333488 0)
(0.104022 0.00414429 0)
(0.104465 0.00439595 0)
(0.104688 0.00536056 0)
(0.10537 0.00581471 0)
(0.105818 0.00683338 0)
(0.106547 0.00749478 0)
(0.107413 0.0086259 0)
(0.108358 0.00945401 0)
(0.109411 0.0106097 0)
(0.0999447 -2.28665e-05 0)
(0.100072 -5.81093e-05 0)
(0.10019 -8.03652e-05 0)
(0.100086 -0.000102813 0)
(0.100405 -0.000114523 0)
(0.100757 -8.87169e-05 0)
(0.100697 -3.11742e-05 0)
(0.100808 3.25242e-05 0)
(0.10124 8.44396e-05 0)
(0.101516 0.000146194 0)
(0.101547 0.000228213 0)
(0.101758 0.000373906 0)
(0.10207 0.000549876 0)
(0.10245 0.000813519 0)
(0.102574 0.00104881 0)
(0.102922 0.00138964 0)
(0.10302 0.0016336 0)
(0.103468 0.00205149 0)
(0.103546 0.00228542 0)
(0.103975 0.00283853 0)
(0.10419 0.00304187 0)
(0.104545 0.00378374 0)
(0.10503 0.00401707 0)
(0.105361 0.00485287 0)
(0.106045 0.00528478 0)
(0.106619 0.00612616 0)
(0.107362 0.00672607 0)
(0.108294 0.00765967 0)
(0.109283 0.00835122 0)
(0.110372 0.00932613 0)
(0.0999448 -4.61322e-05 0)
(0.100078 -0.000124648 0)
(0.100209 -0.000182457 0)
(0.100122 -0.000230905 0)
(0.100461 -0.000262416 0)
(0.100832 -0.000252884 0)
(0.10079 -0.00020498 0)
(0.100918 -0.000144514 0)
(0.101371 -9.31841e-05 0)
(0.101669 -3.6547e-05 0)
(0.101728 3.60128e-05 0)
(0.101959 0.000170983 0)
(0.102308 0.00034016 0)
(0.102697 0.00059416 0)
(0.102863 0.000829259 0)
(0.103199 0.0011579 0)
(0.103354 0.0014022 0)
(0.103779 0.00179439 0)
(0.10393 0.00202154 0)
(0.104349 0.00252542 0)
(0.104628 0.00271427 0)
(0.105016 0.00337199 0)
(0.105534 0.00358169 0)
(0.105944 0.00430306 0)
(0.106638 0.00467331 0)
(0.107288 0.00540209 0)
(0.10806 0.00587075 0)
(0.109023 0.00669688 0)
(0.110042 0.00720856 0)
(0.111149 0.00804779 0)
(0.0999452 -8.07239e-05 0)
(0.100094 -0.000223871 0)
(0.10025 -0.000339088 0)
(0.100196 -0.000431599 0)
(0.100568 -0.000493459 0)
(0.100964 -0.000508763 0)
(0.100942 -0.000481756 0)
(0.101087 -0.000434198 0)
(0.101561 -0.000391391 0)
(0.10188 -0.000350021 0)
(0.101967 -0.000297967 0)
(0.102211 -0.000184006 0)
(0.10258 -2.3628e-05 0)
(0.10296 0.000227855 0)
(0.10315 0.000481463 0)
(0.103464 0.000820391 0)
(0.103662 0.00108894 0)
(0.104062 0.00147047 0)
(0.10427 0.00170505 0)
(0.10468 0.00216016 0)
(0.105009 0.00234351 0)
(0.105427 0.00291035 0)
(0.105964 0.00310389 0)
(0.106441 0.00370368 0)
(0.107137 0.00402744 0)
(0.107844 0.00462395 0)
(0.108639 0.00500851 0)
(0.109615 0.00568873 0)
(0.110651 0.00608358 0)
(0.111778 0.00676624 0)
(0.0999457 -0.000109961 0)
(0.100111 -0.000298852 0)
(0.100295 -0.000447881 0)
(0.100289 -0.000554135 0)
(0.100706 -0.00062015 0)
(0.101129 -0.000649118 0)
(0.101125 -0.000636619 0)
(0.101291 -0.000593703 0)
(0.10179 -0.000555226 0)
(0.102134 -0.000527562 0)
(0.102255 -0.000488509 0)
(0.102527 -0.000380664 0)
(0.102933 -0.000209891 0)
(0.103322 4.915e-05 0)
(0.103536 0.000311465 0)
(0.103821 0.000628874 0)
(0.104033 0.000882901 0)
(0.104386 0.0012156 0)
(0.104618 0.00142665 0)
(0.105002 0.0018077 0)
(0.105356 0.00196808 0)
(0.105788 0.00243338 0)
(0.106332 0.00259865 0)
(0.106856 0.00308245 0)
(0.107552 0.00334777 0)
(0.108294 0.00382806 0)
(0.10911 0.00412403 0)
(0.110084 0.00467421 0)
(0.111134 0.00496306 0)
(0.11226 0.00550488 0)
(0.0999486 -0.000203895 0)
(0.100156 -0.000536775 0)
(0.100394 -0.000783431 0)
(0.10046 -0.000929978 0)
(0.100924 -0.00100508 0)
(0.101362 -0.00105556 0)
(0.101374 -0.00106248 0)
(0.10156 -0.00101902 0)
(0.102082 -0.000983994 0)
(0.102463 -0.000983408 0)
(0.102641 -0.000971373 0)
(0.102953 -0.000868196 0)
(0.103372 -0.000674748 0)
(0.103719 -0.000391827 0)
(0.10389 -9.59734e-05 0)
(0.104103 0.000246004 0)
(0.104302 0.000536378 0)
(0.104613 0.000860788 0)
(0.104867 0.00107778 0)
(0.105236 0.00140351 0)
(0.105617 0.00155269 0)
(0.106066 0.00192369 0)
(0.106618 0.00206145 0)
(0.107179 0.00243708 0)
(0.107878 0.00264368 0)
(0.108639 0.00301365 0)
(0.109476 0.00323152 0)
(0.110438 0.00365443 0)
(0.111502 0.00385554 0)
(0.112614 0.00426217 0)
(0.0999539 -0.000235119 0)
(0.100258 -0.000589373 0)
(0.100621 -0.000833612 0)
(0.100828 -0.000972319 0)
(0.101353 -0.00104727 0)
(0.101786 -0.00111222 0)
(0.101811 -0.0011253 0)
(0.102021 -0.00108891 0)
(0.102545 -0.00109465 0)
(0.102929 -0.0011461 0)
(0.103137 -0.00113806 0)
(0.103475 -0.000988941 0)
(0.103892 -0.000734964 0)
(0.104198 -0.000420293 0)
(0.104337 -0.000106918 0)
(0.104497 0.000205527 0)
(0.104649 0.000451594 0)
(0.104883 0.000685223 0)
(0.105104 0.000846049 0)
(0.105433 0.00106598 0)
(0.105805 0.00117085 0)
(0.106255 0.00142894 0)
(0.106802 0.00152148 0)
(0.10739 0.00178747 0)
(0.108088 0.00193053 0)
(0.108864 0.00219056 0)
(0.109723 0.002337 0)
(0.110664 0.00263712 0)
(0.111757 0.00276157 0)
(0.112835 0.00304193 0)
(0.0999583 -0.000700248 0)
(0.10035 -0.00133452 0)
(0.100774 -0.00155755 0)
(0.100982 -0.0016258 0)
(0.1014 -0.00169836 0)
(0.101672 -0.00178066 0)
(0.101553 -0.00175571 0)
(0.101613 -0.00165449 0)
(0.101954 -0.00167136 0)
(0.102133 -0.00180111 0)
(0.102127 -0.00183375 0)
(0.102235 -0.00165049 0)
(0.102434 -0.00131546 0)
(0.102583 -0.000905318 0)
(0.102641 -0.000491491 0)
(0.102779 -0.000121786 0)
(0.102948 0.000154779 0)
(0.10327 0.000365158 0)
(0.103536 0.000510073 0)
(0.104002 0.000652656 0)
(0.104366 0.000733836 0)
(0.104989 0.000881111 0)
(0.105475 0.000944579 0)
(0.106258 0.00109301 0)
(0.106874 0.00118756 0)
(0.107845 0.00132802 0)
(0.108619 0.00142193 0)
(0.109749 0.00159122 0)
(0.110748 0.0016562 0)
(0.112022 0.00180719 0)
(0.0989891 -0.000609416 0)
(0.0984571 -0.00112145 0)
(0.0975072 -0.00127465 0)
(0.095943 -0.00129702 0)
(0.094401 -0.00132871 0)
(0.0927764 -0.00135248 0)
(0.090974 -0.00129355 0)
(0.0895189 -0.00122282 0)
(0.0882712 -0.00127877 0)
(0.0866835 -0.00138278 0)
(0.0848826 -0.00134102 0)
(0.0833385 -0.00112153 0)
(0.0821564 -0.000835275 0)
(0.0812623 -0.000556433 0)
(0.0806588 -0.000314063 0)
(0.0804005 -0.000117041 0)
(0.0803892 1.92668e-05 0)
(0.0805891 0.000111844 0)
(0.0808483 0.000169595 0)
(0.0812828 0.000217882 0)
(0.0816814 0.00025154 0)
(0.0823012 0.000292746 0)
(0.0828092 0.000319097 0)
(0.083601 0.000362457 0)
(0.0842201 0.00039516 0)
(0.085207 0.000431281 0)
(0.0859363 0.000471547 0)
(0.0871174 0.000506719 0)
(0.0879856 0.000529783 0)
(0.0893292 0.000559778 0)
(0.0247699 0.0027609 0)
(0.0723936 0.0232236 0)
(0.0523086 0.0288744 0)
(0.0716875 0.0296308 9.29652e-22)
(0.070295 0.0239436 8.31554e-22)
(0.108169 0.0504906 0)
(0.0560008 0.0276939 1.17079e-22)
(0.108694 0.0381473 9.55566e-24)
(0.0975713 0.0446303 5.33746e-22)
(0.143327 0.0591198 0)
(0.0802842 0.024391 0)
(0.0795993 0.0251625 0)
(0.0861651 0.0389064 0)
(0.0979187 0.039983 0)
(0.0989078 0.0255613 0)
(0.106923 0.0623144 2.26795e-22)
(0.112443 0.0618755 -1.92171e-24)
(0.114577 0.0319228 -9.94633e-23)
(0.125661 0.0370939 -4.84951e-22)
(0.15655 0.0728823 -5.47044e-22)
(0.0846421 0.0233446 0)
(0.0884785 0.0249166 0)
(0.0913072 0.0307968 0)
(0.10463 0.0383068 0)
(0.0999966 0.0286152 0)
(0.100103 0.0345033 -2.268e-22)
(0.125955 0.0617124 1.92187e-24)
(0.132661 0.0345355 9.94658e-23)
(0.126013 0.0261947 2.70402e-22)
(0.141229 0.049672 5.47065e-22)
(0.0907009 0.0219636 -4.73537e-22)
(0.0949303 0.0256222 0)
(0.097077 0.0294348 -3.75338e-22)
(0.103397 0.0331845 -3.04816e-22)
(0.110336 0.0338803 -2.38621e-22)
(0.105906 0.0361804 0)
(0.122437 0.0452071 0)
(0.133765 0.0349577 1.12195e-22)
(0.128686 0.0348513 2.49462e-22)
(0.136473 0.044681 4.22466e-22)
(0.0951101 0.0225061 4.7354e-22)
(0.0978034 0.0234079 0)
(0.101706 0.0273737 3.7534e-22)
(0.106223 0.0289653 3.04817e-22)
(0.110201 0.0303739 2.3862e-22)
(0.112681 0.0300293 0)
(0.122891 0.0399143 0)
(0.130879 0.0289223 -1.12204e-22)
(0.129422 0.0260308 -2.49462e-22)
(0.139743 0.0304859 -4.22465e-22)
(0.0984099 0.020439 0)
(0.101937 0.0219346 -3.53586e-22)
(0.104578 0.0252461 0)
(0.10849 0.0271733 -2.46876e-22)
(0.113541 0.0290123 0)
(0.115828 0.0287203 0)
(0.123065 0.0323314 0)
(0.131549 0.0284664 -1.06598e-22)
(0.132616 0.0289271 0)
(0.137172 0.0279194 0)
(0.101789 0.0195491 3.54358e-22)
(0.104096 0.0205753 6.76375e-22)
(0.107004 0.0232107 2.78373e-22)
(0.110842 0.0236702 2.46877e-22)
(0.114794 0.0254639 0)
(0.118371 0.0251702 -9.30217e-23)
(0.124186 0.0284151 0)
(0.129766 0.0226992 1.06598e-22)
(0.132537 0.0224055 0)
(0.138272 0.0212302 0)
(0.104096 0.0177987 -3.54359e-22)
(0.106577 0.0186643 -3.22788e-22)
(0.109522 0.0209017 -2.78374e-22)
(0.112665 0.02191 0)
(0.116504 0.0231378 0)
(0.119722 0.0225706 9.3022e-23)
(0.124896 0.0240863 0)
(0.130063 0.0218181 0)
(0.132603 0.0211652 0)
(0.136567 0.0184203 0)
(0.106415 0.0162876 0)
(0.10844 0.0172339 -2.7364e-22)
(0.110982 0.0189145 0)
(0.11412 0.0190968 -1.89019e-22)
(0.117616 0.0202662 0)
(0.120915 0.0197424 0)
(0.124973 0.0207444 -6.39827e-24)
(0.129186 0.0177539 6.97572e-23)
(0.132421 0.0170996 0)
(0.135943 0.0146941 2.13257e-22)
(0.10812 0.0146856 0)
(0.109956 0.0154235 2.7364e-22)
(0.11266 0.016697 0)
(0.115381 0.0172014 1.8902e-22)
(0.118488 0.0178236 0)
(0.121572 0.017368 0)
(0.125366 0.0177602 6.39829e-24)
(0.128899 0.0160425 -6.97574e-23)
(0.131647 0.0150314 0)
(0.134496 0.0125355 -2.13257e-22)
(0.109595 0.013104 1.31196e-22)
(0.111351 0.0137972 0)
(0.11367 0.0148466 0)
(0.116247 0.0148983 8.31315e-23)
(0.119168 0.0154957 0)
(0.122057 0.0149733 0)
(0.125173 0.0150879 0)
(0.128284 0.0132666 -2.25373e-23)
(0.131014 0.012337 0)
(0.133467 0.0100547 0)
(0.110795 0.01157 -7.16346e-24)
(0.112368 0.0121334 0)
(0.11464 0.0128666 9.75857e-23)
(0.117021 0.0130401 -3.94632e-24)
(0.119608 0.0133525 0)
(0.12229 0.0128778 0)
(0.125153 0.0127558 9.4985e-24)
(0.127799 0.0114339 2.25373e-23)
(0.130203 0.0104441 -4.32552e-23)
(0.132317 0.00843063 -6.94615e-23)
(0.111736 0.0100672 -5.86507e-24)
(0.113288 0.010509 0)
(0.11532 0.0111431 -4.25412e-24)
(0.117521 0.0111155 -2.94948e-24)
(0.119937 0.0113621 5.69034e-23)
(0.122393 0.0108782 -3.51621e-23)
(0.124885 0.0106433 2.6444e-24)
(0.127256 0.00940578 -1.18832e-23)
(0.12946 0.00850882 7.31699e-24)
(0.131351 0.00671202 9.48397e-24)
(0.112514 0.00859959 -1.18168e-22)
(0.11397 0.00896499 0)
(0.115872 0.00939776 -9.33318e-23)
(0.117934 0.00940514 -7.6236e-23)
(0.120126 0.0095125 -5.69035e-23)
(0.122384 0.00907208 7.10809e-23)
(0.124662 0.00876643 -1.21429e-23)
(0.126769 0.00776806 1.18832e-23)
(0.128751 0.00693333 3.59383e-23)
(0.130444 0.00542086 5.99778e-23)
(0.113106 0.00718502 0)
(0.114532 0.00744598 0)
(0.116288 0.00780072 0)
(0.118196 0.00774309 0)
(0.120236 0.0077869 0)
(0.122311 0.00738063 -3.59188e-23)
(0.124373 0.00704846 0)
(0.126298 0.00617645 0)
(0.128108 0.00544052 0)
(0.129665 0.00415207 0)
(0.113572 0.0058023 0)
(0.114946 0.00600493 0)
(0.116596 0.00624433 0)
(0.118379 0.00619474 0)
(0.120275 0.00617956 0)
(0.122189 0.00581632 -1.90579e-23)
(0.124102 0.00548662 0)
(0.125874 0.00477029 0)
(0.127546 0.0041318 0)
(0.128981 0.00308059 0)
(0.113921 0.0044653 0)
(0.115245 0.00459677 0)
(0.11683 0.00476213 4.19801e-23)
(0.11847 0.00469901 0)
(0.120273 0.00464707 2.79028e-23)
(0.122021 0.00432931 1.90579e-23)
(0.123833 0.00401953 0)
(0.125458 0.0034345 1.68109e-24)
(0.127038 0.00289584 0)
(0.12835 0.00205672 0)
(0.11416 0.00316761 0)
(0.115364 0.00325053 0)
(0.116935 0.00334233 -4.19801e-23)
(0.11837 0.00328094 0)
(0.120139 0.0032011 -2.79028e-23)
(0.121635 0.00293304 0)
(0.123419 0.00265577 0)
(0.124787 0.00220088 -1.6811e-24)
(0.126336 0.00175593 0)
(0.127359 0.00112587 0)
(0.113235 0.00185549 -1.28199e-23)
(0.11409 0.00188941 -1.16809e-23)
(0.115547 0.00189678 -1.03577e-23)
(0.116516 0.00183739 0)
(0.118162 0.00172972 -7.11091e-24)
(0.119098 0.00153855 0)
(0.120759 0.00130171 -3.15812e-24)
(0.121458 0.000986048 0)
(0.122873 0.000641591 1.22583e-24)
(0.123043 0.000231463 3.47028e-24)
(0.0903363 0.000539077 1.28185e-23)
(0.0911242 0.000504613 1.16796e-23)
(0.0922125 0.000439023 1.03564e-23)
(0.0929319 0.000374842 0)
(0.0940166 0.000265788 7.10993e-24)
(0.0944869 0.000149763 0)
(0.0953414 2.96959e-06 3.15763e-24)
(0.0953056 -0.000151588 0)
(0.0956742 -0.000338303 -1.22561e-24)
(0.0947757 -0.000502704 -3.46965e-24)
(-0.00256894 -0.0032282 0)
(-0.0134259 0.000840855 0)
(-0.0420551 0.00650714 0)
(-0.0680826 0.00918405 0)
(-0.089208 0.00649896 0)
(-0.0984127 0.00232704 0)
(-0.0931569 -0.00165734 0)
(-0.0798677 -0.00516275 0)
(-0.0589294 -0.00622652 0)
(-0.035952 -0.00724515 0)
(-0.0125965 -0.00641497 0)
(0.00796218 -0.00539348 0)
(0.0249437 -0.00398573 0)
(0.0379789 -0.00264713 0)
(0.0474403 -0.00154895 0)
(0.0539708 -0.000743107 0)
(0.0582625 -0.000209982 0)
(0.0609345 0.000103069 0)
(0.0624938 0.000258199 0)
(0.0633302 0.000313895 0)
(0.0637254 0.000313754 0)
(0.0638684 0.000285971 0)
(0.0638782 0.000247838 0)
(0.0638235 0.000208219 0)
(0.063743 0.000172474 0)
(0.0636567 0.000142147 0)
(0.0635751 0.000117007 0)
(0.0635012 9.66027e-05 0)
(0.0634371 7.97632e-05 0)
(0.0633822 6.62596e-05 0)
(0.0633348 5.4719e-05 0)
(0.0632981 4.56401e-05 0)
(0.0632623 3.74035e-05 0)
(0.063243 3.09873e-05 0)
(0.0632148 2.50314e-05 0)
(0.0632122 1.9961e-05 0)
(0.0631897 1.58488e-05 0)
(0.0632024 1.1071e-05 0)
(0.0631868 8.81274e-06 0)
(0.0632098 2.89252e-06 0)
(-0.00113982 0.0139953 0)
(-0.0191474 0.0287448 0)
(-0.0494895 0.0305155 0)
(-0.0836172 0.0262647 0)
(-0.0980577 0.0164874 0)
(-0.108428 0.0031774 0)
(-0.0973186 -0.0112931 0)
(-0.083792 -0.0190988 0)
(-0.0566926 -0.0255941 0)
(-0.0331267 -0.0262201 0)
(-0.00688002 -0.0247115 0)
(0.0158995 -0.0214972 0)
(0.0352163 -0.0173156 0)
(0.0505002 -0.013188 0)
(0.0622703 -0.00962522 0)
(0.0712016 -0.00677623 0)
(0.0779298 -0.00460971 0)
(0.0829583 -0.00302919 0)
(0.0866817 -0.00192236 0)
(0.0894169 -0.00117796 0)
(0.0914164 -0.000696755 0)
(0.0928797 -0.000397792 0)
(0.0939582 -0.000219075 0)
(0.094763 -0.00011613 0)
(0.0953727 -5.87119e-05 0)
(0.0958424 -2.66902e-05 0)
(0.0962087 -1.06761e-05 0)
(0.0965014 -7.70367e-07 0)
(0.0967324 1.54023e-06 0)
(0.0969275 5.36122e-06 0)
(0.0970755 2.97917e-06 0)
(0.0972159 4.58777e-06 0)
(0.0973089 1.11671e-06 0)
(0.0974192 9.55491e-07 0)
(0.0974739 -2.63872e-06 0)
(0.0975698 -4.17889e-06 0)
(0.097597 -7.52697e-06 0)
(0.0976883 -1.13812e-05 0)
(0.0976973 -1.33555e-05 0)
(0.0977886 -2.06901e-05 0)
(-0.0188018 0.0145293 0)
(-0.0415379 0.0338329 0)
(-0.0604078 0.046218 0)
(-0.0857894 0.0408195 0)
(-0.101731 0.0248873 0)
(-0.101734 0.00321544 0)
(-0.09159 -0.0193315 0)
(-0.0724459 -0.0357692 0)
(-0.0481004 -0.0438836 0)
(-0.0245991 -0.0447558 0)
(-0.000397137 -0.0421202 0)
(0.0211472 -0.0362989 0)
(0.0395802 -0.029107 0)
(0.0540842 -0.0221741 0)
(0.0650891 -0.0164184 0)
(0.0733779 -0.0119719 0)
(0.0797091 -0.00863792 0)
(0.0846254 -0.00617129 0)
(0.0884725 -0.00436966 0)
(0.0914809 -0.00307718 0)
(0.0938239 -0.0021674 0)
(0.0956442 -0.00153661 0)
(0.0970591 -0.00110347 0)
(0.0981644 -0.000805605 0)
(0.0990325 -0.00060055 0)
(0.0997221 -0.000455317 0)
(0.100271 -0.000354309 0)
(0.100718 -0.000276501 0)
(0.101074 -0.000224632 0)
(0.101379 -0.000177862 0)
(0.101611 -0.000150567 0)
(0.101829 -0.000121064 0)
(0.101979 -0.000106054 0)
(0.102145 -8.774e-05 0)
(0.102238 -8.03204e-05 0)
(0.102374 -6.90043e-05 0)
(0.102425 -6.65269e-05 0)
(0.102548 -6.16988e-05 0)
(0.102569 -6.12867e-05 0)
(0.102688 -6.28415e-05 0)
(-0.0134712 0.0504912 0)
(-0.0300849 0.0619933 0)
(-0.0352835 0.0610034 0)
(-0.0660242 0.0591576 0)
(-0.0705069 0.0293305 0)
(-0.0699788 -0.00294647 0)
(-0.0536413 -0.0341159 0)
(-0.0371021 -0.0531289 0)
(-0.0147876 -0.0618002 0)
(0.00316118 -0.0619994 0)
(0.0204733 -0.0581231 0)
(0.0359627 -0.0506028 0)
(0.0498923 -0.040905 0)
(0.0614514 -0.0312251 0)
(0.0706303 -0.0231104 0)
(0.0776586 -0.016929 0)
(0.0829541 -0.0124138 0)
(0.0869871 -0.00912948 0)
(0.0901313 -0.00671756 0)
(0.0926297 -0.00494075 0)
(0.0946326 -0.00363989 0)
(0.0962417 -0.00269655 0)
(0.097534 -0.00201798 0)
(0.0985736 -0.00152954 0)
(0.0994108 -0.00117787 0)
(0.10009 -0.000918162 0)
(0.10064 -0.000729628 0)
(0.101095 -0.000580756 0)
(0.10146 -0.000475751 0)
(0.101776 -0.000382964 0)
(0.102018 -0.000322587 0)
(0.102246 -0.000262628 0)
(0.102405 -0.000226634 0)
(0.102578 -0.000187494 0)
(0.102677 -0.000167576 0)
(0.10282 -0.000141308 0)
(0.102875 -0.000132073 0)
(0.103002 -0.000116795 0)
(0.103025 -0.000113521 0)
(0.103147 -0.000108067 0)
(0.00311728 0.0539789 0)
(0.0125033 0.0529131 0)
(-0.00539665 0.0642445 0)
(-0.0198822 0.0635763 0)
(-0.0148098 0.0294607 0)
(-0.00460063 -0.00887142 0)
(0.0150389 -0.0419937 0)
(0.0276825 -0.063819 0)
(0.0418094 -0.0728786 0)
(0.052747 -0.0705584 0)
(0.0601029 -0.0649323 0)
(0.0655322 -0.0570439 0)
(0.0702389 -0.0469839 0)
(0.0740184 -0.0367679 0)
(0.0778397 -0.0279027 0)
(0.0820079 -0.0207726 0)
(0.0859843 -0.0153364 0)
(0.0893265 -0.011345 0)
(0.0919589 -0.00844886 0)
(0.0940104 -0.00633714 0)
(0.0956386 -0.00478483 0)
(0.0969587 -0.00363823 0)
(0.0980426 -0.00279066 0)
(0.0989381 -0.00216163 0)
(0.0996776 -0.00169505 0)
(0.100291 -0.00134108 0)
(0.100796 -0.00107782 0)
(0.10122 -0.000866485 0)
(0.101563 -0.000713779 0)
(0.101862 -0.000578896 0)
(0.102093 -0.000487907 0)
(0.102311 -0.000399279 0)
(0.102464 -0.000343525 0)
(0.102631 -0.000284392 0)
(0.102727 -0.00025255 0)
(0.102864 -0.00021174 0)
(0.102918 -0.000196031 0)
(0.10304 -0.000170479 0)
(0.103063 -0.000164446 0)
(0.10318 -0.000152089 0)
(0.0383041 0.0316193 0)
(0.0484199 0.0637894 0)
(0.0493391 0.0798888 0)
(0.037948 0.0726871 0)
(0.0472946 0.0246083 0)
(0.0622358 -0.0218268 0)
(0.0788722 -0.0528344 0)
(0.0880344 -0.0694909 0)
(0.0892469 -0.0783701 0)
(0.0937748 -0.0756818 0)
(0.0967169 -0.0675339 0)
(0.0962703 -0.0581941 0)
(0.0964823 -0.0466112 0)
(0.094806 -0.0358517 0)
(0.0914887 -0.0281474 0)
(0.0895943 -0.0223921 0)
(0.0899669 -0.0174735 0)
(0.0916366 -0.0132895 0)
(0.0935715 -0.00997448 0)
(0.0952717 -0.00749523 0)
(0.0966416 -0.00568737 0)
(0.0977388 -0.00437068 0)
(0.0986359 -0.00340256 0)
(0.0993843 -0.00267893 0)
(0.100013 -0.00213349 0)
(0.100546 -0.00171089 0)
(0.100991 -0.00138992 0)
(0.101371 -0.00112748 0)
(0.101682 -0.000934183 0)
(0.101956 -0.000762126 0)
(0.102169 -0.000643578 0)
(0.102372 -0.000528531 0)
(0.102514 -0.000454502 0)
(0.102669 -0.000376546 0)
(0.102759 -0.00033349 0)
(0.102888 -0.000278898 0)
(0.102939 -0.000257022 0)
(0.103053 -0.000221665 0)
(0.103075 -0.000212997 0)
(0.103185 -0.000193952 0)
(-0.0372512 -0.00451195 0)
(0.0374911 0.0455035 0)
(0.0416014 0.0741699 0)
(0.0673269 0.0667087 0)
(0.0882614 0.0159768 0)
(0.102258 -0.030853 0)
(0.114964 -0.0584394 0)
(0.121952 -0.0699516 0)
(0.112608 -0.0775674 0)
(0.106901 -0.0761755 0)
(0.108138 -0.0671318 0)
(0.103766 -0.0588597 0)
(0.101981 -0.0479914 0)
(0.104323 -0.0343739 0)
(0.103853 -0.024405 0)
(0.100255 -0.0195353 0)
(0.0970071 -0.0167094 0)
(0.0956751 -0.0139277 0)
(0.0958406 -0.0110933 0)
(0.0966678 -0.00859046 0)
(0.0976176 -0.00660696 0)
(0.0984789 -0.00511513 0)
(0.0992131 -0.00400706 0)
(0.0998367 -0.00317477 0)
(0.100368 -0.00254412 0)
(0.100825 -0.00205221 0)
(0.101213 -0.00167565 0)
(0.101547 -0.00136556 0)
(0.101824 -0.0011351 0)
(0.10207 -0.000929357 0)
(0.102262 -0.000786007 0)
(0.102446 -0.000647074 0)
(0.102575 -0.000556582 0)
(0.102717 -0.000461496 0)
(0.1028 -0.000408264 0)
(0.102917 -0.000341036 0)
(0.102964 -0.00031353 0)
(0.103069 -0.000269118 0)
(0.103089 -0.000258038 0)
(0.10319 -0.000232741 0)
(0.112933 0.0330692 0)
(0.0883319 0.0190771 0)
(0.0866445 0.0476472 0)
(0.108969 0.0395939 0)
(0.129407 -0.00213528 0)
(0.131162 -0.0450339 0)
(0.13396 -0.0707051 0)
(0.143215 -0.0715201 0)
(0.133203 -0.0712548 0)
(0.114957 -0.073538 0)
(0.110746 -0.0636816 0)
(0.104351 -0.0522987 0)
(0.0939704 -0.0458189 0)
(0.0922212 -0.036743 0)
(0.0969148 -0.0257268 0)
(0.100842 -0.018 0)
(0.101618 -0.014244 0)
(0.100584 -0.0122472 0)
(0.0994969 -0.0104533 0)
(0.0990436 -0.00857474 0)
(0.0991378 -0.00682799 0)
(0.0995082 -0.00539014 0)
(0.0999613 -0.00428481 0)
(0.100406 -0.00344663 0)
(0.100811 -0.00280627 0)
(0.101172 -0.00229768 0)
(0.101486 -0.00189985 0)
(0.101764 -0.00156374 0)
(0.101998 -0.00130921 0)
(0.102209 -0.00107803 0)
(0.102375 -0.000914809 0)
(0.102536 -0.000755412 0)
(0.10265 -0.000650546 0)
(0.102776 -0.000540054 0)
(0.102849 -0.000477613 0)
(0.102953 -0.000398794 0)
(0.102995 -0.000366116 0)
(0.103088 -0.000313297 0)
(0.103107 -0.000299988 0)
(0.103197 -0.000268807 0)
(0.141622 0.0485364 0)
(0.14017 0.042811 0)
(0.13558 0.0541519 0)
(0.157808 0.0409401 0)
(0.179234 0.00352685 0)
(0.175757 -0.032923 0)
(0.157892 -0.0647538 0)
(0.148508 -0.0679824 0)
(0.146408 -0.0557879 0)
(0.129101 -0.058702 0)
(0.112185 -0.0583958 0)
(0.103427 -0.0454705 0)
(0.0919095 -0.0373781 0)
(0.0827263 -0.0345926 0)
(0.0820428 -0.0295777 0)
(0.0876352 -0.0225211 0)
(0.0943601 -0.0164726 0)
(0.0988066 -0.0125391 0)
(0.100578 -0.0101553 0)
(0.100836 -0.00848969 0)
(0.100671 -0.00710342 0)
(0.100587 -0.0058665 0)
(0.100686 -0.00478823 0)
(0.100916 -0.00388785 0)
(0.101199 -0.00316522 0)
(0.101486 -0.00258432 0)
(0.101749 -0.00213228 0)
(0.101984 -0.00175445 0)
(0.102183 -0.00146968 0)
(0.102362 -0.00121208 0)
(0.102503 -0.00102978 0)
(0.10264 -0.000851809 0)
(0.102736 -0.000734154 0)
(0.102844 -0.000610056 0)
(0.102907 -0.000539519 0)
(0.102996 -0.000450451 0)
(0.103032 -0.000413218 0)
(0.103112 -0.000352911 0)
(0.103128 -0.000337634 0)
(0.103205 -0.000301148 0)
(0.148936 0.0478662 0)
(0.158774 0.0282221 0)
(0.162468 0.0358804 0)
(0.188469 0.0183467 0)
(0.198576 -0.0116157 0)
(0.193204 -0.0292166 0)
(0.175862 -0.0489053 0)
(0.147107 -0.0649288 0)
(0.138902 -0.0603345 0)
(0.136953 -0.050472 0)
(0.120811 -0.0456818 0)
(0.106959 -0.0375277 0)
(0.101256 -0.029913 0)
(0.0960615 -0.0287432 0)
(0.0901791 -0.0297065 0)
(0.0873509 -0.0278316 0)
(0.0889237 -0.0227808 0)
(0.0929222 -0.0167618 0)
(0.0968617 -0.0117734 0)
(0.099495 -0.00842545 0)
(0.100838 -0.00640246 0)
(0.101403 -0.00517836 0)
(0.101621 -0.00434749 0)
(0.101735 -0.00369407 0)
(0.101843 -0.0031413 0)
(0.101973 -0.00265295 0)
(0.102117 -0.00224132 0)
(0.102267 -0.0018726 0)
(0.102405 -0.00158407 0)
(0.102539 -0.00131471 0)
(0.102648 -0.0011214 0)
(0.102756 -0.000930292 0)
(0.102833 -0.000803114 0)
(0.10292 -0.000668236 0)
(0.102971 -0.000591234 0)
(0.103044 -0.000493752 0)
(0.103074 -0.000452792 0)
(0.103139 -0.000386239 0)
(0.103152 -0.000369328 0)
(0.103216 -0.000328354 0)
(0.154749 0.0364207 0)
(0.156909 0.022927 0)
(0.164714 0.0236998 0)
(0.184355 0.0152809 0)
(0.185427 0.000452006 0)
(0.180423 -0.0204288 0)
(0.170259 -0.0335572 0)
(0.150822 -0.040524 0)
(0.135562 -0.0475738 0)
(0.12878 -0.0450081 0)
(0.118559 -0.0366382 0)
(0.108709 -0.0320658 0)
(0.108659 -0.0300955 0)
(0.115005 -0.0265776 0)
(0.118429 -0.0223569 0)
(0.115009 -0.0200789 0)
(0.108334 -0.0191549 0)
(0.102848 -0.0174943 0)
(0.100095 -0.0146264 0)
(0.0994673 -0.0114553 0)
(0.0998323 -0.00872798 0)
(0.100446 -0.0066864 0)
(0.101023 -0.00524469 0)
(0.101487 -0.0042158 0)
(0.101841 -0.00345579 0)
(0.102108 -0.00285872 0)
(0.102311 -0.00239107 0)
(0.102471 -0.00199055 0)
(0.102597 -0.00168308 0)
(0.102707 -0.00139838 0)
(0.102793 -0.00119426 0)
(0.102876 -0.000992203 0)
(0.102935 -0.000857448 0)
(0.103001 -0.000714157 0)
(0.10304 -0.000632161 0)
(0.103096 -0.000528112 0)
(0.103118 -0.000484258 0)
(0.103169 -0.000412779 0)
(0.103179 -0.000394588 0)
(0.103227 -0.000350021 0)
(0.152322 0.0308978 0)
(0.153344 0.0207278 0)
(0.159682 0.0144076 0)
(0.165937 0.00650378 0)
(0.170779 -0.00667369 0)
(0.17091 -0.0169745 0)
(0.163548 -0.0258085 0)
(0.153981 -0.0378847 0)
(0.139242 -0.0444976 0)
(0.127341 -0.0402155 0)
(0.124593 -0.0316935 0)
(0.122506 -0.0299087 0)
(0.115886 -0.034882 0)
(0.110557 -0.0368755 0)
(0.111595 -0.031618 0)
(0.115959 -0.0231099 0)
(0.118439 -0.0161755 0)
(0.117014 -0.0120613 0)
(0.113237 -0.00965419 0)
(0.109377 -0.00799361 0)
(0.106514 -0.00671705 0)
(0.104715 -0.00567422 0)
(0.10369 -0.00480413 0)
(0.103149 -0.00406655 0)
(0.102889 -0.00344245 0)
(0.102789 -0.00290208 0)
(0.102774 -0.00245414 0)
(0.102804 -0.00205612 0)
(0.10285 -0.0017455 0)
(0.102906 -0.00145427 0)
(0.102955 -0.00124446 0)
(0.103006 -0.00103563 0)
(0.103044 -0.000896015 0)
(0.103087 -0.000747022 0)
(0.103113 -0.000661643 0)
(0.10315 -0.000552985 0)
(0.103166 -0.000507115 0)
(0.1032 -0.000432108 0)
(0.103207 -0.00041301 0)
(0.10324 -0.000365815 0)
(0.146301 0.0239929 0)
(0.151132 0.015283 0)
(0.153782 0.0138278 0)
(0.159956 0.00817485 0)
(0.162623 -0.00416403 0)
(0.157081 -0.0146165 0)
(0.154158 -0.0209234 0)
(0.152264 -0.0243262 0)
(0.140919 -0.0285901 0)
(0.12562 -0.0334701 0)
(0.120873 -0.0322106 0)
(0.123406 -0.024361 0)
(0.117401 -0.0191554 0)
(0.102139 -0.0210048 0)
(0.0892639 -0.0240457 0)
(0.084126 -0.0229243 0)
(0.0854388 -0.0180924 0)
(0.0897376 -0.0127425 0)
(0.0941007 -0.00896558 0)
(0.0973763 -0.0068658 0)
(0.0995489 -0.0057562 0)
(0.10092 -0.0050488 0)
(0.10177 -0.00445951 0)
(0.102294 -0.00390169 0)
(0.102615 -0.00337858 0)
(0.102809 -0.00289062 0)
(0.102925 -0.00246848 0)
(0.102997 -0.00208142 0)
(0.103045 -0.00177481 0)
(0.103081 -0.0014832 0)
(0.103109 -0.00127199 0)
(0.103135 -0.00106029 0)
(0.103153 -0.000918463 0)
(0.103175 -0.000766478 0)
(0.103188 -0.000679327 0)
(0.103207 -0.000568053 0)
(0.103215 -0.000521055 0)
(0.103233 -0.00044396 0)
(0.103236 -0.000424336 0)
(0.103253 -0.000375519 0)
(0.145456 0.0187302 0)
(0.146897 0.0138236 0)
(0.148783 0.00836142 0)
(0.154311 0.00140911 0)
(0.155638 -0.00322791 0)
(0.153892 -0.0100749 0)
(0.149448 -0.0212421 0)
(0.142692 -0.0264424 0)
(0.139468 -0.0243397 0)
(0.135466 -0.0257668 0)
(0.124969 -0.0308582 0)
(0.117061 -0.0294175 0)
(0.118756 -0.0219535 0)
(0.125356 -0.0173296 0)
(0.127993 -0.0182451 0)
(0.123803 -0.0205807 0)
(0.117075 -0.0205617 0)
(0.111701 -0.017964 0)
(0.108447 -0.0144127 0)
(0.106622 -0.0111487 0)
(0.105533 -0.00859305 0)
(0.104803 -0.00671949 0)
(0.104279 -0.00536465 0)
(0.103903 -0.00436295 0)
(0.103646 -0.00360304 0)
(0.103482 -0.0029963 0)
(0.103385 -0.00251801 0)
(0.103329 -0.00210583 0)
(0.1033 -0.00178881 0)
(0.103283 -0.0014929 0)
(0.103274 -0.00128008 0)
(0.103269 -0.00106747 0)
(0.103266 -0.000925221 0)
(0.103265 -0.000772601 0)
(0.103264 -0.000685137 0)
(0.103265 -0.000573187 0)
(0.103265 -0.000525926 0)
(0.103266 -0.000448193 0)
(0.103266 -0.00042842 0)
(0.103267 -0.000379011 0)
(0.141457 0.0156231 0)
(0.144021 0.011388 0)
(0.146801 0.00832935 0)
(0.148572 0.0033956 0)
(0.149092 -0.00435735 0)
(0.149542 -0.00951185 0)
(0.146839 -0.0119427 0)
(0.140666 -0.0180121 0)
(0.135272 -0.0244844 0)
(0.132112 -0.0229714 0)
(0.12778 -0.0177582 0)
(0.121043 -0.0182209 0)
(0.114849 -0.0233703 0)
(0.110913 -0.026088 0)
(0.108706 -0.0230505 0)
(0.106903 -0.0166885 0)
(0.105066 -0.0110978 0)
(0.103664 -0.00789787 0)
(0.102959 -0.00642963 0)
(0.102804 -0.00571827 0)
(0.10294 -0.00522588 0)
(0.103167 -0.00475563 0)
(0.103373 -0.00426729 0)
(0.103513 -0.00376808 0)
(0.103585 -0.00328648 0)
(0.1036 -0.00282803 0)
(0.10358 -0.00242605 0)
(0.103542 -0.00205252 0)
(0.103502 -0.00175511 0)
(0.103462 -0.00147008 0)
(0.10343 -0.00126343 0)
(0.103398 -0.0010551 0)
(0.103377 -0.000915516 0)
(0.103354 -0.000765105 0)
(0.10334 -0.000678966 0)
(0.103322 -0.000568342 0)
(0.103315 -0.0005217 0)
(0.103299 -0.000444781 0)
(0.103296 -0.000425238 0)
(0.103281 -0.000376272 0)
(0.139554 0.012233 0)
(0.141364 0.00884371 0)
(0.143 0.00526838 0)
(0.145652 0.000817361 0)
(0.146166 -0.00337246 0)
(0.143941 -0.00818343 0)
(0.142588 -0.0139301 0)
(0.141003 -0.0167456 0)
(0.135466 -0.0173614 0)
(0.128634 -0.0202192 0)
(0.125521 -0.0232126 0)
(0.125492 -0.0214743 0)
(0.124293 -0.0164072 0)
(0.119976 -0.0136081 0)
(0.114382 -0.0145626 0)
(0.110193 -0.0162262 0)
(0.108106 -0.0162753 0)
(0.107277 -0.0146877 0)
(0.106844 -0.0123535 0)
(0.106425 -0.0100005 0)
(0.105958 -0.00797725 0)
(0.10548 -0.0063668 0)
(0.105039 -0.00512797 0)
(0.104665 -0.00417729 0)
(0.104368 -0.00344591 0)
(0.10414 -0.00286237 0)
(0.103969 -0.00240533 0)
(0.103837 -0.00201293 0)
(0.103736 -0.00171216 0)
(0.103651 -0.0014308 0)
(0.103587 -0.00122876 0)
(0.103527 -0.00102607 0)
(0.103486 -0.000890649 0)
(0.103441 -0.000744625 0)
(0.103414 -0.000661168 0)
(0.103378 -0.000553731 0)
(0.103364 -0.000508532 0)
(0.103331 -0.000433835 0)
(0.103325 -0.000414886 0)
(0.103294 -0.00036738 0)
(0.137396 0.0103562 0)
(0.139203 0.00754291 0)
(0.140706 0.00484599 0)
(0.142024 0.00124867 0)
(0.142394 -0.00310481 0)
(0.142061 -0.00662646 0)
(0.140084 -0.0096077 0)
(0.13657 -0.0132956 0)
(0.133843 -0.0161277 0)
(0.131485 -0.0160389 0)
(0.127058 -0.0150816 0)
(0.121502 -0.0159931 0)
(0.117771 -0.0177237 0)
(0.116343 -0.0180925 0)
(0.115496 -0.016389 0)
(0.113823 -0.013444 0)
(0.111438 -0.0105756 0)
(0.109164 -0.00845444 0)
(0.10745 -0.00704334 0)
(0.106322 -0.00606839 0)
(0.105634 -0.00531594 0)
(0.105219 -0.00467378 0)
(0.104946 -0.00409598 0)
(0.104735 -0.00356276 0)
(0.104549 -0.00307824 0)
(0.104373 -0.00263323 0)
(0.104211 -0.00225127 0)
(0.104063 -0.00190124 0)
(0.103937 -0.00162517 0)
(0.103823 -0.00136141 0)
(0.103735 -0.00117106 0)
(0.103649 -0.00097874 0)
(0.10359 -0.000850284 0)
(0.103524 -0.00071127 0)
(0.103486 -0.000631999 0)
(0.103432 -0.000529617 0)
(0.10341 -0.00048668 0)
(0.103363 -0.000415572 0)
(0.103353 -0.000397571 0)
(0.103307 -0.000352512 0)
(0.135733 0.00816577 0)
(0.137206 0.00571524 0)
(0.138363 0.0032057 0)
(0.139611 0.000245701 0)
(0.139915 -0.00295108 0)
(0.138975 -0.00618636 0)
(0.137785 -0.00935432 0)
(0.136021 -0.0116346 0)
(0.132707 -0.0131926 0)
(0.128875 -0.014807 0)
(0.126227 -0.0159015 0)
(0.124442 -0.0154467 0)
(0.12213 -0.0138841 0)
(0.118964 -0.0125889 0)
(0.115574 -0.0121779 0)
(0.112729 -0.012067 0)
(0.110771 -0.0115333 0)
(0.10949 -0.0104869 0)
(0.108553 -0.00914618 0)
(0.107766 -0.00774265 0)
(0.107065 -0.00643688 0)
(0.106441 -0.00530808 0)
(0.1059 -0.00437611 0)
(0.105445 -0.00362112 0)
(0.105071 -0.00301862 0)
(0.104766 -0.00252459 0)
(0.104518 -0.00213099 0)
(0.104309 -0.00178777 0)
(0.104141 -0.00152348 0)
(0.103991 -0.00127433 0)
(0.103876 -0.0010958 0)
(0.103765 -0.000915712 0)
(0.103688 -0.000795846 0)
(0.103603 -0.000665927 0)
(0.103553 -0.000592108 0)
(0.103483 -0.000496489 0)
(0.103455 -0.000456565 0)
(0.103392 -0.000390332 0)
(0.10338 -0.000373611 0)
(0.103319 -0.000331931 0)
(0.134219 0.0067664 0)
(0.135573 0.00473835 0)
(0.136548 0.00267513 0)
(0.137382 0.000241351 0)
(0.137659 -0.00251833 0)
(0.137182 -0.00502139 0)
(0.135931 -0.00731562 0)
(0.133963 -0.00957531 0)
(0.131704 -0.0112685 0)
(0.12929 -0.0119078 0)
(0.126457 -0.012003 0)
(0.123344 -0.0123172 0)
(0.120527 -0.0126849 0)
(0.118262 -0.0126018 0)
(0.11634 -0.0118757 0)
(0.114491 -0.0105753 0)
(0.112639 -0.00908617 0)
(0.110919 -0.00772189 0)
(0.109467 -0.00658642 0)
(0.108315 -0.00565939 0)
(0.107426 -0.00488764 0)
(0.106739 -0.00422523 0)
(0.106194 -0.00364461 0)
(0.105745 -0.00312745 0)
(0.105366 -0.00267355 0)
(0.105039 -0.00226989 0)
(0.104761 -0.0019319 0)
(0.10452 -0.00162719 0)
(0.104322 -0.0013897 0)
(0.104144 -0.0011634 0)
(0.104006 -0.00100126 0)
(0.103872 -0.000836923 0)
(0.103779 -0.000727847 0)
(0.103675 -0.000609233 0)
(0.103615 -0.000542142 0)
(0.10353 -0.000454913 0)
(0.103495 -0.000418715 0)
(0.103419 -0.000358556 0)
(0.103404 -0.000343426 0)
(0.10333 -0.000305991 0)
(0.132962 0.00529176 0)
(0.134132 0.00355572 0)
(0.13496 0.00175728 0)
(0.135654 -0.00025401 0)
(0.13588 -0.00244324 0)
(0.135352 -0.00461194 0)
(0.134358 -0.00664988 0)
(0.132941 -0.00832035 0)
(0.130877 -0.00956127 0)
(0.128383 -0.0105346 0)
(0.12596 -0.0111717 0)
(0.123765 -0.0112447 0)
(0.121589 -0.0107826 0)
(0.119302 -0.0101181 0)
(0.117002 -0.00947345 0)
(0.114841 -0.008883 0)
(0.112958 -0.00823029 0)
(0.111408 -0.0074422 0)
(0.110135 -0.00656218 0)
(0.109067 -0.00566629 0)
(0.108159 -0.00481974 0)
(0.107385 -0.00406356 0)
(0.10673 -0.00341574 0)
(0.106178 -0.00287052 0)
(0.105715 -0.00241963 0)
(0.105325 -0.00203719 0)
(0.104998 -0.00172612 0)
(0.104718 -0.00145021 0)
(0.104488 -0.00123731 0)
(0.104282 -0.00103494 0)
(0.104123 -0.000890783 0)
(0.103968 -0.000744378 0)
(0.103861 -0.000647702 0)
(0.103741 -0.000542257 0)
(0.103671 -0.000482995 0)
(0.103572 -0.000405618 0)
(0.103532 -0.000373789 0)
(0.103443 -0.000320788 0)
(0.103426 -0.000307532 0)
(0.10334 -0.000275122 0)
(0.13187 0.00417642 0)
(0.132936 0.0027456 0)
(0.133666 0.00124748 0)
(0.134203 -0.000376522 0)
(0.134389 -0.00217605 0)
(0.134019 -0.00390382 0)
(0.133144 -0.0054672 0)
(0.131816 -0.00689428 0)
(0.130077 -0.00802693 0)
(0.128074 -0.0086916 0)
(0.125939 -0.00895389 0)
(0.123734 -0.00901029 0)
(0.121507 -0.00896475 0)
(0.119344 -0.00875435 0)
(0.117303 -0.00832485 0)
(0.115414 -0.00768448 0)
(0.113696 -0.006886 0)
(0.11215 -0.0060471 0)
(0.110786 -0.00525474 0)
(0.109614 -0.0045412 0)
(0.108623 -0.00390913 0)
(0.10779 -0.00335116 0)
(0.107087 -0.00286154 0)
(0.106493 -0.0024328 0)
(0.105989 -0.00206538 0)
(0.10556 -0.0017453 0)
(0.1052 -0.00148151 0)
(0.104888 -0.00124522 0)
(0.104632 -0.00106292 0)
(0.104403 -0.000888681 0)
(0.104225 -0.000765245 0)
(0.104053 -0.000639244 0)
(0.103932 -0.000556603 0)
(0.103797 -0.000466072 0)
(0.10372 -0.000415644 0)
(0.103608 -0.000349432 0)
(0.103564 -0.000322544 0)
(0.103463 -0.00027766 0)
(0.103444 -0.000266531 0)
(0.103347 -0.000239827 0)
(0.130958 0.00310418 0)
(0.131927 0.00191126 0)
(0.132591 0.000668929 0)
(0.13305 -0.000650451 0)
(0.133204 -0.00207395 0)
(0.132862 -0.00348642 0)
(0.132098 -0.00479131 0)
(0.130997 -0.00591392 0)
(0.129509 -0.00676576 0)
(0.127685 -0.00734236 0)
(0.125716 -0.00767298 0)
(0.12373 -0.00776195 0)
(0.121734 -0.00760856 0)
(0.119735 -0.00725557 0)
(0.117775 -0.0067779 0)
(0.11591 -0.0062229 0)
(0.114187 -0.00562996 0)
(0.112634 -0.00502367 0)
(0.111267 -0.00441789 0)
(0.110078 -0.00383304 0)
(0.109052 -0.00329087 0)
(0.108171 -0.00280493 0)
(0.107418 -0.00238092 0)
(0.106775 -0.00201457 0)
(0.10623 -0.00170457 0)
(0.105764 -0.00143684 0)
(0.105372 -0.0012178 0)
(0.105033 -0.00102193 0)
(0.104754 -0.000871904 0)
(0.104505 -0.000727995 0)
(0.104311 -0.000627071 0)
(0.104123 -0.000523372 0)
(0.103992 -0.000456101 0)
(0.103845 -0.000381962 0)
(0.10376 -0.000341211 0)
(0.103638 -0.000287301 0)
(0.10359 -0.000265844 0)
(0.10348 -0.000229894 0)
(0.103459 -0.000221107 0)
(0.103353 -0.000200678 0)
(0.130186 0.00219935 0)
(0.131096 0.00123292 0)
(0.131717 0.000229959 0)
(0.132113 -0.000813959 0)
(0.132238 -0.00193577 0)
(0.131961 -0.00303786 0)
(0.131303 -0.00402668 0)
(0.130319 -0.00488959 0)
(0.128993 -0.00557771 0)
(0.127378 -0.00601966 0)
(0.125608 -0.00620329 0)
(0.123768 -0.0061868 0)
(0.121875 -0.00602128 0)
(0.119951 -0.00574029 0)
(0.118057 -0.00536991 0)
(0.116251 -0.00492919 0)
(0.11457 -0.00444126 0)
(0.113035 -0.00393284 0)
(0.111658 -0.00343327 0)
(0.110442 -0.00296476 0)
(0.10938 -0.00253989 0)
(0.10846 -0.00216293 0)
(0.10767 -0.00183468 0)
(0.106992 -0.00155071 0)
(0.106415 -0.0013103 0)
(0.105921 -0.0011025 0)
(0.105504 -0.000933094 0)
(0.105144 -0.000781337 0)
(0.104849 -0.000666204 0)
(0.104583 -0.000554972 0)
(0.104377 -0.000478273 0)
(0.104176 -0.000398516 0)
(0.104037 -0.000347763 0)
(0.10388 -0.000291244 0)
(0.10379 -0.000260874 0)
(0.10366 -0.0002202 0)
(0.103608 -0.000204592 0)
(0.103491 -0.000178246 0)
(0.103469 -0.000171991 0)
(0.103356 -0.000158285 0)
(0.129497 0.00134174 0)
(0.130366 0.000577516 0)
(0.13096 -0.00020625 0)
(0.131323 -0.00100627 0)
(0.131431 -0.00185105 0)
(0.131183 -0.00268516 0)
(0.13059 -0.00343923 0)
(0.129702 -0.004085 0)
(0.128515 -0.00457299 0)
(0.127054 -0.00485609 0)
(0.125414 -0.0049408 0)
(0.123675 -0.00487229 0)
(0.121867 -0.00468656 0)
(0.120017 -0.00440614 0)
(0.118179 -0.0040553 0)
(0.11641 -0.00366224 0)
(0.114749 -0.00325326 0)
(0.11322 -0.00284856 0)
(0.111838 -0.00246369 0)
(0.110609 -0.00210974 0)
(0.10953 -0.00179303 0)
(0.108592 -0.00151534 0)
(0.107781 -0.00127631 0)
(0.107085 -0.00107179 0)
(0.10649 -0.000900482 0)
(0.105981 -0.00075364 0)
(0.105552 -0.000635269 0)
(0.10518 -0.000529399 0)
(0.104874 -0.000450591 0)
(0.1046 -0.000373574 0)
(0.104387 -0.000322228 0)
(0.10418 -0.000267512 0)
(0.104036 -0.000234106 0)
(0.103873 -0.000196015 0)
(0.10378 -0.000176501 0)
(0.103645 -0.00014971 0)
(0.103592 -0.000140187 0)
(0.10347 -0.000123885 0)
(0.103447 -0.000120276 0)
(0.103329 -0.000113555 0)
(0.128465 0.000563059 0)
(0.129305 -1.65746e-05 0)
(0.129864 -0.000589243 0)
(0.13017 -0.00115552 0)
(0.130217 -0.00174673 0)
(0.129943 -0.00232821 0)
(0.129347 -0.0028433 0)
(0.128472 -0.00327253 0)
(0.127313 -0.00358169 0)
(0.125892 -0.00372244 0)
(0.124289 -0.00368803 0)
(0.122584 -0.00352389 0)
(0.120815 -0.0032814 0)
(0.119012 -0.00299163 0)
(0.117225 -0.00267598 0)
(0.115505 -0.00235398 0)
(0.113893 -0.00204093 0)
(0.112412 -0.00174644 0)
(0.111077 -0.0014771 0)
(0.109891 -0.00123759 0)
(0.108853 -0.00103 0)
(0.107951 -0.000853472 0)
(0.107174 -0.000705708 0)
(0.106508 -0.000582568 0)
(0.10594 -0.000481901 0)
(0.105455 -0.000397453 0)
(0.105045 -0.000331083 0)
(0.104692 -0.000272163 0)
(0.104401 -0.000230259 0)
(0.10414 -0.00018819 0)
(0.103938 -0.00016267 0)
(0.10374 -0.000133394 0)
(0.103603 -0.000117729 0)
(0.103447 -9.83677e-05 0)
(0.10336 -8.98971e-05 0)
(0.103229 -7.72536e-05 0)
(0.10318 -7.39609e-05 0)
(0.103061 -6.78083e-05 0)
(0.10304 -6.69292e-05 0)
(0.102924 -6.73299e-05 0)
(0.123981 -0.00015203 0)
(0.124632 -0.000530683 0)
(0.124954 -0.000898232 0)
(0.124964 -0.00124911 0)
(0.124673 -0.00160777 0)
(0.124045 -0.00195899 0)
(0.123092 -0.00225899 0)
(0.121862 -0.00249433 0)
(0.120373 -0.00264881 0)
(0.118669 -0.00268085 0)
(0.116849 -0.00257497 0)
(0.115004 -0.00236656 0)
(0.113183 -0.00210241 0)
(0.111419 -0.00181263 0)
(0.109747 -0.00151908 0)
(0.108203 -0.00124208 0)
(0.106806 -0.000995746 0)
(0.105564 -0.000785329 0)
(0.104478 -0.00061052 0)
(0.103539 -0.000468782 0)
(0.102737 -0.000356433 0)
(0.102056 -0.000268937 0)
(0.101481 -0.000201786 0)
(0.100996 -0.000150555 0)
(0.100589 -0.000112224 0)
(0.100246 -8.28161e-05 0)
(0.0999588 -6.21407e-05 0)
(0.0997146 -4.49729e-05 0)
(0.0995141 -3.52706e-05 0)
(0.0993361 -2.44837e-05 0)
(0.0991991 -2.11897e-05 0)
(0.0990637 -1.46719e-05 0)
(0.0989737 -1.42793e-05 0)
(0.0988642 -1.13631e-05 0)
(0.0988093 -1.24685e-05 0)
(0.098713 -1.19695e-05 0)
(0.0986846 -1.40032e-05 0)
(0.0985928 -1.6419e-05 0)
(0.0985829 -1.77856e-05 0)
(0.0984911 -2.40229e-05 0)
(0.0944542 -0.000646374 0)
(0.0938087 -0.000760163 0)
(0.0927956 -0.000866039 0)
(0.091472 -0.000955433 0)
(0.0898499 -0.0010405 0)
(0.0879125 -0.00111283 0)
(0.0857331 -0.0011554 0)
(0.0833824 -0.00116564 0)
(0.0808823 -0.00113222 0)
(0.0783249 -0.00103558 0)
(0.0758773 -0.00088268 0)
(0.0736706 -0.000706017 0)
(0.0717574 -0.00053286 0)
(0.0701468 -0.000375099 0)
(0.0688333 -0.000239109 0)
(0.0677968 -0.000129724 0)
(0.0670016 -4.76414e-05 0)
(0.0664059 1.05434e-05 0)
(0.0659702 4.95849e-05 0)
(0.06566 7.38329e-05 0)
(0.0654459 8.70004e-05 0)
(0.0653034 9.2278e-05 0)
(0.065213 9.2206e-05 0)
(0.06516 8.87217e-05 0)
(0.0651327 8.31661e-05 0)
(0.0651235 7.65396e-05 0)
(0.0651252 6.93185e-05 0)
(0.0651348 6.20063e-05 0)
(0.0651482 5.47742e-05 0)
(0.0651632 4.82588e-05 0)
(0.0651803 4.16967e-05 0)
(0.0651923 3.63809e-05 0)
(0.0652105 3.06778e-05 0)
(0.0652144 2.62098e-05 0)
(0.0652324 2.16814e-05 0)
(0.0652257 1.7528e-05 0)
(0.0652422 1.41304e-05 0)
(0.065224 9.8285e-06 0)
(0.0652367 7.82356e-06 0)
(0.0652097 2.20915e-06 0)
)
;

boundaryField
{
    inlet
    {
        type            fixedValue;
        value           uniform (0.1 0 0);
    }
    outlet
    {
        type            zeroGradient;
    }
    lowerWall
    {
        type            noSlip;
    }
    upperWall
    {
        type            noSlip;
    }
    defaultFaces
    {
        type            empty;
    }
}


// ************************************************************************* //
