/*--------------------------------*- C++ -*----------------------------------*\
| =========                 |                                                 |
| \\      /  F ield         | OpenFOAM: The Open Source CFD Toolbox           |
|  \\    /   O peration     | Version:  2112                                  |
|   \\  /    A nd           | Website:  www.openfoam.com                      |
|    \\/     M anipulation  |                                                 |
\*---------------------------------------------------------------------------*/
FoamFile
{
    version     2.0;
    format      ascii;
    arch        "LSB;label=32;scalar=64";
    class       surfaceScalarField;
    location    "0.32";
    object      phi;
}
// * * * * * * * * * * * * * * * * * * * * * * * * * * * * * * * * * * * * * //

dimensions      [0 3 -1 0 0 0 0];

oriented        oriented;

internalField   nonuniform List<scalar> 
3653
(
9.92291e-07
7.70905e-09
9.79473e-07
1.28179e-08
9.63579e-07
1.58944e-08
9.486e-07
1.49791e-08
9.31637e-07
1.69621e-08
9.15511e-07
1.61264e-08
8.97292e-07
1.82195e-08
8.79853e-07
1.74384e-08
8.61048e-07
1.88056e-08
8.43429e-07
1.76185e-08
8.23795e-07
1.96344e-08
8.05514e-07
1.82808e-08
7.84911e-07
2.06026e-08
7.66599e-07
1.83121e-08
7.45072e-07
2.15273e-08
7.24473e-07
2.05988e-08
7.02066e-07
2.24066e-08
6.79368e-07
2.26981e-08
6.56332e-07
2.30366e-08
6.30076e-07
2.62555e-08
6.05278e-07
2.47978e-08
5.72208e-07
3.307e-08
5.45039e-07
2.71693e-08
5.07123e-07
3.79164e-08
4.7396e-07
3.31627e-08
4.35532e-07
3.84281e-08
3.90272e-07
4.52594e-08
3.39793e-07
5.04798e-08
2.82444e-07
5.73485e-08
8.27603e-08
1.99684e-07
1.00285e-06
4.86009e-09
1.00665e-06
9.01614e-09
1.00855e-06
1.39909e-08
1.01069e-06
1.28452e-08
1.01078e-06
1.68654e-08
1.01204e-06
1.4871e-08
1.01136e-06
1.89023e-08
1.01125e-06
1.75423e-08
1.00952e-06
2.0541e-08
1.00817e-06
1.89712e-08
1.00506e-06
2.27438e-08
1.00368e-06
1.96599e-08
9.97345e-07
2.6934e-08
9.96074e-07
1.95837e-08
9.8772e-07
2.98808e-08
9.84893e-07
2.34266e-08
9.76373e-07
3.09263e-08
9.68976e-07
3.00951e-08
9.5862e-07
3.33924e-08
9.50117e-07
3.47587e-08
9.33489e-07
4.14256e-08
9.27438e-07
3.91205e-08
9.03318e-07
5.12903e-08
8.91581e-07
4.96528e-08
8.63799e-07
6.09445e-08
8.40516e-07
6.17111e-08
8.01497e-07
8.42789e-08
7.76507e-07
7.54698e-08
7.06899e-07
1.26957e-07
1.19533e-07
6.70126e-07
1.0017e-06
3.15586e-09
1.00497e-06
5.75236e-09
1.00749e-06
1.14647e-08
1.0103e-06
1.00415e-08
1.01143e-06
1.57284e-08
1.01422e-06
1.2089e-08
1.01489e-06
1.82321e-08
1.01769e-06
1.47364e-08
1.01803e-06
2.01997e-08
1.01969e-06
1.73146e-08
1.02002e-06
2.24183e-08
1.02077e-06
1.89077e-08
1.02099e-06
2.67102e-08
1.02056e-06
2.0014e-08
1.02012e-06
3.03278e-08
1.0185e-06
2.50446e-08
1.01784e-06
3.15863e-08
1.01442e-06
3.35094e-08
1.01286e-06
3.4952e-08
1.00867e-06
3.89541e-08
1.00173e-06
4.83602e-08
1.0005e-06
4.03562e-08
9.8602e-07
6.57684e-08
9.84134e-07
5.15385e-08
9.68301e-07
7.67771e-08
9.55536e-07
7.44767e-08
9.38231e-07
1.01584e-07
9.19117e-07
9.4583e-08
8.94779e-07
1.51295e-07
1.48202e-07
8.66111e-07
1.00085e-06
2.31074e-09
1.0025e-06
4.09521e-09
1.00466e-06
9.30843e-09
1.00648e-06
8.21877e-09
1.00834e-06
1.38672e-08
1.00995e-06
1.04815e-08
1.01152e-06
1.66649e-08
1.01338e-06
1.28706e-08
1.01452e-06
1.90659e-08
1.01627e-06
1.55571e-08
1.01693e-06
2.17605e-08
1.01847e-06
1.73659e-08
1.01898e-06
2.62061e-08
1.0196e-06
1.93882e-08
1.01955e-06
3.03823e-08
1.02014e-06
2.44558e-08
1.01845e-06
3.32704e-08
1.02014e-06
3.1828e-08
1.01569e-06
3.94e-08
1.01715e-06
3.74876e-08
1.01184e-06
5.36767e-08
1.00995e-06
4.22409e-08
1.00654e-06
6.91856e-08
1.00073e-06
5.73482e-08
9.95093e-07
8.24097e-08
9.88266e-07
8.13042e-08
9.79137e-07
1.10713e-07
9.65316e-07
1.08404e-07
9.63283e-07
1.53327e-07
1.65858e-07
9.45626e-07
1.00049e-06
1.81672e-09
1.00144e-06
3.14838e-09
1.00332e-06
7.42921e-09
1.00463e-06
6.9132e-09
1.00681e-06
1.16818e-08
1.00774e-06
9.55049e-09
1.01007e-06
1.43349e-08
1.01074e-06
1.22015e-08
1.0132e-06
1.66119e-08
1.01357e-06
1.51815e-08
1.01579e-06
1.95376e-08
1.01608e-06
1.70773e-08
1.01779e-06
2.45015e-08
1.01821e-06
1.8966e-08
1.01871e-06
2.98811e-08
1.01948e-06
2.36862e-08
1.0188e-06
3.3946e-08
1.0196e-06
3.10354e-08
1.01798e-06
4.10161e-08
1.01826e-06
3.72063e-08
1.01584e-06
5.60966e-08
1.01465e-06
4.34282e-08
1.01208e-06
7.17591e-08
1.00885e-06
6.05799e-08
1.00588e-06
8.53826e-08
1.00131e-06
8.58727e-08
9.97919e-07
1.14102e-07
9.9275e-07
1.13573e-07
9.90012e-07
1.56066e-07
1.63809e-07
9.9206e-07
1.00046e-06
1.35548e-09
1.00103e-06
2.58292e-09
1.00258e-06
5.87797e-09
1.00358e-06
5.90827e-09
1.00559e-06
9.67464e-09
1.00657e-06
8.56724e-09
1.0086e-06
1.23101e-08
1.00966e-06
1.11417e-08
1.01156e-06
1.47143e-08
1.01262e-06
1.41128e-08
1.01444e-06
1.77259e-08
1.01512e-06
1.63897e-08
1.01713e-06
2.24907e-08
1.01724e-06
1.88616e-08
1.01893e-06
2.81882e-08
1.0192e-06
2.3417e-08
1.01964e-06
3.35038e-08
1.02035e-06
3.03299e-08
1.02021e-06
4.11545e-08
1.01957e-06
3.78418e-08
1.02061e-06
5.5062e-08
1.01757e-06
4.64713e-08
1.01883e-06
7.04963e-08
1.016e-06
6.34103e-08
1.01556e-06
8.58162e-08
1.01348e-06
8.79553e-08
1.01431e-06
1.13271e-07
1.01101e-06
1.16873e-07
1.01579e-06
1.51289e-07
1.62996e-07
1.0166e-06
1.00038e-06
9.7673e-10
1.00072e-06
2.23715e-09
1.00209e-06
4.50776e-09
1.00282e-06
5.1845e-09
1.00487e-06
7.61969e-09
1.00558e-06
7.85866e-09
1.00796e-06
9.93567e-09
1.00863e-06
1.04665e-08
1.01103e-06
1.23152e-08
1.01186e-06
1.32823e-08
1.01395e-06
1.56385e-08
1.01493e-06
1.54062e-08
1.01677e-06
2.06526e-08
1.01772e-06
1.791e-08
1.01926e-06
2.66546e-08
1.02007e-06
2.26013e-08
1.02122e-06
3.23588e-08
1.02195e-06
2.95987e-08
1.02281e-06
4.02894e-08
1.02302e-06
3.76352e-08
1.02444e-06
5.36408e-08
1.02326e-06
4.76502e-08
1.02525e-06
6.85107e-08
1.02404e-06
6.46132e-08
1.02525e-06
8.46122e-08
1.02574e-06
8.74637e-08
1.02795e-06
1.1106e-07
1.02939e-06
1.15437e-07
1.03544e-06
1.4524e-07
1.56555e-07
1.04188e-06
1.00031e-06
6.62508e-10
1.00064e-06
1.9116e-09
1.0018e-06
3.35191e-09
1.00259e-06
4.38648e-09
1.00435e-06
5.86366e-09
1.00535e-06
6.85485e-09
1.00738e-06
7.91131e-09
1.00852e-06
9.32024e-09
1.01062e-06
1.0224e-08
1.01186e-06
1.20416e-08
1.014e-06
1.34949e-08
1.01505e-06
1.43566e-08
1.01747e-06
1.82366e-08
1.01821e-06
1.71672e-08
1.02064e-06
2.42273e-08
1.02138e-06
2.18591e-08
1.0234e-06
3.03341e-08
1.02424e-06
2.8761e-08
1.0264e-06
3.81298e-08
1.02652e-06
3.75107e-08
1.02965e-06
5.05179e-08
1.02906e-06
4.8233e-08
1.03244e-06
6.51381e-08
1.03258e-06
6.4471e-08
1.03577e-06
8.14169e-08
1.03731e-06
8.59288e-08
1.04254e-06
1.05832e-07
1.04553e-06
1.12444e-07
1.05394e-06
1.36831e-07
1.48729e-07
1.06177e-06
1.00028e-06
3.82452e-10
1.0006e-06
1.59025e-09
1.00167e-06
2.28638e-09
1.00246e-06
3.59595e-09
1.00416e-06
4.1607e-09
1.00523e-06
5.78992e-09
1.00725e-06
5.88904e-09
1.00856e-06
8.00949e-09
1.01063e-06
8.15653e-09
1.01223e-06
1.04361e-08
1.01421e-06
1.15175e-08
1.0159e-06
1.26643e-08
1.01809e-06
1.60457e-08
1.01955e-06
1.57137e-08
1.0221e-06
2.16688e-08
1.02327e-06
2.069e-08
1.02592e-06
2.76847e-08
1.02713e-06
2.75542e-08
1.02989e-06
3.53704e-08
1.03109e-06
3.63074e-08
1.0345e-06
4.71145e-08
1.03543e-06
4.7303e-08
1.03945e-06
6.11138e-08
1.04115e-06
6.27691e-08
1.04542e-06
7.71531e-08
1.04885e-06
8.24907e-08
1.05522e-06
9.94631e-08
1.0606e-06
1.07071e-07
1.0702e-06
1.27226e-07
1.38684e-07
1.08024e-06
1.00024e-06
1.44036e-10
1.00063e-06
1.19937e-09
1.0016e-06
1.31919e-09
1.00253e-06
2.66574e-09
1.00409e-06
2.59276e-09
1.0054e-06
4.48558e-09
1.00731e-06
3.97962e-09
1.0089e-06
6.42111e-09
1.01098e-06
6.07747e-09
1.01277e-06
8.64051e-09
1.01501e-06
9.28082e-09
1.01678e-06
1.08947e-08
1.0194e-06
1.34253e-08
1.02103e-06
1.40802e-08
1.02399e-06
1.87099e-08
1.02558e-06
1.91046e-08
1.02867e-06
2.45886e-08
1.03039e-06
2.58383e-08
1.03385e-06
3.19126e-08
1.03565e-06
3.45004e-08
1.0398e-06
4.29673e-08
1.04183e-06
4.52746e-08
1.04658e-06
5.63612e-08
1.04952e-06
5.98291e-08
1.05502e-06
7.16542e-08
1.0596e-06
7.79078e-08
1.06728e-06
9.17817e-08
1.07413e-06
1.00224e-07
1.0848e-06
1.16561e-07
1.27687e-07
1.09579e-06
1.00022e-06
-7.4256e-11
1.00068e-06
7.36368e-10
1.00163e-06
3.71454e-10
1.00269e-06
1.6061e-09
1.00423e-06
1.04995e-09
1.00574e-06
2.97356e-09
1.00762e-06
2.10482e-09
1.00949e-06
4.54832e-09
1.01154e-06
4.02745e-09
1.0137e-06
6.48077e-09
1.01593e-06
7.04766e-09
1.01814e-06
8.68991e-09
1.02082e-06
1.07469e-08
1.02293e-06
1.19643e-08
1.0261e-06
1.55407e-08
1.02821e-06
1.69997e-08
1.03162e-06
2.11782e-08
1.03403e-06
2.34216e-08
1.03772e-06
2.82257e-08
1.0406e-06
3.16265e-08
1.04498e-06
3.85797e-08
1.04822e-06
4.2034e-08
1.05349e-06
5.10906e-08
1.05766e-06
5.56605e-08
1.06389e-06
6.54253e-08
1.06976e-06
7.2038e-08
1.07807e-06
8.34709e-08
1.08634e-06
9.19556e-08
1.09753e-06
1.05376e-07
1.15592e-07
1.10962e-06
1.0002e-06
-2.771e-10
1.00077e-06
1.68251e-10
1.00173e-06
-5.87043e-10
1.00296e-06
3.80544e-10
1.00452e-06
-5.17586e-10
1.00623e-06
1.26385e-09
1.00817e-06
1.67204e-10
1.01022e-06
2.49361e-09
1.01243e-06
1.82385e-09
1.01475e-06
4.16286e-09
1.01724e-06
4.55417e-09
1.01963e-06
6.29596e-09
1.02259e-06
7.79426e-09
1.02506e-06
9.48961e-09
1.02843e-06
1.21675e-08
1.03108e-06
1.43516e-08
1.03475e-06
1.75062e-08
1.03777e-06
2.04008e-08
1.04186e-06
2.41366e-08
1.04546e-06
2.80334e-08
1.0503e-06
3.37398e-08
1.0545e-06
3.78286e-08
1.0603e-06
4.52956e-08
1.06545e-06
5.05047e-08
1.07237e-06
5.8513e-08
1.07915e-06
6.52573e-08
1.08803e-06
7.45828e-08
1.09721e-06
8.27839e-08
1.10887e-06
9.37144e-08
1.03093e-07
1.12137e-06
1.00022e-06
-4.98971e-10
1.0009e-06
-5.11515e-10
1.00196e-06
-1.64931e-09
1.00339e-06
-1.04281e-09
1.00506e-06
-2.18912e-09
1.007e-06
-6.76516e-10
1.00899e-06
-1.81908e-09
1.01128e-06
1.99295e-10
1.01356e-06
-4.5377e-10
1.01615e-06
1.56713e-09
1.01877e-06
1.93524e-09
1.02149e-06
3.58179e-09
1.0246e-06
4.68379e-09
1.02747e-06
6.61711e-09
1.03101e-06
8.62409e-09
1.03419e-06
1.11721e-08
1.03807e-06
1.36254e-08
1.04175e-06
1.67203e-08
1.04606e-06
1.98254e-08
1.05041e-06
2.36889e-08
1.05561e-06
2.85364e-08
1.06063e-06
3.2811e-08
1.06688e-06
3.90431e-08
1.07293e-06
4.44573e-08
1.08029e-06
5.11572e-08
1.0879e-06
5.76429e-08
1.09709e-06
6.53904e-08
1.10697e-06
7.29042e-08
1.11875e-06
8.19374e-08
9.01316e-08
1.13171e-06
1.00024e-06
-7.34571e-10
1.00106e-06
-1.3324e-09
1.00224e-06
-2.83541e-09
1.0039e-06
-2.70172e-09
1.0057e-06
-3.99033e-09
1.00787e-06
-2.84059e-09
1.00997e-06
-3.92288e-09
1.01248e-06
-2.30986e-09
1.01496e-06
-2.93271e-09
1.01774e-06
-1.21133e-09
1.0206e-06
-9.2676e-10
1.02358e-06
5.97554e-10
1.02691e-06
1.35966e-09
1.03014e-06
3.38589e-09
1.03387e-06
4.89554e-09
1.03751e-06
7.52515e-09
1.04167e-06
9.46867e-09
1.04584e-06
1.25551e-08
1.05051e-06
1.51533e-08
1.0554e-06
1.87992e-08
1.06103e-06
2.29015e-08
1.0667e-06
2.71418e-08
1.07337e-06
3.23711e-08
1.08008e-06
3.77496e-08
1.08786e-06
4.33806e-08
1.09606e-06
4.94392e-08
1.10552e-06
5.59299e-08
1.11579e-06
6.2634e-08
1.12769e-06
7.00408e-08
7.72978e-08
1.14052e-06
1.00035e-06
-1.08904e-09
1.00142e-06
-2.40206e-09
1.00291e-06
-4.3164e-09
1.00485e-06
-4.64526e-09
1.00688e-06
-6.02292e-09
1.00923e-06
-5.18955e-09
1.01152e-06
-6.21603e-09
1.01419e-06
-4.98007e-09
1.01687e-06
-5.6091e-09
1.01984e-06
-4.18324e-09
1.02288e-06
-3.96884e-09
1.02612e-06
-2.63984e-09
1.0296e-06
-2.11677e-09
1.03312e-06
-1.38995e-10
1.03702e-06
1.00207e-09
1.04111e-06
3.43225e-09
1.04551e-06
5.06658e-09
1.05013e-06
7.93208e-09
1.05508e-06
1.02047e-08
1.06043e-06
1.34475e-08
1.06642e-06
1.69165e-08
1.07264e-06
2.09246e-08
1.07969e-06
2.53206e-08
1.08705e-06
3.03849e-08
1.09519e-06
3.52452e-08
1.10388e-06
4.07471e-08
1.11347e-06
4.63366e-08
1.12388e-06
5.22286e-08
1.13558e-06
5.83418e-08
6.43714e-08
1.1485e-06
1.00043e-06
-1.51656e-09
1.00186e-06
-3.83915e-09
1.00375e-06
-6.20375e-09
1.00608e-06
-6.96844e-09
1.00834e-06
-8.28599e-09
1.01091e-06
-7.75919e-09
1.01337e-06
-8.68252e-09
1.01627e-06
-7.87754e-09
1.01916e-06
-8.49718e-09
1.02235e-06
-7.37177e-09
1.02559e-06
-7.21478e-09
1.02911e-06
-6.15161e-09
1.03278e-06
-5.79054e-09
1.03665e-06
-4.0052e-09
1.04074e-06
-3.0963e-09
1.04516e-06
-9.82111e-10
1.04987e-06
3.58331e-10
1.05485e-06
2.94497e-09
1.06018e-06
4.87945e-09
1.06595e-06
7.67865e-09
1.07225e-06
1.06114e-08
1.07887e-06
1.43105e-08
1.08622e-06
1.79716e-08
1.09404e-06
2.25637e-08
1.10252e-06
2.67619e-08
1.11156e-06
3.17042e-08
1.1213e-06
3.65961e-08
1.13178e-06
4.17522e-08
1.14329e-06
4.68307e-08
5.20888e-08
1.15557e-06
1.00085e-06
-2.36846e-09
1.0029e-06
-5.88442e-09
1.00527e-06
-8.58057e-09
1.00792e-06
-9.61563e-09
1.01038e-06
-1.07453e-08
1.01313e-06
-1.05099e-08
1.01586e-06
-1.14105e-08
1.019e-06
-1.10163e-08
1.02211e-06
-1.1609e-08
1.02546e-06
-1.0718e-08
1.02891e-06
-1.06664e-08
1.0327e-06
-9.94134e-09
1.03654e-06
-9.63427e-09
1.04056e-06
-8.02212e-09
1.0448e-06
-7.33985e-09
1.04951e-06
-5.68668e-09
1.05446e-06
-4.59264e-09
1.0598e-06
-2.39935e-09
1.06536e-06
-6.77414e-10
1.07135e-06
1.68629e-09
1.0778e-06
4.15923e-09
1.08479e-06
7.32523e-09
1.09255e-06
1.02079e-08
1.101e-06
1.41153e-08
1.10998e-06
1.77839e-08
1.11938e-06
2.23017e-08
1.12913e-06
2.68444e-08
1.13936e-06
3.15265e-08
1.15036e-06
3.58322e-08
4.00547e-08
1.16239e-06
1.00182e-06
-4.19098e-09
1.00526e-06
-9.32002e-09
1.0085e-06
-1.18185e-08
1.01151e-06
-1.26291e-08
1.01416e-06
-1.34003e-08
1.01721e-06
-1.35589e-08
1.0202e-06
-1.4396e-08
1.02356e-06
-1.43787e-08
1.02669e-06
-1.47376e-08
1.02999e-06
-1.40138e-08
1.03328e-06
-1.39567e-08
1.037e-06
-1.36685e-08
1.04065e-06
-1.32825e-08
1.04454e-06
-1.19083e-08
1.04853e-06
-1.13329e-08
1.05302e-06
-1.01761e-08
1.05778e-06
-9.3537e-09
1.06306e-06
-7.68214e-09
1.06864e-06
-6.25467e-09
1.07454e-06
-4.21589e-09
1.08077e-06
-2.07243e-09
1.08769e-06
4.07863e-10
1.09539e-06
2.51463e-09
1.10396e-06
5.54395e-09
1.1132e-06
8.54236e-09
1.12293e-06
1.25656e-08
1.13308e-06
1.67023e-08
1.1436e-06
2.10062e-08
1.15467e-06
2.4755e-08
2.84794e-08
1.16625e-06
1.00303e-06
-7.21776e-09
1.00685e-06
-1.31469e-08
1.00973e-06
-1.46901e-08
1.01187e-06
-1.47785e-08
1.01362e-06
-1.51493e-08
1.0155e-06
-1.54326e-08
1.01697e-06
-1.58661e-08
1.01838e-06
-1.57952e-08
1.01926e-06
-1.56176e-08
1.02026e-06
-1.50122e-08
1.02119e-06
-1.48852e-08
1.02218e-06
-1.46561e-08
1.02281e-06
-1.39174e-08
1.02378e-06
-1.2877e-08
1.02501e-06
-1.25572e-08
1.02683e-06
-1.20028e-08
1.02871e-06
-1.12333e-08
1.03088e-06
-9.85398e-09
1.03329e-06
-8.65854e-09
1.03633e-06
-7.26233e-09
1.0403e-06
-6.0399e-09
1.04551e-06
-4.80456e-09
1.05169e-06
-3.66241e-09
1.05889e-06
-1.65599e-09
1.06675e-06
6.85839e-10
1.07559e-06
3.72857e-09
1.08555e-06
6.73543e-09
1.09686e-06
9.69629e-09
1.10958e-06
1.20366e-08
1.41189e-08
1.12394e-06
9.92782e-07
9.79635e-07
9.64945e-07
9.50167e-07
9.35017e-07
9.19585e-07
9.03719e-07
8.87924e-07
8.72306e-07
8.57294e-07
8.42409e-07
8.27753e-07
8.13835e-07
8.00958e-07
7.88401e-07
7.76398e-07
7.65165e-07
7.55311e-07
7.46652e-07
7.3939e-07
7.3335e-07
7.28546e-07
7.24883e-07
7.23227e-07
7.23913e-07
7.27642e-07
7.34377e-07
7.44073e-07
7.5611e-07
7.70229e-07
3.02361e-07
-1.02677e-07
4.10754e-07
-1.08394e-07
4.9143e-07
-8.06754e-08
5.50742e-07
-5.93121e-08
6.09509e-07
-5.87673e-08
6.38499e-07
-2.89894e-08
6.7534e-07
-3.68414e-08
7.1753e-07
-4.21905e-08
7.7447e-07
-5.69399e-08
-1.32833e-07
9.07303e-07
7.38357e-07
-1.70908e-07
7.72188e-07
-1.42225e-07
8.02501e-07
-1.10988e-07
8.36563e-07
-9.33747e-08
8.7311e-07
-9.53138e-08
9.03768e-07
-5.96473e-08
9.33688e-07
-6.67613e-08
9.56409e-07
-6.49115e-08
1.00356e-06
-1.04096e-07
-1.84429e-07
1.05516e-06
8.79663e-07
-1.8446e-07
8.90582e-07
-1.53144e-07
8.96703e-07
-1.17109e-07
9.20939e-07
-1.1761e-07
9.24369e-07
-9.87435e-08
9.50619e-07
-8.5898e-08
9.69607e-07
-8.57492e-08
1.02135e-06
-1.16657e-07
1.0106e-06
-9.3345e-08
-2.16965e-07
1.04314e-06
9.37474e-07
-1.76308e-07
9.44714e-07
-1.60385e-07
9.541e-07
-1.26495e-07
9.60148e-07
-1.23658e-07
9.65907e-07
-1.04502e-07
9.7741e-07
-9.74012e-08
1.00171e-06
-1.10048e-07
1.03551e-06
-1.50458e-07
1.04701e-06
-1.04841e-07
-2.12608e-07
1.04265e-06
9.83175e-07
-1.67422e-07
9.78704e-07
-1.55914e-07
9.77242e-07
-1.25033e-07
9.86404e-07
-1.3282e-07
9.90716e-07
-1.08814e-07
1.01194e-06
-1.18627e-07
1.01824e-06
-1.16344e-07
1.02568e-06
-1.57904e-07
1.04347e-06
-1.22625e-07
-2.25729e-07
1.05659e-06
1.00906e-06
-1.59877e-07
1.00666e-06
-1.53514e-07
1.00912e-06
-1.27498e-07
1.00913e-06
-1.32821e-07
1.0151e-06
-1.14788e-07
1.02368e-06
-1.27208e-07
1.03139e-06
-1.24054e-07
1.03526e-06
-1.6177e-07
1.05823e-06
-1.45601e-07
-2.226e-07
1.0551e-06
1.03391e-06
-1.51916e-07
1.02919e-06
-1.48785e-07
1.02736e-06
-1.25672e-07
1.02885e-06
-1.34309e-07
1.03169e-06
-1.17635e-07
1.03708e-06
-1.32595e-07
1.04205e-06
-1.29018e-07
1.04204e-06
-1.61761e-07
1.05219e-06
-1.55751e-07
-2.15847e-07
1.04543e-06
1.0546e-06
-1.44753e-07
1.04833e-06
-1.42515e-07
1.04712e-06
-1.24459e-07
1.0444e-06
-1.31589e-07
1.04597e-06
-1.19209e-07
1.04641e-06
-1.33031e-07
1.0489e-06
-1.31512e-07
1.0461e-06
-1.58959e-07
1.05139e-06
-1.61037e-07
-2.07454e-07
1.043e-06
1.07229e-06
-1.36798e-07
1.06541e-06
-1.35634e-07
1.06157e-06
-1.20625e-07
1.05749e-06
-1.27501e-07
1.05639e-06
-1.18112e-07
1.05438e-06
-1.31018e-07
1.05364e-06
-1.30773e-07
1.04814e-06
-1.53466e-07
1.04683e-06
-1.59723e-07
-1.98209e-07
1.03759e-06
1.08751e-06
-1.28515e-07
1.07916e-06
-1.27286e-07
1.07434e-06
-1.15805e-07
1.06824e-06
-1.21397e-07
1.06508e-06
-1.1495e-07
1.05974e-06
-1.25685e-07
1.05606e-06
-1.27096e-07
1.04987e-06
-1.47275e-07
1.04484e-06
-1.54694e-07
-1.85372e-07
1.03201e-06
1.10033e-06
-1.1922e-07
1.09125e-06
-1.18215e-07
1.08449e-06
-1.09037e-07
1.07683e-06
-1.13737e-07
1.07141e-06
-1.09529e-07
1.06465e-06
-1.18932e-07
1.05834e-06
-1.20785e-07
1.04902e-06
-1.3795e-07
1.04056e-06
-1.46232e-07
-1.7258e-07
1.02777e-06
1.11126e-06
-1.09109e-07
1.10102e-06
-1.07977e-07
1.09299e-06
-1.01009e-07
1.08397e-06
-1.0472e-07
1.07642e-06
-1.01979e-07
1.06745e-06
-1.09964e-07
1.05922e-06
-1.12549e-07
1.04879e-06
-1.27525e-07
1.03792e-06
-1.35365e-07
-1.5727e-07
1.02262e-06
1.12054e-06
-9.79431e-08
1.10946e-06
-9.68905e-08
1.09979e-06
-9.13426e-08
1.08942e-06
-9.43443e-08
1.08019e-06
-9.27507e-08
1.0699e-06
-9.9674e-08
1.05959e-06
-1.02244e-07
1.04713e-06
-1.15059e-07
1.03443e-06
-1.22663e-07
-1.41228e-07
1.01838e-06
1.12847e-06
-8.58857e-08
1.11635e-06
-8.47799e-08
1.10549e-06
-8.04775e-08
1.09395e-06
-8.28089e-08
1.08308e-06
-8.18782e-08
1.0712e-06
-8.77871e-08
1.05951e-06
-9.05546e-08
1.04589e-06
-1.01442e-07
1.03155e-06
-1.08323e-07
-1.2384e-07
1.01416e-06
1.13533e-06
-7.27086e-08
1.12223e-06
-7.16856e-08
1.11004e-06
-6.82806e-08
1.09732e-06
-7.00913e-08
1.08513e-06
-6.96886e-08
1.07207e-06
-7.4727e-08
1.05896e-06
-7.74455e-08
1.04408e-06
-8.65622e-08
1.02855e-06
-9.27982e-08
-1.0568e-07
1.01039e-06
1.14152e-06
-5.86569e-08
1.12739e-06
-5.75539e-08
1.11407e-06
-5.49621e-08
1.10028e-06
-5.62953e-08
1.0869e-06
-5.6316e-08
1.07266e-06
-6.04818e-08
1.05844e-06
-6.3224e-08
1.04259e-06
-7.07152e-08
1.02602e-06
-7.62271e-08
-8.66757e-08
1.00701e-06
1.14686e-06
-4.3129e-08
1.13141e-06
-4.2106e-08
1.11683e-06
-4.03727e-08
1.10188e-06
-4.13469e-08
1.08744e-06
-4.18818e-08
1.07218e-06
-4.52199e-08
1.05694e-06
-4.79798e-08
1.04014e-06
-5.39217e-08
1.02271e-06
-5.87922e-08
-6.69247e-08
1.00296e-06
1.14928e-06
-2.61613e-08
1.13235e-06
-2.5174e-08
1.11635e-06
-2.43745e-08
1.10011e-06
-2.5104e-08
1.08441e-06
-2.61829e-08
1.06785e-06
-2.8664e-08
1.05128e-06
-3.14024e-08
1.03309e-06
-3.57385e-08
1.01418e-06
-3.98797e-08
-4.55769e-08
9.92833e-07
1.10623e-06
-8.4511e-09
1.08928e-06
-8.2195e-09
1.07311e-06
-8.21179e-09
1.05682e-06
-8.81313e-09
1.04052e-06
-9.88327e-09
1.02325e-06
-1.13878e-08
1.0052e-06
-1.33543e-08
9.85227e-07
-1.57666e-08
9.63789e-07
-1.84417e-08
-2.13267e-08
9.39538e-07
7.61778e-07
7.53558e-07
7.45346e-07
7.36533e-07
7.2665e-07
7.15262e-07
7.01908e-07
6.86141e-07
6.677e-07
6.46373e-07
6.81518e-08
-6.81518e-08
5.22817e-08
1.58701e-08
-3.16447e-09
5.54462e-08
-1.8699e-07
1.83825e-07
-4.7231e-07
2.8532e-07
-7.25327e-07
2.53017e-07
-8.91528e-07
1.66201e-07
-9.61271e-07
6.97428e-08
-9.63844e-07
2.57287e-09
-9.11455e-07
-5.2389e-08
-8.24443e-07
-8.70122e-08
-7.0489e-07
-1.19553e-07
-5.64451e-07
-1.40438e-07
-3.98096e-07
-1.66356e-07
-2.25946e-07
-1.7215e-07
-6.68596e-08
-1.59086e-07
7.29918e-08
-1.39851e-07
1.88453e-07
-1.15461e-07
2.80224e-07
-9.17708e-08
3.50175e-07
-6.9951e-08
4.00825e-07
-5.06507e-08
4.34403e-07
-3.35776e-08
4.53008e-07
-1.8605e-08
4.59016e-07
-6.00835e-09
4.55312e-07
3.70409e-09
4.44942e-07
1.03706e-08
4.30729e-07
1.42128e-08
4.15133e-07
1.55956e-08
3.99802e-07
1.53315e-08
3.85858e-07
1.39435e-08
3.7375e-07
1.21084e-08
3.63677e-07
1.00727e-08
3.55414e-07
8.26332e-09
3.48862e-07
6.55178e-09
3.4358e-07
5.28221e-09
3.39514e-07
4.0655e-09
3.36187e-07
3.32776e-09
3.33716e-07
2.47114e-09
3.31573e-07
2.14225e-09
1.53354e-09
6.85486e-08
-1.367e-07
5.04289e-08
3.39898e-08
-1.36261e-07
2.42136e-07
-4.08857e-07
4.56422e-07
-6.35617e-07
5.12079e-07
-8.06963e-07
4.24363e-07
-9.0607e-07
2.65308e-07
-9.39687e-07
1.0336e-07
-9.1364e-07
-2.34741e-08
-8.44788e-07
-1.2124e-07
-7.48362e-07
-1.83439e-07
-6.25109e-07
-2.42806e-07
-4.80912e-07
-2.84635e-07
-3.14545e-07
-3.32722e-07
-1.41845e-07
-3.4485e-07
2.17916e-08
-3.22723e-07
1.64638e-07
-2.82698e-07
2.83481e-07
-2.34304e-07
3.81216e-07
-1.89506e-07
4.60278e-07
-1.49013e-07
5.23367e-07
-1.1374e-07
5.72984e-07
-8.31951e-08
6.10594e-07
-5.62147e-08
6.36971e-07
-3.23853e-08
6.53434e-07
-1.27586e-08
6.62438e-07
1.36625e-09
6.66664e-07
9.98659e-09
6.68335e-07
1.39253e-08
6.68636e-07
1.50301e-08
6.68321e-07
1.42589e-08
6.67577e-07
1.28522e-08
6.66619e-07
1.103e-08
6.65332e-07
9.55043e-09
6.63922e-07
7.96235e-09
6.62236e-07
6.96834e-09
6.60585e-07
5.71582e-09
6.5879e-07
5.12278e-09
6.57219e-07
4.04247e-09
6.55612e-07
3.74939e-09
2.81111e-09
-5.33307e-08
-8.33697e-08
-1.92701e-07
1.73361e-07
-3.3235e-07
3.81785e-07
-4.49652e-07
5.73724e-07
-5.50797e-07
6.13225e-07
-6.36564e-07
5.1013e-07
-6.98237e-07
3.26981e-07
-7.11222e-07
1.16344e-07
-6.80574e-07
-5.41222e-08
-6.14041e-07
-1.87773e-07
-5.26745e-07
-2.70735e-07
-4.24071e-07
-3.4548e-07
-3.00296e-07
-4.0841e-07
-1.57398e-07
-4.7562e-07
-3.67643e-09
-4.98572e-07
1.43952e-07
-4.70351e-07
2.66551e-07
-4.05296e-07
3.6379e-07
-3.31544e-07
4.43005e-07
-2.68721e-07
5.07606e-07
-2.13613e-07
5.58851e-07
-1.64985e-07
6.00714e-07
-1.25059e-07
6.3699e-07
-9.24901e-08
6.6763e-07
-6.30259e-08
6.90616e-07
-3.5744e-08
7.05421e-07
-1.34387e-08
7.13897e-07
1.51012e-09
7.18816e-07
9.00695e-09
7.22392e-07
1.14536e-08
7.25844e-07
1.08073e-08
7.2939e-07
9.30636e-09
7.32943e-07
7.47694e-09
7.36139e-07
6.35374e-09
7.3885e-07
5.25184e-09
7.40849e-07
4.96968e-09
7.42259e-07
4.30486e-09
7.43041e-07
4.34119e-09
7.4343e-07
3.65313e-09
7.43496e-07
3.68388e-09
2.92246e-09
-3.42707e-08
-4.90991e-08
-1.04691e-07
2.4378e-07
-1.78411e-07
4.55505e-07
-2.82678e-07
6.77991e-07
-3.41505e-07
6.72052e-07
-3.93738e-07
5.62363e-07
-4.30281e-07
3.63524e-07
-4.39332e-07
1.25396e-07
-4.11165e-07
-8.229e-08
-3.49611e-07
-2.49326e-07
-2.6773e-07
-3.52617e-07
-1.81832e-07
-4.31378e-07
-8.34817e-08
-5.0676e-07
3.00369e-08
-5.89139e-07
1.54535e-07
-6.2307e-07
2.77739e-07
-5.93555e-07
3.81779e-07
-5.09336e-07
4.55615e-07
-4.0538e-07
5.10672e-07
-3.23778e-07
5.5906e-07
-2.62002e-07
5.97746e-07
-2.03671e-07
6.24173e-07
-1.51486e-07
6.45252e-07
-1.13569e-07
6.68083e-07
-8.58571e-08
6.92677e-07
-6.03375e-08
7.14518e-07
-3.52799e-08
7.30059e-07
-1.40306e-08
7.39009e-07
5.6348e-11
7.43204e-07
7.25924e-09
7.45181e-07
8.82994e-09
7.46653e-07
7.8343e-09
7.48389e-07
5.74051e-09
7.50461e-07
4.28177e-09
7.52655e-07
3.05871e-09
7.54671e-07
2.95303e-09
7.56358e-07
2.61758e-09
7.57627e-07
3.07261e-09
7.58507e-07
2.77302e-09
7.59103e-07
3.08826e-09
2.53288e-09
-3.4287e-08
-1.48121e-08
-1.41902e-07
3.51395e-07
-1.2987e-07
4.43473e-07
-1.0274e-07
6.50861e-07
-7.93094e-08
6.48621e-07
-8.7324e-08
5.70377e-07
-9.94289e-08
3.75629e-07
-9.66711e-08
1.22638e-07
-6.99293e-08
-1.09032e-07
-1.57475e-08
-3.03508e-07
5.41431e-08
-4.22507e-07
1.22672e-07
-4.99907e-07
1.91087e-07
-5.75175e-07
2.65344e-07
-6.63396e-07
3.43374e-07
-7.011e-07
4.1696e-07
-6.67141e-07
4.87475e-07
-5.79852e-07
5.40228e-07
-4.58132e-07
5.67348e-07
-3.50898e-07
5.9086e-07
-2.85513e-07
6.20905e-07
-2.33717e-07
6.44413e-07
-1.74993e-07
6.53957e-07
-1.23113e-07
6.58205e-07
-9.01053e-08
6.68038e-07
-7.01704e-08
6.85793e-07
-5.30343e-08
7.06966e-07
-3.52036e-08
7.25904e-07
-1.88826e-08
7.39684e-07
-6.52021e-09
7.47992e-07
5.21372e-10
7.52342e-07
3.48514e-09
7.5455e-07
3.53242e-09
7.55913e-07
2.91818e-09
7.57103e-07
1.8693e-09
7.58238e-07
1.81766e-09
7.59311e-07
1.54496e-09
7.60164e-07
2.21965e-09
7.60835e-07
2.10139e-09
7.61291e-07
2.6328e-09
2.20933e-09
-2.58442e-09
-1.22277e-08
7.59737e-09
3.41214e-07
8.83754e-08
3.62695e-07
1.18527e-07
6.20709e-07
1.64974e-07
6.02174e-07
2.04913e-07
5.30438e-07
2.37271e-07
3.43271e-07
2.59785e-07
1.00123e-07
2.90293e-07
-1.3954e-07
3.33556e-07
-3.46771e-07
3.8835e-07
-4.77302e-07
4.39524e-07
-5.51081e-07
4.83816e-07
-6.19466e-07
5.1794e-07
-6.9752e-07
5.534e-07
-7.36561e-07
5.73608e-07
-6.87348e-07
5.86339e-07
-5.92583e-07
6.1109e-07
-4.82884e-07
6.25784e-07
-3.65591e-07
6.23164e-07
-2.82894e-07
6.27987e-07
-2.3854e-07
6.47106e-07
-1.94112e-07
6.62767e-07
-1.38775e-07
6.64393e-07
-9.17314e-08
6.59623e-07
-6.53999e-08
6.60503e-07
-5.39141e-08
6.71853e-07
-4.65541e-08
6.90742e-07
-3.77718e-08
7.11551e-07
-2.73291e-08
7.29672e-07
-1.75992e-08
7.42974e-07
-9.81655e-09
7.51472e-07
-4.96574e-09
7.56275e-07
-1.88521e-09
7.5877e-07
-6.25169e-10
7.60008e-07
5.78972e-10
7.60669e-07
8.84118e-10
7.61036e-07
1.85245e-09
7.6132e-07
1.8181e-09
7.61521e-07
2.43142e-09
1.94904e-09
-1.86793e-07
1.74566e-07
1.0124e-08
1.44296e-07
1.58563e-07
2.14256e-07
3.52159e-07
4.27113e-07
4.74808e-07
4.79525e-07
5.54783e-07
4.50463e-07
6.0181e-07
2.96244e-07
6.22377e-07
7.95561e-08
6.3095e-07
-1.48112e-07
6.35148e-07
-3.50969e-07
6.45405e-07
-4.87559e-07
6.61589e-07
-5.67264e-07
6.85963e-07
-6.4384e-07
6.97093e-07
-7.08651e-07
6.92918e-07
-7.32385e-07
6.83126e-07
-6.77556e-07
6.57161e-07
-5.66617e-07
6.41922e-07
-4.67645e-07
6.52466e-07
-3.76136e-07
6.57596e-07
-2.88023e-07
6.4862e-07
-2.29564e-07
6.46762e-07
-1.92254e-07
6.58385e-07
-1.50398e-07
6.69889e-07
-1.03235e-07
6.71737e-07
-6.72477e-08
6.6764e-07
-4.98171e-08
6.66386e-07
-4.53009e-08
6.72915e-07
-4.43008e-08
6.8675e-07
-4.11635e-08
7.04406e-07
-3.52553e-08
7.22053e-07
-2.74638e-08
7.36949e-07
-1.98619e-08
7.47868e-07
-1.28043e-08
7.54916e-07
-7.67241e-09
7.58865e-07
-3.3705e-09
7.60838e-07
-1.0884e-09
7.61587e-07
1.10315e-09
7.61823e-07
1.58203e-09
7.61729e-07
2.5252e-09
1.98902e-09
6.66746e-07
4.15123e-07
4.82026e-07
3.29016e-07
3.9746e-07
2.98822e-07
4.92089e-07
3.32484e-07
6.27951e-07
3.43663e-07
7.50348e-07
3.28067e-07
8.37446e-07
2.09146e-07
8.83751e-07
3.32513e-08
8.89624e-07
-1.53985e-07
8.77029e-07
-3.38375e-07
8.72071e-07
-4.82601e-07
8.78172e-07
-5.73366e-07
8.92025e-07
-6.57692e-07
8.92099e-07
-7.08725e-07
8.48136e-07
-6.88422e-07
7.88542e-07
-6.17963e-07
7.3884e-07
-5.16915e-07
6.95948e-07
-4.24753e-07
6.79681e-07
-3.59869e-07
6.90032e-07
-2.98375e-07
6.99051e-07
-2.38583e-07
6.98145e-07
-1.91347e-07
7.00149e-07
-1.52402e-07
7.11158e-07
-1.14244e-07
7.25064e-07
-8.11536e-08
7.34574e-07
-5.93267e-08
7.37948e-07
-4.86751e-08
7.38038e-07
-4.43915e-08
7.38975e-07
-4.21004e-08
7.43518e-07
-3.9798e-08
7.52145e-07
-3.60905e-08
7.6332e-07
-3.10374e-08
7.74727e-07
-2.4211e-08
7.84457e-07
-1.74029e-08
7.91499e-07
-1.0412e-08
7.95882e-07
-5.47144e-09
7.98127e-07
-1.14219e-09
7.99138e-07
5.71564e-10
7.99405e-07
2.25785e-09
1.87173e-09
1.0385e-06
4.31782e-07
9.74041e-07
3.93477e-07
9.10527e-07
3.62337e-07
8.99511e-07
3.435e-07
9.25773e-07
3.174e-07
9.77226e-07
2.76613e-07
1.03177e-06
1.546e-07
1.06648e-06
-1.45415e-09
1.07588e-06
-1.63387e-07
1.06818e-06
-3.30674e-07
1.06426e-06
-4.78686e-07
1.06478e-06
-5.73883e-07
1.04708e-06
-6.39988e-07
1.00939e-06
-6.71034e-07
9.47983e-07
-6.2702e-07
8.63099e-07
-5.33079e-07
7.94979e-07
-4.48795e-07
7.55601e-07
-3.85374e-07
7.29879e-07
-3.34147e-07
7.16283e-07
-2.84779e-07
7.15377e-07
-2.37676e-07
7.20478e-07
-1.96449e-07
7.26441e-07
-1.58364e-07
7.33544e-07
-1.21348e-07
7.43732e-07
-9.13414e-08
7.57545e-07
-7.31392e-08
7.72639e-07
-6.37689e-08
7.84551e-07
-5.63037e-08
7.89923e-07
-4.74729e-08
7.89007e-07
-3.88818e-08
7.85173e-07
-3.22563e-08
7.82206e-07
-2.80704e-08
7.82102e-07
-2.41067e-08
7.847e-07
-2.00009e-08
7.88605e-07
-1.4317e-08
7.92532e-07
-9.39867e-09
7.95471e-07
-4.08083e-09
7.97321e-07
-1.2792e-09
7.98148e-07
1.4312e-09
1.68116e-09
1.10289e-06
3.72026e-07
1.1259e-06
3.70472e-07
1.14019e-06
3.48041e-07
1.16891e-06
3.14789e-07
1.20455e-06
2.81759e-07
1.2402e-06
2.40966e-07
1.27069e-06
1.24107e-07
1.29477e-06
-2.55334e-08
1.29493e-06
-1.6355e-07
1.2643e-06
-3.00044e-07
1.22241e-06
-4.36798e-07
1.18312e-06
-5.3459e-07
1.1172e-06
-5.7407e-07
1.01642e-06
-5.70246e-07
9.23543e-07
-5.34148e-07
8.60872e-07
-4.70408e-07
8.1967e-07
-4.07593e-07
7.98292e-07
-3.63996e-07
7.92311e-07
-3.28166e-07
7.8538e-07
-2.77847e-07
7.70315e-07
-2.22611e-07
7.58122e-07
-1.84256e-07
7.5971e-07
-1.59952e-07
7.70499e-07
-1.32138e-07
7.78485e-07
-9.93266e-08
7.79437e-07
-7.40914e-08
7.79199e-07
-6.35311e-08
7.84284e-07
-6.13888e-08
7.94857e-07
-5.80456e-08
8.05928e-07
-4.99528e-08
8.12477e-07
-3.88058e-08
8.12839e-07
-2.84322e-08
8.08725e-07
-1.99925e-08
8.0328e-07
-1.45564e-08
7.98885e-07
-9.92195e-09
7.96384e-07
-6.89746e-09
7.95555e-07
-3.25185e-09
7.95703e-07
-1.42702e-09
7.96321e-07
8.13097e-10
1.10737e-09
1.10599e-06
3.08684e-07
1.14689e-06
3.29574e-07
1.17603e-06
3.18902e-07
1.22093e-06
2.69887e-07
1.27195e-06
2.30741e-07
1.32572e-06
1.87195e-07
1.3586e-06
9.12214e-08
1.36978e-06
-3.67074e-08
1.36486e-06
-1.58635e-07
1.32266e-06
-2.57846e-07
1.24591e-06
-3.60041e-07
1.16678e-06
-4.5546e-07
1.08716e-06
-4.94453e-07
9.98094e-07
-4.8118e-07
9.19032e-07
-4.55086e-07
8.76867e-07
-4.28243e-07
8.6123e-07
-3.91956e-07
8.42334e-07
-3.45099e-07
8.19305e-07
-3.05137e-07
8.07573e-07
-2.66115e-07
8.01062e-07
-2.16101e-07
7.88131e-07
-1.71325e-07
7.77119e-07
-1.48941e-07
7.81074e-07
-1.36093e-07
7.94524e-07
-1.12777e-07
8.00008e-07
-7.95747e-08
7.8976e-07
-5.32832e-08
7.7211e-07
-4.37391e-08
7.60373e-07
-4.63081e-08
7.61024e-07
-5.06047e-08
7.71891e-07
-4.96727e-08
7.8654e-07
-4.30807e-08
7.99017e-07
-3.24701e-08
8.06233e-07
-2.1772e-08
8.08141e-07
-1.18295e-08
8.06626e-07
-5.38279e-09
8.0362e-07
-2.46425e-10
8.00758e-07
1.43516e-09
7.9832e-07
3.25171e-09
2.29507e-09
1.10626e-06
2.5901e-07
1.14186e-06
2.93975e-07
1.17341e-06
2.87351e-07
1.20801e-06
2.35285e-07
1.25414e-06
1.84613e-07
1.31118e-06
1.30159e-07
1.34698e-06
5.54175e-08
1.34792e-06
-3.7648e-08
1.32681e-06
-1.37521e-07
1.29349e-06
-2.24531e-07
1.23286e-06
-2.99407e-07
1.15163e-06
-3.7423e-07
1.0797e-06
-4.22525e-07
1.0241e-06
-4.25581e-07
9.72326e-07
-4.03311e-07
9.22181e-07
-3.78098e-07
8.85893e-07
-3.55668e-07
8.60168e-07
-3.19374e-07
8.27355e-07
-2.72324e-07
7.96033e-07
-2.34793e-07
7.85693e-07
-2.05761e-07
7.89203e-07
-1.74834e-07
7.87635e-07
-1.47373e-07
7.79959e-07
-1.28417e-07
7.77644e-07
-1.10462e-07
7.83072e-07
-8.50022e-08
7.87236e-07
-5.74471e-08
7.82657e-07
-3.91608e-08
7.70639e-07
-3.42895e-08
7.58106e-07
-3.80723e-08
7.51481e-07
-4.30472e-08
7.53133e-07
-4.47327e-08
7.6141e-07
-4.07467e-08
7.72655e-07
-3.30172e-08
7.83253e-07
-2.24281e-08
7.91176e-07
-1.33052e-08
7.95773e-07
-4.84361e-09
7.97992e-07
-7.83465e-10
7.98429e-07
2.81483e-09
2.52924e-09
1.08421e-06
2.29899e-07
1.11981e-06
2.58379e-07
1.15714e-06
2.50024e-07
1.19367e-06
1.98755e-07
1.23306e-06
1.45221e-07
1.27332e-06
8.99019e-08
1.30056e-06
2.81689e-08
1.29703e-06
-3.41144e-08
1.27149e-06
-1.11979e-07
1.24595e-06
-1.9899e-07
1.20684e-06
-2.60298e-07
1.14216e-06
-3.09551e-07
1.07588e-06
-3.56244e-07
1.02259e-06
-3.72291e-07
9.78956e-07
-3.59677e-07
9.36592e-07
-3.35734e-07
8.90956e-07
-3.10032e-07
8.56404e-07
-2.84822e-07
8.38598e-07
-2.54519e-07
8.24328e-07
-2.20523e-07
8.10415e-07
-1.91848e-07
8.05412e-07
-1.69831e-07
8.06572e-07
-1.48534e-07
8.01804e-07
-1.23648e-07
7.88867e-07
-9.75251e-08
7.77841e-07
-7.39766e-08
7.77667e-07
-5.72729e-08
7.87747e-07
-4.92407e-08
8.00616e-07
-4.7159e-08
8.08509e-07
-4.59648e-08
8.07996e-07
-4.25343e-08
8.00827e-07
-3.75637e-08
7.91617e-07
-3.15372e-08
7.84359e-07
-2.57588e-08
7.80906e-07
-1.89748e-08
7.80797e-07
-1.31968e-08
7.82701e-07
-6.7472e-09
7.84986e-07
-3.06869e-09
7.87428e-07
3.72752e-10
9.06513e-10
1.07093e-06
2.04406e-07
1.10995e-06
2.19359e-07
1.14932e-06
2.10648e-07
1.18177e-06
1.66308e-07
1.20892e-06
1.18066e-07
1.23336e-06
6.54692e-08
1.24933e-06
1.21934e-08
1.24932e-06
-3.41059e-08
1.23221e-06
-9.48654e-08
1.20513e-06
-1.71909e-07
1.17687e-06
-2.3204e-07
1.13541e-06
-2.68087e-07
1.07751e-06
-2.98343e-07
1.02198e-06
-3.16766e-07
9.78672e-07
-3.16368e-07
9.47978e-07
-3.0504e-07
9.20832e-07
-2.82886e-07
8.89943e-07
-2.53933e-07
8.66885e-07
-2.3146e-07
8.59044e-07
-2.12683e-07
8.53073e-07
-1.85877e-07
8.37612e-07
-1.54369e-07
8.19744e-07
-1.30666e-07
8.10656e-07
-1.1456e-07
8.10135e-07
-9.70046e-08
8.10725e-07
-7.45669e-08
8.08032e-07
-5.45799e-08
8.03817e-07
-4.50248e-08
8.02589e-07
-4.59315e-08
8.06802e-07
-5.01774e-08
8.14844e-07
-5.05771e-08
8.22555e-07
-4.52746e-08
8.26262e-07
-3.52443e-08
8.24726e-07
-2.42224e-08
8.19226e-07
-1.34749e-08
8.12218e-07
-6.18875e-09
8.0592e-07
-4.4922e-10
8.01287e-07
1.56411e-09
7.98075e-07
3.5846e-09
2.35129e-09
1.06568e-06
1.81721e-07
1.09867e-06
1.86368e-07
1.13505e-06
1.74273e-07
1.16311e-06
1.38242e-07
1.1844e-06
9.67759e-08
1.199e-06
5.08713e-08
1.20697e-06
4.2221e-09
1.21287e-06
-4.00045e-08
1.20416e-06
-8.6154e-08
1.17462e-06
-1.42365e-07
1.14476e-06
-2.02183e-07
1.11605e-06
-2.39373e-07
1.07374e-06
-2.56041e-07
1.02808e-06
-2.71107e-07
9.89057e-07
-2.7734e-07
9.52228e-07
-2.68212e-07
9.22755e-07
-2.53413e-07
9.02345e-07
-2.33523e-07
8.80141e-07
-2.09256e-07
8.56308e-07
-1.8885e-07
8.41108e-07
-1.70677e-07
8.32775e-07
-1.46037e-07
8.21889e-07
-1.1978e-07
8.09292e-07
-1.01963e-07
8.04179e-07
-9.1892e-08
8.09109e-07
-7.94965e-08
8.15451e-07
-6.09219e-08
8.12779e-07
-4.23526e-08
7.98794e-07
-3.19465e-08
7.79951e-07
-3.13344e-08
7.6479e-07
-3.54168e-08
7.57416e-07
-3.79e-08
7.57157e-07
-3.49853e-08
7.61187e-07
-2.82529e-08
7.66959e-07
-1.92469e-08
7.72598e-07
-1.18276e-08
7.77473e-07
-5.32359e-09
7.81184e-07
-2.14699e-09
7.84288e-07
4.80404e-10
5.05389e-10
1.05913e-06
1.6018e-07
1.08834e-06
1.57154e-07
1.11829e-06
1.44328e-07
1.14245e-06
1.14075e-07
1.16194e-06
7.7287e-08
1.17257e-06
4.02407e-08
1.17625e-06
5.43415e-10
1.17841e-06
-4.21614e-08
1.17609e-06
-8.38403e-08
1.15825e-06
-1.24523e-07
1.12537e-06
-1.69297e-07
1.09349e-06
-2.07501e-07
1.06484e-06
-2.27391e-07
1.03078e-06
-2.37041e-07
9.95804e-07
-2.42365e-07
9.63602e-07
-2.3601e-07
9.32866e-07
-2.22677e-07
9.10424e-07
-2.11081e-07
8.96614e-07
-1.95446e-07
8.79209e-07
-1.71444e-07
8.57224e-07
-1.48692e-07
8.43504e-07
-1.32317e-07
8.41394e-07
-1.1767e-07
8.39588e-07
-1.00157e-07
8.29707e-07
-8.20103e-08
8.16551e-07
-6.63408e-08
8.09617e-07
-5.39878e-08
8.12061e-07
-4.47968e-08
8.19408e-07
-3.92933e-08
8.24689e-07
-3.66155e-08
8.23639e-07
-3.43665e-08
8.16963e-07
-3.12247e-08
8.0809e-07
-2.61117e-08
8.00214e-07
-2.03772e-08
7.94908e-07
-1.39408e-08
7.92046e-07
-8.96598e-09
7.91069e-07
-4.34652e-09
7.90962e-07
-2.04007e-09
7.9142e-07
2.23621e-11
1.517e-10
1.05303e-06
1.39162e-07
1.07849e-06
1.31687e-07
1.1041e-06
1.18717e-07
1.12475e-06
9.3429e-08
1.13977e-06
6.22655e-08
1.15057e-06
2.94412e-08
1.15523e-06
-4.11767e-09
1.15168e-06
-3.8613e-08
1.14561e-06
-7.77648e-08
1.13708e-06
-1.15992e-07
1.11465e-06
-1.46875e-07
1.0826e-06
-1.75446e-07
1.05481e-06
-1.99604e-07
1.02702e-06
-2.09252e-07
9.9474e-07
-2.10082e-07
9.68443e-07
-2.09713e-07
9.48112e-07
-2.02346e-07
9.23404e-07
-1.86373e-07
8.98298e-07
-1.70341e-07
8.82513e-07
-1.55659e-07
8.72731e-07
-1.38909e-07
8.60976e-07
-1.20562e-07
8.47579e-07
-1.04273e-07
8.37152e-07
-8.97309e-08
8.30274e-07
-7.5132e-08
8.24192e-07
-6.02585e-08
8.17724e-07
-4.75195e-08
8.11912e-07
-3.89849e-08
8.0735e-07
-3.47315e-08
8.0377e-07
-3.30358e-08
8.0037e-07
-3.09665e-08
7.96643e-07
-2.7498e-08
7.9283e-07
-2.22982e-08
7.89478e-07
-1.70255e-08
7.8712e-07
-1.15825e-08
7.85806e-07
-7.65267e-09
7.85449e-07
-3.98911e-09
7.85616e-07
-2.20653e-09
7.8612e-07
-4.81736e-10
-3.37202e-10
1.04766e-06
1.19272e-07
1.06883e-06
1.1051e-07
1.09059e-06
9.69599e-08
1.10855e-06
7.54698e-08
1.12098e-06
4.98334e-08
1.12934e-06
2.10781e-08
1.13452e-06
-9.29477e-09
1.13454e-06
-3.86323e-08
1.12647e-06
-6.96907e-08
1.11314e-06
-1.0267e-07
1.09839e-06
-1.32125e-07
1.07698e-06
-1.54029e-07
1.04857e-06
-1.712e-07
1.02289e-06
-1.8357e-07
9.9996e-07
-1.87151e-07
9.73871e-07
-1.83625e-07
9.48972e-07
-1.77447e-07
9.29875e-07
-1.67276e-07
9.12658e-07
-1.53124e-07
8.95239e-07
-1.38241e-07
8.80446e-07
-1.24117e-07
8.68481e-07
-1.08597e-07
8.56342e-07
-9.21329e-08
8.4385e-07
-7.72388e-08
8.34214e-07
-6.54963e-08
8.29674e-07
-5.57181e-08
8.28599e-07
-4.6445e-08
8.27066e-07
-3.74521e-08
8.22403e-07
-3.00677e-08
8.14726e-07
-2.53594e-08
8.06266e-07
-2.25066e-08
7.99122e-07
-2.03539e-08
7.94222e-07
-1.73981e-08
7.91382e-07
-1.41857e-08
7.90071e-07
-1.02716e-08
7.89608e-07
-7.18933e-09
7.89701e-07
-4.08226e-09
7.89905e-07
-2.41016e-09
7.90292e-07
-8.6867e-10
-5.27531e-10
1.04114e-06
1.00752e-07
1.06047e-06
9.11804e-08
1.07887e-06
7.856e-08
1.09413e-06
6.02062e-08
1.10609e-06
3.78761e-08
1.11322e-06
1.39467e-08
1.1156e-06
-1.16744e-08
1.11564e-06
-3.86796e-08
1.11127e-06
-6.53136e-08
1.09949e-06
-9.08965e-08
1.08328e-06
-1.15913e-07
1.06603e-06
-1.3678e-07
1.04538e-06
-1.50543e-07
1.02116e-06
-1.59357e-07
9.98563e-07
-1.6455e-07
9.78019e-07
-1.63081e-07
9.56566e-07
-1.55994e-07
9.36366e-07
-1.47075e-07
9.19909e-07
-1.36667e-07
9.04504e-07
-1.22836e-07
8.88017e-07
-1.0763e-07
8.73337e-07
-9.39166e-08
8.63209e-07
-8.20054e-08
8.55883e-07
-6.99128e-08
8.47725e-07
-5.73378e-08
8.37578e-07
-4.55713e-08
8.27377e-07
-3.62436e-08
8.19703e-07
-2.97786e-08
8.15109e-07
-2.54739e-08
8.12214e-07
-2.24643e-08
8.09305e-07
-1.95971e-08
8.05637e-07
-1.66861e-08
8.01438e-07
-1.3199e-08
7.97329e-07
-1.00768e-08
7.93853e-07
-6.79553e-09
7.9124e-07
-4.57625e-09
7.89471e-07
-2.31353e-09
7.88379e-07
-1.3178e-09
7.87693e-07
-1.83123e-10
-1.6347e-10
1.03561e-06
8.35212e-08
1.05247e-06
7.43243e-08
1.06851e-06
6.25158e-08
1.08195e-06
4.6773e-08
1.09173e-06
2.80893e-08
1.09852e-06
7.15716e-09
1.10183e-06
-1.49816e-08
1.10034e-06
-3.71855e-08
1.09524e-06
-6.02206e-08
1.0873e-06
-8.29488e-08
1.07413e-06
-1.02744e-07
1.05673e-06
-1.19388e-07
1.03921e-06
-1.33015e-07
1.02088e-06
-1.41025e-07
9.9984e-07
-1.43514e-07
9.79397e-07
-1.42638e-07
9.61774e-07
-1.38371e-07
9.44247e-07
-1.29548e-07
9.25833e-07
-1.18253e-07
9.09604e-07
-1.06607e-07
8.96696e-07
-9.47222e-08
8.84519e-07
-8.17387e-08
8.71178e-07
-6.86652e-08
8.58033e-07
-5.67678e-08
8.47424e-07
-4.6728e-08
8.40065e-07
-3.82128e-08
8.34674e-07
-3.08522e-08
8.29329e-07
-2.44339e-08
8.22977e-07
-1.91215e-08
8.15885e-07
-1.53731e-08
8.08966e-07
-1.26779e-08
8.0305e-07
-1.07697e-08
7.98525e-07
-8.67408e-09
7.95318e-07
-6.87035e-09
7.93197e-07
-4.67416e-09
7.91801e-07
-3.18016e-09
7.90964e-07
-1.47669e-09
7.90397e-07
-7.50145e-10
7.90094e-07
1.19393e-10
1.16077e-10
1.03009e-06
6.7588e-08
1.04546e-06
5.89581e-08
1.05958e-06
4.83959e-08
1.0714e-06
3.49537e-08
1.08043e-06
1.90543e-08
1.08613e-06
1.4597e-09
1.08846e-06
-1.73114e-08
1.08799e-06
-3.67105e-08
1.08372e-06
-5.59545e-08
1.07535e-06
-7.45822e-08
1.06453e-06
-9.19245e-08
1.0513e-06
-1.06154e-07
1.03496e-06
-1.16674e-07
1.01762e-06
-1.23688e-07
1.0009e-06
-1.26791e-07
9.83472e-07
-1.25212e-07
9.65199e-07
-1.20097e-07
9.48287e-07
-1.12636e-07
9.33177e-07
-1.03144e-07
9.1812e-07
-9.15495e-08
9.02639e-07
-7.9241e-08
8.88325e-07
-6.74253e-08
8.7623e-07
-5.65703e-08
8.65778e-07
-4.63152e-08
8.55804e-07
-3.67547e-08
8.45877e-07
-2.82857e-08
8.36381e-07
-2.13562e-08
8.28174e-07
-1.62268e-08
8.21604e-07
-1.25515e-08
8.16274e-07
-1.00429e-08
8.11535e-07
-7.93856e-09
8.07056e-07
-6.29149e-09
8.02827e-07
-4.44441e-09
7.99016e-07
-3.05933e-09
7.95755e-07
-1.41299e-09
7.93137e-07
-5.63022e-10
7.91122e-07
5.38384e-10
7.89671e-07
7.01314e-10
7.88548e-07
1.24257e-09
8.94099e-10
1.0252e-06
5.27794e-08
1.03914e-06
4.50245e-08
1.05179e-06
3.57429e-08
1.06236e-06
2.43855e-08
1.07032e-06
1.10956e-08
1.07554e-06
-3.76013e-09
1.07782e-06
-1.95907e-08
1.07693e-06
-3.58267e-08
1.07316e-06
-5.21862e-08
1.06653e-06
-6.79479e-08
1.05679e-06
-8.21827e-08
1.04479e-06
-9.41557e-08
1.03149e-06
-1.03372e-07
1.01673e-06
-1.08925e-07
1.00077e-06
-1.10839e-07
9.84938e-07
-1.09377e-07
9.69505e-07
-1.04664e-07
9.53651e-07
-9.67822e-08
9.37509e-07
-8.70021e-08
9.22222e-07
-7.62621e-08
9.08116e-07
-6.51352e-08
8.94567e-07
-5.38761e-08
8.81153e-07
-4.31566e-08
8.68347e-07
-3.35089e-08
8.56844e-07
-2.52519e-08
8.4699e-07
-1.84322e-08
8.38581e-07
-1.29466e-08
8.31071e-07
-8.71711e-09
8.23934e-07
-5.41386e-09
8.17121e-07
-3.23035e-09
8.10857e-07
-1.67478e-09
8.05411e-07
-8.45551e-10
8.00983e-07
-1.62144e-11
7.97482e-07
4.4152e-10
7.94832e-07
1.23727e-09
7.92884e-07
1.38514e-09
7.91455e-07
1.96689e-09
7.90409e-07
1.74794e-09
7.89626e-07
2.0255e-09
1.47343e-09
1.0208e-06
3.89985e-08
1.03363e-06
3.21914e-08
1.04514e-06
2.42303e-08
1.05472e-06
1.48097e-08
1.0619e-06
3.91494e-09
1.06651e-06
-8.37335e-09
1.06846e-06
-2.15406e-08
1.06775e-06
-3.51204e-08
1.0643e-06
-4.87362e-08
1.05823e-06
-6.18691e-08
1.0499e-06
-7.38551e-08
1.03953e-06
-8.37837e-08
1.02737e-06
-9.12154e-08
1.01418e-06
-9.57354e-08
1.00031e-06
-9.69726e-08
9.85596e-07
-9.46601e-08
9.70204e-07
-8.92716e-08
9.54836e-07
-8.14148e-08
9.39659e-07
-7.18246e-08
9.24401e-07
-6.10042e-08
9.09098e-07
-4.98324e-08
8.94319e-07
-3.90967e-08
8.80646e-07
-2.9484e-08
8.68258e-07
-2.11206e-08
8.56909e-07
-1.39034e-08
8.4644e-07
-7.96336e-09
8.36869e-07
-3.37589e-09
8.28399e-07
-2.46415e-10
8.21128e-07
1.8571e-09
8.14993e-07
2.90449e-09
8.09724e-07
3.59377e-09
8.05138e-07
3.7413e-09
8.01078e-07
4.04347e-09
7.97617e-07
3.90274e-09
7.94743e-07
4.11075e-09
7.92419e-07
3.7089e-09
7.90581e-07
3.80562e-09
7.89191e-07
3.13748e-09
7.88051e-07
3.16521e-09
2.33478e-09
1.016e-06
2.59556e-08
1.02799e-06
2.01977e-08
1.03853e-06
1.36923e-08
1.04722e-06
6.12248e-09
1.05373e-06
-2.59772e-09
1.05779e-06
-1.24295e-08
1.05934e-06
-2.3094e-08
1.05834e-06
-3.41153e-08
1.05487e-06
-4.52745e-08
1.04901e-06
-5.60052e-08
1.04088e-06
-6.57217e-08
1.03094e-06
-7.38471e-08
1.01942e-06
-7.96956e-08
1.00634e-06
-8.26574e-08
9.92074e-07
-8.27034e-08
9.77107e-07
-7.96933e-08
9.61531e-07
-7.36956e-08
9.45312e-07
-6.5196e-08
9.28697e-07
-5.52092e-08
9.12285e-07
-4.45926e-08
8.96511e-07
-3.40582e-08
8.81572e-07
-2.41579e-08
8.67516e-07
-1.54274e-08
8.54567e-07
-8.17201e-09
8.43007e-07
-2.34289e-09
8.32964e-07
2.07963e-09
8.24376e-07
5.21132e-09
8.17041e-07
7.08914e-09
8.10704e-07
8.19432e-09
8.05157e-07
8.45095e-09
8.00353e-07
8.39812e-09
7.96295e-07
7.79901e-09
7.92986e-07
7.35203e-09
7.90389e-07
6.50019e-09
7.88423e-07
6.07715e-09
7.86966e-07
5.16541e-09
7.85932e-07
4.83957e-09
7.85183e-07
3.88629e-09
7.84674e-07
3.67427e-09
2.68732e-09
1.00544e-06
1.33471e-08
1.01666e-06
8.97573e-09
1.02618e-06
4.18069e-09
1.03367e-06
-1.37574e-09
1.03897e-06
-7.89864e-09
1.04175e-06
-1.52078e-08
1.04179e-06
-2.31281e-08
1.03909e-06
-3.14176e-08
1.03364e-06
-3.98281e-08
1.02551e-06
-4.78748e-08
1.0149e-06
-5.51096e-08
1.00203e-06
-6.09724e-08
9.87088e-07
-6.47587e-08
9.70391e-07
-6.59604e-08
9.52424e-07
-6.4736e-08
9.33379e-07
-6.06483e-08
9.13641e-07
-5.39577e-08
8.93909e-07
-4.54638e-08
8.74785e-07
-3.60852e-08
8.56667e-07
-2.64744e-08
8.39889e-07
-1.72803e-08
8.24874e-07
-9.14268e-09
8.1195e-07
-2.50346e-09
8.01036e-07
2.74156e-09
7.92086e-07
6.6077e-09
7.84878e-07
9.28756e-09
7.79164e-07
1.09251e-08
7.74711e-07
1.15417e-08
7.71375e-07
1.15311e-08
7.6892e-07
1.0905e-08
7.67172e-07
1.01466e-08
7.65898e-07
9.07253e-09
7.65026e-07
8.22419e-09
7.64407e-07
7.11953e-09
7.64062e-07
6.42172e-09
7.63872e-07
5.3555e-09
7.63864e-07
4.84781e-09
7.63928e-07
3.8225e-09
7.64058e-07
3.54384e-09
2.62532e-09
9.50649e-07
2.23672e-09
9.59686e-07
-6.15992e-11
9.66424e-07
-2.55721e-09
9.70652e-07
-5.60323e-09
9.71903e-07
-9.15058e-09
9.6984e-07
-1.31441e-08
9.64172e-07
-1.74607e-08
9.54745e-07
-2.19902e-08
9.41503e-07
-2.65861e-08
9.24533e-07
-3.09049e-08
9.0406e-07
-3.46361e-08
8.80538e-07
-3.74507e-08
8.54614e-07
-3.88346e-08
8.27075e-07
-3.84219e-08
7.98579e-07
-3.62397e-08
7.70209e-07
-3.22786e-08
7.42976e-07
-2.67245e-08
7.17732e-07
-2.02198e-08
6.95265e-07
-1.36181e-08
6.76278e-07
-7.48681e-09
6.61149e-07
-2.15137e-09
6.49876e-07
2.13002e-09
6.42063e-07
5.30973e-09
6.37369e-07
7.43525e-09
6.35299e-07
8.67797e-09
6.35365e-07
9.2218e-09
6.37028e-07
9.26203e-09
6.39684e-07
8.88556e-09
6.42906e-07
8.30843e-09
6.46282e-07
7.52985e-09
6.49685e-07
6.74325e-09
6.52895e-07
5.86231e-09
6.55989e-07
5.12994e-09
6.58779e-07
4.32943e-09
6.61435e-07
3.76661e-09
6.63709e-07
3.08112e-09
6.65865e-07
2.69123e-09
6.67584e-07
2.10381e-09
6.69251e-07
1.8772e-09
1.34532e-09
6.4861e-07
6.48548e-07
6.45991e-07
6.40388e-07
6.31237e-07
6.18093e-07
6.00632e-07
5.78642e-07
5.52056e-07
5.21151e-07
4.86515e-07
4.49064e-07
4.1023e-07
3.71808e-07
3.35568e-07
3.03289e-07
2.76565e-07
2.56345e-07
2.42727e-07
2.3524e-07
2.33089e-07
2.35219e-07
2.40529e-07
2.47964e-07
2.56642e-07
2.65864e-07
2.75126e-07
2.84011e-07
2.9232e-07
2.99849e-07
3.06593e-07
3.12455e-07
3.17585e-07
3.21914e-07
3.25681e-07
3.28762e-07
3.31453e-07
3.33557e-07
3.35434e-07
)
;

boundaryField
{
    inlet
    {
        type            calculated;
        value           nonuniform List<scalar> 
20
(
-1e-06
-1e-06
-1e-06
-1e-06
-1e-06
-1e-06
-1e-06
-1e-06
-1e-06
-1e-06
-1e-06
-1e-06
-1e-06
-1e-06
-1e-06
-1e-06
-1e-06
-1e-06
-1e-06
-1e-06
)
;
    }
    outlet
    {
        type            calculated;
        value           nonuniform List<scalar> 
27
(
7.99522e-07
7.98339e-07
7.96895e-07
7.97132e-07
7.98194e-07
7.89051e-07
7.96631e-07
7.86134e-07
7.91774e-07
7.86609e-07
7.90482e-07
7.87329e-07
7.89814e-07
7.8777e-07
7.89046e-07
7.8719e-07
7.84322e-07
7.6412e-07
6.70531e-07
3.3678e-07
3.3004e-07
6.54334e-07
7.43385e-07
7.59492e-07
7.61614e-07
7.61781e-07
7.61689e-07
)
;
    }
    lowerWall
    {
        type            calculated;
        value           uniform 0;
    }
    upperWall
    {
        type            calculated;
        value           uniform 0;
    }
    defaultFaces
    {
        type            empty;
        value           nonuniform List<scalar> 0();
    }
}


// ************************************************************************* //
