/*--------------------------------*- C++ -*----------------------------------*\
| =========                 |                                                 |
| \\      /  F ield         | OpenFOAM: The Open Source CFD Toolbox           |
|  \\    /   O peration     | Version:  2112                                  |
|   \\  /    A nd           | Website:  www.openfoam.com                      |
|    \\/     M anipulation  |                                                 |
\*---------------------------------------------------------------------------*/
FoamFile
{
    version     2.0;
    format      ascii;
    arch        "LSB;label=32;scalar=64";
    class       volVectorField;
    location    "0.32";
    object      U;
}
// * * * * * * * * * * * * * * * * * * * * * * * * * * * * * * * * * * * * * //

dimensions      [0 1 -1 0 0 0 0];

internalField   nonuniform List<vector> 
1880
(
(0.0989517 0.000622125 0)
(0.0984746 0.00113041 0)
(0.0972345 0.00132557 0)
(0.0959559 0.00131069 0)
(0.0940291 0.00136184 0)
(0.0925372 0.00137423 0)
(0.0904579 0.00142274 0)
(0.0890495 0.00143615 0)
(0.0868268 0.00138937 0)
(0.085455 0.00144037 0)
(0.0831478 0.00137695 0)
(0.0817265 0.00149197 0)
(0.0792237 0.00127449 0)
(0.0778963 0.00148951 0)
(0.0752836 0.00126912 0)
(0.0738321 0.00172331 0)
(0.070939 0.00114009 0)
(0.0695263 0.00183649 0)
(0.0662825 0.000945407 0)
(0.0649908 0.00217464 0)
(0.0609796 0.00113664 0)
(0.0599155 0.00240333 0)
(0.0546109 0.00152474 0)
(0.0541763 0.00202048 0)
(0.0472654 0.0018349 0)
(0.0477122 0.00197648 0)
(0.0391034 0.00205263 0)
(0.0392348 0.00352038 0)
(0.0291246 0.00224521 0)
(0.0269242 0.00643451 0)
(0.099718 0.000764954 0)
(0.100673 0.00130482 0)
(0.100223 0.00177305 0)
(0.101474 0.00162762 0)
(0.100587 0.00196878 0)
(0.10177 0.00178969 0)
(0.100604 0.00216334 0)
(0.101768 0.00199914 0)
(0.10045 0.00233209 0)
(0.101403 0.00203905 0)
(0.100243 0.00250972 0)
(0.100735 0.00211657 0)
(0.100014 0.00280387 0)
(0.0993976 0.00213007 0)
(0.0998742 0.00299171 0)
(0.0975861 0.0023543 0)
(0.0993507 0.00328004 0)
(0.09593 0.00266409 0)
(0.0976892 0.0035923 0)
(0.094362 0.00310415 0)
(0.0950862 0.00373205 0)
(0.0922169 0.00422423 0)
(0.0925791 0.00380594 0)
(0.0887051 0.00553962 0)
(0.0890243 0.00473567 0)
(0.0842354 0.00564759 0)
(0.0834631 0.00708862 0)
(0.0773004 0.0067615 0)
(0.0777453 0.00941176 0)
(0.0644077 0.0105441 0)
(0.0998107 0.000295832 0)
(0.100452 0.000582482 0)
(0.100223 0.0010984 0)
(0.101118 0.000999189 0)
(0.100849 0.00146371 0)
(0.101517 0.00123442 0)
(0.101386 0.00166517 0)
(0.101662 0.00155494 0)
(0.101929 0.00181594 0)
(0.10157 0.0017976 0)
(0.102401 0.00207392 0)
(0.10157 0.00185592 0)
(0.102569 0.00261942 0)
(0.101573 0.0018094 0)
(0.102585 0.00301592 0)
(0.101387 0.00234824 0)
(0.102274 0.00296345 0)
(0.101186 0.00332447 0)
(0.101722 0.0031316 0)
(0.100833 0.00376784 0)
(0.100733 0.00461884 0)
(0.0997016 0.00351962 0)
(0.100137 0.00653328 0)
(0.0973579 0.00434772 0)
(0.0991026 0.00736714 0)
(0.0950387 0.00659501 0)
(0.0957191 0.00954632 0)
(0.0923598 0.00800484 0)
(0.0917827 0.0155301 0)
(0.0870392 0.0127263 0)
(0.0998429 0.000295803 0)
(0.100322 0.000515111 0)
(0.100008 0.00112878 0)
(0.100777 0.000956589 0)
(0.100428 0.00162754 0)
(0.10119 0.00114262 0)
(0.100842 0.00193614 0)
(0.101461 0.00135097 0)
(0.10134 0.00218022 0)
(0.101418 0.00162553 0)
(0.101928 0.00237059 0)
(0.101397 0.00189042 0)
(0.102293 0.00268028 0)
(0.101458 0.00217127 0)
(0.102439 0.00300187 0)
(0.101601 0.00264343 0)
(0.102193 0.00329228 0)
(0.101658 0.00335251 0)
(0.102158 0.00380552 0)
(0.101226 0.00400131 0)
(0.101945 0.00499345 0)
(0.10059 0.00448758 0)
(0.101269 0.00653643 0)
(0.100069 0.00583025 0)
(0.100254 0.00789196 0)
(0.098658 0.0081378 0)
(0.0992801 0.0106063 0)
(0.0967043 0.0108372 0)
(0.0965833 0.0145666 0)
(0.0958575 0.0171355 0)
(0.0998826 0.00019046 0)
(0.100222 0.000334943 0)
(0.100001 0.000773943 0)
(0.100515 0.00072165 0)
(0.10038 0.00118742 0)
(0.100842 0.000985888 0)
(0.100778 0.00143469 0)
(0.101147 0.00125428 0)
(0.101177 0.00166689 0)
(0.101278 0.00151404 0)
(0.101573 0.00201394 0)
(0.101499 0.0016075 0)
(0.101764 0.00259327 0)
(0.101687 0.00172364 0)
(0.101999 0.00310884 0)
(0.101806 0.00225058 0)
(0.101964 0.00339455 0)
(0.101854 0.00303522 0)
(0.101944 0.00409185 0)
(0.101845 0.00350389 0)
(0.101619 0.00572689 0)
(0.101675 0.00398343 0)
(0.101156 0.00725933 0)
(0.101386 0.00571268 0)
(0.100476 0.00851537 0)
(0.100774 0.00818308 0)
(0.0997453 0.0114942 0)
(0.100033 0.0107649 0)
(0.0987563 0.0160344 0)
(0.0992564 0.0159372 0)
(0.0998859 0.000163967 0)
(0.100207 0.000280026 0)
(0.0999671 0.000685915 0)
(0.100432 0.000635647 0)
(0.100289 0.00111633 0)
(0.100696 0.000898451 0)
(0.10067 0.00140236 0)
(0.10096 0.00116159 0)
(0.101116 0.0016271 0)
(0.10104 0.00149841 0)
(0.101583 0.00186497 0)
(0.101273 0.00178443 0)
(0.10175 0.002281 0)
(0.101604 0.00204645 0)
(0.101862 0.00284275 0)
(0.101988 0.00245697 0)
(0.101793 0.00337698 0)
(0.102076 0.00313102 0)
(0.102046 0.00409388 0)
(0.101999 0.00389456 0)
(0.101976 0.00547033 0)
(0.10205 0.00466314 0)
(0.101615 0.00704879 0)
(0.1021 0.00633445 0)
(0.101368 0.00849805 0)
(0.101653 0.00891739 0)
(0.101353 0.0112429 0)
(0.101461 0.011878 0)
(0.101061 0.0151898 0)
(0.101744 0.0167591 0)
(0.0999036 0.000112713 0)
(0.10017 0.000244968 0)
(0.0999766 0.000502798 0)
(0.100338 0.000558599 0)
(0.100269 0.000835601 0)
(0.100567 0.000829551 0)
(0.100611 0.00107842 0)
(0.10087 0.00108236 0)
(0.101003 0.00133397 0)
(0.101043 0.0013391 0)
(0.101423 0.00169705 0)
(0.101348 0.00150845 0)
(0.101636 0.00222727 0)
(0.101652 0.00174421 0)
(0.101898 0.00279934 0)
(0.102039 0.00224836 0)
(0.101915 0.00330933 0)
(0.102284 0.00295828 0)
(0.102162 0.00412007 0)
(0.102416 0.00368646 0)
(0.102273 0.00552226 0)
(0.102528 0.00462604 0)
(0.102268 0.00701469 0)
(0.102796 0.00634878 0)
(0.102229 0.00861898 0)
(0.102837 0.00868572 0)
(0.102565 0.0113719 0)
(0.103083 0.0115312 0)
(0.103004 0.0150156 0)
(0.103884 0.0159345 0)
(0.0999112 8.33909e-05 0)
(0.100152 0.000204811 0)
(0.0999812 0.000394105 0)
(0.100293 0.000471851 0)
(0.100269 0.000677181 0)
(0.100487 0.000731785 0)
(0.100621 0.000895433 0)
(0.10077 0.000999106 0)
(0.101044 0.00111581 0)
(0.10095 0.00130442 0)
(0.101481 0.00141762 0)
(0.101333 0.00155582 0)
(0.101667 0.00189287 0)
(0.101749 0.00181667 0)
(0.101937 0.00252383 0)
(0.102211 0.00224777 0)
(0.102103 0.00314956 0)
(0.102437 0.00293764 0)
(0.102558 0.00391291 0)
(0.102669 0.00382098 0)
(0.102778 0.00516914 0)
(0.103035 0.00487045 0)
(0.10295 0.00665898 0)
(0.103479 0.00652803 0)
(0.103287 0.00827994 0)
(0.103782 0.00876424 0)
(0.103945 0.0108269 0)
(0.104499 0.0115281 0)
(0.104827 0.0140935 0)
(0.105707 0.0154092 0)
(0.099923 5.02724e-05 0)
(0.100134 0.000178578 0)
(0.0999942 0.000277225 0)
(0.100265 0.00040318 0)
(0.100272 0.000494628 0)
(0.100461 0.000636174 0)
(0.100609 0.000687759 0)
(0.100773 0.000864049 0)
(0.101022 0.000929782 0)
(0.101 0.00110593 0)
(0.101475 0.00127949 0)
(0.101421 0.00132054 0)
(0.10172 0.00174562 0)
(0.10185 0.00162372 0)
(0.10209 0.00230888 0)
(0.102367 0.00212901 0)
(0.102329 0.00290635 0)
(0.102713 0.00280874 0)
(0.102873 0.00370426 0)
(0.103065 0.0036644 0)
(0.103284 0.0049187 0)
(0.103539 0.00476508 0)
(0.103683 0.00633764 0)
(0.104216 0.00635775 0)
(0.104229 0.00797111 0)
(0.104824 0.0084145 0)
(0.105184 0.0103248 0)
(0.105848 0.0109884 0)
(0.106432 0.013285 0)
(0.107433 0.014394 0)
(0.0999335 2.58817e-05 0)
(0.100118 0.000140245 0)
(0.100011 0.000178925 0)
(0.100247 0.000314533 0)
(0.100295 0.000334536 0)
(0.100444 0.000518603 0)
(0.100642 0.000486707 0)
(0.100774 0.000733374 0)
(0.101067 0.000699003 0)
(0.101043 0.000974543 0)
(0.101529 0.00102242 0)
(0.101532 0.0012023 0)
(0.101798 0.00146062 0)
(0.102011 0.00150729 0)
(0.102259 0.00202008 0)
(0.102546 0.0019996 0)
(0.102643 0.0026161 0)
(0.102942 0.00269286 0)
(0.103292 0.00334995 0)
(0.103461 0.00358391 0)
(0.103783 0.0044863 0)
(0.104115 0.00467062 0)
(0.10439 0.00587101 0)
(0.104926 0.0061691 0)
(0.105196 0.00744574 0)
(0.105773 0.00807041 0)
(0.106356 0.00957424 0)
(0.107084 0.0104433 0)
(0.107884 0.0122071 0)
(0.108906 0.0133938 0)
(0.0999439 2.66948e-06 0)
(0.100106 9.84682e-05 0)
(0.100028 8.35021e-05 0)
(0.100245 0.000216453 0)
(0.10032 0.000181378 0)
(0.100462 0.000375053 0)
(0.100672 0.000304815 0)
(0.100829 0.000546212 0)
(0.101108 0.000510233 0)
(0.101139 0.000748221 0)
(0.101597 0.000825371 0)
(0.101672 0.000970688 0)
(0.10192 0.00121473 0)
(0.102183 0.00130135 0)
(0.102465 0.00171158 0)
(0.102773 0.00180917 0)
(0.102935 0.00229028 0)
(0.103258 0.00246042 0)
(0.103681 0.00301776 0)
(0.103895 0.00330136 0)
(0.1043 0.00408627 0)
(0.104684 0.00437052 0)
(0.105073 0.00537907 0)
(0.105665 0.00578126 0)
(0.106071 0.00687239 0)
(0.1067 0.00750993 0)
(0.107425 0.0087923 0)
(0.108226 0.00962985 0)
(0.10914 0.0111356 0)
(0.110247 0.0121856 0)
(0.0999541 -1.79711e-05 0)
(0.100095 4.77813e-05 0)
(0.10005 -9.20074e-06 0)
(0.100249 0.000106242 0)
(0.100357 3.07079e-05 0)
(0.100493 0.000223674 0)
(0.100727 0.000120409 0)
(0.100898 0.000368701 0)
(0.101178 0.000301044 0)
(0.101254 0.000552984 0)
(0.101692 0.000590699 0)
(0.101835 0.000771619 0)
(0.102067 0.00094097 0)
(0.102378 0.00109583 0)
(0.102705 0.00140012 0)
(0.103006 0.0015943 0)
(0.103267 0.00194501 0)
(0.103579 0.00222562 0)
(0.104082 0.00262427 0)
(0.104359 0.00301916 0)
(0.104794 0.00362801 0)
(0.105264 0.00402515 0)
(0.105746 0.00483597 0)
(0.106359 0.00534434 0)
(0.106915 0.00621473 0)
(0.107571 0.00691296 0)
(0.108398 0.00792745 0)
(0.109258 0.00879222 0)
(0.110261 0.00998221 0)
(0.111406 0.010984 0)
(0.0999631 -3.87323e-05 0)
(0.100089 -1.5385e-05 0)
(0.100075 -0.000110859 0)
(0.100269 -3.24775e-05 0)
(0.100407 -0.000137282 0)
(0.100554 2.38867e-05 0)
(0.100803 -8.90067e-05 0)
(0.101003 0.000122154 0)
(0.101275 5.69835e-05 0)
(0.1014 0.000270341 0)
(0.101821 0.000310877 0)
(0.102019 0.000477304 0)
(0.102249 0.000607385 0)
(0.102599 0.000790922 0)
(0.102963 0.00102149 0)
(0.103283 0.00126278 0)
(0.103594 0.00154322 0)
(0.103942 0.00184128 0)
(0.104489 0.00218764 0)
(0.104826 0.00257322 0)
(0.105297 0.00310401 0)
(0.105837 0.00352693 0)
(0.106386 0.00420993 0)
(0.107048 0.00474545 0)
(0.107698 0.00548261 0)
(0.108394 0.00614453 0)
(0.109289 0.00699832 0)
(0.110203 0.00778308 0)
(0.11125 0.00878468 0)
(0.112427 0.00965851 0)
(0.0999713 -6.0521e-05 0)
(0.100084 -8.45887e-05 0)
(0.100102 -0.000213176 0)
(0.100295 -0.000170228 0)
(0.100465 -0.000291065 0)
(0.100626 -0.000153451 0)
(0.100895 -0.000265326 0)
(0.101123 -7.91903e-05 0)
(0.101393 -0.000143088 0)
(0.101567 5.08917e-05 0)
(0.101978 8.41478e-05 0)
(0.102223 0.000249262 0)
(0.102465 0.000339745 0)
(0.102844 0.000543879 0)
(0.103253 0.000713605 0)
(0.103581 0.000982496 0)
(0.103942 0.00119256 0)
(0.10433 0.00151293 0)
(0.104904 0.00178806 0)
(0.105313 0.00217171 0)
(0.105807 0.00261337 0)
(0.106403 0.00304436 0)
(0.107026 0.00360939 0)
(0.107713 0.00416095 0)
(0.108442 0.00476633 0)
(0.10918 0.00540707 0)
(0.110111 0.00610904 0)
(0.111068 0.00683059 0)
(0.112143 0.00764252 0)
(0.113327 0.00841801 0)
(0.0999787 -9.18362e-05 0)
(0.10009 -0.000190519 0)
(0.100149 -0.000367046 0)
(0.100358 -0.00038351 0)
(0.100567 -0.000523472 0)
(0.100754 -0.000429051 0)
(0.101042 -0.000536285 0)
(0.1013 -0.000395932 0)
(0.101568 -0.000458182 0)
(0.101782 -0.000302161 0)
(0.102186 -0.00027733 0)
(0.102467 -0.000135556 0)
(0.102725 -7.59423e-05 0)
(0.10313 0.000121181 0)
(0.103568 0.000252347 0)
(0.10391 0.000508264 0)
(0.104307 0.00068715 0)
(0.104745 0.000982945 0)
(0.10534 0.0012267 0)
(0.105801 0.0015729 0)
(0.10632 0.00195321 0)
(0.106961 0.00237139 0)
(0.107643 0.00285283 0)
(0.108367 0.00337734 0)
(0.10916 0.00389909 0)
(0.109938 0.00447231 0)
(0.110896 0.00507069 0)
(0.111874 0.00569624 0)
(0.112958 0.00637138 0)
(0.114125 0.00703399 0)
(0.0999843 -0.000117474 0)
(0.100098 -0.000274198 0)
(0.100202 -0.000473216 0)
(0.100439 -0.000520903 0)
(0.100696 -0.000653988 0)
(0.100916 -0.000584786 0)
(0.101226 -0.000681826 0)
(0.10151 -0.000578254 0)
(0.101783 -0.000640838 0)
(0.102034 -0.000515203 0)
(0.102436 -0.000497617 0)
(0.102748 -0.000377451 0)
(0.103039 -0.000334605 0)
(0.103466 -0.000145899 0)
(0.103935 -4.44143e-05 0)
(0.104289 0.000190822 0)
(0.104721 0.000340425 0)
(0.105208 0.000619272 0)
(0.105827 0.000829549 0)
(0.106331 0.00113159 0)
(0.106889 0.00144564 0)
(0.107551 0.00183083 0)
(0.108291 0.00223008 0)
(0.109031 0.00272257 0)
(0.109876 0.00317638 0)
(0.110691 0.00370598 0)
(0.111675 0.00422855 0)
(0.112656 0.00478183 0)
(0.113756 0.00533273 0)
(0.114876 0.00589215 0)
(0.0999891 -0.000206749 0)
(0.100135 -0.000526151 0)
(0.100309 -0.000804557 0)
(0.100597 -0.000908325 0)
(0.1009 -0.00103893 0)
(0.101149 -0.000999889 0)
(0.101474 -0.00108817 0)
(0.101782 -0.00102808 0)
(0.102061 -0.00108925 0)
(0.102341 -0.0009867 0)
(0.102747 -0.000972464 0)
(0.103084 -0.000877784 0)
(0.103423 -0.000847536 0)
(0.10385 -0.00067483 0)
(0.104339 -0.00059153 0)
(0.104688 -0.000396147 0)
(0.105176 -0.000273989 0)
(0.105694 -4.48851e-05 0)
(0.106341 0.000129713 0)
(0.106841 0.000387045 0)
(0.107447 0.00065947 0)
(0.108099 0.00101186 0)
(0.108918 0.0013422 0)
(0.109674 0.00176517 0)
(0.110612 0.00214948 0)
(0.111445 0.00260698 0)
(0.112486 0.00306332 0)
(0.113412 0.00354403 0)
(0.114533 0.00400645 0)
(0.115553 0.00447788 0)
(0.0999884 -0.000231421 0)
(0.10024 -0.000595216 0)
(0.100551 -0.000852368 0)
(0.100953 -0.00096203 0)
(0.101303 -0.00106267 0)
(0.1016 -0.00106045 0)
(0.101909 -0.00115246 0)
(0.102237 -0.00113509 0)
(0.102503 -0.0011932 0)
(0.102803 -0.00112111 0)
(0.103182 -0.00112645 0)
(0.103517 -0.00107777 0)
(0.103864 -0.00104722 0)
(0.10426 -0.000900915 0)
(0.104722 -0.000849039 0)
(0.105035 -0.000716595 0)
(0.10553 -0.000621407 0)
(0.106021 -0.000418242 0)
(0.106673 -0.000256892 0)
(0.107137 -3.8566e-05 0)
(0.107783 0.000187092 0)
(0.10837 0.00047163 0)
(0.109222 0.000723346 0)
(0.109932 0.00108931 0)
(0.110936 0.00144545 0)
(0.111764 0.00189587 0)
(0.112885 0.0023489 0)
(0.113796 0.00280313 0)
(0.11499 0.0032038 0)
(0.115979 0.00358906 0)
(0.0999815 -0.000690193 0)
(0.100349 -0.0013569 0)
(0.1007 -0.00157873 0)
(0.101108 -0.00162084 0)
(0.101322 -0.00167448 0)
(0.101546 -0.00170391 0)
(0.101633 -0.00177602 0)
(0.101849 -0.00178635 0)
(0.10183 -0.00179703 0)
(0.101991 -0.00172176 0)
(0.102056 -0.00170527 0)
(0.102221 -0.00169735 0)
(0.102207 -0.0016511 0)
(0.102379 -0.00151909 0)
(0.102435 -0.00145392 0)
(0.102589 -0.00135576 0)
(0.102737 -0.00128991 0)
(0.103033 -0.00115684 0)
(0.103227 -0.0010265 0)
(0.103489 -0.000828641 0)
(0.103783 -0.000617801 0)
(0.104289 -0.000397406 0)
(0.104855 -0.000240458 0)
(0.105554 -1.3804e-05 0)
(0.106282 0.000218619 0)
(0.107138 0.000562996 0)
(0.108052 0.000933074 0)
(0.109141 0.00133955 0)
(0.110305 0.00168801 0)
(0.111673 0.0020416 0)
(0.0990198 -0.000602895 0)
(0.0984619 -0.00114126 0)
(0.0974257 -0.00128503 0)
(0.0960009 -0.00128086 0)
(0.0943817 -0.00129351 0)
(0.0927659 -0.00132128 0)
(0.0911409 -0.00134139 0)
(0.0896033 -0.00132521 0)
(0.0879649 -0.00128851 0)
(0.0865048 -0.00124693 0)
(0.0849861 -0.00123607 0)
(0.0835355 -0.00119756 0)
(0.0820117 -0.00109815 0)
(0.0807857 -0.00102367 0)
(0.0794361 -0.00102703 0)
(0.0782611 -0.00101618 0)
(0.0770002 -0.000925067 0)
(0.0760684 -0.000780892 0)
(0.0750403 -0.000677957 0)
(0.0743338 -0.00060548 0)
(0.0735541 -0.000575396 0)
(0.0731401 -0.000547995 0)
(0.072584 -0.000475602 0)
(0.0724482 -0.000305083 0)
(0.0722301 -7.25401e-05 0)
(0.0726183 0.000202792 0)
(0.0729568 0.00043832 0)
(0.0739892 0.000626565 0)
(0.0748654 0.000751224 0)
(0.0764445 0.000824714 0)
(0.0138237 0.00347559 0)
(0.0468679 0.0153176 0)
(0.0397592 0.0153476 0)
(0.0648163 0.0249845 8.65221e-22)
(0.0564803 0.0251755 7.08525e-22)
(0.0825923 0.035952 0)
(0.0652051 0.031201 2.39039e-22)
(0.100796 0.0436452 2.25979e-23)
(0.0759309 0.0375185 6.99214e-22)
(0.127368 0.0438555 0)
(0.0703052 0.0159403 0)
(0.0786182 0.0217301 0)
(0.0820154 0.0253319 0)
(0.0892834 0.0353474 0)
(0.0943245 0.0336723 0)
(0.103586 0.0458506 1.83318e-22)
(0.106327 0.0419627 4.1565e-23)
(0.119808 0.0515213 -8.31327e-23)
(0.117368 0.041529 -5.27117e-22)
(0.141442 0.0548298 -4.80439e-22)
(0.0863425 0.0194525 0)
(0.0913583 0.0253452 0)
(0.0939511 0.0309127 0)
(0.0981682 0.0296736 0)
(0.103864 0.0356497 0)
(0.10794 0.0368408 -1.83316e-22)
(0.11292 0.0425252 -4.15642e-23)
(0.124521 0.0448752 8.31288e-23)
(0.128671 0.047205 2.75347e-22)
(0.135044 0.0328782 4.80428e-22)
(0.0936977 0.0199607 -3.92271e-22)
(0.0960103 0.022855 0)
(0.100737 0.0275609 -3.13596e-22)
(0.103485 0.0313693 -2.58578e-22)
(0.107834 0.0335888 -1.83671e-22)
(0.111389 0.0380451 0)
(0.116845 0.0368859 0)
(0.125457 0.0365149 1.33063e-22)
(0.133333 0.0441133 2.7668e-22)
(0.13774 0.0372774 4.37583e-22)
(0.0985804 0.0210624 3.92273e-22)
(0.100785 0.0228929 0)
(0.103035 0.02776 3.13597e-22)
(0.106789 0.0272329 2.58579e-22)
(0.110313 0.0318897 1.83672e-22)
(0.115336 0.0323833 0)
(0.121201 0.035244 0)
(0.12637 0.0329557 -1.33064e-22)
(0.131295 0.0396849 -2.76693e-22)
(0.139505 0.0298809 -4.37587e-22)
(0.10145 0.0199946 0)
(0.103394 0.0217008 -2.82873e-22)
(0.106684 0.0251423 0)
(0.109785 0.0264491 -1.8621e-22)
(0.112954 0.0291906 0)
(0.117634 0.0301647 0)
(0.122395 0.0317444 0)
(0.126994 0.0291496 -1.51983e-22)
(0.13321 0.0337369 0)
(0.140956 0.0284166 0)
(0.104051 0.019403 2.78714e-22)
(0.106178 0.0202026 5.33541e-22)
(0.108672 0.0239197 2.0814e-22)
(0.112037 0.0238231 1.8621e-22)
(0.115206 0.0268601 0)
(0.11949 0.0265019 -2.69451e-23)
(0.123971 0.0286777 0)
(0.128617 0.0268029 1.51984e-22)
(0.133352 0.0293275 0)
(0.13956 0.0239817 0)
(0.106379 0.0180878 -2.78715e-22)
(0.108248 0.0190129 -2.50668e-22)
(0.110909 0.0216082 -2.08141e-22)
(0.11407 0.0219828 0)
(0.11699 0.0242743 0)
(0.120966 0.0241889 2.69452e-23)
(0.124992 0.0254654 0)
(0.129174 0.0235211 0)
(0.133638 0.0251697 0)
(0.138967 0.022056 0)
(0.10826 0.0168346 0)
(0.110227 0.0173803 -1.98536e-22)
(0.112646 0.0198694 0)
(0.115638 0.0198807 -1.1403e-22)
(0.118478 0.0217728 0)
(0.122097 0.0212952 0)
(0.125926 0.0226285 7.25999e-23)
(0.129778 0.0213764 1.54227e-22)
(0.133507 0.021774 0)
(0.137974 0.0184721 3.27612e-22)
(0.109974 0.0153379 0)
(0.111805 0.0159496 1.98536e-22)
(0.114156 0.0177547 0)
(0.116982 0.0179044 1.1403e-22)
(0.119725 0.0194164 0)
(0.122995 0.019121 0)
(0.12642 0.0197982 -7.26e-23)
(0.13001 0.018478 -1.54227e-22)
(0.13361 0.0188236 0)
(0.137214 0.0165537 -3.27613e-22)
(0.111398 0.0138406 9.26367e-23)
(0.113204 0.0143009 0)
(0.115434 0.0158997 0)
(0.118055 0.0159564 4.20689e-23)
(0.120666 0.0170574 0)
(0.123695 0.0167144 0)
(0.126944 0.0173922 0)
(0.130129 0.0163044 -7.38384e-23)
(0.133194 0.0161257 0)
(0.13645 0.0139398 0)
(0.112646 0.0123096 -7.86886e-24)
(0.114358 0.0127722 0)
(0.116487 0.0139644 5.63071e-23)
(0.118957 0.0140711 -5.48928e-24)
(0.121462 0.0149481 0)
(0.1242 0.0146545 0)
(0.127147 0.0149751 -3.99892e-23)
(0.130149 0.0139713 7.38385e-23)
(0.133024 0.0138133 -1.04217e-22)
(0.135806 0.012041 -1.38241e-22)
(0.113709 0.0107519 -6.63797e-24)
(0.115368 0.0111398 0)
(0.117383 0.0121435 -5.46845e-24)
(0.119668 0.0122161 -4.3939e-24)
(0.122041 0.0128502 1.11831e-23)
(0.124618 0.012566 1.27928e-23)
(0.127348 0.012842 2.13327e-25)
(0.130028 0.0119487 -6.90136e-23)
(0.132623 0.011619 4.82178e-24)
(0.135189 0.0100562 7.20737e-24)
(0.114633 0.00928953 -7.81302e-23)
(0.116211 0.00964198 0)
(0.118122 0.0104133 -5.08388e-23)
(0.120271 0.0104872 -3.21859e-23)
(0.122519 0.0109667 -1.11831e-23)
(0.124894 0.010699 -2.67206e-23)
(0.127403 0.0108077 3.9776e-23)
(0.129912 0.0100142 6.90137e-23)
(0.132319 0.00968404 9.93954e-23)
(0.134624 0.00836029 1.31035e-22)
(0.115441 0.0077405 0)
(0.116951 0.00804423 0)
(0.118748 0.00867404 0)
(0.12074 0.00873511 0)
(0.122858 0.00908711 0)
(0.125086 0.00883803 1.39278e-23)
(0.127416 0.00888825 0)
(0.129713 0.00820114 0)
(0.131948 0.00784124 0)
(0.134097 0.00671369 0)
(0.116184 0.00644042 0)
(0.1176 0.0066912 0)
(0.119306 0.00716524 0)
(0.121151 0.00720085 0)
(0.123158 0.00743312 0)
(0.125217 0.00718879 7.27958e-24)
(0.127398 0.00714461 0)
(0.129533 0.0065404 0)
(0.131639 0.00618407 0)
(0.133622 0.00523486 0)
(0.116867 0.00491874 0)
(0.118128 0.00514193 0)
(0.11976 0.00551445 1.88462e-23)
(0.121388 0.00555029 0)
(0.123319 0.00570325 2.59435e-24)
(0.125175 0.00549337 -7.27959e-24)
(0.127272 0.00540899 0)
(0.129202 0.00490707 -2.94903e-23)
(0.131235 0.00456792 0)
(0.133033 0.00379468 0)
(0.117317 0.00389497 0)
(0.118284 0.00403787 0)
(0.119924 0.00424722 -1.88462e-23)
(0.121208 0.00421996 0)
(0.123149 0.00423903 -2.59436e-24)
(0.12463 0.00401691 0)
(0.126727 0.0038516 0)
(0.128256 0.00340858 2.94904e-23)
(0.130284 0.00306837 0)
(0.131637 0.00244051 0)
(0.113107 0.00227742 -7.26482e-24)
(0.113753 0.00241114 -5.96922e-24)
(0.115513 0.00253434 -4.45257e-24)
(0.116362 0.00252478 0)
(0.11839 0.00248992 -6.70179e-25)
(0.119294 0.00233334 0)
(0.121419 0.00216137 4.11944e-24)
(0.122176 0.00184928 0)
(0.124161 0.00155946 9.79023e-24)
(0.124505 0.0011378 1.28719e-23)
(0.0777109 0.000817798 7.26399e-24)
(0.0785361 0.000766454 5.96848e-24)
(0.0800835 0.000701223 4.45199e-24)
(0.080971 0.00062072 0)
(0.082612 0.000524678 6.70083e-25)
(0.0833282 0.000413573 0)
(0.0848576 0.000276485 -4.11878e-24)
(0.0851315 0.000124054 0)
(0.0863001 -4.91309e-05 -9.78846e-24)
(0.085809 -0.000224013 -1.28695e-23)
(0.0075117 0.00106778 0)
(0.0109787 0.00556867 0)
(0.00398602 0.00537967 0)
(-0.00466643 0.00750949 0)
(-0.046666 0.0176896 0)
(-0.0877114 0.0147161 0)
(-0.119614 0.011129 0)
(-0.13117 0.00477172 0)
(-0.136869 0.00207269 0)
(-0.130542 -0.00157627 0)
(-0.122966 -0.00310153 0)
(-0.105955 -0.00501042 0)
(-0.089767 -0.0061739 0)
(-0.0667849 -0.00748852 0)
(-0.0434164 -0.00755756 0)
(-0.0201635 -0.00671459 0)
(0.00114131 -0.00579464 0)
(0.0188109 -0.00450754 0)
(0.0333084 -0.00327926 0)
(0.0445642 -0.00215769 0)
(0.0529852 -0.00117813 0)
(0.0589141 -0.00031881 0)
(0.0626011 0.00041481 0)
(0.0642838 0.000993203 0)
(0.0643324 0.00139504 0)
(0.0632377 0.0015888 0)
(0.061413 0.00159247 0)
(0.0592613 0.00146458 0)
(0.0570365 0.00126336 0)
(0.0549756 0.00103121 0)
(0.0531273 0.000802667 0)
(0.0515912 0.000597596 0)
(0.0502948 0.000429553 0)
(0.0492794 0.000297851 0)
(0.0484442 0.000204254 0)
(0.0477997 0.000135523 0)
(0.0472939 9.39815e-05 0)
(0.0468612 6.15275e-05 0)
(0.0466055 4.78626e-05 0)
(0.0462341 3.40801e-05 0)
(0.00624554 -0.0153634 0)
(0.0122455 -0.00273287 0)
(0.00243718 0.00576907 0)
(-0.0391793 0.0301655 0)
(-0.0761005 0.0384218 0)
(-0.104807 0.0342324 0)
(-0.125245 0.0208602 0)
(-0.129393 0.0084874 0)
(-0.13212 -0.00165269 0)
(-0.121367 -0.00932594 0)
(-0.113268 -0.0147585 0)
(-0.0948531 -0.0194463 0)
(-0.0785384 -0.0223407 0)
(-0.0548198 -0.0261233 0)
(-0.0319973 -0.027024 0)
(-0.00783427 -0.0249171 0)
(0.0136882 -0.0220467 0)
(0.0317219 -0.0183785 0)
(0.046848 -0.0148726 0)
(0.059203 -0.0116532 0)
(0.0691108 -0.00879755 0)
(0.0770627 -0.0062721 0)
(0.0832412 -0.00404861 0)
(0.0877683 -0.00215221 0)
(0.0906772 -0.000624875 0)
(0.0923805 0.000496507 0)
(0.0931837 0.00122225 0)
(0.093569 0.00161253 0)
(0.0936407 0.00175463 0)
(0.0936607 0.00170866 0)
(0.093546 0.0015742 0)
(0.0934553 0.00137893 0)
(0.0932653 0.00119294 0)
(0.0930914 0.000990085 0)
(0.092857 0.000836878 0)
(0.0926117 0.000667926 0)
(0.0923888 0.000567189 0)
(0.0920958 0.000431795 0)
(0.0919547 0.000382277 0)
(0.0916224 0.000274474 0)
(0.00101672 -0.0112196 0)
(-0.016385 0.00979686 0)
(-0.0364761 0.0410343 0)
(-0.0548976 0.0584541 0)
(-0.0720453 0.0617192 0)
(-0.0848151 0.0491639 0)
(-0.0970647 0.0309096 0)
(-0.0988521 0.0114392 0)
(-0.0987407 -0.00340743 0)
(-0.0896329 -0.0156658 0)
(-0.0805246 -0.0228102 0)
(-0.0661034 -0.0300529 0)
(-0.0514621 -0.0355637 0)
(-0.0316871 -0.0414043 0)
(-0.0113496 -0.0427327 0)
(0.0103441 -0.0402242 0)
(0.0293344 -0.0349508 0)
(0.0443789 -0.0288926 0)
(0.0565815 -0.0233707 0)
(0.0667373 -0.0184471 0)
(0.0748089 -0.0142169 0)
(0.0812813 -0.0105919 0)
(0.0867646 -0.00736591 0)
(0.0916122 -0.00443932 0)
(0.0954077 -0.00198669 0)
(0.0980541 -0.000240801 0)
(0.0995413 0.000770515 0)
(0.100425 0.00120021 0)
(0.100915 0.00129645 0)
(0.101428 0.00119719 0)
(0.101873 0.00105188 0)
(0.102422 0.000878901 0)
(0.10286 0.000763005 0)
(0.103314 0.000640481 0)
(0.10361 0.000587719 0)
(0.103869 0.000499015 0)
(0.104 0.000475666 0)
(0.104079 0.000389911 0)
(0.104109 0.000377097 0)
(0.104083 0.00029126 0)
(0.00322484 -0.00507977 0)
(-0.0130956 0.0263231 0)
(-0.0147972 0.0381502 0)
(-0.0358525 0.0590362 0)
(-0.0447511 0.0598385 0)
(-0.0529826 0.0505958 0)
(-0.0598534 0.0327026 0)
(-0.0612265 0.0108057 0)
(-0.0604666 -0.00804584 0)
(-0.0527776 -0.022773 0)
(-0.0435467 -0.0322415 0)
(-0.0315198 -0.0400331 0)
(-0.0189006 -0.0471953 0)
(-0.0040295 -0.0547242 0)
(0.0129814 -0.0578144 0)
(0.0302699 -0.0545386 0)
(0.0466626 -0.0466326 0)
(0.0590604 -0.0378828 0)
(0.0674978 -0.030737 0)
(0.0747693 -0.0245031 0)
(0.0811883 -0.0189268 0)
(0.0857614 -0.0145453 0)
(0.0888099 -0.0112406 0)
(0.0918439 -0.0082386 0)
(0.0952696 -0.00519773 0)
(0.098738 -0.00245721 0)
(0.10138 -0.00046803 0)
(0.103095 0.000606733 0)
(0.103878 0.000977361 0)
(0.10428 0.00093759 0)
(0.104427 0.000780274 0)
(0.104691 0.00058854 0)
(0.104911 0.000482287 0)
(0.105267 0.000388449 0)
(0.10552 0.000388175 0)
(0.105826 0.000348109 0)
(0.105988 0.000382488 0)
(0.106175 0.00033508 0)
(0.106233 0.000359493 0)
(0.106333 0.000294454 0)
(0.00720739 -0.0051613 0)
(-0.0175207 0.0205507 0)
(-0.0201103 0.0497179 0)
(-0.0174634 0.0732327 0)
(-0.0118626 0.0736693 0)
(-0.0113609 0.0634775 0)
(-0.0143292 0.0412953 0)
(-0.0139637 0.0147256 0)
(-0.0125191 -0.00869903 0)
(-0.00630894 -0.0280573 0)
(0.00232186 -0.0393829 0)
(0.0126237 -0.0475741 0)
(0.0216435 -0.0556843 0)
(0.0325777 -0.0646163 0)
(0.0432603 -0.0680367 0)
(0.053017 -0.0649535 0)
(0.0627413 -0.0556499 0)
(0.0724166 -0.0435517 0)
(0.0777056 -0.0344556 0)
(0.0804311 -0.0283314 0)
(0.0844833 -0.022138 0)
(0.088957 -0.0159628 0)
(0.0912212 -0.01162 0)
(0.0917799 -0.00906204 0)
(0.0925002 -0.00698417 0)
(0.0945729 -0.00468292 0)
(0.0974843 -0.00238704 0)
(0.100504 -0.000601911 0)
(0.102794 0.000447235 0)
(0.104354 0.00081645 0)
(0.105123 0.000793206 0)
(0.105576 0.000571417 0)
(0.105739 0.000386532 0)
(0.105959 0.000234329 0)
(0.106068 0.000212631 0)
(0.106275 0.000183655 0)
(0.106363 0.00023669 0)
(0.106511 0.000219806 0)
(0.106546 0.000255351 0)
(0.106631 0.000209512 0)
(0.00768515 0.00245121 0)
(-0.00867343 0.0514175 0)
(0.0114558 0.0419286 0)
(0.0118369 0.060109 0)
(0.0205217 0.0573075 0)
(0.0244671 0.0494181 0)
(0.030887 0.0319654 0)
(0.0349275 0.00870375 0)
(0.0386198 -0.0140952 0)
(0.0443582 -0.0337989 0)
(0.0510436 -0.0459244 0)
(0.0571061 -0.0527808 0)
(0.0654043 -0.0598042 0)
(0.0712948 -0.0686937 0)
(0.0756932 -0.0730592 0)
(0.0794661 -0.0692689 0)
(0.0799687 -0.0607844 0)
(0.0828401 -0.0481993 0)
(0.0871293 -0.0357835 0)
(0.0873628 -0.0289009 0)
(0.0865904 -0.02481 0)
(0.0888373 -0.0192239 0)
(0.0920785 -0.0130773 0)
(0.0933303 -0.00892322 0)
(0.0925984 -0.00698493 0)
(0.0920556 -0.00586553 0)
(0.0928934 -0.00460247 0)
(0.0952478 -0.00312921 0)
(0.0981784 -0.00172835 0)
(0.101073 -0.000705817 0)
(0.103258 -9.72932e-05 0)
(0.104808 0.000127753 0)
(0.105639 0.000188257 0)
(0.106157 0.000131607 0)
(0.106335 0.000143383 0)
(0.106499 0.000119536 0)
(0.106516 0.000204708 0)
(0.106601 0.000201474 0)
(0.106591 0.000274923 0)
(0.106651 0.000235198 0)
(-0.0556984 -0.00467457 0)
(0.000753369 0.0138406 0)
(0.00289064 0.0288773 0)
(0.039236 0.0617032 0)
(0.0590486 0.0644013 0)
(0.0716291 0.0581846 0)
(0.0808959 0.0385145 0)
(0.0862856 0.0123266 0)
(0.0886312 -0.0127034 0)
(0.0903814 -0.0340906 0)
(0.0900373 -0.0481543 0)
(0.0905311 -0.0560206 0)
(0.0941917 -0.0627123 0)
(0.0993196 -0.0698385 0)
(0.0979527 -0.0740355 0)
(0.0962031 -0.0686655 0)
(0.093667 -0.0585763 0)
(0.089005 -0.0491882 0)
(0.0897459 -0.0378453 0)
(0.0922863 -0.0278063 0)
(0.0913284 -0.0228286 0)
(0.0898431 -0.0195627 0)
(0.090928 -0.0147095 0)
(0.0932163 -0.00945361 0)
(0.0942082 -0.00610641 0)
(0.0937863 -0.00493708 0)
(0.0931166 -0.00475059 0)
(0.093473 -0.00447152 0)
(0.0949524 -0.00375555 0)
(0.0973479 -0.00280138 0)
(0.0998988 -0.00184599 0)
(0.102298 -0.00110541 0)
(0.104074 -0.000555846 0)
(0.105358 -0.000251021 0)
(0.106043 -2.30607e-05 0)
(0.106468 6.11667e-05 0)
(0.106594 0.000164607 0)
(0.106674 0.000158828 0)
(0.106655 0.000206001 0)
(0.106641 0.00015107 0)
(0.10718 0.038558 0)
(0.0773551 0.0179855 0)
(0.0494606 0.0154665 0)
(0.0549588 0.0253037 0)
(0.0744561 0.0322553 0)
(0.0912307 0.0333233 0)
(0.106127 0.0220927 0)
(0.115556 0.00425153 0)
(0.120035 -0.0159777 0)
(0.1194 -0.0351431 0)
(0.117198 -0.0489642 0)
(0.116287 -0.0572908 0)
(0.118016 -0.065646 0)
(0.121482 -0.0712581 0)
(0.118363 -0.0717522 0)
(0.107898 -0.0661529 0)
(0.100995 -0.0542284 0)
(0.0947432 -0.0442536 0)
(0.0899966 -0.0376704 0)
(0.0906585 -0.0302127 0)
(0.0928817 -0.0233134 0)
(0.0931244 -0.0188469 0)
(0.0927152 -0.0152697 0)
(0.0937272 -0.0111429 0)
(0.095723 -0.00731395 0)
(0.097514 -0.00497237 0)
(0.0983175 -0.00423713 0)
(0.0984445 -0.00435679 0)
(0.0983506 -0.00452273 0)
(0.098709 -0.00434409 0)
(0.0995756 -0.00375028 0)
(0.101014 -0.0029529 0)
(0.102556 -0.00206854 0)
(0.104061 -0.00132979 0)
(0.105156 -0.000679938 0)
(0.105938 -0.00029298 0)
(0.106318 5.29347e-05 0)
(0.106535 0.000161211 0)
(0.106584 0.000307591 0)
(0.106603 0.000252924 0)
(0.14062 0.0478077 0)
(0.135611 0.0438046 0)
(0.126774 0.0412272 0)
(0.11805 0.0388176 0)
(0.119522 0.0350663 0)
(0.124611 0.0306712 0)
(0.133253 0.0183394 0)
(0.140482 0.00191671 0)
(0.1441 -0.015572 0)
(0.144669 -0.033163 0)
(0.142851 -0.0477935 0)
(0.142241 -0.0573433 0)
(0.142369 -0.0654261 0)
(0.138602 -0.0696097 0)
(0.132084 -0.0650645 0)
(0.120381 -0.0568916 0)
(0.108561 -0.0485885 0)
(0.102372 -0.0400062 0)
(0.0984482 -0.0335686 0)
(0.0956031 -0.0288585 0)
(0.0948683 -0.0241323 0)
(0.0955181 -0.0193751 0)
(0.0963216 -0.0151911 0)
(0.0971399 -0.0116808 0)
(0.098247 -0.00892033 0)
(0.0999434 -0.00691607 0)
(0.102001 -0.0055144 0)
(0.104004 -0.00450526 0)
(0.105194 -0.00383618 0)
(0.105447 -0.00351851 0)
(0.104951 -0.00336659 0)
(0.104434 -0.00317767 0)
(0.104169 -0.00272451 0)
(0.104409 -0.00211607 0)
(0.104856 -0.00137778 0)
(0.105452 -0.00078978 0)
(0.105909 -0.000279546 0)
(0.106239 -5.01315e-05 0)
(0.106399 0.000136732 0)
(0.106449 0.000117536 0)
(0.142882 0.0370333 0)
(0.150892 0.0374708 0)
(0.15225 0.0339139 0)
(0.15205 0.0316657 0)
(0.157122 0.0292649 0)
(0.161504 0.0254746 0)
(0.166951 0.0133278 0)
(0.170748 -0.00212077 0)
(0.17369 -0.0163728 0)
(0.173115 -0.03205 0)
(0.166636 -0.0468116 0)
(0.161062 -0.0560239 0)
(0.155598 -0.0609782 0)
(0.143644 -0.0633842 0)
(0.128347 -0.0597319 0)
(0.117614 -0.0499096 0)
(0.110935 -0.0417193 0)
(0.106815 -0.0376683 0)
(0.105527 -0.0336902 0)
(0.105265 -0.0281233 0)
(0.103661 -0.0231957 0)
(0.101333 -0.0197596 0)
(0.100531 -0.0164721 0)
(0.101813 -0.012632 0)
(0.103437 -0.0093922 0)
(0.104008 -0.00776949 0)
(0.103762 -0.00731604 0)
(0.103979 -0.00684115 0)
(0.105123 -0.00576311 0)
(0.106819 -0.00438475 0)
(0.1081 -0.00321346 0)
(0.108575 -0.00254043 0)
(0.108185 -0.00216398 0)
(0.107476 -0.00192785 0)
(0.106745 -0.00151668 0)
(0.106312 -0.00110485 0)
(0.106074 -0.000535425 0)
(0.10608 -0.000201975 0)
(0.10611 0.000156374 0)
(0.106253 0.000222705 0)
(0.142778 0.036178 0)
(0.151683 0.0357866 0)
(0.15549 0.0342567 0)
(0.15903 0.0300515 0)
(0.164712 0.0267521 0)
(0.172191 0.0233381 0)
(0.17964 0.0121416 0)
(0.181425 -0.00264349 0)
(0.183018 -0.0154584 0)
(0.182252 -0.0266918 0)
(0.172725 -0.039153 0)
(0.161134 -0.0497845 0)
(0.151216 -0.0533714 0)
(0.139689 -0.0509483 0)
(0.127062 -0.0476408 0)
(0.117987 -0.0444667 0)
(0.115186 -0.0395735 0)
(0.113807 -0.0349212 0)
(0.110271 -0.0320376 0)
(0.107692 -0.0277811 0)
(0.107228 -0.0217152 0)
(0.106059 -0.0173755 0)
(0.103814 -0.0156944 0)
(0.103159 -0.0139102 0)
(0.104918 -0.0105244 0)
(0.106822 -0.00701999 0)
(0.106436 -0.00530861 0)
(0.104093 -0.005342 0)
(0.101746 -0.00574289 0)
(0.101 -0.00548126 0)
(0.101935 -0.00441836 0)
(0.103896 -0.00304463 0)
(0.105844 -0.00177623 0)
(0.107231 -0.000951889 0)
(0.107761 -0.000446351 0)
(0.107741 -0.00026545 0)
(0.107362 -0.000118514 0)
(0.10695 -8.9684e-05 0)
(0.106601 5.30019e-08 0)
(0.106288 -5.3872e-06 0)
(0.144763 0.0262845 0)
(0.149889 0.0306181 0)
(0.155141 0.0304044 0)
(0.158603 0.0248947 0)
(0.162248 0.0202956 0)
(0.170303 0.0148717 0)
(0.177901 0.00650624 0)
(0.180218 -0.00449708 0)
(0.178597 -0.0159017 0)
(0.176198 -0.0246215 0)
(0.170592 -0.0330459 0)
(0.159557 -0.0418419 0)
(0.148557 -0.0462591 0)
(0.140305 -0.0456978 0)
(0.133446 -0.0430006 0)
(0.125978 -0.0408067 0)
(0.119436 -0.0388271 0)
(0.116186 -0.0343612 0)
(0.112745 -0.0292421 0)
(0.107483 -0.0255835 0)
(0.104417 -0.0216285 0)
(0.10479 -0.0170531 0)
(0.10539 -0.0142793 0)
(0.104402 -0.0135024 0)
(0.103391 -0.012216 0)
(0.10385 -0.00904908 0)
(0.104882 -0.00547682 0)
(0.104973 -0.00351342 0)
(0.103664 -0.00361823 0)
(0.101788 -0.00476601 0)
(0.100355 -0.00567426 0)
(0.100043 -0.00572693 0)
(0.100796 -0.00483628 0)
(0.102244 -0.00348019 0)
(0.103802 -0.00196357 0)
(0.10507 -0.000831323 0)
(0.105907 6.73686e-05 0)
(0.1063 0.000383948 0)
(0.106497 0.000663367 0)
(0.106423 0.000470639 0)
(0.142825 0.0249981 0)
(0.145851 0.02822 0)
(0.15244 0.0273399 0)
(0.156591 0.0219613 0)
(0.160784 0.0161878 0)
(0.166478 0.0106597 0)
(0.171858 0.00422055 0)
(0.174191 -0.00331726 0)
(0.17144 -0.0120906 0)
(0.168285 -0.0208511 0)
(0.165388 -0.027392 0)
(0.157691 -0.0333728 0)
(0.147822 -0.0382448 0)
(0.139866 -0.039253 0)
(0.133392 -0.0375074 0)
(0.127885 -0.0346111 0)
(0.121593 -0.0320073 0)
(0.115503 -0.0291592 0)
(0.112458 -0.0248877 0)
(0.110859 -0.0210344 0)
(0.108647 -0.0191774 0)
(0.107152 -0.0176059 0)
(0.107359 -0.0149212 0)
(0.107517 -0.0119059 0)
(0.106111 -0.00960888 0)
(0.104093 -0.00774176 0)
(0.103227 -0.00587144 0)
(0.104084 -0.0042139 0)
(0.105916 -0.00314528 0)
(0.107543 -0.00273339 0)
(0.10805 -0.00277455 0)
(0.107406 -0.00302615 0)
(0.106122 -0.0031279 0)
(0.104947 -0.00297899 0)
(0.104194 -0.00243683 0)
(0.104046 -0.00180156 0)
(0.104168 -0.00104441 0)
(0.104561 -0.000546555 0)
(0.104777 -0.000118063 0)
(0.105207 2.67874e-05 0)
(0.141261 0.0212213 0)
(0.144581 0.0236367 0)
(0.150696 0.022939 0)
(0.155518 0.0179377 0)
(0.158863 0.0127503 0)
(0.162327 0.0072578 0)
(0.165645 0.00140341 0)
(0.166907 -0.00354465 0)
(0.16606 -0.0104587 0)
(0.162983 -0.0191958 0)
(0.159463 -0.0249356 0)
(0.155487 -0.0286503 0)
(0.148161 -0.0329403 0)
(0.13985 -0.0350859 0)
(0.133162 -0.034322 0)
(0.128125 -0.0324267 0)
(0.124586 -0.0298654 0)
(0.12059 -0.0276963 0)
(0.116361 -0.0260909 0)
(0.114495 -0.0232811 0)
(0.114312 -0.0194539 0)
(0.112923 -0.0166065 0)
(0.110195 -0.0150271 0)
(0.108208 -0.0130691 0)
(0.107816 -0.0101153 0)
(0.108088 -0.00720943 0)
(0.10799 -0.00569422 0)
(0.107396 -0.00575399 0)
(0.106899 -0.00641918 0)
(0.107084 -0.00659311 0)
(0.108028 -0.00588108 0)
(0.109242 -0.00465485 0)
(0.110102 -0.00334439 0)
(0.11024 -0.00230603 0)
(0.109692 -0.00142827 0)
(0.108754 -0.000823567 0)
(0.107828 -0.000274054 0)
(0.107066 -4.30513e-05 0)
(0.106606 0.000201872 0)
(0.106215 0.000161648 0)
(0.140991 0.0194616 0)
(0.143539 0.0200775 0)
(0.148769 0.0191542 0)
(0.153331 0.0152831 0)
(0.156144 0.0107055 0)
(0.158816 0.00564385 0)
(0.160184 0.000917626 0)
(0.161204 -0.00346957 0)
(0.162179 -0.00886853 0)
(0.159401 -0.0155773 0)
(0.154663 -0.0218172 0)
(0.151522 -0.0253028 0)
(0.146885 -0.0270062 0)
(0.140058 -0.0284276 0)
(0.134552 -0.0289795 0)
(0.129491 -0.0286118 0)
(0.124434 -0.0268241 0)
(0.12136 -0.0232462 0)
(0.11896 -0.0203568 0)
(0.115487 -0.0193745 0)
(0.112635 -0.0177729 0)
(0.111453 -0.0142213 0)
(0.11042 -0.0109975 0)
(0.108562 -0.00972794 0)
(0.107095 -0.00921346 0)
(0.107229 -0.00766236 0)
(0.108437 -0.00516215 0)
(0.108952 -0.00314257 0)
(0.107725 -0.0026185 0)
(0.105211 -0.00329377 0)
(0.102732 -0.00410507 0)
(0.101198 -0.00428576 0)
(0.100773 -0.00361231 0)
(0.101121 -0.00250457 0)
(0.101836 -0.00129376 0)
(0.10267 -0.000450334 0)
(0.103341 0.00017387 0)
(0.103986 0.000331719 0)
(0.104323 0.000483024 0)
(0.104819 0.000295516 0)
(0.140257 0.0169709 0)
(0.142717 0.0171448 0)
(0.146974 0.0157095 0)
(0.150552 0.0123888 0)
(0.153457 0.00861109 0)
(0.155728 0.00447992 0)
(0.156447 -6.68432e-05 0)
(0.156818 -0.00457729 0)
(0.157407 -0.00848331 0)
(0.156667 -0.0130757 0)
(0.152884 -0.0187788 0)
(0.147949 -0.0226832 0)
(0.144344 -0.0241984 0)
(0.140195 -0.0256787 0)
(0.135104 -0.0262994 0)
(0.130712 -0.0248168 0)
(0.126315 -0.023661 0)
(0.122289 -0.0232687 0)
(0.120255 -0.0212909 0)
(0.118635 -0.0181612 0)
(0.115625 -0.0161206 0)
(0.112767 -0.0147923 0)
(0.111982 -0.0128232 0)
(0.112233 -0.0105411 0)
(0.11152 -0.00904911 0)
(0.109607 -0.00819593 0)
(0.108033 -0.00707048 0)
(0.107791 -0.00542685 0)
(0.108703 -0.00389026 0)
(0.10976 -0.00308032 0)
(0.110124 -0.0029867 0)
(0.109497 -0.00322054 0)
(0.108336 -0.00328056 0)
(0.107126 -0.0030407 0)
(0.106248 -0.00246311 0)
(0.105713 -0.0018386 0)
(0.105494 -0.00118702 0)
(0.105443 -0.000729947 0)
(0.105472 -0.000372746 0)
(0.105566 -0.000186984 0)
(0.139373 0.0150053 0)
(0.141888 0.0142027 0)
(0.145295 0.0130598 0)
(0.14848 0.0103552 0)
(0.150849 0.0067593 0)
(0.152537 0.00346529 0)
(0.15386 0.000159981 0)
(0.153981 -0.00400565 0)
(0.153159 -0.00847495 0)
(0.152721 -0.0120432 0)
(0.151072 -0.0153016 0)
(0.146775 -0.0190162 0)
(0.142529 -0.0214157 0)
(0.139285 -0.021824 0)
(0.134961 -0.0222883 0)
(0.13056 -0.0225044 0)
(0.127826 -0.0209641 0)
(0.12494 -0.0190262 0)
(0.121107 -0.0179195 0)
(0.118245 -0.0163086 0)
(0.116935 -0.0138187 0)
(0.115643 -0.0118498 0)
(0.11379 -0.0108794 0)
(0.112082 -0.00967337 0)
(0.111047 -0.00752288 0)
(0.110265 -0.00515102 0)
(0.109432 -0.00368567 0)
(0.108554 -0.00343403 0)
(0.107883 -0.00386292 0)
(0.107355 -0.00419174 0)
(0.106943 -0.00392483 0)
(0.106457 -0.00311786 0)
(0.105956 -0.00205908 0)
(0.105444 -0.00114998 0)
(0.10506 -0.000422951 0)
(0.104819 -3.27933e-05 0)
(0.104707 0.000264794 0)
(0.104736 0.000288015 0)
(0.104748 0.000373422 0)
(0.104883 0.000212698 0)
(0.138819 0.0128482 0)
(0.140994 0.0120958 0)
(0.143726 0.0106451 0)
(0.146506 0.00829509 0)
(0.148526 0.0056409 0)
(0.149942 0.00238518 0)
(0.150921 -0.000988268 0)
(0.151443 -0.00377579 0)
(0.151143 -0.00719696 0)
(0.149585 -0.0113023 0)
(0.147759 -0.0141883 0)
(0.145666 -0.0161316 0)
(0.142035 -0.0185476 0)
(0.138045 -0.0200259 0)
(0.135089 -0.0196501 0)
(0.131828 -0.0192994 0)
(0.128018 -0.0193541 0)
(0.125033 -0.0181162 0)
(0.122814 -0.0160077 0)
(0.120417 -0.0146585 0)
(0.118176 -0.0138002 0)
(0.116486 -0.0121099 0)
(0.114995 -0.00980349 0)
(0.113246 -0.00807209 0)
(0.111657 -0.00731916 0)
(0.110691 -0.00681342 0)
(0.110473 -0.00585005 0)
(0.110421 -0.00444422 0)
(0.110083 -0.00314683 0)
(0.109179 -0.00240396 0)
(0.108045 -0.00220442 0)
(0.106923 -0.00228319 0)
(0.106145 -0.00228849 0)
(0.105618 -0.00214683 0)
(0.105397 -0.00180095 0)
(0.105268 -0.00142268 0)
(0.105282 -0.00101016 0)
(0.105288 -0.000692996 0)
(0.105342 -0.000455046 0)
(0.105392 -0.000272979 0)
(0.137947 0.0109813 0)
(0.140071 0.00997292 0)
(0.142486 0.00868929 0)
(0.144685 0.00672955 0)
(0.146555 0.00426351 0)
(0.147997 0.00177764 0)
(0.148619 -0.000920193 0)
(0.148792 -0.00404923 0)
(0.148786 -0.00685721 0)
(0.147842 -0.00937022 0)
(0.145788 -0.0123873 0)
(0.143535 -0.0148126 0)
(0.141176 -0.0157907 0)
(0.137997 -0.0167129 0)
(0.13465 -0.0177682 0)
(0.131872 -0.0174391 0)
(0.12908 -0.0161817 0)
(0.12605 -0.0153941 0)
(0.123593 -0.0146741 0)
(0.121613 -0.013054 0)
(0.119477 -0.0110941 0)
(0.117221 -0.00970382 0)
(0.115568 -0.00876245 0)
(0.114525 -0.00755292 0)
(0.113629 -0.00594735 0)
(0.112356 -0.004413 0)
(0.110923 -0.00342069 0)
(0.109646 -0.00299171 0)
(0.108885 -0.00284287 0)
(0.108423 -0.00269672 0)
(0.10812 -0.00236328 0)
(0.107657 -0.00187833 0)
(0.107148 -0.0012917 0)
(0.10654 -0.00078926 0)
(0.106053 -0.000340581 0)
(0.105618 -8.80231e-05 0)
(0.105356 0.000140804 0)
(0.105153 0.000173357 0)
(0.105065 0.000262513 0)
(0.104979 0.000158766 0)
(0.137287 0.00915962 0)
(0.139224 0.0082292 0)
(0.141256 0.00697837 0)
(0.143228 0.00527107 0)
(0.144814 0.00327134 0)
(0.145964 0.00098331 0)
(0.146778 -0.00143618 0)
(0.146988 -0.00374908 0)
(0.146541 -0.00629321 0)
(0.145793 -0.00888765 0)
(0.144511 -0.010885 0)
(0.14231 -0.0126227 0)
(0.139878 -0.0143313 0)
(0.137594 -0.0151481 0)
(0.134923 -0.0151384 0)
(0.131933 -0.0151384 0)
(0.129405 -0.0149263 0)
(0.127139 -0.0139119 0)
(0.124652 -0.0125635 0)
(0.122178 -0.011441 0)
(0.1203 -0.0103742 0)
(0.118743 -0.00900513 0)
(0.117073 -0.00752018 0)
(0.115176 -0.00627579 0)
(0.113547 -0.00537459 0)
(0.112347 -0.00461863 0)
(0.111605 -0.00382679 0)
(0.11092 -0.00299275 0)
(0.110189 -0.00225705 0)
(0.10923 -0.00176412 0)
(0.108301 -0.00149407 0)
(0.107384 -0.00137925 0)
(0.106729 -0.00126392 0)
(0.106177 -0.00114593 0)
(0.105882 -0.000950052 0)
(0.105611 -0.000770957 0)
(0.105518 -0.000564959 0)
(0.105384 -0.00041007 0)
(0.105374 -0.000290887 0)
(0.105304 -0.000186685 0)
(0.136587 0.00752514 0)
(0.13841 0.00660968 0)
(0.140241 0.00548907 0)
(0.141927 0.00404127 0)
(0.143358 0.00231025 0)
(0.144441 0.000426942 0)
(0.145028 -0.00160559 0)
(0.145214 -0.00375147 0)
(0.14503 -0.00582877 0)
(0.144199 -0.00780791 0)
(0.142885 -0.00975479 0)
(0.141332 -0.0113205 0)
(0.13934 -0.012348 0)
(0.136949 -0.0131035 0)
(0.13468 -0.01354 0)
(0.132439 -0.0133491 0)
(0.129969 -0.0127392 0)
(0.127499 -0.012007 0)
(0.125414 -0.0110859 0)
(0.123428 -0.00985734 0)
(0.121357 -0.00854857 0)
(0.119286 -0.00736297 0)
(0.117554 -0.00628732 0)
(0.116064 -0.00519006 0)
(0.114758 -0.00408538 0)
(0.113398 -0.00309757 0)
(0.112112 -0.0023551 0)
(0.11087 -0.00187753 0)
(0.109924 -0.00156747 0)
(0.109114 -0.00133868 0)
(0.10851 -0.00109155 0)
(0.107858 -0.000837489 0)
(0.107322 -0.000537098 0)
(0.106732 -0.000291396 0)
(0.106308 -3.8754e-05 0)
(0.105868 9.062e-05 0)
(0.105613 0.000240703 0)
(0.105333 0.000241156 0)
(0.105228 0.00030834 0)
(0.105037 0.000206236 0)
(0.135972 0.00597653 0)
(0.137677 0.00515629 0)
(0.13932 0.00415908 0)
(0.140829 0.00291877 0)
(0.142097 0.0014726 0)
(0.143045 -0.000143239 0)
(0.143627 -0.0018807 0)
(0.143783 -0.00363961 0)
(0.143525 -0.00542697 0)
(0.14288 -0.00716376 0)
(0.141803 -0.00869642 0)
(0.1403 -0.00998446 0)
(0.138603 -0.0110098 0)
(0.136723 -0.0116116 0)
(0.134622 -0.0118021 0)
(0.132429 -0.0116831 0)
(0.130361 -0.0112444 0)
(0.128267 -0.0104528 0)
(0.126104 -0.00946463 0)
(0.123931 -0.00839742 0)
(0.121986 -0.00727664 0)
(0.120153 -0.00609979 0)
(0.118389 -0.00497537 0)
(0.116573 -0.00399264 0)
(0.114945 -0.0031789 0)
(0.113484 -0.00249722 0)
(0.112325 -0.00190284 0)
(0.11125 -0.00138345 0)
(0.110327 -0.000948168 0)
(0.109346 -0.00064996 0)
(0.108511 -0.000459441 0)
(0.107675 -0.000376201 0)
(0.107068 -0.000307717 0)
(0.106487 -0.00028248 0)
(0.106141 -0.000217224 0)
(0.105782 -0.000186519 0)
(0.105627 -0.000117231 0)
(0.105405 -8.44442e-05 0)
(0.105354 -4.14563e-05 0)
(0.1052 -1.8314e-05 0)
(0.135408 0.00457152 0)
(0.137022 0.00383857 0)
(0.138533 0.00297336 0)
(0.139894 0.00193423 0)
(0.141042 0.000724787 0)
(0.141896 -0.00062466 0)
(0.142394 -0.00207837 0)
(0.14254 -0.0035764 0)
(0.142325 -0.00506702 0)
(0.141699 -0.00649829 0)
(0.140744 -0.00781216 0)
(0.139493 -0.00889766 0)
(0.137961 -0.00970639 0)
(0.136217 -0.0102044 0)
(0.134417 -0.0103596 0)
(0.132492 -0.0101515 0)
(0.130451 -0.00965101 0)
(0.128353 -0.00890852 0)
(0.126349 -0.0079667 0)
(0.124306 -0.00686479 0)
(0.122254 -0.00572119 0)
(0.120189 -0.004639 0)
(0.118308 -0.00365777 0)
(0.116534 -0.00274914 0)
(0.114979 -0.0019272 0)
(0.11349 -0.0012372 0)
(0.112188 -0.00070626 0)
(0.11093 -0.000354343 0)
(0.109921 -0.000133499 0)
(0.108991 -6.88959e-06 0)
(0.108293 0.000108931 0)
(0.10759 0.000192034 0)
(0.107071 0.00030172 0)
(0.106516 0.000358554 0)
(0.106153 0.000443249 0)
(0.105748 0.000440696 0)
(0.105536 0.000484091 0)
(0.105257 0.00041089 0)
(0.105171 0.000425273 0)
(0.10496 0.000302106 0)
(0.13477 0.0032225 0)
(0.136322 0.00260032 0)
(0.137736 0.00188403 0)
(0.138985 0.00104372 0)
(0.140016 6.75017e-05 0)
(0.140774 -0.00104119 0)
(0.141211 -0.00223733 0)
(0.141304 -0.00347061 0)
(0.141053 -0.00471436 0)
(0.140452 -0.00590639 0)
(0.139517 -0.00698718 0)
(0.138281 -0.00789561 0)
(0.136838 -0.0085669 0)
(0.135182 -0.00892965 0)
(0.133333 -0.0089917 0)
(0.131339 -0.00874311 0)
(0.129311 -0.00818554 0)
(0.127184 -0.00735744 0)
(0.124998 -0.00638799 0)
(0.122752 -0.0053589 0)
(0.120605 -0.00429983 0)
(0.118524 -0.00324925 0)
(0.116612 -0.00229771 0)
(0.114758 -0.00148801 0)
(0.113127 -0.000831857 0)
(0.111638 -0.000333168 0)
(0.110442 3.81251e-05 0)
(0.109347 0.000303878 0)
(0.108487 0.000499255 0)
(0.107648 0.000592695 0)
(0.107009 0.000625729 0)
(0.106368 0.000579728 0)
(0.105934 0.000536689 0)
(0.105491 0.000452137 0)
(0.105246 0.000411649 0)
(0.104969 0.000333031 0)
(0.104861 0.000309213 0)
(0.104697 0.00024419 0)
(0.104666 0.000231854 0)
(0.104567 0.000177368 0)
(0.133336 0.00194183 0)
(0.13484 0.00140967 0)
(0.136169 0.000825485 0)
(0.137296 0.000158582 0)
(0.138168 -0.000600842 0)
(0.138743 -0.00146428 0)
(0.138983 -0.00240234 0)
(0.138864 -0.00337586 0)
(0.138365 -0.00436329 0)
(0.137471 -0.00532066 0)
(0.136218 -0.0061833 0)
(0.134633 -0.00688656 0)
(0.132743 -0.0073823 0)
(0.130598 -0.00763595 0)
(0.128271 -0.00758614 0)
(0.125783 -0.00718981 0)
(0.12319 -0.00650999 0)
(0.120535 -0.00563061 0)
(0.117952 -0.00461992 0)
(0.115446 -0.00354326 0)
(0.113123 -0.00249581 0)
(0.110955 -0.00156457 0)
(0.109089 -0.000794208 0)
(0.107459 -0.000166284 0)
(0.106164 0.000347401 0)
(0.105045 0.000732774 0)
(0.104221 0.000983073 0)
(0.103504 0.00109618 0)
(0.103034 0.00112568 0)
(0.102608 0.00108313 0)
(0.102384 0.00103395 0)
(0.102143 0.000954413 0)
(0.102052 0.000903281 0)
(0.101913 0.000816389 0)
(0.101893 0.000770664 0)
(0.101826 0.000668136 0)
(0.101843 0.000627327 0)
(0.10183 0.000506057 0)
(0.101857 0.00047972 0)
(0.101878 0.000347792 0)
(0.126069 0.000785896 0)
(0.127371 0.000434562 0)
(0.128416 4.20911e-05 0)
(0.12916 -0.000415314 0)
(0.129546 -0.00093665 0)
(0.12953 -0.00151968 0)
(0.129068 -0.00214971 0)
(0.128109 -0.00281607 0)
(0.126628 -0.00349604 0)
(0.124632 -0.00413893 0)
(0.122119 -0.00471882 0)
(0.119146 -0.00519815 0)
(0.115802 -0.00549372 0)
(0.112179 -0.0055807 0)
(0.108379 -0.00545686 0)
(0.10456 -0.0050832 0)
(0.10086 -0.00445013 0)
(0.0973575 -0.00363143 0)
(0.0941729 -0.00274717 0)
(0.0913834 -0.00187054 0)
(0.0891158 -0.00104476 0)
(0.0873342 -0.000316514 0)
(0.0860662 0.000271394 0)
(0.0852029 0.000698091 0)
(0.0847749 0.000980794 0)
(0.0846169 0.0011464 0)
(0.0847765 0.00122893 0)
(0.0850426 0.00124059 0)
(0.0854858 0.00120833 0)
(0.0858952 0.00112413 0)
(0.086393 0.00102177 0)
(0.0868006 0.000887731 0)
(0.0872598 0.000771084 0)
(0.087627 0.000637628 0)
(0.0880122 0.000544455 0)
(0.0883383 0.000432307 0)
(0.0886222 0.000370692 0)
(0.0889223 0.000282922 0)
(0.0890776 0.000250168 0)
(0.0893853 0.000188842 0)
(0.0863508 -0.000357553 0)
(0.0865371 -0.000450583 0)
(0.0863685 -0.000572487 0)
(0.0858215 -0.000728106 0)
(0.0848523 -0.00091844 0)
(0.083403 -0.00113611 0)
(0.0814091 -0.00136986 0)
(0.0788168 -0.0016109 0)
(0.0755986 -0.00184785 0)
(0.0717656 -0.00205248 0)
(0.0673685 -0.00219235 0)
(0.0625055 -0.00225444 0)
(0.0573383 -0.00221743 0)
(0.0520938 -0.00203453 0)
(0.0470289 -0.00170603 0)
(0.0424098 -0.00127518 0)
(0.0384607 -0.000795708 0)
(0.0353415 -0.000323188 0)
(0.0331085 9.48841e-05 0)
(0.0317289 0.000421877 0)
(0.0311237 0.000637459 0)
(0.0311495 0.000762482 0)
(0.0316695 0.000816275 0)
(0.0325295 0.000814333 0)
(0.0336163 0.000775287 0)
(0.0348101 0.000710419 0)
(0.0360594 0.000628414 0)
(0.037264 0.000538524 0)
(0.0384287 0.000454037 0)
(0.0394718 0.000380922 0)
(0.0404429 0.000323819 0)
(0.0412654 0.000278363 0)
(0.0420181 0.000245504 0)
(0.0426305 0.000216498 0)
(0.0431846 0.000195541 0)
(0.0436336 0.000170225 0)
(0.0440127 0.000153764 0)
(0.0443574 0.000125562 0)
(0.0445662 0.000114505 0)
(0.0448805 7.41525e-05 0)
)
;

boundaryField
{
    inlet
    {
        type            fixedValue;
        value           uniform (0.1 0 0);
    }
    outlet
    {
        type            zeroGradient;
    }
    lowerWall
    {
        type            noSlip;
    }
    upperWall
    {
        type            noSlip;
    }
    defaultFaces
    {
        type            empty;
    }
}


// ************************************************************************* //
