/*--------------------------------*- C++ -*----------------------------------*\
| =========                 |                                                 |
| \\      /  F ield         | OpenFOAM: The Open Source CFD Toolbox           |
|  \\    /   O peration     | Version:  2112                                  |
|   \\  /    A nd           | Website:  www.openfoam.com                      |
|    \\/     M anipulation  |                                                 |
\*---------------------------------------------------------------------------*/
FoamFile
{
    version     2.0;
    format      ascii;
    arch        "LSB;label=32;scalar=64";
    class       surfaceScalarField;
    location    "0.07";
    object      phi;
}
// * * * * * * * * * * * * * * * * * * * * * * * * * * * * * * * * * * * * * //

dimensions      [0 3 -1 0 0 0 0];

oriented        oriented;

internalField   nonuniform List<scalar> 
3653
(
9.92132e-07
7.86815e-09
9.80162e-07
1.197e-08
9.66095e-07
1.40673e-08
9.49053e-07
1.70412e-08
9.31707e-07
1.73466e-08
9.16509e-07
1.51974e-08
9.04333e-07
1.21762e-08
8.95414e-07
8.91892e-09
8.89349e-07
6.06528e-09
8.85172e-07
4.17731e-09
8.82e-07
3.17185e-09
8.79312e-07
2.68766e-09
8.76806e-07
2.50635e-09
8.74261e-07
2.54488e-09
8.71504e-07
2.75656e-09
8.68409e-07
3.0952e-09
8.64819e-07
3.58986e-09
8.60656e-07
4.16287e-09
8.55588e-07
5.06874e-09
8.49785e-07
5.80284e-09
8.42108e-07
7.67672e-09
8.34017e-07
8.09077e-09
8.21361e-07
1.26559e-08
8.10069e-07
1.12925e-08
7.87603e-07
2.24662e-08
7.70032e-07
1.75704e-08
7.29026e-07
4.10064e-08
6.92861e-07
3.61648e-08
6.09752e-07
8.3109e-08
9.64231e-08
5.13329e-07
1.00306e-06
4.80334e-09
1.00601e-06
9.01993e-09
1.00865e-06
1.14285e-08
1.01136e-06
1.43393e-08
1.01299e-06
1.57134e-08
1.0132e-06
1.49824e-08
1.01237e-06
1.30149e-08
1.01076e-06
1.05211e-08
1.00869e-06
8.13588e-09
1.00647e-06
6.39496e-09
1.00427e-06
5.38003e-09
1.00204e-06
4.90921e-09
9.99731e-07
4.81979e-09
9.97251e-07
5.02572e-09
9.94518e-07
5.48878e-09
9.91433e-07
6.18025e-09
9.87885e-07
7.13779e-09
9.83733e-07
8.31567e-09
9.78844e-07
9.95757e-09
9.72961e-07
1.16855e-08
9.65964e-07
1.46739e-08
9.57298e-07
1.67572e-08
9.46846e-07
2.3107e-08
9.33878e-07
2.4261e-08
9.17124e-07
3.92201e-08
8.97998e-07
3.66965e-08
8.69708e-07
6.92965e-08
8.40054e-07
6.58184e-08
8.02172e-07
1.20991e-07
1.39429e-07
7.59166e-07
1.00199e-06
2.81263e-09
1.00462e-06
6.38893e-09
1.0073e-06
8.74651e-09
1.01046e-06
1.11858e-08
1.01311e-06
1.30575e-08
1.01455e-06
1.35486e-08
1.0148e-06
1.2765e-08
1.01406e-06
1.12544e-08
1.01261e-06
9.58683e-09
1.01079e-06
8.21679e-09
1.00884e-06
7.33384e-09
1.00682e-06
6.92748e-09
1.00471e-06
6.92901e-09
1.00245e-06
7.2849e-09
9.99965e-07
7.97365e-09
9.97166e-07
8.97941e-09
9.93958e-07
1.03458e-08
9.90222e-07
1.20516e-08
9.85858e-07
1.43215e-08
9.80629e-07
1.69149e-08
9.74572e-07
2.07308e-08
9.66929e-07
2.44001e-08
9.5861e-07
3.14263e-08
9.46965e-07
3.59054e-08
9.35766e-07
5.04198e-08
9.18346e-07
5.4116e-08
9.03015e-07
8.46273e-08
8.81101e-07
8.77327e-08
8.60985e-07
1.41107e-07
1.60399e-07
8.40014e-07
1.00093e-06
1.8784e-09
1.00252e-06
4.80365e-09
1.00439e-06
6.87467e-09
1.00659e-06
8.98833e-09
1.0087e-06
1.095e-08
1.01023e-06
1.20125e-08
1.01102e-06
1.19803e-08
1.01107e-06
1.11986e-08
1.01052e-06
1.01409e-08
1.00953e-06
9.20292e-09
1.00826e-06
8.60571e-09
1.00678e-06
8.40985e-09
1.0051e-06
8.60544e-09
1.00321e-06
9.17511e-09
1.00107e-06
1.01131e-08
9.98628e-07
1.14235e-08
9.95816e-07
1.31578e-08
9.92541e-07
1.53266e-08
9.88743e-07
1.81194e-08
9.8424e-07
2.14183e-08
9.7906e-07
2.59101e-08
9.72755e-07
3.07053e-08
9.65792e-07
3.83892e-08
9.56879e-07
4.48193e-08
9.48156e-07
5.91419e-08
9.35588e-07
6.66844e-08
9.2672e-07
9.3496e-08
9.1084e-07
1.03612e-07
9.07597e-07
1.4435e-07
1.68663e-07
8.99334e-07
1.00048e-06
1.39936e-09
1.00158e-06
3.70161e-09
1.00304e-06
5.42058e-09
1.00481e-06
7.2132e-09
1.00666e-06
9.10078e-09
1.0082e-06
1.04739e-08
1.00919e-06
1.09856e-08
1.0096e-06
1.0794e-08
1.00947e-06
1.02688e-08
1.00892e-06
9.74802e-09
1.00807e-06
9.4578e-09
1.00698e-06
9.50448e-09
1.00567e-06
9.91598e-09
1.00414e-06
1.07021e-08
1.00238e-06
1.18772e-08
1.00034e-06
1.34614e-08
9.9799e-07
1.55058e-08
9.95262e-07
1.80552e-08
9.92133e-07
2.12477e-08
9.88445e-07
2.51066e-08
9.84339e-07
3.00158e-08
9.79333e-07
3.57115e-08
9.74232e-07
4.34908e-08
9.67516e-07
5.15354e-08
9.62e-07
6.46579e-08
9.53648e-07
7.50358e-08
9.49564e-07
9.75799e-08
9.41893e-07
1.11283e-07
9.42342e-07
1.43902e-07
1.7052e-07
9.40485e-07
1.00035e-06
1.05142e-09
1.00115e-06
2.8993e-09
1.00227e-06
4.30321e-09
1.00366e-06
5.81733e-09
1.0052e-06
7.56444e-09
1.00662e-06
9.05549e-09
1.0077e-06
9.89988e-09
1.00837e-06
1.01317e-08
1.00861e-06
1.00294e-08
1.00847e-06
9.88123e-09
1.00803e-06
9.89709e-09
1.00734e-06
1.01966e-08
1.00642e-06
1.08344e-08
1.00529e-06
1.18356e-08
1.00394e-06
1.32264e-08
1.00236e-06
1.50425e-08
1.00053e-06
1.73359e-08
9.98411e-07
2.01734e-08
9.96007e-07
2.36515e-08
9.93231e-07
2.78827e-08
9.90208e-07
3.30389e-08
9.86667e-07
3.92527e-08
9.8321e-07
4.69474e-08
9.78926e-07
5.58196e-08
9.7587e-07
6.77138e-08
9.71279e-07
7.96261e-08
9.7077e-07
9.80887e-08
9.67556e-07
1.14497e-07
9.72925e-07
1.38532e-07
1.64424e-07
9.79021e-07
1.00023e-06
8.17466e-10
1.00085e-06
2.28804e-09
1.00177e-06
3.38074e-09
1.00298e-06
4.6072e-09
1.00437e-06
6.17552e-09
1.00573e-06
7.68814e-09
1.00689e-06
8.7455e-09
1.00772e-06
9.29576e-09
1.00822e-06
9.53234e-09
1.0084e-06
9.70104e-09
1.0083e-06
9.99776e-09
1.00796e-06
1.0538e-08
1.00741e-06
1.13851e-08
1.00667e-06
1.25767e-08
1.00574e-06
1.41497e-08
1.00464e-06
1.61499e-08
1.00335e-06
1.86238e-08
1.00187e-06
2.16531e-08
1.00022e-06
2.52979e-08
9.98367e-07
2.97388e-08
9.96443e-07
3.49628e-08
9.94282e-07
4.14137e-08
9.92414e-07
4.8815e-08
9.90245e-07
5.79886e-08
9.89303e-07
6.8656e-08
9.87916e-07
8.10132e-08
9.89742e-07
9.62628e-08
9.91107e-07
1.13133e-07
9.9808e-07
1.31559e-07
1.56534e-07
1.00597e-06
1.00019e-06
6.26316e-10
1.0007e-06
1.77616e-09
1.00151e-06
2.57431e-09
1.0026e-06
3.51893e-09
1.00389e-06
4.88012e-09
1.00523e-06
6.34821e-09
1.00645e-06
7.52833e-09
1.00744e-06
8.30836e-09
1.00815e-06
8.81747e-09
1.0086e-06
9.25601e-09
1.0088e-06
9.79732e-09
1.00879e-06
1.05498e-08
1.00859e-06
1.15805e-08
1.00823e-06
1.29351e-08
1.00773e-06
1.46522e-08
1.0071e-06
1.67799e-08
1.00636e-06
1.93628e-08
1.00552e-06
2.24927e-08
1.00462e-06
2.61972e-08
1.00366e-06
3.0699e-08
1.00278e-06
3.58458e-08
1.0019e-06
4.22886e-08
1.00145e-06
4.92665e-08
1.0011e-06
5.83375e-08
1.00197e-06
6.77926e-08
1.003e-06
7.99841e-08
1.00682e-06
9.24404e-08
1.011e-06
1.08955e-07
1.01963e-06
1.22921e-07
1.44909e-07
1.03126e-06
1.00017e-06
4.54577e-10
1.00064e-06
1.31189e-09
1.00138e-06
1.82763e-09
1.00241e-06
2.48882e-09
1.00367e-06
3.61923e-09
1.00503e-06
4.99129e-09
1.00633e-06
6.23129e-09
1.00746e-06
7.18077e-09
1.00836e-06
7.90928e-09
1.00905e-06
8.57392e-09
1.00952e-06
9.32572e-09
1.0098e-06
1.02637e-08
1.00993e-06
1.14493e-08
1.00994e-06
1.29294e-08
1.00985e-06
1.47445e-08
1.00968e-06
1.69444e-08
1.00948e-06
1.95708e-08
1.00925e-06
2.27168e-08
1.00906e-06
2.63848e-08
1.00895e-06
3.08172e-08
1.00902e-06
3.57752e-08
1.00929e-06
4.201e-08
1.01007e-06
4.84928e-08
1.01127e-06
5.71398e-08
1.01358e-06
6.54802e-08
1.01656e-06
7.7002e-08
1.02183e-06
8.71724e-08
1.02815e-06
1.02629e-07
1.03782e-06
1.13258e-07
1.32949e-07
1.04978e-06
1.00017e-06
2.87428e-10
1.00062e-06
8.55162e-10
1.00136e-06
1.09414e-09
1.00238e-06
1.46659e-09
1.00365e-06
2.34507e-09
1.00506e-06
3.58397e-09
1.00645e-06
4.83771e-09
1.00772e-06
5.91097e-09
1.00881e-06
6.82021e-09
1.00971e-06
7.67991e-09
1.01042e-06
8.61467e-09
1.01097e-06
9.70858e-09
1.01141e-06
1.10161e-08
1.01175e-06
1.25841e-08
1.01204e-06
1.44534e-08
1.01232e-06
1.66726e-08
1.01261e-06
1.92797e-08
1.01296e-06
2.23646e-08
1.01343e-06
2.59139e-08
1.01408e-06
3.01701e-08
1.015e-06
3.48525e-08
1.01628e-06
4.07283e-08
1.0181e-06
4.66705e-08
1.02057e-06
5.46753e-08
1.02405e-06
6.19946e-08
1.02852e-06
7.2537e-08
1.03485e-06
8.08402e-08
1.0426e-06
9.48763e-08
1.05283e-06
1.03031e-07
1.19759e-07
1.06602e-06
1.00018e-06
1.11955e-10
1.00065e-06
3.7708e-10
1.00141e-06
3.3539e-10
1.00247e-06
4.10438e-10
1.0038e-06
1.01516e-09
1.00529e-06
2.08982e-09
1.0068e-06
3.32629e-09
1.00822e-06
4.49669e-09
1.00947e-06
5.56496e-09
1.01055e-06
6.59871e-09
1.01148e-06
7.69306e-09
1.01227e-06
8.91597e-09
1.01297e-06
1.03147e-08
1.01362e-06
1.1934e-08
1.01426e-06
1.38137e-08
1.01493e-06
1.60015e-08
1.01568e-06
1.85319e-08
1.01655e-06
2.14887e-08
1.01762e-06
2.48502e-08
1.01894e-06
2.88454e-08
1.02061e-06
3.31849e-08
1.02275e-06
3.85939e-08
1.02545e-06
4.39654e-08
1.02893e-06
5.11941e-08
1.03335e-06
5.75771e-08
1.03893e-06
6.69607e-08
1.046e-06
7.37618e-08
1.0547e-06
8.61769e-08
1.06535e-06
9.23825e-08
1.06579e-07
1.07853e-06
1.00019e-06
-8.20301e-11
1.00072e-06
-1.51242e-10
1.00154e-06
-4.85053e-10
1.00267e-06
-7.20365e-10
1.0041e-06
-4.14763e-10
1.00572e-06
4.73446e-10
1.00736e-06
1.68122e-09
1.00892e-06
2.93895e-09
1.01033e-06
4.15943e-09
1.01157e-06
5.35838e-09
1.01267e-06
6.59612e-09
1.01366e-06
7.92424e-09
1.01459e-06
9.3845e-09
1.0155e-06
1.10191e-08
1.01645e-06
1.28674e-08
1.01747e-06
1.49764e-08
1.01863e-06
1.73782e-08
1.01997e-06
2.01491e-08
1.02155e-06
2.3266e-08
1.02346e-06
2.69339e-08
1.02577e-06
3.08791e-08
1.02861e-06
3.57484e-08
1.03205e-06
4.0533e-08
1.03633e-06
4.69086e-08
1.04147e-06
5.24357e-08
1.04786e-06
6.05784e-08
1.05543e-06
6.61834e-08
1.06475e-06
7.68607e-08
1.07552e-06
8.16136e-08
9.33482e-08
1.08875e-06
1.00023e-06
-3.07632e-10
1.00084e-06
-7.63972e-10
1.00177e-06
-1.41868e-09
1.00303e-06
-1.98108e-09
1.0046e-06
-1.98251e-09
1.00636e-06
-1.28812e-09
1.00814e-06
-9.63431e-11
1.00983e-06
1.24628e-09
1.01136e-06
2.62725e-09
1.01273e-06
3.9931e-09
1.01396e-06
5.36546e-09
1.01511e-06
6.77814e-09
1.01622e-06
8.27066e-09
1.01735e-06
9.88505e-09
1.01856e-06
1.16618e-08
1.01989e-06
1.36479e-08
1.02139e-06
1.58743e-08
1.02313e-06
1.84101e-08
1.02516e-06
2.12342e-08
1.02757e-06
2.45243e-08
1.03042e-06
2.80365e-08
1.03384e-06
3.2322e-08
1.03786e-06
3.651e-08
1.04277e-06
4.20039e-08
1.04847e-06
4.67372e-08
1.05541e-06
5.36385e-08
1.06333e-06
5.82615e-08
1.07299e-06
6.72053e-08
1.08375e-06
7.08529e-08
8.03911e-08
1.0967e-06
1.00028e-06
-5.83881e-10
1.00102e-06
-1.50458e-09
1.00211e-06
-2.51016e-09
1.00354e-06
-3.41763e-09
1.00531e-06
-3.74619e-09
1.00726e-06
-3.2368e-09
1.00922e-06
-2.05445e-09
1.01103e-06
-5.64505e-10
1.01263e-06
1.02029e-09
1.01406e-06
2.56657e-09
1.01536e-06
4.0646e-09
1.0166e-06
5.53899e-09
1.01784e-06
7.03021e-09
1.01914e-06
8.58531e-09
1.02055e-06
1.0249e-08
1.02213e-06
1.20692e-08
1.02393e-06
1.40775e-08
1.026e-06
1.63369e-08
1.02841e-06
1.88292e-08
1.03123e-06
2.17031e-08
1.03451e-06
2.47522e-08
1.0384e-06
2.8429e-08
1.0429e-06
3.20146e-08
1.04827e-06
3.66328e-08
1.05439e-06
4.0622e-08
1.0617e-06
4.6327e-08
1.06985e-06
5.01106e-08
1.07965e-06
5.74079e-08
1.09029e-06
6.0207e-08
6.77828e-08
1.1029e-06
1.00041e-06
-9.90198e-10
1.00138e-06
-2.47398e-09
1.00271e-06
-3.84643e-09
1.0044e-06
-5.10604e-09
1.0064e-06
-5.74658e-09
1.00853e-06
-5.36731e-09
1.01058e-06
-4.10685e-09
1.01242e-06
-2.39978e-09
1.01402e-06
-5.80336e-10
1.01545e-06
1.13312e-09
1.01678e-06
2.73891e-09
1.01807e-06
4.24981e-09
1.01939e-06
5.70822e-09
1.02081e-06
7.16717e-09
1.02238e-06
8.67863e-09
1.02415e-06
1.02934e-08
1.02619e-06
1.20452e-08
1.02853e-06
1.3991e-08
1.03124e-06
1.61184e-08
1.0344e-06
1.8548e-08
1.03804e-06
2.11132e-08
1.0423e-06
2.41707e-08
1.04716e-06
2.71516e-08
1.05287e-06
3.09185e-08
1.0593e-06
3.41986e-08
1.06684e-06
3.87788e-08
1.07514e-06
4.18147e-08
1.08495e-06
4.76029e-08
1.09543e-06
4.97188e-08
5.55903e-08
1.10763e-06
1.00055e-06
-1.53626e-09
1.00185e-06
-3.77891e-09
1.00355e-06
-5.5435e-09
1.00565e-06
-7.20301e-09
1.00803e-06
-8.1286e-09
1.0104e-06
-7.74141e-09
1.01254e-06
-6.24848e-09
1.01436e-06
-4.22098e-09
1.01589e-06
-2.10752e-09
1.0172e-06
-1.80677e-10
1.01839e-06
1.55465e-09
1.01959e-06
3.04907e-09
1.02089e-06
4.40814e-09
1.02235e-06
5.70947e-09
1.02401e-06
7.01485e-09
1.02593e-06
8.37803e-09
1.02814e-06
9.83438e-09
1.0307e-06
1.14333e-08
1.03365e-06
1.31678e-08
1.03706e-06
1.51314e-08
1.04098e-06
1.71975e-08
1.04552e-06
1.96322e-08
1.05066e-06
2.20107e-08
1.05662e-06
2.49588e-08
1.06326e-06
2.75563e-08
1.07095e-06
3.10862e-08
1.07933e-06
3.34399e-08
1.08907e-06
3.78615e-08
1.09938e-06
3.94026e-08
4.38018e-08
1.11117e-06
1.00101e-06
-2.54212e-09
1.00281e-06
-5.58298e-09
1.00497e-06
-7.70234e-09
1.00755e-06
-9.78318e-09
1.01026e-06
-1.08438e-08
1.01273e-06
-1.02116e-08
1.01479e-06
-8.3027e-09
1.0164e-06
-5.83365e-09
1.01765e-06
-3.35457e-09
1.01868e-06
-1.20861e-09
1.01972e-06
5.14545e-10
1.02086e-06
1.90767e-09
1.02215e-06
3.11521e-09
1.02364e-06
4.21932e-09
1.02537e-06
5.28229e-09
1.02739e-06
6.35908e-09
1.02974e-06
7.48917e-09
1.03246e-06
8.71465e-09
1.03559e-06
1.00347e-08
1.0392e-06
1.15167e-08
1.04333e-06
1.30743e-08
1.04807e-06
1.48859e-08
1.05341e-06
1.66701e-08
1.05955e-06
1.88244e-08
1.06633e-06
2.07715e-08
1.07412e-06
2.33045e-08
1.08252e-06
2.50373e-08
1.09217e-06
2.82057e-08
1.10232e-06
2.92569e-08
3.23685e-08
1.11375e-06
1.00208e-06
-4.61958e-09
1.00496e-06
-8.46868e-09
1.00796e-06
-1.06952e-08
1.01151e-06
-1.33379e-08
1.01481e-06
-1.41428e-08
1.01725e-06
-1.26468e-08
1.01887e-06
-9.93204e-09
1.01985e-06
-6.81404e-09
1.0204e-06
-3.9006e-09
1.02084e-06
-1.64712e-09
1.02143e-06
-7.61918e-11
1.02222e-06
1.11437e-09
1.0233e-06
2.03653e-09
1.02469e-06
2.82936e-09
1.02641e-06
3.5643e-09
1.02847e-06
4.2966e-09
1.0309e-06
5.06026e-09
1.03373e-06
5.88454e-09
1.037e-06
6.77005e-09
1.04076e-06
7.75762e-09
1.04503e-06
8.79871e-09
1.04993e-06
9.98989e-09
1.05541e-06
1.11881e-08
1.06167e-06
1.25668e-08
1.06854e-06
1.39001e-08
1.07638e-06
1.54599e-08
1.08476e-06
1.66606e-08
1.09437e-06
1.85952e-08
1.10435e-06
1.92739e-08
2.11909e-08
1.11553e-06
1.00315e-06
-7.76959e-09
1.00637e-06
-1.16861e-08
1.00935e-06
-1.36823e-08
1.01252e-06
-1.65034e-08
1.01489e-06
-1.65134e-08
1.01623e-06
-1.39838e-08
1.0169e-06
-1.06065e-08
1.01715e-06
-7.06386e-09
1.01722e-06
-3.96543e-09
1.01739e-06
-1.82232e-09
1.01784e-06
-5.2531e-10
1.01866e-06
2.96734e-10
1.01981e-06
8.883e-10
1.02128e-06
1.35248e-09
1.0231e-06
1.74708e-09
1.02528e-06
2.12216e-09
1.02783e-06
2.50444e-09
1.0308e-06
2.91224e-09
1.03423e-06
3.34747e-09
1.03815e-06
3.83082e-09
1.04261e-06
4.33902e-09
1.04769e-06
4.91663e-09
1.05337e-06
5.50109e-09
1.05978e-06
6.15797e-09
1.06686e-06
6.81829e-09
1.07479e-06
7.53044e-09
1.08331e-06
8.14843e-09
1.09292e-06
8.98009e-09
1.10287e-06
9.32681e-09
1.00004e-08
1.11406e-06
9.9223e-07
9.80544e-07
9.66862e-07
9.50359e-07
9.33845e-07
9.19861e-07
9.09255e-07
9.02191e-07
8.98226e-07
8.96403e-07
8.95878e-07
8.96175e-07
8.97063e-07
8.98416e-07
9.00163e-07
9.02285e-07
9.04789e-07
9.07701e-07
9.11049e-07
9.1488e-07
9.19219e-07
9.24135e-07
9.29636e-07
9.35794e-07
9.42613e-07
9.50143e-07
9.58292e-07
9.67272e-07
9.76599e-07
9.86599e-07
5.89929e-07
-7.65998e-08
6.51199e-07
-6.12704e-08
7.24163e-07
-7.29641e-08
7.0886e-07
1.53033e-08
8.09842e-07
-1.00982e-07
7.63863e-07
4.59789e-08
8.12566e-07
-4.87024e-08
9.69097e-07
-1.56531e-07
8.86998e-07
8.20995e-08
-1.89593e-07
1.07659e-06
8.10044e-07
-1.27477e-07
8.22719e-07
-7.39458e-08
8.55937e-07
-1.06181e-07
9.1962e-07
-4.83804e-08
8.76338e-07
-5.76998e-08
9.62917e-07
-4.06007e-08
1.03906e-06
-1.24845e-07
1.00789e-06
-1.25363e-07
1.00893e-06
8.10576e-08
-4.11391e-07
1.23073e-06
8.48621e-07
-1.36084e-07
8.76988e-07
-1.02312e-07
8.93057e-07
-1.2225e-07
9.07599e-07
-6.29223e-08
9.47705e-07
-9.78056e-08
9.96853e-07
-8.97495e-08
9.74822e-07
-1.02814e-07
1.03719e-06
-1.87728e-07
1.1694e-06
-5.11545e-08
-4.22992e-07
1.181e-06
9.11123e-07
-1.47874e-07
9.30362e-07
-1.21551e-07
9.28664e-07
-1.20553e-07
9.67031e-07
-1.01289e-07
9.74832e-07
-1.05607e-07
1.0032e-06
-1.18113e-07
1.02458e-06
-1.24202e-07
1.03962e-06
-2.02766e-07
1.14226e-06
-1.53795e-07
-3.68076e-07
1.08735e-06
9.47162e-07
-1.5455e-07
9.5107e-07
-1.25459e-07
9.66368e-07
-1.35852e-07
9.75984e-07
-1.10904e-07
9.92418e-07
-1.22041e-07
1.0187e-06
-1.44394e-07
1.03991e-06
-1.45409e-07
1.05001e-06
-2.12869e-07
1.09511e-06
-1.98893e-07
-3.68135e-07
1.09517e-06
9.77665e-07
-1.53193e-07
9.90444e-07
-1.38239e-07
9.88558e-07
-1.33966e-07
1.00751e-06
-1.29856e-07
1.02144e-06
-1.35973e-07
1.02718e-06
-1.50133e-07
1.0454e-06
-1.63628e-07
1.05328e-06
-2.20753e-07
1.0852e-06
-2.30814e-07
-3.35863e-07
1.05293e-06
1.00673e-06
-1.53951e-07
1.00627e-06
-1.37776e-07
1.01188e-06
-1.39578e-07
1.01832e-06
-1.36298e-07
1.02312e-06
-1.40773e-07
1.03566e-06
-1.62674e-07
1.04597e-06
-1.73938e-07
1.0438e-06
-2.18578e-07
1.05663e-06
-2.43643e-07
-3.25575e-07
1.04634e-06
1.02638e-06
-1.49075e-07
1.02898e-06
-1.40375e-07
1.02816e-06
-1.38753e-07
1.0324e-06
-1.40541e-07
1.03946e-06
-1.47836e-07
1.03752e-06
-1.60732e-07
1.04279e-06
-1.79208e-07
1.04093e-06
-2.16715e-07
1.04045e-06
-2.43164e-07
-3.01599e-07
1.01647e-06
1.04517e-06
-1.44465e-07
1.04186e-06
-1.37063e-07
1.03997e-06
-1.3687e-07
1.04022e-06
-1.40786e-07
1.03818e-06
-1.458e-07
1.03897e-06
-1.61525e-07
1.03772e-06
-1.7795e-07
1.0296e-06
-2.08603e-07
1.0225e-06
-2.3606e-07
-2.8291e-07
1.00381e-06
1.05865e-06
-1.37097e-07
1.05413e-06
-1.3254e-07
1.04993e-06
-1.32665e-07
1.04588e-06
-1.36738e-07
1.0436e-06
-1.43519e-07
1.03779e-06
-1.55716e-07
1.03236e-06
-1.72523e-07
1.02208e-06
-1.98327e-07
1.00909e-06
-2.23064e-07
-2.59424e-07
9.856e-07
1.06992e-06
-1.28483e-07
1.06279e-06
-1.2541e-07
1.05599e-06
-1.25866e-07
1.04958e-06
-1.30329e-07
1.04258e-06
-1.36522e-07
1.0353e-06
-1.48429e-07
1.02598e-06
-1.6321e-07
1.01236e-06
-1.84701e-07
9.96036e-07
-2.06741e-07
-2.3659e-07
9.73202e-07
1.07851e-06
-1.18243e-07
1.06955e-06
-1.16445e-07
1.0609e-06
-1.1722e-07
1.05173e-06
-1.21165e-07
1.04286e-06
-1.27649e-07
1.03233e-06
-1.37901e-07
1.02019e-06
-1.5107e-07
1.00457e-06
-1.6908e-07
9.85836e-07
-1.88005e-07
-2.12022e-07
9.61267e-07
1.08513e-06
-1.06668e-07
1.07445e-06
-1.05769e-07
1.06381e-06
-1.06582e-07
1.05288e-06
-1.10236e-07
1.04144e-06
-1.16202e-07
1.02887e-06
-1.2533e-07
1.01446e-06
-1.36661e-07
9.96942e-07
-1.51563e-07
9.76513e-07
-1.67576e-07
-1.87276e-07
9.51767e-07
1.0901e-06
-9.38657e-08
1.07792e-06
-9.35865e-08
1.06576e-06
-9.44303e-08
1.05316e-06
-9.763e-08
1.04002e-06
-1.03068e-07
1.02557e-06
-1.1088e-07
1.0094e-06
-1.20485e-07
9.9057e-07
-1.32736e-07
9.6901e-07
-1.46016e-07
-1.61884e-07
9.43618e-07
1.09375e-06
-7.99884e-08
1.08028e-06
-8.01176e-08
1.06679e-06
-8.09427e-08
1.0529e-06
-8.37343e-08
1.03828e-06
-8.84513e-08
1.02241e-06
-9.50054e-08
1.00489e-06
-1.02974e-07
9.85009e-07
-1.1285e-07
9.62636e-07
-1.23642e-07
-1.36331e-07
9.37082e-07
1.0964e-06
-6.52166e-08
1.08186e-06
-6.55759e-08
1.06731e-06
-6.63939e-08
1.05233e-06
-6.87503e-08
1.03661e-06
-7.27323e-08
1.01963e-06
-7.80242e-08
1.00111e-06
-8.44614e-08
9.80474e-07
-9.22109e-08
9.57567e-07
-1.00735e-07
-1.10558e-07
9.31794e-07
1.09828e-06
-4.9749e-08
1.08291e-06
-5.02023e-08
1.06752e-06
-5.10041e-08
1.05167e-06
-5.29017e-08
1.0351e-06
-5.61621e-08
1.01729e-06
-6.02129e-08
9.98035e-07
-6.52049e-08
9.76824e-07
-7.1e-08
9.53535e-07
-7.74469e-08
-8.46692e-08
9.27647e-07
1.09948e-06
-3.36959e-08
1.08341e-06
-3.41306e-08
1.06729e-06
-3.48915e-08
1.05071e-06
-3.63208e-08
1.03341e-06
-3.88554e-08
1.01491e-06
-4.17162e-08
9.95068e-07
-4.53646e-08
9.73304e-07
-4.92359e-08
9.49682e-07
-5.38246e-08
-5.84355e-08
9.23448e-07
1.09635e-06
-1.59846e-08
1.07875e-06
-1.65357e-08
1.0612e-06
-1.73371e-08
1.04333e-06
-1.84543e-08
1.02464e-06
-2.01663e-08
1.00491e-06
-2.19819e-08
9.83705e-07
-2.41628e-08
9.60625e-07
-2.61553e-08
9.35656e-07
-2.88554e-08
-3.09147e-08
9.08135e-07
9.70614e-07
9.54079e-07
9.36742e-07
9.18287e-07
8.98121e-07
8.76139e-07
8.51976e-07
8.25821e-07
7.96965e-07
7.66051e-07
-1.58908e-07
1.58908e-07
-3.19266e-07
1.60358e-07
-4.39198e-07
1.19932e-07
-4.06525e-07
-3.26732e-08
-2.47906e-07
-1.58619e-07
-7.4589e-08
-1.73317e-07
8.14696e-08
-1.56059e-07
2.06313e-07
-1.24843e-07
3.00626e-07
-9.43126e-08
3.69203e-07
-6.85778e-08
4.18195e-07
-4.89912e-08
4.53058e-07
-3.48639e-08
4.78058e-07
-2.49997e-08
4.96276e-07
-1.82174e-08
5.09825e-07
-1.35489e-08
5.20118e-07
-1.02939e-08
5.28097e-07
-7.97908e-09
5.34392e-07
-6.29413e-09
5.39429e-07
-5.03786e-09
5.4351e-07
-4.08039e-09
5.46846e-07
-3.33629e-09
5.49594e-07
-2.74794e-09
5.5187e-07
-2.27627e-09
5.53765e-07
-1.89438e-09
5.55347e-07
-1.5827e-09
5.56674e-07
-1.32636e-09
5.57788e-07
-1.11415e-09
5.58726e-07
-9.37702e-10
5.59516e-07
-7.90399e-10
5.60183e-07
-6.67012e-10
5.60747e-07
-5.63845e-10
5.61223e-07
-4.76166e-10
5.61629e-07
-4.05725e-10
5.61968e-07
-3.39283e-10
5.62266e-07
-2.97446e-10
5.62504e-07
-2.38822e-10
5.62726e-07
-2.2179e-10
5.62897e-07
-1.71282e-10
5.63062e-07
-1.64471e-10
-1.31468e-10
-1.1453e-07
2.73438e-07
-3.28496e-07
3.74325e-07
-4.94792e-07
2.86227e-07
-4.39843e-07
-8.76222e-08
-2.41526e-07
-3.56935e-07
-4.15581e-08
-3.73285e-07
1.31077e-07
-3.28693e-07
2.68909e-07
-2.62675e-07
3.75063e-07
-2.00467e-07
4.54837e-07
-1.48352e-07
5.14111e-07
-1.08265e-07
5.58126e-07
-7.88784e-08
5.9105e-07
-5.79237e-08
6.15969e-07
-4.31363e-08
6.35089e-07
-3.26698e-08
6.49969e-07
-2.51738e-08
6.61705e-07
-1.97143e-08
6.71072e-07
-1.56616e-08
6.78628e-07
-1.25939e-08
6.84777e-07
-1.02295e-08
6.89818e-07
-8.37753e-09
6.93977e-07
-6.90651e-09
6.97425e-07
-5.72431e-09
7.00296e-07
-4.76531e-09
7.02695e-07
-3.9814e-09
7.04705e-07
-3.33624e-09
7.06393e-07
-2.80221e-09
7.07813e-07
-2.35822e-09
7.09011e-07
-1.98791e-09
7.10021e-07
-1.67778e-09
7.10876e-07
-1.41885e-09
7.11598e-07
-1.19819e-09
7.12214e-07
-1.02083e-09
7.12728e-07
-8.53307e-10
7.13177e-07
-7.46571e-10
7.13539e-07
-6.00716e-10
7.1387e-07
-5.53554e-10
7.14129e-07
-4.29667e-10
7.14372e-07
-4.08101e-10
-3.17955e-10
-1.80776e-07
4.54214e-07
-3.97162e-07
5.9071e-07
-5.57478e-07
4.46543e-07
-4.47751e-07
-1.9735e-07
-2.01692e-07
-6.02993e-07
1.58733e-08
-5.90851e-07
1.79258e-07
-4.92078e-07
3.02571e-07
-3.85988e-07
3.98128e-07
-2.96024e-07
4.713e-07
-2.21524e-07
5.26431e-07
-1.63397e-07
5.67908e-07
-1.20355e-07
5.99417e-07
-8.9433e-08
6.23682e-07
-6.74013e-08
6.42623e-07
-5.16112e-08
6.57592e-07
-4.01423e-08
6.69549e-07
-3.16711e-08
6.79189e-07
-2.53018e-08
6.87025e-07
-2.04296e-08
6.93438e-07
-1.66425e-08
6.98717e-07
-1.36573e-08
7.03086e-07
-1.12754e-08
7.06717e-07
-9.35511e-09
7.09745e-07
-7.79359e-09
7.12279e-07
-6.51471e-09
7.14403e-07
-5.46093e-09
7.16189e-07
-4.58812e-09
7.17693e-07
-3.86214e-09
7.18962e-07
-3.25648e-09
7.20033e-07
-2.749e-09
7.20939e-07
-2.32538e-09
7.21705e-07
-1.96391e-09
7.22358e-07
-1.67324e-09
7.22903e-07
-1.39893e-09
7.23379e-07
-1.22258e-09
7.23764e-07
-9.85913e-10
7.24115e-07
-9.04451e-10
7.2439e-07
-7.0432e-10
7.24648e-07
-6.66045e-10
-5.11327e-10
-1.79246e-07
6.3346e-07
-3.82991e-07
7.94455e-07
-4.94955e-07
5.58507e-07
-3.28654e-07
-3.63651e-07
-6.14148e-08
-8.70233e-07
1.79248e-07
-8.31513e-07
3.12708e-07
-6.25539e-07
3.92957e-07
-4.66237e-07
4.55426e-07
-3.58493e-07
5.08252e-07
-2.7435e-07
5.51183e-07
-2.06327e-07
5.84949e-07
-1.5412e-07
6.1136e-07
-1.15844e-07
6.32183e-07
-8.82247e-08
6.48786e-07
-6.82143e-08
6.62159e-07
-5.35154e-08
6.73019e-07
-4.25308e-08
6.81896e-07
-3.41787e-08
6.89192e-07
-2.77257e-08
6.95217e-07
-2.26675e-08
7.00212e-07
-1.86528e-08
7.04369e-07
-1.5432e-08
7.07839e-07
-1.28247e-08
7.10743e-07
-1.06976e-08
7.13179e-07
-8.9509e-09
7.15227e-07
-7.50877e-09
7.16951e-07
-6.31261e-09
7.18406e-07
-5.31653e-09
7.19634e-07
-4.48479e-09
7.20672e-07
-3.78731e-09
7.21552e-07
-3.20472e-09
7.22295e-07
-2.70725e-09
7.22928e-07
-2.30676e-09
7.23459e-07
-1.92937e-09
7.23921e-07
-1.68495e-09
7.24296e-07
-1.36077e-09
7.24637e-07
-1.24533e-09
7.24903e-07
-9.70801e-10
7.25154e-07
-9.16288e-10
-6.98323e-10
-7.99459e-08
7.13406e-07
-1.90071e-07
9.04581e-07
-2.3379e-07
6.02226e-07
-5.15822e-08
-5.45858e-07
1.47252e-07
-1.06907e-06
3.65742e-07
-1.05e-06
4.91313e-07
-7.51109e-07
5.3185e-07
-5.06774e-07
5.46972e-07
-3.73616e-07
5.64795e-07
-2.92173e-07
5.86431e-07
-2.27963e-07
6.07875e-07
-1.75565e-07
6.26942e-07
-1.34911e-07
6.43152e-07
-1.04435e-07
6.56725e-07
-8.17867e-08
6.68038e-07
-6.48286e-08
6.7746e-07
-5.19528e-08
6.8531e-07
-4.20289e-08
6.91858e-07
-3.42731e-08
6.97326e-07
-2.81363e-08
7.01901e-07
-2.32278e-08
7.05735e-07
-1.92657e-08
7.08953e-07
-1.60427e-08
7.11659e-07
-1.3403e-08
7.13936e-07
-1.12287e-08
7.15857e-07
-9.42914e-09
7.17478e-07
-7.93363e-09
7.18848e-07
-6.68639e-09
7.20006e-07
-5.64361e-09
7.20987e-07
-4.76821e-09
7.21819e-07
-4.03632e-09
7.22523e-07
-3.41093e-09
7.23123e-07
-2.9068e-09
7.23626e-07
-2.43228e-09
7.24064e-07
-2.12326e-09
7.24419e-07
-1.71642e-09
7.24743e-07
-1.56861e-09
7.24995e-07
-1.22326e-09
7.25232e-07
-1.15342e-09
-8.75008e-10
3.76614e-07
3.36792e-07
1.46605e-07
1.13459e-06
2.35859e-07
5.12972e-07
3.96338e-07
-7.06338e-07
4.38856e-07
-1.11159e-06
4.6533e-07
-1.07648e-06
5.55376e-07
-8.41155e-07
6.16743e-07
-5.68141e-07
6.30319e-07
-3.87192e-07
6.27539e-07
-2.89392e-07
6.28174e-07
-2.28598e-07
6.35045e-07
-1.82436e-07
6.45164e-07
-1.4503e-07
6.55909e-07
-1.15181e-07
6.65991e-07
-9.1868e-08
6.74958e-07
-7.37962e-08
6.8274e-07
-5.97347e-08
6.89409e-07
-4.86976e-08
6.95085e-07
-3.99491e-08
6.99898e-07
-3.29492e-08
7.03971e-07
-2.73009e-08
7.07415e-07
-2.27097e-08
7.10326e-07
-1.8954e-08
7.12788e-07
-1.58645e-08
7.1487e-07
-1.33107e-08
7.16631e-07
-1.1191e-08
7.18123e-07
-9.42546e-09
7.19387e-07
-7.95029e-09
7.20459e-07
-6.71504e-09
7.21367e-07
-5.67669e-09
7.22138e-07
-4.80761e-09
7.22792e-07
-4.06438e-09
7.2335e-07
-3.46452e-09
7.23817e-07
-2.90016e-09
7.24225e-07
-2.53119e-09
7.24557e-07
-2.04763e-09
7.24858e-07
-1.86969e-09
7.25093e-07
-1.45828e-09
7.25313e-07
-1.37409e-09
-1.03925e-09
1.65784e-07
1.71008e-07
3.99725e-07
9.00649e-07
6.95288e-07
2.17409e-07
8.49169e-07
-8.60219e-07
7.83873e-07
-1.04629e-06
5.69226e-07
-8.61829e-07
4.85276e-07
-7.57205e-07
5.3656e-07
-6.19424e-07
6.03646e-07
-4.54278e-07
6.39183e-07
-3.2493e-07
6.51308e-07
-2.40722e-07
6.56373e-07
-1.87502e-07
6.61765e-07
-1.50422e-07
6.68418e-07
-1.21833e-07
6.75505e-07
-9.89552e-08
6.82315e-07
-8.0606e-08
6.88507e-07
-6.5927e-08
6.93979e-07
-5.41693e-08
6.98739e-07
-4.47093e-08
7.02843e-07
-3.70531e-08
7.06361e-07
-3.08196e-08
7.09368e-07
-2.5716e-08
7.1193e-07
-2.15167e-08
7.14112e-07
-1.80461e-08
7.15968e-07
-1.51664e-08
7.17545e-07
-1.27687e-08
7.18886e-07
-1.07664e-08
7.20026e-07
-9.08992e-09
7.20994e-07
-7.68364e-09
7.21818e-07
-6.4998e-09
7.22518e-07
-5.50769e-09
7.23112e-07
-4.6584e-09
7.23619e-07
-3.97214e-09
7.24046e-07
-3.32646e-09
7.24418e-07
-2.90317e-09
7.2472e-07
-2.34984e-09
7.24995e-07
-2.14446e-09
7.25209e-07
-1.67275e-09
7.2541e-07
-1.57543e-09
-1.18901e-09
9.99288e-07
2.48311e-07
1.12295e-06
7.76989e-07
1.26606e-06
7.42936e-08
1.18283e-06
-7.76983e-07
9.90715e-07
-8.54178e-07
7.53898e-07
-6.25012e-07
5.69021e-07
-5.72328e-07
5.22352e-07
-5.72756e-07
5.72503e-07
-5.0443e-07
6.37459e-07
-3.89886e-07
6.79497e-07
-2.8276e-07
7.00257e-07
-2.08262e-07
7.09867e-07
-1.60032e-07
7.15545e-07
-1.27511e-07
7.20371e-07
-1.03781e-07
7.25115e-07
-8.53499e-08
7.2974e-07
-7.05518e-08
7.34074e-07
-5.85034e-08
7.38004e-07
-4.86394e-08
7.4149e-07
-4.05394e-08
7.4454e-07
-3.38695e-08
7.47185e-07
-2.83608e-08
7.49465e-07
-2.37972e-08
7.51424e-07
-2.0005e-08
7.53102e-07
-1.68447e-08
7.54538e-07
-1.4204e-08
7.55764e-07
-1.19923e-08
7.5681e-07
-1.0136e-08
7.57702e-07
-8.57572e-09
7.58462e-07
-7.26001e-09
7.5911e-07
-6.15578e-09
7.59661e-07
-5.20938e-09
7.60133e-07
-4.44375e-09
7.60529e-07
-3.72307e-09
7.60876e-07
-3.24962e-09
7.61157e-07
-2.63153e-09
7.61414e-07
-2.40072e-09
7.61614e-07
-1.87281e-09
7.61801e-07
-1.76319e-09
-1.32864e-09
1.31582e-06
1.63222e-07
1.43864e-06
6.54168e-07
1.45723e-06
5.57075e-08
1.14867e-06
-4.68427e-07
9.03006e-07
-6.08512e-07
9.07826e-07
-6.29831e-07
9.10519e-07
-5.75022e-07
8.30387e-07
-4.92624e-07
7.43669e-07
-4.17712e-07
7.04904e-07
-3.5112e-07
6.99605e-07
-2.77462e-07
7.06138e-07
-2.14795e-07
7.1446e-07
-1.68354e-07
7.2166e-07
-1.34711e-07
7.27426e-07
-1.09547e-07
7.32102e-07
-9.00263e-08
7.36052e-07
-7.45014e-08
7.39501e-07
-6.19532e-08
7.42561e-07
-5.16989e-08
7.45278e-07
-4.32568e-08
7.4768e-07
-3.62714e-08
7.49789e-07
-3.04699e-08
7.5163e-07
-2.56375e-08
7.53227e-07
-2.16025e-08
7.54608e-07
-1.82257e-08
7.55798e-07
-1.5394e-08
7.56821e-07
-1.30152e-08
7.57698e-07
-1.10134e-08
7.5845e-07
-9.32722e-09
7.59093e-07
-7.90277e-09
7.59642e-07
-6.70542e-09
7.60111e-07
-5.67785e-09
7.60513e-07
-4.84563e-09
7.60851e-07
-4.06161e-09
7.61147e-07
-3.54583e-09
7.61388e-07
-2.87261e-09
7.61608e-07
-2.62021e-09
7.61779e-07
-2.04428e-09
7.6194e-07
-1.92412e-09
-1.44832e-09
1.16572e-06
1.78505e-07
1.397e-06
4.22885e-07
1.4414e-06
1.1311e-08
1.2682e-06
-2.95227e-07
1.12672e-06
-4.6703e-07
1.10552e-06
-6.0864e-07
1.14766e-06
-6.17163e-07
1.14427e-06
-4.8923e-07
1.05938e-06
-3.32818e-07
9.41237e-07
-2.3298e-07
8.48369e-07
-1.84593e-07
7.92324e-07
-1.5875e-07
7.63183e-07
-1.39212e-07
7.49659e-07
-1.21187e-07
7.44403e-07
-1.04291e-07
7.43284e-07
-8.89079e-08
7.44085e-07
-7.53017e-08
7.45668e-07
-6.35363e-08
7.47489e-07
-5.35202e-08
7.49303e-07
-4.50702e-08
7.51003e-07
-3.79716e-08
7.52549e-07
-3.20164e-08
7.53931e-07
-2.70194e-08
7.55152e-07
-2.2823e-08
7.56221e-07
-1.92951e-08
7.57153e-07
-1.63254e-08
7.5796e-07
-1.38228e-08
7.58658e-07
-1.17111e-08
7.59259e-07
-9.92844e-09
7.59776e-07
-8.41953e-09
7.6022e-07
-7.14915e-09
7.60599e-07
-6.05736e-09
7.60926e-07
-5.17216e-09
7.61202e-07
-4.33733e-09
7.61443e-07
-3.78759e-09
7.6164e-07
-3.06967e-09
7.6182e-07
-2.79983e-09
7.6196e-07
-2.18474e-09
7.62092e-07
-2.056e-09
-1.54641e-09
1.10767e-06
1.58184e-07
1.30126e-06
2.29297e-07
1.30778e-06
4.7852e-09
1.23676e-06
-2.24206e-07
1.08782e-06
-3.18094e-07
8.12797e-07
-3.33613e-07
5.94107e-07
-3.98472e-07
5.41228e-07
-4.3635e-07
5.8687e-07
-3.7846e-07
6.47336e-07
-2.93446e-07
6.91815e-07
-2.29072e-07
7.1874e-07
-1.85676e-07
7.33728e-07
-1.542e-07
7.41738e-07
-1.29197e-07
7.45946e-07
-1.08499e-07
7.48265e-07
-9.12272e-08
7.49782e-07
-7.6818e-08
7.51022e-07
-6.47766e-08
7.52182e-07
-5.46806e-08
7.53305e-07
-4.61933e-08
7.54381e-07
-3.90473e-08
7.5539e-07
-3.30255e-08
7.56319e-07
-2.79478e-08
7.57159e-07
-2.36637e-08
7.57911e-07
-2.00467e-08
7.58576e-07
-1.69909e-08
7.59161e-07
-1.44076e-08
7.59672e-07
-1.2222e-08
7.60116e-07
-1.03726e-08
7.60501e-07
-8.80415e-09
7.60833e-07
-7.48147e-09
7.61119e-07
-6.34303e-09
7.61366e-07
-5.41906e-09
7.61575e-07
-4.54653e-09
7.61759e-07
-3.97161e-09
7.61909e-07
-3.21999e-09
7.62047e-07
-2.93711e-09
7.62154e-07
-2.29226e-09
7.62255e-07
-2.15703e-09
-1.6216e-09
1.13706e-06
1.16289e-07
1.21462e-06
1.51742e-07
1.21358e-06
5.81631e-09
1.18672e-06
-1.97345e-07
1.16274e-06
-2.94115e-07
1.13328e-06
-3.04145e-07
1.05572e-06
-3.2092e-07
9.51621e-07
-3.32249e-07
8.74354e-07
-3.01194e-07
8.30933e-07
-2.50024e-07
8.05295e-07
-2.03434e-07
7.87555e-07
-1.67935e-07
7.74789e-07
-1.41434e-07
7.66261e-07
-1.20668e-07
7.61194e-07
-1.03433e-07
7.58552e-07
-8.85856e-08
7.57379e-07
-7.56448e-08
7.57018e-07
-6.4416e-08
7.57092e-07
-5.47547e-08
7.57396e-07
-4.64963e-08
7.57813e-07
-3.94652e-08
7.5828e-07
-3.3492e-08
7.58755e-07
-2.84233e-08
7.59216e-07
-2.41243e-08
7.59648e-07
-2.04789e-08
7.60045e-07
-1.73877e-08
7.60403e-07
-1.4766e-08
7.60723e-07
-1.2542e-08
7.61006e-07
-1.06557e-08
7.61255e-07
-9.05278e-09
7.61472e-07
-7.6988e-09
7.61661e-07
-6.53163e-09
7.61825e-07
-5.58339e-09
7.61965e-07
-4.68661e-09
7.62089e-07
-4.09555e-09
7.62191e-07
-3.32163e-09
7.62284e-07
-3.03026e-09
7.62357e-07
-2.36543e-09
7.62426e-07
-2.22589e-09
-1.6729e-09
1.07231e-06
9.69167e-08
1.14874e-06
7.53036e-08
1.16064e-06
-6.07966e-09
1.07414e-06
-1.10842e-07
9.88174e-07
-2.08152e-07
9.55323e-07
-2.71294e-07
9.29032e-07
-2.94628e-07
8.8076e-07
-2.83977e-07
8.28954e-07
-2.49388e-07
7.94395e-07
-2.15465e-07
7.7761e-07
-1.86649e-07
7.71145e-07
-1.6147e-07
7.6876e-07
-1.39049e-07
7.67335e-07
-1.19244e-07
7.65899e-07
-1.01997e-07
7.64459e-07
-8.71459e-08
7.63229e-07
-7.44152e-08
7.62318e-07
-6.3504e-08
7.61716e-07
-5.41527e-08
7.61364e-07
-4.61451e-08
7.61197e-07
-3.92976e-08
7.61155e-07
-3.34504e-08
7.61196e-07
-2.84637e-08
7.61286e-07
-2.42146e-08
7.61404e-07
-2.05968e-08
7.61534e-07
-1.75178e-08
7.61666e-07
-1.48985e-08
7.61795e-07
-1.26705e-08
7.61916e-07
-1.07766e-08
7.62027e-07
-9.1639e-09
7.62128e-07
-7.79947e-09
7.62217e-07
-6.62146e-09
7.62298e-07
-5.6635e-09
7.62367e-07
-4.7561e-09
7.62429e-07
-4.15801e-09
7.62481e-07
-3.37339e-09
7.62529e-07
-3.07816e-09
7.62567e-07
-2.40335e-09
7.62603e-07
-2.26173e-09
-1.69967e-09
1.06796e-06
7.52947e-08
1.09096e-06
5.22992e-08
1.09983e-06
-1.49476e-08
1.09935e-06
-1.10362e-07
1.06666e-06
-1.75461e-07
9.95738e-07
-2.00372e-07
9.21158e-07
-2.20048e-07
8.67849e-07
-2.30668e-07
8.40773e-07
-2.22312e-07
8.24727e-07
-1.9942e-07
8.11505e-07
-1.73427e-07
7.99571e-07
-1.49536e-07
7.8953e-07
-1.29008e-07
7.81837e-07
-1.11551e-07
7.76312e-07
-9.64715e-08
7.72425e-07
-8.3259e-08
7.69672e-07
-7.16626e-08
7.67701e-07
-6.15324e-08
7.66279e-07
-5.27309e-08
7.65252e-07
-4.51186e-08
7.64513e-07
-3.85584e-08
7.63983e-07
-3.29205e-08
7.63606e-07
-2.8086e-08
7.63338e-07
-2.39474e-08
7.63151e-07
-2.04092e-08
7.6302e-07
-1.73874e-08
7.62931e-07
-1.4809e-08
7.6287e-07
-1.261e-08
7.6283e-07
-1.07365e-08
7.62804e-07
-9.13812e-09
7.62788e-07
-7.78362e-09
7.62779e-07
-6.61238e-09
7.62775e-07
-5.65908e-09
7.62773e-07
-4.75457e-09
7.62774e-07
-4.15853e-09
7.62775e-07
-3.37485e-09
7.62778e-07
-3.08037e-09
7.6278e-07
-2.40563e-09
7.62782e-07
-2.26417e-09
-1.70165e-09
1.03235e-06
5.94199e-08
1.05676e-06
2.78895e-08
1.06071e-06
-1.88999e-08
1.02919e-06
-7.88428e-08
9.89433e-07
-1.35704e-07
9.624e-07
-1.7334e-07
9.3438e-07
-1.92028e-07
9.00201e-07
-1.96489e-07
8.64874e-07
-1.86984e-07
8.36571e-07
-1.71117e-07
8.16905e-07
-1.53761e-07
8.03859e-07
-1.36491e-07
7.9487e-07
-1.20019e-07
7.88151e-07
-1.04831e-07
7.82847e-07
-9.11674e-08
7.78614e-07
-7.90259e-08
7.7526e-07
-6.83086e-08
7.72625e-07
-5.8897e-08
7.70564e-07
-5.06706e-08
7.68957e-07
-4.35109e-08
7.67702e-07
-3.73033e-08
7.6672e-07
-3.19389e-08
7.6595e-07
-2.73159e-08
7.65343e-07
-2.33409e-08
7.64864e-07
-1.99294e-08
7.64482e-07
-1.70061e-08
7.64178e-07
-1.45043e-08
7.63933e-07
-1.23654e-08
7.63736e-07
-1.05391e-08
7.63576e-07
-8.97805e-09
7.63445e-07
-7.65313e-09
7.63339e-07
-6.50573e-09
7.63251e-07
-5.57106e-09
7.63179e-07
-4.68269e-09
7.63118e-07
-4.09757e-09
7.63069e-07
-3.32632e-09
7.63026e-07
-3.03713e-09
7.62993e-07
-2.37244e-09
7.62962e-07
-2.23334e-09
-1.67889e-09
1.01649e-06
4.67441e-08
1.02656e-06
1.78122e-08
1.02907e-06
-2.14046e-08
1.01971e-06
-6.94836e-08
9.96219e-07
-1.12213e-07
9.62047e-07
-1.39168e-07
9.25684e-07
-1.55665e-07
8.92125e-07
-1.6293e-07
8.65391e-07
-1.6025e-07
8.44957e-07
-1.50683e-07
8.28671e-07
-1.37475e-07
8.15482e-07
-1.23302e-07
8.04925e-07
-1.09462e-07
7.96578e-07
-9.64844e-08
7.89988e-07
-8.45772e-08
7.84763e-07
-7.38012e-08
7.80602e-07
-6.41475e-08
7.77275e-07
-5.55706e-08
7.74608e-07
-4.80032e-08
7.72463e-07
-4.13661e-08
7.70734e-07
-3.55738e-08
7.69335e-07
-3.054e-08
7.682e-07
-2.61807e-08
7.67275e-07
-2.24165e-08
7.6652e-07
-1.91739e-08
7.659e-07
-1.63865e-08
7.6539e-07
-1.39944e-08
7.64969e-07
-1.19443e-08
7.6462e-07
-1.01902e-08
7.6433e-07
-8.68817e-09
7.64088e-07
-7.41148e-09
7.63887e-07
-6.30421e-09
7.63717e-07
-5.40156e-09
7.63577e-07
-4.54212e-09
7.63456e-07
-3.97647e-09
7.63358e-07
-3.22884e-09
7.6327e-07
-2.9493e-09
7.63202e-07
-2.30441e-09
7.63139e-07
-2.16982e-09
-1.63182e-09
9.96158e-07
3.61859e-08
1.00423e-06
9.73567e-09
1.00432e-06
-2.14881e-08
9.91691e-07
-5.68565e-08
9.69993e-07
-9.05144e-08
9.46408e-07
-1.15583e-07
9.21563e-07
-1.3082e-07
8.96178e-07
-1.37545e-07
8.72724e-07
-1.36796e-07
8.52427e-07
-1.30386e-07
8.35792e-07
-1.20839e-07
8.22424e-07
-1.09935e-07
8.11677e-07
-9.87139e-08
8.02981e-07
-8.77887e-08
7.95906e-07
-7.75021e-08
7.90128e-07
-6.80236e-08
7.854e-07
-5.94192e-08
7.81524e-07
-5.16951e-08
7.78343e-07
-4.48222e-08
7.75728e-07
-3.8751e-08
7.73575e-07
-3.34202e-08
7.71798e-07
-2.87628e-08
7.70328e-07
-2.47109e-08
7.69109e-07
-2.11982e-08
7.68097e-07
-1.81618e-08
7.67255e-07
-1.55437e-08
7.66551e-07
-1.32911e-08
7.65963e-07
-1.13561e-08
7.6547e-07
-9.69737e-09
7.65057e-07
-8.27459e-09
7.64709e-07
-7.06359e-09
7.64416e-07
-6.01181e-09
7.64169e-07
-5.15384e-09
7.63962e-07
-4.33548e-09
7.63783e-07
-3.79743e-09
7.63638e-07
-3.08411e-09
7.63507e-07
-2.8184e-09
7.63406e-07
-2.2027e-09
7.63311e-07
-2.07466e-09
-1.5612e-09
9.81169e-07
2.82189e-08
9.86137e-07
4.76762e-09
9.85337e-07
-2.06883e-08
9.76967e-07
-4.84866e-08
9.61273e-07
-7.48203e-08
9.40933e-07
-9.52424e-08
9.1861e-07
-1.08497e-07
8.962e-07
-1.15135e-07
8.75368e-07
-1.15963e-07
8.57137e-07
-1.12155e-07
8.41644e-07
-1.05346e-07
8.28633e-07
-9.6924e-08
8.17771e-07
-8.78523e-08
8.08729e-07
-7.87468e-08
8.01207e-07
-6.99797e-08
7.94946e-07
-6.17626e-08
7.89731e-07
-5.42042e-08
7.85384e-07
-4.73481e-08
7.81758e-07
-4.11961e-08
7.7873e-07
-3.57237e-08
7.76201e-07
-3.08904e-08
7.74084e-07
-2.66465e-08
7.72312e-07
-2.29386e-08
7.70826e-07
-1.9712e-08
7.69578e-07
-1.69141e-08
7.68529e-07
-1.44949e-08
7.67647e-07
-1.24084e-08
7.66903e-07
-1.06124e-08
7.66276e-07
-9.06998e-09
7.65746e-07
-7.74494e-09
7.65298e-07
-6.61572e-09
7.6492e-07
-5.63366e-09
7.64598e-07
-4.83215e-09
7.64329e-07
-4.06626e-09
7.64095e-07
-3.5634e-09
7.63905e-07
-2.89451e-09
7.63733e-07
-2.64653e-09
7.636e-07
-2.0689e-09
7.63474e-07
-1.94933e-09
-1.46811e-09
9.6827e-07
2.12162e-08
9.71159e-07
1.87812e-09
9.69661e-07
-1.91896e-08
9.62124e-07
-4.095e-08
9.49036e-07
-6.17328e-08
9.32449e-07
-7.86551e-08
9.14102e-07
-9.01503e-08
8.95299e-07
-9.63326e-08
8.77208e-07
-9.78713e-08
8.60701e-07
-9.56491e-08
8.4614e-07
-9.07849e-08
8.33539e-07
-8.43225e-08
8.22749e-07
-7.70621e-08
8.13562e-07
-6.95604e-08
8.05765e-07
-6.21823e-08
7.99157e-07
-5.51549e-08
7.93563e-07
-4.86105e-08
7.88832e-07
-4.26162e-08
7.84831e-07
-3.71953e-08
7.81449e-07
-3.2342e-08
7.78591e-07
-2.80323e-08
7.76175e-07
-2.42309e-08
7.74133e-07
-2.08964e-08
7.72406e-07
-1.79852e-08
7.70946e-07
-1.54534e-08
7.6971e-07
-1.32587e-08
7.68663e-07
-1.13618e-08
7.67776e-07
-9.72585e-09
7.67025e-07
-8.31869e-09
7.66388e-07
-7.10813e-09
7.65848e-07
-6.0753e-09
7.6539e-07
-5.17596e-09
7.65e-07
-4.44169e-09
7.64672e-07
-3.73877e-09
7.64387e-07
-3.27809e-09
7.64155e-07
-2.66301e-09
7.63945e-07
-2.43631e-09
7.63781e-07
-1.90507e-09
7.63628e-07
-1.79571e-09
-1.35393e-09
9.57064e-07
1.592e-08
9.59573e-07
-6.30726e-10
9.57826e-07
-1.74434e-08
9.51493e-07
-3.4617e-08
9.40686e-07
-5.09251e-08
9.26684e-07
-6.46536e-08
9.10895e-07
-7.43614e-08
8.94456e-07
-7.98932e-08
8.78331e-07
-8.17464e-08
8.63249e-07
-8.0567e-08
8.49592e-07
-7.71284e-08
8.37474e-07
-7.22045e-08
8.26858e-07
-6.64454e-08
8.17633e-07
-6.03357e-08
8.09662e-07
-5.42112e-08
8.028e-07
-4.82935e-08
7.96911e-07
-4.27209e-08
7.91866e-07
-3.75718e-08
7.87553e-07
-3.28823e-08
7.83871e-07
-2.86595e-08
7.8073e-07
-2.48917e-08
7.78054e-07
-2.15547e-08
7.75775e-07
-1.86176e-08
7.73836e-07
-1.60457e-08
7.72186e-07
-1.38032e-08
7.70782e-07
-1.18551e-08
7.69588e-07
-1.0168e-08
7.68573e-07
-8.71069e-09
7.6771e-07
-7.45541e-09
7.66976e-07
-6.37417e-09
7.66351e-07
-5.45078e-09
7.65821e-07
-4.64583e-09
7.65368e-07
-3.98849e-09
7.64987e-07
-3.35805e-09
7.64655e-07
-2.94584e-09
7.64385e-07
-2.39309e-09
7.6414e-07
-2.1909e-09
7.63948e-07
-1.71361e-09
7.63768e-07
-1.61604e-09
-1.22029e-09
9.48308e-07
1.12299e-08
9.49766e-07
-2.08853e-09
9.47988e-07
-1.56654e-08
9.42425e-07
-2.9054e-08
9.33264e-07
-4.17643e-08
9.21344e-07
-5.2733e-08
9.07712e-07
-6.07298e-08
8.93288e-07
-6.54689e-08
8.78854e-07
-6.73128e-08
8.65035e-07
-6.67474e-08
8.52219e-07
-6.43124e-08
8.4059e-07
-6.05762e-08
8.30197e-07
-5.60521e-08
8.21005e-07
-5.11438e-08
8.12938e-07
-4.61438e-08
8.05898e-07
-4.12536e-08
7.99782e-07
-3.66052e-08
7.94488e-07
-3.22781e-08
7.8992e-07
-2.83135e-08
7.85986e-07
-2.47261e-08
7.82607e-07
-2.15121e-08
7.79708e-07
-1.8656e-08
7.77225e-07
-1.61348e-08
7.75101e-07
-1.39216e-08
7.73286e-07
-1.19878e-08
7.71735e-07
-1.03047e-08
7.70412e-07
-8.84481e-09
7.69283e-07
-7.58203e-09
7.68321e-07
-6.49303e-09
7.67501e-07
-5.55405e-09
7.66802e-07
-4.7515e-09
7.66207e-07
-4.05119e-09
7.65698e-07
-3.47932e-09
7.65269e-07
-2.92977e-09
7.64895e-07
-2.57157e-09
7.64591e-07
-2.08877e-09
7.64314e-07
-1.9139e-09
7.64098e-07
-1.49732e-09
7.63894e-07
-1.41287e-09
-1.06907e-09
9.40951e-07
7.36082e-09
9.42174e-07
-3.31152e-09
9.4042e-07
-1.39107e-08
9.35497e-07
-2.41311e-08
9.27545e-07
-3.3813e-08
9.17156e-07
-4.23432e-08
9.05129e-07
-4.87033e-08
8.92227e-07
-5.25664e-08
8.79109e-07
-5.41949e-08
8.66315e-07
-5.39535e-08
8.54219e-07
-5.22166e-08
8.4304e-07
-4.93974e-08
8.32879e-07
-4.58908e-08
8.23756e-07
-4.20208e-08
8.15642e-07
-3.80299e-08
8.08479e-07
-3.40906e-08
8.02193e-07
-3.03192e-08
7.96703e-07
-2.67884e-08
7.91928e-07
-2.35386e-08
7.87789e-07
-2.0587e-08
7.84212e-07
-1.79344e-08
7.81127e-07
-1.5571e-08
7.78472e-07
-1.34802e-08
7.76192e-07
-1.16412e-08
7.74236e-07
-1.00317e-08
7.7256e-07
-8.62895e-09
7.71126e-07
-7.41069e-09
7.69899e-07
-6.35581e-09
7.68852e-07
-5.44527e-09
7.67957e-07
-4.65953e-09
7.67193e-07
-3.98755e-09
7.66543e-07
-3.40069e-09
7.65985e-07
-2.92158e-09
7.65515e-07
-2.4602e-09
7.65105e-07
-2.16074e-09
7.6477e-07
-1.75446e-09
7.64466e-07
-1.60931e-09
7.64228e-07
-1.25927e-09
7.64004e-07
-1.18907e-09
-9.02346e-10
9.35221e-07
3.93424e-09
9.3619e-07
-4.28044e-09
9.34509e-07
-1.22297e-08
9.30061e-07
-1.96838e-08
9.23014e-07
-2.67652e-08
9.1379e-07
-3.31195e-08
9.03001e-07
-3.79142e-08
8.9128e-07
-4.08455e-08
8.79196e-07
-4.21115e-08
8.67227e-07
-4.19838e-08
8.55728e-07
-4.07176e-08
8.44937e-07
-3.86065e-08
8.3499e-07
-3.5944e-08
8.25948e-07
-3.29783e-08
8.17817e-07
-2.98991e-08
8.1057e-07
-2.68437e-08
8.04157e-07
-2.39064e-08
7.98516e-07
-2.11474e-08
7.93579e-07
-1.86013e-08
7.89275e-07
-1.62836e-08
7.85538e-07
-1.41969e-08
7.82302e-07
-1.23348e-08
7.79507e-07
-1.06852e-08
7.77098e-07
-9.23258e-09
7.75026e-07
-7.95991e-09
7.73247e-07
-6.84967e-09
7.71721e-07
-5.88474e-09
7.70414e-07
-5.04864e-09
7.69295e-07
-4.32653e-09
7.68339e-07
-3.70307e-09
7.67521e-07
-3.16965e-09
7.66824e-07
-2.70355e-09
7.66225e-07
-2.3232e-09
7.65721e-07
-1.95612e-09
7.6528e-07
-1.71922e-09
7.6492e-07
-1.39499e-09
7.64593e-07
-1.28149e-09
7.64336e-07
-1.00276e-09
7.64095e-07
-9.47734e-10
-7.22327e-10
9.30751e-07
8.30267e-10
9.31622e-07
-5.15129e-09
9.30054e-07
-1.06621e-08
9.25997e-07
-1.56267e-08
9.19615e-07
-2.03832e-08
9.11235e-07
-2.47394e-08
9.01346e-07
-2.80252e-08
8.90494e-07
-2.99939e-08
8.79183e-07
-3.08003e-08
8.6784e-07
-3.06402e-08
8.56805e-07
-2.96828e-08
8.46325e-07
-2.81263e-08
8.36558e-07
-2.6177e-08
8.27591e-07
-2.40122e-08
8.1946e-07
-2.17676e-08
8.12158e-07
-1.95421e-08
8.05656e-07
-1.74036e-08
7.99904e-07
-1.53955e-08
7.94845e-07
-1.35427e-08
7.90418e-07
-1.18562e-08
7.86558e-07
-1.03378e-08
7.83206e-07
-8.98277e-09
7.80303e-07
-7.78219e-09
7.77796e-07
-6.72484e-09
7.75634e-07
-5.79833e-09
7.73774e-07
-4.98994e-09
7.72177e-07
-4.28724e-09
7.70807e-07
-3.67829e-09
7.69632e-07
-3.15229e-09
7.68627e-07
-2.69812e-09
7.67767e-07
-2.30945e-09
7.67033e-07
-1.96984e-09
7.66403e-07
-1.69282e-09
7.65872e-07
-1.42499e-09
7.65406e-07
-1.25342e-09
7.65027e-07
-1.0157e-09
7.64681e-07
-9.35294e-10
7.64409e-07
-7.31359e-10
7.64154e-07
-6.92347e-10
-5.31327e-10
9.26503e-07
-2.22401e-09
9.27379e-07
-6.02746e-09
9.25965e-07
-9.24825e-09
9.22274e-07
-1.19362e-08
9.16435e-07
-1.45434e-08
9.08672e-07
-1.69769e-08
8.99402e-07
-1.87548e-08
8.89131e-07
-1.97233e-08
8.78335e-07
-2.00043e-08
8.67419e-07
-1.97244e-08
8.56716e-07
-1.89791e-08
8.46474e-07
-1.78843e-08
8.36863e-07
-1.65669e-08
8.27987e-07
-1.51362e-08
8.19895e-07
-1.36748e-08
8.12594e-07
-1.22412e-08
8.06065e-07
-1.0875e-08
8.0027e-07
-9.6004e-09
7.95158e-07
-8.43034e-09
7.90671e-07
-7.36975e-09
7.86751e-07
-6.41805e-09
7.8334e-07
-5.57099e-09
7.8038e-07
-4.82211e-09
7.77818e-07
-4.16373e-09
7.75608e-07
-3.58766e-09
7.73704e-07
-3.08565e-09
7.72066e-07
-2.64974e-09
7.7066e-07
-2.27231e-09
7.69454e-07
-1.94652e-09
7.68422e-07
-1.66544e-09
7.67537e-07
-1.42494e-09
7.66782e-07
-1.21511e-09
7.66133e-07
-1.04383e-09
7.65587e-07
-8.78377e-10
7.65107e-07
-7.73219e-10
7.64716e-07
-6.25091e-10
7.64359e-07
-5.78152e-10
7.64078e-07
-4.50759e-10
7.63814e-07
-4.28249e-10
-3.33285e-10
9.1094e-07
-5.02919e-09
9.11707e-07
-6.79476e-09
9.10312e-07
-7.85279e-09
9.06811e-07
-8.43566e-09
9.01264e-07
-8.99659e-09
8.93799e-07
-9.51177e-09
8.84816e-07
-9.7721e-09
8.74846e-07
-9.75311e-09
8.64372e-07
-9.53004e-09
8.53799e-07
-9.15132e-09
8.43454e-07
-8.63381e-09
8.33578e-07
-8.00884e-09
8.24334e-07
-7.32221e-09
8.15813e-07
-6.61576e-09
8.08058e-07
-5.92013e-09
8.01073e-07
-5.25603e-09
7.94835e-07
-4.63636e-09
7.89302e-07
-4.06799e-09
7.84425e-07
-3.55343e-09
7.80148e-07
-3.09233e-09
7.76412e-07
-2.68247e-09
7.73162e-07
-2.32055e-09
7.70342e-07
-2.00267e-09
7.67904e-07
-1.72476e-09
7.65799e-07
-1.48274e-09
7.63986e-07
-1.27269e-09
7.62427e-07
-1.09094e-09
7.61089e-07
-9.34034e-10
7.59941e-07
-7.98958e-10
7.58958e-07
-6.82697e-10
7.58117e-07
-5.83346e-10
7.57399e-07
-4.97069e-10
7.56781e-07
-4.26403e-10
7.56262e-07
-3.58826e-10
7.55804e-07
-3.15878e-10
7.55434e-07
-2.5465e-10
7.55093e-07
-2.37413e-10
7.54826e-07
-1.84025e-10
7.54575e-07
-1.76516e-10
-1.40617e-10
7.61022e-07
7.54227e-07
7.46374e-07
7.37938e-07
7.28942e-07
7.1943e-07
7.09658e-07
6.99905e-07
6.90375e-07
6.81223e-07
6.7259e-07
6.64581e-07
6.57259e-07
6.50643e-07
6.44723e-07
6.39467e-07
6.3483e-07
6.30762e-07
6.27209e-07
6.24116e-07
6.21434e-07
6.19113e-07
6.17111e-07
6.15386e-07
6.13903e-07
6.12631e-07
6.1154e-07
6.10606e-07
6.09807e-07
6.09124e-07
6.08541e-07
6.08044e-07
6.07617e-07
6.07258e-07
6.06942e-07
6.06688e-07
6.0645e-07
6.06266e-07
6.0609e-07
)
;

boundaryField
{
    inlet
    {
        type            calculated;
        value           nonuniform List<scalar> 
20
(
-1e-06
-1e-06
-1e-06
-1e-06
-1e-06
-1e-06
-1e-06
-1e-06
-1e-06
-1e-06
-1e-06
-1e-06
-1e-06
-1e-06
-1e-06
-1e-06
-1e-06
-1e-06
-1e-06
-1e-06
)
;
    }
    outlet
    {
        type            calculated;
        value           nonuniform List<scalar> 
27
(
7.61941e-07
7.6206e-07
7.6219e-07
7.6233e-07
7.62478e-07
7.6263e-07
7.62784e-07
7.62939e-07
7.63092e-07
7.6324e-07
7.63381e-07
7.63514e-07
7.63635e-07
7.63743e-07
7.63837e-07
7.63915e-07
7.63963e-07
7.63616e-07
7.54382e-07
6.05949e-07
5.63193e-07
7.14559e-07
7.24841e-07
7.25341e-07
7.25409e-07
7.25478e-07
7.2556e-07
)
;
    }
    lowerWall
    {
        type            calculated;
        value           uniform 0;
    }
    upperWall
    {
        type            calculated;
        value           uniform 0;
    }
    defaultFaces
    {
        type            empty;
        value           nonuniform List<scalar> 0();
    }
}


// ************************************************************************* //
