/*--------------------------------*- C++ -*----------------------------------*\
| =========                 |                                                 |
| \\      /  F ield         | OpenFOAM: The Open Source CFD Toolbox           |
|  \\    /   O peration     | Version:  2112                                  |
|   \\  /    A nd           | Website:  www.openfoam.com                      |
|    \\/     M anipulation  |                                                 |
\*---------------------------------------------------------------------------*/
FoamFile
{
    version     2.0;
    format      ascii;
    arch        "LSB;label=32;scalar=64";
    class       surfaceScalarField;
    location    "0.23";
    object      phi;
}
// * * * * * * * * * * * * * * * * * * * * * * * * * * * * * * * * * * * * * //

dimensions      [0 3 -1 0 0 0 0];

oriented        oriented;

internalField   nonuniform List<scalar> 
3653
(
9.92698e-07
7.30212e-09
9.79178e-07
1.35198e-08
9.63957e-07
1.52215e-08
9.48642e-07
1.53149e-08
9.32237e-07
1.64048e-08
9.15272e-07
1.69648e-08
8.97542e-07
1.77296e-08
8.80621e-07
1.69212e-08
8.61901e-07
1.87198e-08
8.44279e-07
1.76227e-08
8.24431e-07
1.98475e-08
8.07193e-07
1.72386e-08
7.87261e-07
1.99313e-08
7.7037e-07
1.6891e-08
7.49723e-07
2.06474e-08
7.30677e-07
1.90458e-08
7.08382e-07
2.22952e-08
6.89524e-07
1.88585e-08
6.69303e-07
2.02207e-08
6.54096e-07
1.52071e-08
6.36726e-07
1.73701e-08
6.22075e-07
1.46506e-08
6.05905e-07
1.61701e-08
5.8449e-07
2.14147e-08
5.65706e-07
1.87837e-08
5.31508e-07
3.41982e-08
4.99481e-07
3.20269e-08
4.47022e-07
5.24596e-08
3.86129e-07
6.08924e-08
9.21497e-08
2.9398e-07
1.00296e-06
4.33944e-09
1.00648e-06
1.00003e-08
1.00887e-06
1.2837e-08
1.01024e-06
1.39376e-08
1.01127e-06
1.53749e-08
1.01186e-06
1.63738e-08
1.0118e-06
1.77985e-08
1.01133e-06
1.73922e-08
1.01012e-06
1.99245e-08
1.00907e-06
1.86739e-08
1.00633e-06
2.25892e-08
1.00443e-06
1.91367e-08
9.99717e-07
2.46433e-08
9.97056e-07
1.9552e-08
9.91991e-07
2.57131e-08
9.8831e-07
2.27267e-08
9.82943e-07
2.76616e-08
9.76391e-07
2.54103e-08
9.68601e-07
2.80114e-08
9.61258e-07
2.25496e-08
9.47423e-07
3.12055e-08
9.4222e-07
1.98534e-08
9.20361e-07
3.80287e-08
9.14279e-07
2.7497e-08
8.85831e-07
4.72321e-08
8.71041e-07
4.89878e-08
8.34948e-07
6.81199e-08
8.07637e-07
7.97704e-08
7.49601e-07
1.18929e-07
1.29051e-07
7.127e-07
1.00177e-06
2.56741e-09
1.0049e-06
6.87546e-09
1.00774e-06
9.99611e-09
1.00995e-06
1.1726e-08
1.01199e-06
1.33333e-08
1.01398e-06
1.43807e-08
1.01586e-06
1.59186e-08
1.01732e-06
1.59327e-08
1.01875e-06
1.84999e-08
1.02003e-06
1.73878e-08
1.02096e-06
2.16599e-08
1.02213e-06
1.79705e-08
1.02167e-06
2.5104e-08
1.02247e-06
1.87528e-08
1.02053e-06
2.76482e-08
1.02178e-06
2.14775e-08
1.01952e-06
2.9927e-08
1.01916e-06
2.57667e-08
1.01534e-06
3.18324e-08
1.01018e-06
2.77093e-08
1.00408e-06
3.73072e-08
9.93928e-07
3.00034e-08
9.84917e-07
4.70396e-08
9.70746e-07
4.16682e-08
9.59386e-07
5.85925e-08
9.39532e-07
6.88414e-08
9.251e-07
8.25519e-08
9.05388e-07
9.94825e-08
8.76126e-07
1.48191e-07
1.34849e-07
8.70328e-07
1.00081e-06
1.75794e-09
1.00258e-06
5.10391e-09
1.00461e-06
7.96491e-09
1.00654e-06
9.80086e-09
1.00838e-06
1.14943e-08
1.01019e-06
1.25641e-08
1.01189e-06
1.42185e-08
1.01339e-06
1.44404e-08
1.01503e-06
1.68504e-08
1.01641e-06
1.60142e-08
1.01805e-06
2.00151e-08
1.01878e-06
1.72456e-08
1.02004e-06
2.38414e-08
1.01996e-06
1.8838e-08
1.02065e-06
2.69498e-08
1.02066e-06
2.14711e-08
1.02074e-06
2.98494e-08
1.02041e-06
2.60913e-08
1.01769e-06
3.45606e-08
1.0151e-06
3.02937e-08
1.00908e-06
4.33242e-08
1.00335e-06
3.57331e-08
9.9484e-07
5.55541e-08
9.87001e-07
4.9507e-08
9.75074e-07
7.05188e-08
9.68482e-07
7.54337e-08
9.52094e-07
9.89397e-08
9.44396e-07
1.07181e-07
9.3779e-07
1.54796e-07
1.55679e-07
9.1696e-07
1.0004e-06
1.36138e-09
1.00156e-06
3.93865e-09
1.00318e-06
6.34637e-09
1.00484e-06
8.13954e-09
1.00657e-06
9.7617e-09
1.0082e-06
1.09404e-08
1.0099e-06
1.25146e-08
1.01127e-06
1.30698e-08
1.01301e-06
1.51104e-08
1.01419e-06
1.4838e-08
1.01599e-06
1.82121e-08
1.01659e-06
1.66473e-08
1.01838e-06
2.20523e-08
1.01809e-06
1.91305e-08
1.0198e-06
2.52354e-08
1.01854e-06
2.27305e-08
1.02029e-06
2.81038e-08
1.01779e-06
2.85852e-08
1.01867e-06
3.36841e-08
1.01434e-06
3.46221e-08
1.01271e-06
4.49581e-08
1.00741e-06
4.10275e-08
1.00221e-06
6.07584e-08
9.96847e-07
5.48693e-08
9.89292e-07
7.80734e-08
9.8335e-07
8.13759e-08
9.76791e-07
1.05498e-07
9.70725e-07
1.13248e-07
9.69923e-07
1.55597e-07
1.56544e-07
9.69059e-07
1.00032e-06
1.04527e-09
1.00116e-06
3.09644e-09
1.00241e-06
5.09431e-09
1.0038e-06
6.74664e-09
1.00536e-06
8.20466e-09
1.00688e-06
9.42434e-09
1.00853e-06
1.08615e-08
1.00987e-06
1.17261e-08
1.0116e-06
1.33828e-08
1.01276e-06
1.36739e-08
1.01464e-06
1.63389e-08
1.01533e-06
1.5956e-08
1.0172e-06
2.01779e-08
1.01734e-06
1.89919e-08
1.01878e-06
2.37947e-08
1.01867e-06
2.28475e-08
1.01926e-06
2.75074e-08
1.01899e-06
2.88569e-08
1.01847e-06
3.42041e-08
1.01674e-06
3.6349e-08
1.01584e-06
4.58667e-08
1.01151e-06
4.53501e-08
1.01031e-06
6.1962e-08
1.00514e-06
6.00415e-08
1.00226e-06
8.09481e-08
9.9903e-07
8.46086e-08
9.96717e-07
1.07811e-07
9.93991e-07
1.15974e-07
9.98703e-07
1.50885e-07
1.57169e-07
9.98078e-07
1.00023e-06
8.19941e-10
1.00087e-06
2.45319e-09
1.00189e-06
4.0733e-09
1.0031e-06
5.53814e-09
1.00454e-06
6.76387e-09
1.00599e-06
7.9769e-09
1.00764e-06
9.21116e-09
1.00902e-06
1.0346e-08
1.01077e-06
1.163e-08
1.01199e-06
1.24519e-08
1.01396e-06
1.43667e-08
1.01476e-06
1.51558e-08
1.01693e-06
1.80108e-08
1.01704e-06
1.88823e-08
1.01927e-06
2.15677e-08
1.01871e-06
2.34092e-08
1.02058e-06
2.56347e-08
1.01978e-06
2.96511e-08
1.02077e-06
3.32204e-08
1.01985e-06
3.72718e-08
1.0196e-06
4.61118e-08
1.01822e-06
4.67333e-08
1.01741e-06
6.27737e-08
1.01535e-06
6.2093e-08
1.01509e-06
8.12077e-08
1.01351e-06
8.61919e-08
1.01479e-06
1.06528e-07
1.01577e-06
1.14993e-07
1.02172e-06
1.44944e-07
1.51936e-07
1.02695e-06
1.00019e-06
6.29505e-10
1.00074e-06
1.90563e-09
1.00165e-06
3.16e-09
1.00277e-06
4.41951e-09
1.00413e-06
5.40354e-09
1.00555e-06
6.55471e-09
1.0072e-06
7.56816e-09
1.00867e-06
8.87644e-09
1.01043e-06
9.86559e-09
1.01181e-06
1.1068e-08
1.01377e-06
1.2407e-08
1.01496e-06
1.39683e-08
1.01702e-06
1.59524e-08
1.01787e-06
1.8032e-08
1.01971e-06
1.9728e-08
1.02035e-06
2.27662e-08
1.02173e-06
2.42556e-08
1.02232e-06
2.90633e-08
1.02345e-06
3.20861e-08
1.02338e-06
3.73414e-08
1.02495e-06
4.45421e-08
1.02378e-06
4.79053e-08
1.0258e-06
6.0752e-08
1.0249e-06
6.29988e-08
1.02687e-06
7.92338e-08
1.02774e-06
8.53262e-08
1.03161e-06
1.02653e-07
1.03405e-06
1.1255e-07
1.04308e-06
1.35916e-07
1.4562e-07
1.0494e-06
1.00018e-06
4.53517e-10
1.00069e-06
1.39524e-09
1.00153e-06
2.31425e-09
1.00261e-06
3.33822e-09
1.00394e-06
4.07319e-09
1.00538e-06
5.11567e-09
1.00704e-06
5.90935e-09
1.00862e-06
7.30018e-09
1.01044e-06
8.04389e-09
1.01199e-06
9.52056e-09
1.01403e-06
1.03621e-08
1.01547e-06
1.25289e-08
1.0177e-06
1.37224e-08
1.01886e-06
1.68716e-08
1.02104e-06
1.75478e-08
1.02205e-06
2.17585e-08
1.02387e-06
2.24331e-08
1.02514e-06
2.77949e-08
1.0266e-06
3.06275e-08
1.02805e-06
3.58885e-08
1.0297e-06
4.28911e-08
1.03075e-06
4.68591e-08
1.03341e-06
5.80946e-08
1.03423e-06
6.21728e-08
1.03815e-06
7.53131e-08
1.04054e-06
8.29429e-08
1.04592e-06
9.72729e-08
1.05133e-06
1.07141e-07
1.06077e-06
1.26476e-07
1.3648e-07
1.06991e-06
1.00017e-06
2.81495e-10
1.00068e-06
8.91142e-10
1.00151e-06
1.47728e-09
1.00261e-06
2.24529e-09
1.00395e-06
2.73145e-09
1.00544e-06
3.62034e-09
1.00715e-06
4.20702e-09
1.00886e-06
5.58742e-09
1.01075e-06
6.15526e-09
1.01251e-06
7.75439e-09
1.01461e-06
8.26403e-09
1.01642e-06
1.07181e-08
1.01869e-06
1.14556e-08
1.02043e-06
1.51342e-08
1.02262e-06
1.53534e-08
1.02434e-06
2.0039e-08
1.02638e-06
2.03925e-08
1.02826e-06
2.59204e-08
1.03051e-06
2.8377e-08
1.03234e-06
3.40531e-08
1.03537e-06
3.98668e-08
1.03707e-06
4.515e-08
1.041e-06
5.41695e-08
1.04338e-06
5.97881e-08
1.04824e-06
7.04544e-08
1.05235e-06
7.88386e-08
1.05926e-06
9.03603e-08
1.06577e-06
1.00634e-07
1.07642e-06
1.15819e-07
1.26221e-07
1.08668e-06
1.00018e-06
1.03268e-10
1.00071e-06
3.63151e-10
1.00157e-06
6.08753e-10
1.00272e-06
1.09531e-09
1.00412e-06
1.33474e-09
1.00571e-06
2.03157e-09
1.00749e-06
2.42507e-09
1.00935e-06
3.72498e-09
1.01135e-06
4.16312e-09
1.01333e-06
5.77502e-09
1.01554e-06
6.04635e-09
1.01766e-06
8.60264e-09
1.02008e-06
9.03616e-09
1.02224e-06
1.29699e-08
1.02464e-06
1.29611e-08
1.02691e-06
1.77684e-08
1.02921e-06
1.80919e-08
1.03181e-06
2.33188e-08
1.03437e-06
2.58188e-08
1.03722e-06
3.12042e-08
1.04062e-06
3.64614e-08
1.04358e-06
4.2191e-08
1.04815e-06
4.96028e-08
1.05176e-06
5.61725e-08
1.05752e-06
6.46942e-08
1.06309e-06
7.32689e-08
1.0705e-06
8.2956e-08
1.07874e-06
9.23935e-08
1.08969e-06
1.04864e-07
1.14675e-07
1.10124e-06
1.00019e-06
-9.04871e-11
1.00077e-06
-2.14535e-10
1.00171e-06
-3.27111e-10
1.00295e-06
-1.47597e-10
1.00444e-06
-1.55961e-10
1.00615e-06
3.17547e-10
1.00805e-06
5.33591e-10
1.01007e-06
1.70557e-09
1.01218e-06
2.04579e-09
1.01439e-06
3.56771e-09
1.01675e-06
3.69075e-09
1.01918e-06
6.17055e-09
1.02175e-06
6.4596e-09
1.02435e-06
1.03762e-08
1.02696e-06
1.03461e-08
1.0297e-06
1.5034e-08
1.03239e-06
1.53968e-08
1.03541e-06
2.02974e-08
1.03862e-06
2.26109e-08
1.04193e-06
2.78919e-08
1.04604e-06
3.23516e-08
1.04981e-06
3.84294e-08
1.05491e-06
4.45028e-08
1.05967e-06
5.14039e-08
1.06598e-06
5.83845e-08
1.07252e-06
6.67327e-08
1.08076e-06
7.47138e-08
1.08969e-06
8.34651e-08
1.10109e-06
9.34669e-08
1.02587e-07
1.11318e-06
1.00023e-06
-3.15529e-10
1.00089e-06
-8.82377e-10
1.00196e-06
-1.39852e-09
1.00336e-06
-1.54138e-09
1.00499e-06
-1.79188e-09
1.00687e-06
-1.5546e-09
1.0089e-06
-1.49767e-09
1.01108e-06
-4.81806e-10
1.01334e-06
-2.0647e-10
1.01578e-06
1.12891e-09
1.01829e-06
1.17876e-09
1.02101e-06
3.44621e-09
1.02377e-06
3.70648e-09
1.02675e-06
7.38984e-09
1.0296e-06
7.4957e-09
1.0328e-06
1.18397e-08
1.0358e-06
1.23882e-08
1.03933e-06
1.67746e-08
1.04289e-06
1.90447e-08
1.0468e-06
2.39863e-08
1.05126e-06
2.78891e-08
1.05574e-06
3.39486e-08
1.06123e-06
3.90173e-08
1.06681e-06
4.58252e-08
1.0735e-06
5.16925e-08
1.0809e-06
5.93282e-08
1.08945e-06
6.61688e-08
1.09911e-06
7.38048e-08
1.11064e-06
8.19363e-08
9.0003e-08
1.12322e-06
1.00026e-06
-5.71641e-10
1.00103e-06
-1.658e-09
1.00226e-06
-2.63056e-09
1.00384e-06
-3.12078e-09
1.00565e-06
-3.60333e-09
1.00771e-06
-3.60959e-09
1.00989e-06
-3.67612e-09
1.01226e-06
-2.85644e-09
1.01472e-06
-2.65989e-09
1.0174e-06
-1.55253e-09
1.02011e-06
-1.53549e-09
1.02311e-06
4.47107e-10
1.02611e-06
7.07743e-10
1.02942e-06
4.07824e-09
1.03258e-06
4.3369e-09
1.03613e-06
8.28492e-09
1.03956e-06
8.95938e-09
1.04346e-06
1.28788e-08
1.04748e-06
1.50202e-08
1.05181e-06
1.96569e-08
1.05661e-06
2.30902e-08
1.06162e-06
2.8941e-08
1.06735e-06
3.3291e-08
1.07345e-06
3.9717e-08
1.08044e-06
4.47021e-08
1.08823e-06
5.15452e-08
1.09715e-06
5.72448e-08
1.10707e-06
6.38827e-08
1.11868e-06
7.03312e-08
7.73329e-08
1.13135e-06
1.00037e-06
-9.43526e-10
1.0014e-06
-2.68218e-09
1.00292e-06
-4.15843e-09
1.00477e-06
-4.96934e-09
1.00682e-06
-5.65174e-09
1.00909e-06
-5.8782e-09
1.01145e-06
-6.03593e-09
1.01399e-06
-5.40175e-09
1.01664e-06
-5.31008e-09
1.01956e-06
-4.46428e-09
1.02247e-06
-4.45268e-09
1.02567e-06
-2.74636e-09
1.02886e-06
-2.48472e-09
1.03247e-06
4.66726e-10
1.03591e-06
8.96494e-10
1.03987e-06
4.32344e-09
1.04369e-06
5.14744e-09
1.04797e-06
8.59459e-09
1.05226e-06
1.07262e-08
1.05687e-06
1.50466e-08
1.06176e-06
1.82034e-08
1.06702e-06
2.3683e-08
1.0728e-06
2.75066e-08
1.07921e-06
3.33141e-08
1.0863e-06
3.761e-08
1.09439e-06
4.3453e-08
1.10343e-06
4.8202e-08
1.11357e-06
5.37418e-08
1.12513e-06
5.87787e-08
6.45761e-08
1.13788e-06
1.00046e-06
-1.40028e-09
1.00183e-06
-4.05787e-09
1.00378e-06
-6.10404e-09
1.00598e-06
-7.16654e-09
1.00829e-06
-7.96772e-09
1.01078e-06
-8.36953e-09
1.01333e-06
-8.5818e-09
1.01608e-06
-8.15481e-09
1.01895e-06
-8.18189e-09
1.02211e-06
-7.62503e-09
1.02524e-06
-7.57731e-09
1.02871e-06
-6.21342e-09
1.03213e-06
-5.91373e-09
1.03603e-06
-3.42665e-09
1.03975e-06
-2.82152e-09
1.04405e-06
2.13228e-11
1.04835e-06
8.48365e-10
1.05306e-06
3.8857e-09
1.05776e-06
6.01796e-09
1.06266e-06
1.01501e-08
1.06764e-06
1.32216e-08
1.07296e-06
1.83608e-08
1.07865e-06
2.18244e-08
1.08499e-06
2.69683e-08
1.092e-06
3.06025e-08
1.10001e-06
3.5446e-08
1.109e-06
3.921e-08
1.11909e-06
4.36502e-08
1.13047e-06
4.73969e-08
5.20192e-08
1.14303e-06
1.00088e-06
-2.28209e-09
1.00288e-06
-6.05236e-09
1.0053e-06
-8.52304e-09
1.00779e-06
-9.66559e-09
1.01035e-06
-1.05259e-08
1.01309e-06
-1.11042e-08
1.01584e-06
-1.13395e-08
1.01878e-06
-1.10915e-08
1.02188e-06
-1.12824e-08
1.02534e-06
-1.1082e-08
1.02874e-06
-1.09754e-08
1.03241e-06
-9.88912e-09
1.03597e-06
-9.47115e-09
1.03998e-06
-7.4338e-09
1.04404e-06
-6.88036e-09
1.04882e-06
-4.76479e-09
1.0538e-06
-4.13387e-09
1.05901e-06
-1.31837e-09
1.06382e-06
1.2017e-09
1.06858e-06
5.39633e-09
1.07311e-06
8.6902e-09
1.078e-06
1.34672e-08
1.08321e-06
1.66167e-08
1.08927e-06
2.09131e-08
1.09605e-06
2.38158e-08
1.104e-06
2.75024e-08
1.11292e-06
3.02857e-08
1.12299e-06
3.35829e-08
1.13422e-06
3.61605e-08
3.94776e-08
1.14677e-06
1.00186e-06
-4.14335e-09
1.00525e-06
-9.43903e-09
1.00851e-06
-1.17878e-08
1.01137e-06
-1.25212e-08
1.01418e-06
-1.33384e-08
1.01722e-06
-1.41392e-08
1.02025e-06
-1.43703e-08
1.02331e-06
-1.41531e-08
1.02642e-06
-1.43978e-08
1.02983e-06
-1.4487e-08
1.0332e-06
-1.4347e-08
1.03687e-06
-1.35543e-08
1.04028e-06
-1.28836e-08
1.04403e-06
-1.11878e-08
1.04781e-06
-1.06565e-08
1.0526e-06
-9.55839e-09
1.05767e-06
-9.20587e-09
1.06315e-06
-6.79416e-09
1.06818e-06
-3.82517e-09
1.07314e-06
4.30311e-10
1.07757e-06
4.25778e-09
1.08226e-06
8.78363e-09
1.08712e-06
1.17574e-08
1.09282e-06
1.52121e-08
1.09929e-06
1.73411e-08
1.10698e-06
1.98121e-08
1.11572e-06
2.15455e-08
1.1257e-06
2.36086e-08
1.13674e-06
2.51181e-08
2.72811e-08
1.14894e-06
1.00304e-06
-7.18761e-09
1.00685e-06
-1.32442e-08
1.0097e-06
-1.46404e-08
1.0118e-06
-1.46167e-08
1.01372e-06
-1.52561e-08
1.01545e-06
-1.58773e-08
1.01684e-06
-1.57601e-08
1.01806e-06
-1.53709e-08
1.0192e-06
-1.55369e-08
1.02027e-06
-1.55581e-08
1.02109e-06
-1.51671e-08
1.02189e-06
-1.43525e-08
1.02248e-06
-1.34771e-08
1.02363e-06
-1.23332e-08
1.02511e-06
-1.21332e-08
1.02754e-06
-1.19884e-08
1.02996e-06
-1.16258e-08
1.03274e-06
-9.57664e-09
1.03559e-06
-6.67857e-09
1.03918e-06
-3.15752e-09
1.04332e-06
1.12624e-10
1.04885e-06
3.25811e-09
1.05514e-06
5.46307e-09
1.06275e-06
7.60626e-09
1.07123e-06
8.86532e-09
1.08086e-06
1.01824e-08
1.09135e-06
1.10467e-08
1.10294e-06
1.2021e-08
1.11545e-06
1.26093e-08
1.34328e-08
1.1293e-06
9.92812e-07
9.79568e-07
9.64928e-07
9.50311e-07
9.35055e-07
9.19178e-07
9.03417e-07
8.88047e-07
8.7251e-07
8.56952e-07
8.41784e-07
8.27432e-07
8.13955e-07
8.01622e-07
7.89488e-07
7.775e-07
7.65874e-07
7.56298e-07
7.49619e-07
7.46461e-07
7.46574e-07
7.49832e-07
7.55295e-07
7.62902e-07
7.71767e-07
7.81949e-07
7.92996e-07
8.05017e-07
8.17626e-07
8.31059e-07
3.95051e-07
-1.01071e-07
4.76611e-07
-8.15607e-08
5.29411e-07
-5.27996e-08
5.96884e-07
-6.74732e-08
6.59936e-07
-6.30521e-08
7.16156e-07
-5.62191e-08
7.26474e-07
-1.03186e-08
7.28228e-07
-1.75364e-09
7.99842e-07
-7.16144e-08
-1.31601e-07
9.31443e-07
7.51701e-07
-1.40072e-07
7.95353e-07
-1.25213e-07
8.47947e-07
-1.05394e-07
8.71308e-07
-9.08338e-08
8.68055e-07
-5.97989e-08
9.10827e-07
-9.89916e-08
9.72877e-07
-7.23689e-08
9.93719e-07
-2.25952e-08
9.9672e-07
-7.46152e-08
-1.64976e-07
1.03009e-06
8.75935e-07
-1.45679e-07
8.77796e-07
-1.27075e-07
8.96205e-07
-1.23803e-07
9.29628e-07
-1.24256e-07
9.17045e-07
-4.72159e-08
9.26484e-07
-1.08431e-07
9.54518e-07
-1.00403e-07
1.03644e-06
-1.04515e-07
1.06914e-06
-1.07321e-07
-1.80221e-07
1.08439e-06
9.26925e-07
-1.55644e-07
9.45405e-07
-1.45554e-07
9.42367e-07
-1.20765e-07
9.4713e-07
-1.29019e-07
9.77171e-07
-7.72573e-08
9.87225e-07
-1.18485e-07
9.98799e-07
-1.11977e-07
1.02093e-06
-1.26648e-07
1.05029e-06
-1.36677e-07
-2.02784e-07
1.07285e-06
9.63898e-07
-1.50483e-07
9.68125e-07
-1.49781e-07
9.69517e-07
-1.22158e-07
9.76412e-07
-1.35914e-07
9.90757e-07
-9.16023e-08
9.99954e-07
-1.27681e-07
1.0109e-06
-1.2292e-07
1.03671e-06
-1.52465e-07
1.05535e-06
-1.55316e-07
-2.15999e-07
1.06857e-06
9.97596e-07
-1.50001e-07
9.97582e-07
-1.49767e-07
1.00047e-06
-1.25041e-07
9.99499e-07
-1.34948e-07
1.01485e-06
-1.06954e-07
1.0216e-06
-1.34427e-07
1.03236e-06
-1.33681e-07
1.03706e-06
-1.57169e-07
1.04892e-06
-1.6717e-07
-2.28873e-07
1.06179e-06
1.02284e-06
-1.45889e-07
1.01987e-06
-1.46798e-07
1.02003e-06
-1.25202e-07
1.02054e-06
-1.3546e-07
1.02842e-06
-1.14835e-07
1.03101e-06
-1.37019e-07
1.03633e-06
-1.38996e-07
1.04357e-06
-1.64409e-07
1.05157e-06
-1.75174e-07
-2.27609e-07
1.05031e-06
1.04526e-06
-1.41748e-07
1.04012e-06
-1.41661e-07
1.03992e-06
-1.25001e-07
1.03726e-06
-1.32801e-07
1.04277e-06
-1.20348e-07
1.04291e-06
-1.37152e-07
1.04378e-06
-1.39871e-07
1.04466e-06
-1.65284e-07
1.04712e-06
-1.77639e-07
-2.21254e-07
1.04077e-06
1.06366e-06
-1.35502e-07
1.05724e-06
-1.35244e-07
1.05454e-06
-1.22298e-07
1.05041e-06
-1.28673e-07
1.05067e-06
-1.20608e-07
1.04903e-06
-1.35507e-07
1.04863e-06
-1.39471e-07
1.04539e-06
-1.62045e-07
1.04131e-06
-1.73557e-07
-2.12681e-07
1.03273e-06
1.07944e-06
-1.28257e-07
1.07143e-06
-1.2724e-07
1.06702e-06
-1.1788e-07
1.06152e-06
-1.23179e-07
1.05964e-06
-1.18732e-07
1.05466e-06
-1.30522e-07
1.04984e-06
-1.34651e-07
1.04388e-06
-1.56089e-07
1.03839e-06
-1.68064e-07
-1.99767e-07
1.02548e-06
1.09229e-06
-1.19309e-07
1.08345e-06
-1.18398e-07
1.077e-06
-1.11427e-07
1.06952e-06
-1.157e-07
1.06404e-06
-1.13258e-07
1.05761e-06
-1.2409e-07
1.0515e-06
-1.2854e-07
1.04228e-06
-1.46865e-07
1.03223e-06
-1.58021e-07
-1.85681e-07
1.01815e-06
1.10318e-06
-1.0931e-07
1.09303e-06
-1.08247e-07
1.08481e-06
-1.03206e-07
1.07607e-06
-1.06963e-07
1.06883e-06
-1.06023e-07
1.05976e-06
-1.15019e-07
1.05085e-06
-1.19625e-07
1.03985e-06
-1.35863e-07
1.02827e-06
-1.4645e-07
-1.69326e-07
1.01192e-06
1.1119e-06
-9.7988e-08
1.10085e-06
-9.71969e-08
1.09107e-06
-9.34245e-08
1.08076e-06
-9.66536e-08
1.07121e-06
-9.64725e-08
1.06075e-06
-1.04564e-07
1.0503e-06
-1.09173e-07
1.03731e-06
-1.22869e-07
1.02333e-06
-1.32474e-07
-1.51951e-07
1.00596e-06
1.11909e-06
-8.57302e-08
1.10696e-06
-8.50623e-08
1.09585e-06
-8.23172e-08
1.08432e-06
-8.51243e-08
1.07338e-06
-8.55327e-08
1.06123e-06
-9.24159e-08
1.04897e-06
-9.69131e-08
1.03464e-06
-1.0854e-07
1.01932e-06
-1.17155e-07
-1.33328e-07
1.0007e-06
1.12468e-06
-7.25263e-08
1.11171e-06
-7.20904e-08
1.09948e-06
-7.00875e-08
1.08683e-06
-7.24785e-08
1.07449e-06
-7.31873e-08
1.06116e-06
-7.90915e-08
1.0476e-06
-8.33502e-08
1.03205e-06
-9.29929e-08
1.01541e-06
-1.00518e-07
-1.13907e-07
9.95993e-07
1.12907e-06
-5.85673e-08
1.11524e-06
-5.82565e-08
1.1021e-06
-5.6947e-08
1.0885e-06
-5.88868e-08
1.07518e-06
-5.98601e-08
1.06078e-06
-6.46953e-08
1.04607e-06
-6.86392e-08
1.02959e-06
-7.65086e-08
1.01203e-06
-8.29632e-08
-9.37391e-08
9.91863e-07
1.13217e-06
-4.39682e-08
1.11767e-06
-4.37591e-08
1.10377e-06
-4.30504e-08
1.0894e-06
-4.45176e-08
1.07521e-06
-4.56613e-08
1.05996e-06
-4.94454e-08
1.04432e-06
-5.30075e-08
1.02696e-06
-5.91466e-08
1.00857e-06
-6.4568e-08
-7.28633e-08
9.87691e-07
1.13346e-06
-2.84908e-08
1.11801e-06
-2.83124e-08
1.10318e-06
-2.82156e-08
1.08787e-06
-2.92071e-08
1.07272e-06
-3.05135e-08
1.05641e-06
-3.31392e-08
1.03961e-06
-3.62088e-08
1.021e-06
-4.05269e-08
1.00133e-06
-4.48993e-08
-5.0585e-08
9.79048e-07
1.11162e-06
-1.0812e-08
1.09436e-06
-1.10567e-08
1.07757e-06
-1.14232e-08
1.06049e-06
-1.21284e-08
1.04324e-06
-1.32632e-08
1.0249e-06
-1.48013e-08
1.00558e-06
-1.6881e-08
9.84308e-07
-1.92578e-08
9.61466e-07
-2.2057e-08
-2.48904e-08
9.35771e-07
8.20247e-07
8.0919e-07
7.97767e-07
7.85639e-07
7.72375e-07
7.57574e-07
7.40693e-07
7.21435e-07
6.99378e-07
6.74488e-07
1.73333e-08
-1.73333e-08
-3.73901e-08
5.47234e-08
-1.70532e-07
1.33142e-07
-4.27801e-07
2.57269e-07
-7.02203e-07
2.74402e-07
-8.58079e-07
1.55876e-07
-9.12524e-07
5.4445e-08
-8.93282e-07
-1.92412e-08
-8.1226e-07
-8.10226e-08
-6.80967e-07
-1.31293e-07
-5.17815e-07
-1.63152e-07
-3.33758e-07
-1.84057e-07
-1.5153e-07
-1.82228e-07
7.89861e-09
-1.59428e-07
1.43691e-07
-1.35792e-07
2.49923e-07
-1.06232e-07
3.28502e-07
-7.85788e-08
3.82518e-07
-5.40163e-08
4.16432e-07
-3.3914e-08
4.35032e-07
-1.85997e-08
4.42797e-07
-7.76508e-09
4.43335e-07
-5.38424e-10
4.39482e-07
3.85338e-09
4.33166e-07
6.31579e-09
4.25864e-07
7.3017e-09
4.18516e-07
7.34817e-09
4.11707e-07
6.80888e-09
4.05703e-07
6.00419e-09
4.00591e-07
5.11192e-09
3.96325e-07
4.26563e-09
3.92813e-07
3.51196e-09
3.8995e-07
2.86336e-09
3.87611e-07
2.33963e-09
3.85734e-07
1.87698e-09
3.84194e-07
1.53946e-09
3.82998e-07
1.19601e-09
3.82007e-07
9.91371e-10
3.81298e-07
7.08476e-10
3.80689e-07
6.09532e-10
3.52107e-10
5.76285e-09
-2.30961e-08
-8.5228e-08
1.45714e-07
-3.23365e-07
3.71279e-07
-5.84461e-07
5.18365e-07
-7.70833e-07
4.60774e-07
-8.75639e-07
2.60681e-07
-8.89971e-07
6.87776e-08
-8.47033e-07
-6.21797e-08
-7.56955e-07
-1.711e-07
-6.21286e-07
-2.66962e-07
-4.42938e-07
-3.415e-07
-2.5463e-07
-3.72365e-07
-6.73335e-08
-3.69525e-07
9.78403e-08
-3.24602e-07
2.36464e-07
-2.74416e-07
3.4739e-07
-2.17158e-07
4.33017e-07
-1.64206e-07
4.97593e-07
-1.18592e-07
5.45974e-07
-8.22948e-08
5.82407e-07
-5.50332e-08
6.10061e-07
-3.54189e-08
6.31011e-07
-2.14882e-08
6.46654e-07
-1.17891e-08
6.58094e-07
-5.12477e-09
6.66138e-07
-7.42139e-10
6.71522e-07
1.96428e-09
6.74929e-07
3.40192e-09
6.76875e-07
4.05805e-09
6.77841e-07
4.14606e-09
6.7816e-07
3.94654e-09
6.78108e-07
3.56373e-09
6.7786e-07
3.11151e-09
6.77524e-07
2.67589e-09
6.77191e-07
2.20974e-09
6.7687e-07
1.86042e-09
6.76629e-07
1.43649e-09
6.76423e-07
1.19802e-09
6.76325e-07
8.059e-10
6.76255e-07
6.79906e-10
3.09531e-10
-7.89715e-08
5.58753e-08
-2.66481e-07
3.33224e-07
-4.15907e-07
5.20705e-07
-5.22473e-07
6.24931e-07
-6.30333e-07
5.68634e-07
-6.98388e-07
3.28736e-07
-6.99648e-07
7.00373e-08
-6.51085e-07
-1.10742e-07
-5.71575e-07
-2.5061e-07
-4.54211e-07
-3.84326e-07
-2.96353e-07
-4.99358e-07
-1.1701e-07
-5.51708e-07
5.2011e-08
-5.38546e-07
2.06216e-07
-4.78807e-07
3.30776e-07
-3.98976e-07
4.27986e-07
-3.14368e-07
4.99441e-07
-2.35661e-07
5.48795e-07
-1.67946e-07
5.82873e-07
-1.16373e-07
6.08871e-07
-8.10315e-08
6.31174e-07
-5.77224e-08
6.51179e-07
-4.14926e-08
6.68968e-07
-2.95778e-08
6.84232e-07
-2.0389e-08
6.96984e-07
-1.3494e-08
7.07241e-07
-8.29287e-09
7.15259e-07
-4.61636e-09
7.21334e-07
-2.01727e-09
7.25865e-07
-3.84793e-10
7.29147e-07
6.65004e-10
7.31523e-07
1.18792e-09
7.33227e-07
1.40752e-09
7.34475e-07
1.42748e-09
7.35396e-07
1.28854e-09
7.36106e-07
1.15079e-09
7.36669e-07
8.72956e-10
7.37142e-07
7.25882e-10
7.37563e-07
3.84627e-10
7.37954e-07
2.88676e-10
-9.39932e-11
-2.13639e-08
7.72392e-08
-1.02936e-07
4.14797e-07
-1.83271e-07
6.01039e-07
-2.87731e-07
7.29392e-07
-3.77709e-07
6.58611e-07
-4.3291e-07
3.83937e-07
-4.35385e-07
7.25127e-08
-3.83464e-07
-1.62663e-07
-3.08399e-07
-3.25675e-07
-2.10624e-07
-4.82101e-07
-8.81836e-08
-6.21799e-07
4.84013e-08
-6.88293e-07
1.84399e-07
-6.74544e-07
3.08377e-07
-6.02785e-07
4.11244e-07
-5.01842e-07
4.9529e-07
-3.98414e-07
5.64269e-07
-3.04639e-07
6.13803e-07
-2.1748e-07
6.41968e-07
-1.44537e-07
6.55603e-07
-9.46669e-08
6.64133e-07
-6.62519e-08
6.72984e-07
-5.03438e-08
6.83311e-07
-3.99047e-08
6.94195e-07
-3.12733e-08
7.04517e-07
-2.38158e-08
7.13505e-07
-1.72812e-08
7.2094e-07
-1.20511e-08
7.26845e-07
-7.92191e-09
7.31455e-07
-4.99462e-09
7.34987e-07
-2.86754e-09
7.37712e-07
-1.53719e-09
7.39787e-07
-6.67359e-10
7.41406e-07
-1.91249e-10
7.42661e-07
3.3811e-11
7.43675e-07
1.36623e-10
7.44492e-07
5.53e-11
7.45192e-07
2.66687e-11
7.45794e-07
-2.17759e-10
7.46348e-07
-2.6525e-10
-6.20491e-10
-5.55415e-08
1.32781e-07
-4.58945e-08
4.05149e-07
-5.58566e-08
6.11001e-07
-6.84152e-08
7.4195e-07
-8.60733e-08
6.76269e-07
-8.2363e-08
3.80227e-07
-5.26138e-08
4.27635e-08
1.49921e-08
-2.30269e-07
8.9887e-08
-4.0057e-07
1.56124e-07
-5.48337e-07
2.29213e-07
-6.94888e-07
3.15129e-07
-7.74209e-07
3.86216e-07
-7.4563e-07
4.46285e-07
-6.62854e-07
4.94616e-07
-5.50173e-07
5.28921e-07
-4.3272e-07
5.65654e-07
-3.41372e-07
6.11765e-07
-2.63592e-07
6.54242e-07
-1.87014e-07
6.80915e-07
-1.2134e-07
6.92448e-07
-7.77842e-08
6.96596e-07
-5.44921e-08
6.9996e-07
-4.32684e-08
7.04975e-07
-3.62888e-08
7.11387e-07
-3.02277e-08
7.1805e-07
-2.39438e-08
7.24112e-07
-1.81139e-08
7.29145e-07
-1.29544e-08
7.33162e-07
-9.01128e-09
7.36274e-07
-5.98001e-09
7.38713e-07
-3.97632e-09
7.40607e-07
-2.56091e-09
7.42127e-07
-1.71201e-09
7.43335e-07
-1.17404e-09
7.44344e-07
-8.71909e-10
7.45171e-07
-7.71576e-10
7.45892e-07
-6.94458e-10
7.46514e-07
-8.39635e-10
7.47092e-07
-8.43919e-10
-1.17051e-09
1.05702e-07
2.70786e-08
1.10723e-07
4.00129e-07
1.86304e-07
5.3542e-07
2.29645e-07
6.9861e-07
2.64647e-07
6.41267e-07
3.03826e-07
3.41049e-07
3.42712e-07
3.87698e-09
4.15894e-07
-3.03451e-07
4.85707e-07
-4.70383e-07
5.19037e-07
-5.81667e-07
5.41955e-07
-7.17806e-07
5.7882e-07
-8.11074e-07
6.06115e-07
-7.72925e-07
6.15801e-07
-6.72541e-07
6.23346e-07
-5.57718e-07
6.14563e-07
-4.23937e-07
5.91805e-07
-3.18614e-07
5.87076e-07
-2.58863e-07
6.12127e-07
-2.12065e-07
6.50481e-07
-1.59695e-07
6.83113e-07
-1.10416e-07
7.02754e-07
-7.4133e-08
7.12054e-07
-5.25683e-08
7.16483e-07
-4.07184e-08
7.19919e-07
-3.36635e-08
7.23682e-07
-2.77064e-08
7.277e-07
-2.21328e-08
7.3148e-07
-1.67344e-08
7.34751e-07
-1.22815e-08
7.37393e-07
-8.62273e-09
7.39509e-07
-6.09226e-09
7.41169e-07
-4.22079e-09
7.42514e-07
-3.05694e-09
7.43592e-07
-2.25229e-09
7.44504e-07
-1.78365e-09
7.45264e-07
-1.53119e-09
7.45937e-07
-1.36754e-09
7.46526e-07
-1.42895e-09
7.47079e-07
-1.39693e-09
-1.69773e-09
-1.08103e-07
1.35182e-07
7.83913e-08
2.13634e-07
2.69309e-07
3.44502e-07
4.51484e-07
5.16435e-07
5.73181e-07
5.1957e-07
6.30481e-07
2.83748e-07
6.75847e-07
-4.14887e-08
7.30967e-07
-3.5857e-07
7.70924e-07
-5.1034e-07
7.69015e-07
-5.79758e-07
7.35552e-07
-6.84343e-07
7.03982e-07
-7.79505e-07
6.92194e-07
-7.61137e-07
6.76493e-07
-6.5684e-07
6.68916e-07
-5.5014e-07
6.71632e-07
-4.26653e-07
6.50635e-07
-2.97617e-07
6.11712e-07
-2.1994e-07
5.91249e-07
-1.91602e-07
6.03917e-07
-1.72363e-07
6.37106e-07
-1.43604e-07
6.72556e-07
-1.09583e-07
6.99598e-07
-7.96106e-08
7.1613e-07
-5.72508e-08
7.2492e-07
-4.24535e-08
7.29527e-07
-3.23129e-08
7.32453e-07
-2.50588e-08
7.34787e-07
-1.90684e-08
7.36881e-07
-1.43754e-08
7.38716e-07
-1.04583e-08
7.40316e-07
-7.69213e-09
7.41654e-07
-5.55839e-09
7.428e-07
-4.20331e-09
7.43757e-07
-3.2089e-09
7.44591e-07
-2.61785e-09
7.45298e-07
-2.23799e-09
7.4593e-07
-1.99948e-09
7.46484e-07
-1.98375e-09
7.47006e-07
-1.91836e-09
-2.19194e-09
6.98406e-07
3.6822e-07
5.5414e-07
3.579e-07
5.29646e-07
3.68996e-07
6.30143e-07
4.15938e-07
7.74388e-07
3.75325e-07
8.64536e-07
1.936e-07
9.16073e-07
-9.30259e-08
9.49941e-07
-3.92439e-07
9.78632e-07
-5.3903e-07
9.88382e-07
-5.89509e-07
9.54971e-07
-6.50933e-07
8.74436e-07
-6.98969e-07
7.98899e-07
-6.856e-07
7.44094e-07
-6.02035e-07
6.99892e-07
-5.05939e-07
6.86269e-07
-4.13029e-07
6.92957e-07
-3.04306e-07
6.85835e-07
-2.12818e-07
6.63767e-07
-1.69534e-07
6.48879e-07
-1.57475e-07
6.54328e-07
-1.49053e-07
6.76999e-07
-1.32254e-07
7.06504e-07
-1.09115e-07
7.33506e-07
-8.42536e-08
7.53251e-07
-6.21978e-08
7.65313e-07
-4.43756e-08
7.71727e-07
-3.14723e-08
7.749e-07
-2.22414e-08
7.76645e-07
-1.61202e-08
7.77852e-07
-1.16651e-08
7.78903e-07
-8.74306e-09
7.79848e-07
-6.50432e-09
7.80719e-07
-5.07427e-09
7.8148e-07
-3.96969e-09
7.82168e-07
-3.30555e-09
7.82768e-07
-2.83768e-09
7.83323e-07
-2.55525e-09
7.83825e-07
-2.48516e-09
7.84307e-07
-2.40074e-09
-2.6571e-09
1.06515e-06
3.33169e-07
1.04227e-06
3.80774e-07
9.89183e-07
4.22084e-07
1.00313e-06
4.01993e-07
1.07688e-06
3.0157e-07
1.13165e-06
1.38836e-07
1.17211e-06
-1.33488e-07
1.17534e-06
-3.95666e-07
1.15052e-06
-5.14214e-07
1.12887e-06
-5.67857e-07
1.0908e-06
-6.12869e-07
1.00716e-06
-6.15324e-07
8.97612e-07
-5.76052e-07
8.10583e-07
-5.15006e-07
7.48445e-07
-4.43802e-07
7.05128e-07
-3.69711e-07
6.94063e-07
-2.93241e-07
7.08799e-07
-2.27554e-07
7.25876e-07
-1.86612e-07
7.30615e-07
-1.62213e-07
7.24115e-07
-1.42553e-07
7.16912e-07
-1.25051e-07
7.17779e-07
-1.09982e-07
7.27731e-07
-9.42063e-08
7.42408e-07
-7.68749e-08
7.56553e-07
-5.85205e-08
7.6713e-07
-4.20488e-08
7.7365e-07
-2.87612e-08
7.77117e-07
-1.9588e-08
7.78797e-07
-1.33449e-08
7.79707e-07
-9.65262e-09
7.80353e-07
-7.15017e-09
7.80979e-07
-5.70097e-09
7.81596e-07
-4.58657e-09
7.82215e-07
-3.92435e-09
7.82782e-07
-3.40477e-09
7.83311e-07
-3.08424e-09
7.83781e-07
-2.95509e-09
7.84224e-07
-2.84395e-09
-3.07021e-09
1.11239e-06
3.05168e-07
1.17241e-06
3.20756e-07
1.2002e-06
3.94291e-07
1.25083e-06
3.51359e-07
1.30182e-06
2.50587e-07
1.34083e-06
9.98238e-08
1.37855e-06
-1.71207e-07
1.34974e-06
-3.66857e-07
1.26529e-06
-4.29762e-07
1.17534e-06
-4.77915e-07
1.07553e-06
-5.13058e-07
9.80539e-07
-5.20329e-07
9.02824e-07
-4.98337e-07
8.37037e-07
-4.49219e-07
7.89179e-07
-3.95943e-07
7.6104e-07
-3.41572e-07
7.45896e-07
-2.78097e-07
7.43531e-07
-2.25188e-07
7.57271e-07
-2.00351e-07
7.82067e-07
-1.8701e-07
8.02794e-07
-1.6328e-07
8.06904e-07
-1.29161e-07
7.95573e-07
-9.86502e-08
7.79653e-07
-7.82869e-08
7.68633e-07
-6.58548e-08
7.65176e-07
-5.5063e-08
7.67206e-07
-4.40789e-08
7.71342e-07
-3.28969e-08
7.75293e-07
-2.35395e-08
7.78243e-07
-1.62947e-08
7.8017e-07
-1.15795e-08
7.8133e-07
-8.31069e-09
7.82046e-07
-6.41659e-09
7.82519e-07
-5.05968e-09
7.829e-07
-4.30567e-09
7.83234e-07
-3.73862e-09
7.83569e-07
-3.4186e-09
7.83892e-07
-3.27809e-09
7.84221e-07
-3.17353e-09
-3.40012e-09
1.10765e-06
2.70364e-07
1.15501e-06
2.73405e-07
1.22028e-06
3.29016e-07
1.29407e-06
2.77568e-07
1.34422e-06
2.00437e-07
1.38717e-06
5.68718e-08
1.3806e-06
-1.64629e-07
1.30638e-06
-2.92645e-07
1.22338e-06
-3.4676e-07
1.14689e-06
-4.01423e-07
1.05318e-06
-4.19342e-07
9.599e-07
-4.27054e-07
9.04515e-07
-4.42952e-07
8.68224e-07
-4.12928e-07
8.27456e-07
-3.55175e-07
8.03472e-07
-3.17588e-07
8.05327e-07
-2.79952e-07
8.04158e-07
-2.24019e-07
7.83746e-07
-1.79939e-07
7.62842e-07
-1.66106e-07
7.62422e-07
-1.6286e-07
7.81179e-07
-1.47919e-07
8.03121e-07
-1.20592e-07
8.14784e-07
-8.99504e-08
8.13289e-07
-6.43595e-08
8.03968e-07
-4.57425e-08
7.93385e-07
-3.34953e-08
7.85467e-07
-2.49795e-08
7.81202e-07
-1.9274e-08
7.79607e-07
-1.47001e-08
7.79519e-07
-1.14914e-08
7.80095e-07
-8.88605e-09
7.80892e-07
-7.21415e-09
7.81668e-07
-5.83534e-09
7.82359e-07
-4.9969e-09
7.82925e-07
-4.30469e-09
7.83396e-07
-3.88909e-09
7.83775e-07
-3.65737e-09
7.84107e-07
-3.50518e-09
-3.6838e-09
1.09597e-06
2.4296e-07
1.13472e-06
2.34662e-07
1.20474e-06
2.58989e-07
1.26168e-06
2.20631e-07
1.31003e-06
1.52083e-07
1.34475e-06
2.2155e-08
1.31011e-06
-1.29991e-07
1.24743e-06
-2.29962e-07
1.1838e-06
-2.83132e-07
1.11893e-06
-3.36557e-07
1.07454e-06
-3.74953e-07
1.02559e-06
-3.78095e-07
9.57826e-07
-3.75192e-07
9.03647e-07
-3.58749e-07
8.6309e-07
-3.14619e-07
8.26506e-07
-2.81003e-07
8.13494e-07
-2.66941e-07
8.21494e-07
-2.32019e-07
8.14518e-07
-1.72962e-07
7.77659e-07
-1.29248e-07
7.33882e-07
-1.19083e-07
7.10581e-07
-1.24617e-07
7.14915e-07
-1.24926e-07
7.36698e-07
-1.11734e-07
7.61704e-07
-8.93649e-08
7.8054e-07
-6.45786e-08
7.90543e-07
-4.34986e-08
7.93365e-07
-2.78013e-08
7.92169e-07
-1.80776e-08
7.8971e-07
-1.22411e-08
7.87437e-07
-9.21831e-09
7.85795e-07
-7.24437e-09
7.84773e-07
-6.19198e-09
7.84206e-07
-5.26821e-09
7.83946e-07
-4.73683e-09
7.83869e-07
-4.22835e-09
7.83914e-07
-3.93371e-09
7.8402e-07
-3.76314e-09
7.84166e-07
-3.65211e-09
-3.85287e-09
1.08833e-06
2.16423e-07
1.11747e-06
2.0552e-07
1.17057e-06
2.05887e-07
1.21798e-06
1.73216e-07
1.26131e-06
1.08757e-07
1.27514e-06
8.32675e-09
1.25268e-06
-1.07527e-07
1.21868e-06
-1.95965e-07
1.16761e-06
-2.32061e-07
1.09513e-06
-2.64075e-07
1.04029e-06
-3.20113e-07
1.00516e-06
-3.42971e-07
9.51665e-07
-3.21695e-07
8.9732e-07
-3.04404e-07
8.73939e-07
-2.91238e-07
8.54928e-07
-2.61992e-07
8.17179e-07
-2.29193e-07
7.84878e-07
-1.99718e-07
7.7965e-07
-1.67734e-07
7.89349e-07
-1.38946e-07
7.91779e-07
-1.21513e-07
7.79084e-07
-1.11922e-07
7.58917e-07
-1.04759e-07
7.43186e-07
-9.60029e-08
7.38021e-07
-8.41998e-08
7.42109e-07
-6.86667e-08
7.50417e-07
-5.18068e-08
7.5923e-07
-3.66141e-08
7.66671e-07
-2.55192e-08
7.72203e-07
-1.77729e-08
7.76088e-07
-1.31029e-08
7.78735e-07
-9.89144e-09
7.80539e-07
-7.99585e-09
7.81761e-07
-6.49036e-09
7.82601e-07
-5.57692e-09
7.8317e-07
-4.79743e-09
7.83563e-07
-4.32634e-09
7.83828e-07
-4.02847e-09
7.84024e-07
-3.84783e-09
-3.98605e-09
1.07444e-06
1.92288e-07
1.10568e-06
1.74286e-07
1.14578e-06
1.65787e-07
1.18554e-06
1.33457e-07
1.2204e-06
7.38915e-08
1.22718e-06
1.55446e-09
1.19993e-06
-8.02854e-08
1.1658e-06
-1.61835e-07
1.14215e-06
-2.0841e-07
1.10759e-06
-2.2951e-07
1.04731e-06
-2.59837e-07
9.93061e-07
-2.88721e-07
9.59119e-07
-2.87753e-07
9.24844e-07
-2.70128e-07
8.92656e-07
-2.59051e-07
8.75112e-07
-2.44448e-07
8.58631e-07
-2.12712e-07
8.32901e-07
-1.73989e-07
8.12413e-07
-1.47246e-07
8.13059e-07
-1.39592e-07
8.33423e-07
-1.41878e-07
8.58484e-07
-1.36982e-07
8.72728e-07
-1.19003e-07
8.69534e-07
-9.28088e-08
8.53117e-07
-6.77822e-08
8.32345e-07
-4.78949e-08
8.14504e-07
-3.39662e-08
8.02111e-07
-2.42211e-08
7.94543e-07
-1.79508e-08
7.9023e-07
-1.34604e-08
7.87795e-07
-1.06672e-08
7.86376e-07
-8.47273e-09
7.85495e-07
-7.11497e-09
7.84929e-07
-5.92473e-09
7.84561e-07
-5.20874e-09
7.84332e-07
-4.56793e-09
7.84202e-07
-4.19677e-09
7.84138e-07
-3.96391e-09
7.84116e-07
-3.82619e-09
-3.99064e-09
1.06665e-06
1.66404e-07
1.09202e-06
1.48917e-07
1.12391e-06
1.33899e-07
1.15478e-06
1.02587e-07
1.17533e-06
5.33436e-08
1.18575e-06
-8.87124e-09
1.17606e-06
-7.0596e-08
1.13723e-06
-1.23005e-07
1.10233e-06
-1.73508e-07
1.08446e-06
-2.11641e-07
1.04957e-06
-2.24945e-07
9.96193e-07
-2.35346e-07
9.60737e-07
-2.52297e-07
9.40641e-07
-2.50032e-07
9.05711e-07
-2.24121e-07
8.62961e-07
-2.01698e-07
8.42186e-07
-1.91937e-07
8.45191e-07
-1.76994e-07
8.4579e-07
-1.47844e-07
8.24501e-07
-1.18303e-07
7.86884e-07
-1.04261e-07
7.53611e-07
-1.03709e-07
7.37225e-07
-1.02617e-07
7.36222e-07
-9.18056e-08
7.43091e-07
-7.46509e-08
7.51974e-07
-5.67781e-08
7.60187e-07
-4.21796e-08
7.66891e-07
-3.09249e-08
7.72046e-07
-2.31061e-08
7.7586e-07
-1.72741e-08
7.78612e-07
-1.3419e-08
7.80549e-07
-1.041e-08
7.81885e-07
-8.45069e-09
7.82778e-07
-6.81814e-09
7.83354e-07
-5.78476e-09
7.83703e-07
-4.9165e-09
7.83893e-07
-4.38645e-09
7.83974e-07
-4.04534e-09
7.83992e-07
-3.84372e-09
-3.95332e-09
1.05657e-06
1.42565e-07
1.0797e-06
1.25794e-07
1.10685e-06
1.06742e-07
1.13037e-06
7.90678e-08
1.14391e-06
3.98072e-08
1.14646e-06
-1.14191e-08
1.13974e-06
-6.38778e-08
1.12441e-06
-1.0768e-07
1.09381e-06
-1.42911e-07
1.05724e-06
-1.75064e-07
1.0331e-06
-2.00806e-07
1.00911e-06
-2.11361e-07
9.68665e-07
-2.11847e-07
9.30038e-07
-2.11405e-07
9.10601e-07
-2.04684e-07
8.96468e-07
-1.87565e-07
8.73196e-07
-1.68665e-07
8.50401e-07
-1.54198e-07
8.42359e-07
-1.39803e-07
8.46731e-07
-1.22675e-07
8.49766e-07
-1.07295e-07
8.42102e-07
-9.60461e-08
8.26785e-07
-8.73001e-08
8.11441e-07
-7.64612e-08
8.00648e-07
-6.38581e-08
7.94636e-07
-5.07665e-08
7.91685e-07
-3.92282e-08
7.90211e-07
-2.94507e-08
7.89254e-07
-2.21495e-08
7.88446e-07
-1.64663e-08
7.87654e-07
-1.26265e-08
7.86909e-07
-9.66493e-09
7.86222e-07
-7.76433e-09
7.85641e-07
-6.23649e-09
7.85157e-07
-5.30131e-09
7.84781e-07
-4.5403e-09
7.84488e-07
-4.09319e-09
7.84262e-07
-3.81937e-09
7.84076e-07
-3.6576e-09
-3.7936e-09
1.04681e-06
1.21234e-07
1.06763e-06
1.04966e-07
1.08791e-06
8.6471e-08
1.10628e-06
6.06941e-08
1.12023e-06
2.58578e-08
1.12172e-06
-1.29127e-08
1.11143e-06
-5.35884e-08
1.09783e-06
-9.40796e-08
1.08045e-06
-1.25525e-07
1.05356e-06
-1.48181e-07
1.02244e-06
-1.6968e-07
9.96513e-07
-1.85436e-07
9.71984e-07
-1.87319e-07
9.42594e-07
-1.82016e-07
9.1593e-07
-1.78019e-07
8.99089e-07
-1.70724e-07
8.8492e-07
-1.54497e-07
8.64701e-07
-1.33978e-07
8.42685e-07
-1.17787e-07
8.2738e-07
-1.07371e-07
8.20459e-07
-1.00374e-07
8.17144e-07
-9.2731e-08
8.12143e-07
-8.22993e-08
8.04824e-07
-6.9142e-08
7.97043e-07
-5.60775e-08
7.90634e-07
-4.43569e-08
7.86373e-07
-3.49675e-08
7.84116e-07
-2.71942e-08
7.83268e-07
-2.13011e-08
7.83222e-07
-1.64198e-08
7.83515e-07
-1.29198e-08
7.83884e-07
-1.00337e-08
7.84186e-07
-8.06629e-09
7.84381e-07
-6.43201e-09
7.84456e-07
-5.37615e-09
7.84436e-07
-4.52074e-09
7.84334e-07
-3.99094e-09
7.84182e-07
-3.6675e-09
7.83995e-07
-3.47058e-09
-3.57908e-09
1.03783e-06
1.01552e-07
1.05616e-06
8.66344e-08
1.07376e-06
6.88766e-08
1.08806e-06
4.6395e-08
1.09608e-06
1.78297e-08
1.09881e-06
-1.56416e-08
1.09442e-06
-4.91925e-08
1.07966e-06
-7.93215e-08
1.06166e-06
-1.07529e-07
1.04489e-06
-1.31411e-07
1.02162e-06
-1.46409e-07
9.9221e-07
-1.56025e-07
9.68299e-07
-1.63408e-07
9.50156e-07
-1.63873e-07
9.276e-07
-1.55463e-07
9.00768e-07
-1.43892e-07
8.80438e-07
-1.34167e-07
8.71679e-07
-1.25219e-07
8.67596e-07
-1.13703e-07
8.59536e-07
-9.93112e-08
8.4495e-07
-8.57886e-08
8.27744e-07
-7.55252e-08
8.13329e-07
-6.78838e-08
8.03941e-07
-5.97543e-08
7.98766e-07
-5.09026e-08
7.96048e-07
-4.1638e-08
7.94361e-07
-3.3281e-08
7.93015e-07
-2.58481e-08
7.91722e-07
-2.00083e-08
7.90483e-07
-1.51803e-08
7.89293e-07
-1.17306e-08
7.88226e-07
-8.96606e-09
7.87272e-07
-7.11281e-09
7.8647e-07
-5.62991e-09
7.85789e-07
-4.69468e-09
7.85237e-07
-3.96872e-09
7.84774e-07
-3.52786e-09
7.84389e-07
-3.28286e-09
7.84044e-07
-3.12502e-09
-3.26253e-09
1.02936e-06
8.41095e-08
1.04547e-06
7.05296e-08
1.05995e-06
5.43916e-08
1.07183e-06
3.45202e-08
1.07942e-06
1.02331e-08
1.08028e-06
-1.65027e-08
1.07506e-06
-4.39712e-08
1.06631e-06
-7.05734e-08
1.05191e-06
-9.31248e-08
1.03215e-06
-1.11655e-07
1.0131e-06
-1.27353e-07
9.9453e-07
-1.37457e-07
9.71308e-07
-1.40186e-07
9.46441e-07
-1.39005e-07
9.27377e-07
-1.36399e-07
9.13687e-07
-1.30202e-07
8.98713e-07
-1.19194e-07
8.79705e-07
-1.06211e-07
8.60931e-07
-9.49288e-08
8.47293e-07
-8.56741e-08
8.39046e-07
-7.75409e-08
8.32983e-07
-6.94626e-08
8.26067e-07
-6.09676e-08
8.18036e-07
-5.17235e-08
8.09972e-07
-4.28387e-08
8.02949e-07
-3.46147e-08
7.97449e-07
-2.77813e-08
7.93497e-07
-2.18959e-08
7.90805e-07
-1.73164e-08
7.89044e-07
-1.3419e-08
7.87877e-07
-1.05637e-08
7.87085e-07
-8.17397e-09
7.86488e-07
-6.51561e-09
7.86008e-07
-5.15072e-09
7.8557e-07
-4.25644e-09
7.85166e-07
-3.5651e-09
7.84764e-07
-3.12557e-09
7.8438e-07
-2.89887e-09
7.83997e-07
-2.74188e-09
-2.8849e-09
1.02169e-06
6.83743e-08
1.03605e-06
5.61679e-08
1.04858e-06
4.18693e-08
1.05824e-06
2.4861e-08
1.06395e-06
4.51551e-09
1.06521e-06
-1.77593e-08
1.06152e-06
-4.02798e-08
1.05266e-06
-6.17139e-08
1.04083e-06
-8.12989e-08
1.02677e-06
-9.75905e-08
1.00882e-06
-1.09401e-07
9.88725e-07
-1.17366e-07
9.70442e-07
-1.21903e-07
9.53268e-07
-1.21831e-07
9.34123e-07
-1.17255e-07
9.14093e-07
-1.10171e-07
8.97015e-07
-1.02116e-07
8.84296e-07
-9.34913e-08
8.73779e-07
-8.44123e-08
8.6271e-07
-7.46047e-08
8.5035e-07
-6.51812e-08
8.37515e-07
-5.6627e-08
8.2595e-07
-4.9403e-08
8.16721e-07
-4.24944e-08
8.09821e-07
-3.59387e-08
8.04734e-07
-2.9528e-08
8.00834e-07
-2.3881e-08
7.97733e-07
-1.87951e-08
7.95151e-07
-1.4734e-08
7.92998e-07
-1.12669e-08
7.91162e-07
-8.72767e-09
7.89634e-07
-6.64554e-09
7.88338e-07
-5.21929e-09
7.87275e-07
-4.08775e-09
7.86379e-07
-3.36096e-09
7.85649e-07
-2.83471e-09
7.85023e-07
-2.49939e-09
7.84491e-07
-2.36704e-09
7.84001e-07
-2.2524e-09
-2.43115e-09
1.01492e-06
5.41606e-08
1.02766e-06
4.34192e-08
1.03855e-06
3.09787e-08
1.04692e-06
1.64944e-08
1.05182e-06
-3.80396e-10
1.05262e-06
-1.85632e-08
1.04942e-06
-3.70771e-08
1.04268e-06
-5.498e-08
1.03232e-06
-7.09294e-08
1.01896e-06
-8.42319e-08
1.0043e-06
-9.47399e-08
9.88534e-07
-1.01604e-07
9.70928e-07
-1.04298e-07
9.52667e-07
-1.03569e-07
9.35879e-07
-1.00467e-07
9.20762e-07
-9.50534e-08
9.0604e-07
-8.73941e-08
8.90947e-07
-7.83989e-08
8.75982e-07
-6.94466e-08
8.6249e-07
-6.11128e-08
8.50998e-07
-5.36893e-08
8.4116e-07
-4.67896e-08
8.32199e-07
-4.04418e-08
8.23802e-07
-3.40969e-08
8.16112e-07
-2.82489e-08
8.09404e-07
-2.28195e-08
8.03796e-07
-1.82731e-08
7.99311e-07
-1.43103e-08
7.95805e-07
-1.12276e-08
7.93131e-07
-8.5937e-09
7.91077e-07
-6.67372e-09
7.89508e-07
-5.07576e-09
7.8826e-07
-3.97182e-09
7.87266e-07
-3.09339e-09
7.86421e-07
-2.51658e-09
7.85708e-07
-2.12179e-09
7.85065e-07
-1.85581e-09
7.84496e-07
-1.79809e-09
7.83958e-07
-1.71456e-09
-1.92452e-09
1.00895e-06
4.12068e-08
1.02045e-06
3.19157e-08
1.03011e-06
2.13188e-08
1.03732e-06
9.28174e-09
1.04146e-06
-4.52148e-09
1.04234e-06
-1.94341e-08
1.03972e-06
-3.4462e-08
1.03369e-06
-4.89515e-08
1.02498e-06
-6.22165e-08
1.01404e-06
-7.32893e-08
1.00078e-06
-8.14798e-08
9.85886e-07
-8.67146e-08
9.70658e-07
-8.90698e-08
9.55451e-07
-8.83624e-08
9.39743e-07
-8.47584e-08
9.23681e-07
-7.89916e-08
9.08234e-07
-7.19467e-08
8.94009e-07
-6.41742e-08
8.80944e-07
-5.6382e-08
8.68631e-07
-4.87995e-08
8.56714e-07
-4.17724e-08
8.45268e-07
-3.53432e-08
8.34577e-07
-2.97511e-08
8.25195e-07
-2.47151e-08
8.17304e-07
-2.03583e-08
8.10858e-07
-1.63728e-08
8.05604e-07
-1.30193e-08
8.01347e-07
-1.00532e-08
7.97851e-07
-7.7313e-09
7.95008e-07
-5.75094e-09
7.92655e-07
-4.32103e-09
7.90743e-07
-3.16318e-09
7.89155e-07
-2.38428e-09
7.87869e-07
-1.80721e-09
7.86793e-07
-1.4403e-09
7.85913e-07
-1.24269e-09
7.85155e-07
-1.09781e-09
7.84508e-07
-1.1509e-09
7.83911e-07
-1.11678e-09
-1.37039e-09
1.00378e-06
2.92857e-08
1.01427e-06
2.14324e-08
1.02297e-06
1.2612e-08
1.02939e-06
2.86192e-09
1.03306e-06
-8.19117e-09
1.0338e-06
-2.01672e-08
1.03156e-06
-3.22252e-08
1.02652e-06
-4.39144e-08
1.01887e-06
-5.45635e-08
1.00893e-06
-6.33493e-08
9.97337e-07
-6.98863e-08
9.8457e-07
-7.3948e-08
9.70673e-07
-7.51727e-08
9.55914e-07
-7.3603e-08
9.40932e-07
-6.97769e-08
9.2625e-07
-6.43091e-08
9.1187e-07
-5.75669e-08
8.97685e-07
-4.99894e-08
8.83734e-07
-4.24303e-08
8.70327e-07
-3.5393e-08
8.57879e-07
-2.93248e-08
8.46582e-07
-2.40458e-08
8.36453e-07
-1.96223e-08
8.27491e-07
-1.57531e-08
8.19595e-07
-1.24622e-08
8.12777e-07
-9.55415e-09
8.06987e-07
-7.2299e-09
8.02202e-07
-5.26806e-09
7.9829e-07
-3.81958e-09
7.95161e-07
-2.62135e-09
7.9265e-07
-1.81025e-09
7.90666e-07
-1.17902e-09
7.8906e-07
-7.78871e-10
7.87776e-07
-5.22855e-10
7.867e-07
-3.64831e-10
7.85813e-07
-3.55577e-10
7.85036e-07
-3.20119e-10
7.84366e-07
-4.81378e-10
7.83744e-07
-4.94433e-10
-7.89685e-10
9.98794e-07
1.81824e-08
1.00846e-06
1.1765e-08
1.01636e-06
4.71009e-09
1.02209e-06
-2.86904e-09
1.02532e-06
-1.14148e-08
1.02594e-06
-2.07899e-08
1.02387e-06
-3.01538e-08
1.01916e-06
-3.92078e-08
1.01216e-06
-4.75657e-08
1.00322e-06
-5.44031e-08
9.92466e-07
-5.91334e-08
9.80154e-07
-6.16358e-08
9.66807e-07
-6.18263e-08
9.52859e-07
-5.96546e-08
9.38465e-07
-5.53826e-08
9.23729e-07
-4.95736e-08
9.0894e-07
-4.27779e-08
8.94467e-07
-3.55158e-08
8.80571e-07
-2.85345e-08
8.67494e-07
-2.23164e-08
8.5529e-07
-1.71205e-08
8.4405e-07
-1.28062e-08
8.33857e-07
-9.42912e-09
8.2479e-07
-6.68608e-09
8.16953e-07
-4.62505e-09
8.10373e-07
-2.97459e-09
8.04911e-07
-1.76712e-09
8.00452e-07
-8.09007e-10
7.96812e-07
-1.80509e-10
7.93868e-07
3.22906e-10
7.91451e-07
6.07318e-10
7.89503e-07
7.69125e-10
7.87903e-07
8.20703e-10
7.86614e-07
7.65809e-10
7.8554e-07
7.09761e-10
7.84659e-07
5.25029e-10
7.83897e-07
4.41786e-10
7.83243e-07
1.72844e-10
7.8264e-07
1.08066e-10
-2.26174e-10
9.89598e-07
7.6326e-09
9.9843e-07
2.93256e-09
1.00532e-06
-2.17636e-09
1.01007e-06
-7.62489e-09
1.01239e-06
-1.3737e-08
1.01205e-06
-2.04482e-08
1.00903e-06
-2.71312e-08
1.00344e-06
-3.36219e-08
9.95452e-07
-3.95726e-08
9.85256e-07
-4.42073e-08
9.73185e-07
-4.70623e-08
9.59658e-07
-4.81093e-08
9.45032e-07
-4.72001e-08
9.29603e-07
-4.42258e-08
9.13826e-07
-3.96052e-08
8.98158e-07
-3.39065e-08
8.82961e-07
-2.75802e-08
8.68542e-07
-2.10971e-08
8.55087e-07
-1.50796e-08
8.42743e-07
-9.97218e-09
8.31599e-07
-5.97671e-09
8.21744e-07
-2.95138e-09
8.13145e-07
-8.29733e-10
8.05784e-07
6.7511e-10
7.99539e-07
1.61911e-09
7.94331e-07
2.2336e-09
7.90023e-07
2.54151e-09
7.86529e-07
2.68412e-09
7.83697e-07
2.65185e-09
7.81468e-07
2.55199e-09
7.79707e-07
2.36807e-09
7.78333e-07
2.14316e-09
7.77236e-07
1.91794e-09
7.76363e-07
1.63855e-09
7.75642e-07
1.43145e-09
7.7504e-07
1.1263e-09
7.74516e-07
9.66357e-10
7.74044e-07
6.44322e-10
7.73601e-07
5.50995e-10
2.18833e-10
9.4445e-07
-1.04648e-09
9.50854e-07
-3.47089e-09
9.54755e-07
-6.07809e-09
9.56075e-07
-8.94451e-09
9.54543e-07
-1.22048e-08
9.49781e-07
-1.56869e-08
9.41778e-07
-1.91275e-08
9.30635e-07
-2.24795e-08
9.16524e-07
-2.54617e-08
8.9988e-07
-2.75626e-08
8.81341e-07
-2.85239e-08
8.61525e-07
-2.82931e-08
8.41118e-07
-2.67935e-08
8.20947e-07
-2.40539e-08
8.0171e-07
-2.03688e-08
7.83938e-07
-1.61348e-08
7.68092e-07
-1.17333e-08
7.54539e-07
-7.54488e-09
7.43395e-07
-3.93537e-09
7.34522e-07
-1.09883e-09
7.27607e-07
9.38015e-10
7.22334e-07
2.32161e-09
7.18354e-07
3.15085e-09
7.15445e-07
3.58346e-09
7.13355e-07
3.70951e-09
7.1194e-07
3.64833e-09
7.11033e-07
3.44819e-09
7.10526e-07
3.19113e-09
7.10287e-07
2.89135e-09
7.10249e-07
2.58948e-09
7.10326e-07
2.29103e-09
7.10472e-07
1.99771e-09
7.10652e-07
1.7375e-09
7.10825e-07
1.46606e-09
7.10995e-07
1.26098e-09
7.1111e-07
1.01151e-09
7.11208e-07
8.68335e-10
7.11222e-07
6.30235e-10
7.11219e-07
5.54348e-10
3.16888e-10
6.73442e-07
6.69971e-07
6.63893e-07
6.54948e-07
6.42743e-07
6.27056e-07
6.07929e-07
5.85449e-07
5.59988e-07
5.32425e-07
5.03901e-07
4.75608e-07
4.48815e-07
4.24761e-07
4.04392e-07
3.88257e-07
3.76524e-07
3.68979e-07
3.65044e-07
3.63945e-07
3.64883e-07
3.67204e-07
3.70355e-07
3.73939e-07
3.77648e-07
3.81296e-07
3.84745e-07
3.87936e-07
3.90827e-07
3.93417e-07
3.95708e-07
3.97705e-07
3.99443e-07
4.00909e-07
4.0217e-07
4.03181e-07
4.0405e-07
4.0468e-07
4.05234e-07
)
;

boundaryField
{
    inlet
    {
        type            calculated;
        value           nonuniform List<scalar> 
20
(
-1e-06
-1e-06
-1e-06
-1e-06
-1e-06
-1e-06
-1e-06
-1e-06
-1e-06
-1e-06
-1e-06
-1e-06
-1e-06
-1e-06
-1e-06
-1e-06
-1e-06
-1e-06
-1e-06
-1e-06
)
;
    }
    outlet
    {
        type            calculated;
        value           nonuniform List<scalar> 
27
(
7.84772e-07
7.84637e-07
7.84551e-07
7.8439e-07
7.84336e-07
7.84157e-07
7.84121e-07
7.83954e-07
7.83916e-07
7.83781e-07
7.83727e-07
7.83619e-07
7.83548e-07
7.83451e-07
7.83356e-07
7.83163e-07
7.82077e-07
7.73156e-07
7.11121e-07
4.05551e-07
3.80337e-07
6.76298e-07
7.38358e-07
7.46874e-07
7.47642e-07
7.47606e-07
7.475e-07
)
;
    }
    lowerWall
    {
        type            calculated;
        value           uniform 0;
    }
    upperWall
    {
        type            calculated;
        value           uniform 0;
    }
    defaultFaces
    {
        type            empty;
        value           nonuniform List<scalar> 0();
    }
}


// ************************************************************************* //
