/*--------------------------------*- C++ -*----------------------------------*\
| =========                 |                                                 |
| \\      /  F ield         | OpenFOAM: The Open Source CFD Toolbox           |
|  \\    /   O peration     | Version:  2112                                  |
|   \\  /    A nd           | Website:  www.openfoam.com                      |
|    \\/     M anipulation  |                                                 |
\*---------------------------------------------------------------------------*/
FoamFile
{
    version     2.0;
    format      ascii;
    arch        "LSB;label=32;scalar=64";
    class       volVectorField;
    location    "0.34";
    object      U;
}
// * * * * * * * * * * * * * * * * * * * * * * * * * * * * * * * * * * * * * //

dimensions      [0 1 -1 0 0 0 0];

internalField   nonuniform List<vector> 
1880
(
(0.0989358 0.000624991 0)
(0.0984678 0.00113301 0)
(0.0972125 0.00131191 0)
(0.0959641 0.00132994 0)
(0.0940038 0.00135488 0)
(0.0925497 0.00138849 0)
(0.0904215 0.00138751 0)
(0.0890613 0.00146826 0)
(0.0868235 0.00138737 0)
(0.0854264 0.00145755 0)
(0.0831023 0.00131647 0)
(0.0817446 0.00152783 0)
(0.0792178 0.00130365 0)
(0.0778182 0.00154581 0)
(0.075208 0.00116461 0)
(0.0737915 0.00173759 0)
(0.0708679 0.00116778 0)
(0.0694224 0.00192459 0)
(0.0661041 0.00107705 0)
(0.0647518 0.00197897 0)
(0.0607215 0.0013324 0)
(0.0596449 0.00212284 0)
(0.0542072 0.00195292 0)
(0.0536112 0.00215964 0)
(0.0464414 0.00213131 0)
(0.0461778 0.0023819 0)
(0.0379318 0.00201537 0)
(0.0367497 0.00361986 0)
(0.0275394 0.00219718 0)
(0.0241095 0.00569803 0)
(0.0996246 0.000788467 0)
(0.100745 0.00128889 0)
(0.100174 0.00176921 0)
(0.101482 0.00163564 0)
(0.100608 0.00195737 0)
(0.101745 0.00181989 0)
(0.100655 0.0021463 0)
(0.101642 0.00196331 0)
(0.100632 0.00239301 0)
(0.101159 0.00201355 0)
(0.100563 0.00257136 0)
(0.100214 0.00203772 0)
(0.100582 0.00281456 0)
(0.0988111 0.00222413 0)
(0.100271 0.0029738 0)
(0.0973969 0.00242924 0)
(0.0990375 0.00320602 0)
(0.0962807 0.00281035 0)
(0.0971405 0.00341431 0)
(0.0945956 0.00365419 0)
(0.0949347 0.00335609 0)
(0.091747 0.00469358 0)
(0.0922952 0.00393522 0)
(0.0885853 0.00522146 0)
(0.0881681 0.00584473 0)
(0.0840492 0.00564183 0)
(0.0834389 0.00736232 0)
(0.0752707 0.00771599 0)
(0.0782375 0.00958543 0)
(0.0631781 0.00995756 0)
(0.099757 0.000335857 0)
(0.10047 0.00053351 0)
(0.100256 0.00112103 0)
(0.101018 0.000998615 0)
(0.100994 0.00142735 0)
(0.101342 0.00131634 0)
(0.1016 0.00159095 0)
(0.101414 0.00158064 0)
(0.102125 0.00187983 0)
(0.101453 0.00165615 0)
(0.102422 0.00232637 0)
(0.101572 0.00162192 0)
(0.102525 0.00271877 0)
(0.101549 0.00201523 0)
(0.102519 0.00263785 0)
(0.101497 0.0028523 0)
(0.102082 0.00271407 0)
(0.101305 0.00326653 0)
(0.101499 0.00378676 0)
(0.100687 0.00304276 0)
(0.10111 0.00537031 0)
(0.098974 0.00359589 0)
(0.100606 0.00620462 0)
(0.0972018 0.00534792 0)
(0.0984567 0.00759569 0)
(0.0957223 0.0062843 0)
(0.0954515 0.0112017 0)
(0.092055 0.00805557 0)
(0.0924815 0.014153 0)
(0.0869504 0.0150732 0)
(0.0997892 0.00035167 0)
(0.100368 0.000429756 0)
(0.100003 0.00120423 0)
(0.100739 0.000887347 0)
(0.100499 0.0016633 0)
(0.101077 0.00115621 0)
(0.10103 0.00190671 0)
(0.10118 0.00141314 0)
(0.101635 0.0021146 0)
(0.101167 0.00168044 0)
(0.102075 0.00238696 0)
(0.101331 0.00189437 0)
(0.102247 0.00267119 0)
(0.101538 0.00227473 0)
(0.102259 0.00288213 0)
(0.101729 0.0028724 0)
(0.102188 0.00323583 0)
(0.101464 0.00337365 0)
(0.102261 0.0041188 0)
(0.101125 0.0037082 0)
(0.101908 0.00542142 0)
(0.100732 0.00463811 0)
(0.101201 0.00644967 0)
(0.0998892 0.00642804 0)
(0.100621 0.00816569 0)
(0.0985737 0.00812839 0)
(0.0991392 0.0111139 0)
(0.0978629 0.0115646 0)
(0.0965967 0.0141449 0)
(0.095499 0.0165685 0)
(0.0998591 0.0002274 0)
(0.100233 0.000282578 0)
(0.100027 0.000812722 0)
(0.100465 0.000697428 0)
(0.100431 0.00118398 0)
(0.100789 0.00101609 0)
(0.100854 0.0014276 0)
(0.10103 0.00124953 0)
(0.101284 0.00173866 0)
(0.101212 0.00137352 0)
(0.101572 0.00223676 0)
(0.1015 0.00145679 0)
(0.101779 0.0026701 0)
(0.101647 0.00185338 0)
(0.101951 0.0028886 0)
(0.101857 0.00253021 0)
(0.101936 0.00342215 0)
(0.10187 0.00286988 0)
(0.101851 0.00464661 0)
(0.101904 0.00309474 0)
(0.101569 0.00598684 0)
(0.101762 0.00437916 0)
(0.101141 0.0069348 0)
(0.101444 0.00635674 0)
(0.100663 0.00885321 0)
(0.100853 0.00799895 0)
(0.099983 0.0120727 0)
(0.100331 0.0111415 0)
(0.0993752 0.015387 0)
(0.099471 0.0164339 0)
(0.0998667 0.000202201 0)
(0.100215 0.000224299 0)
(0.100005 0.00073422 0)
(0.100371 0.000600232 0)
(0.100358 0.00112279 0)
(0.100616 0.000927302 0)
(0.100781 0.00136995 0)
(0.100805 0.00122587 0)
(0.101255 0.00158818 0)
(0.100982 0.0014981 0)
(0.101515 0.0019542 0)
(0.1014 0.00170436 0)
(0.101609 0.00240898 0)
(0.101733 0.00200943 0)
(0.101723 0.00283807 0)
(0.102011 0.00257593 0)
(0.101911 0.00340936 0)
(0.101947 0.00312235 0)
(0.102039 0.00442036 0)
(0.102145 0.00361131 0)
(0.101793 0.00575985 0)
(0.102259 0.00487429 0)
(0.101635 0.00687311 0)
(0.102052 0.00689998 0)
(0.101674 0.00866921 0)
(0.101781 0.00886856 0)
(0.101403 0.0115664 0)
(0.101948 0.0121026 0)
(0.101421 0.0149332 0)
(0.101817 0.0166549 0)
(0.0998955 0.000131531 0)
(0.100167 0.000219941 0)
(0.100021 0.000523188 0)
(0.100282 0.000549463 0)
(0.100318 0.000832374 0)
(0.100528 0.000843672 0)
(0.100666 0.00109242 0)
(0.100777 0.00107036 0)
(0.101093 0.00139953 0)
(0.101008 0.00123479 0)
(0.101377 0.00185803 0)
(0.101413 0.00140973 0)
(0.101585 0.00232349 0)
(0.101726 0.00177408 0)
(0.101762 0.00273762 0)
(0.102128 0.00236552 0)
(0.101949 0.00338244 0)
(0.102229 0.00290003 0)
(0.102188 0.00442951 0)
(0.102475 0.0035126 0)
(0.102211 0.00565344 0)
(0.102706 0.00485933 0)
(0.10223 0.00689733 0)
(0.102868 0.00672175 0)
(0.102498 0.00882655 0)
(0.102911 0.00868187 0)
(0.102732 0.0115378 0)
(0.103416 0.0117697 0)
(0.103253 0.014727 0)
(0.104076 0.0158392 0)
(0.0999086 9.66441e-05 0)
(0.10014 0.000189664 0)
(0.100037 0.000405423 0)
(0.100223 0.00047448 0)
(0.100333 0.000660783 0)
(0.100434 0.000762787 0)
(0.100687 0.000882389 0)
(0.100678 0.00102577 0)
(0.101118 0.0011352 0)
(0.100959 0.00124838 0)
(0.101374 0.00154376 0)
(0.101463 0.00145012 0)
(0.101579 0.00204884 0)
(0.101828 0.00175099 0)
(0.101857 0.00255828 0)
(0.102217 0.00230983 0)
(0.10222 0.00318573 0)
(0.102371 0.00297223 0)
(0.102548 0.00410948 0)
(0.102803 0.00370087 0)
(0.102691 0.00530297 0)
(0.103183 0.00501003 0)
(0.102992 0.00659792 0)
(0.10352 0.00681086 0)
(0.103519 0.00846381 0)
(0.103925 0.00877413 0)
(0.104065 0.0109465 0)
(0.104749 0.0116526 0)
(0.105088 0.0139574 0)
(0.105812 0.0153019 0)
(0.0999229 5.29777e-05 0)
(0.10012 0.000178011 0)
(0.100047 0.000277941 0)
(0.100203 0.000412696 0)
(0.100323 0.000483369 0)
(0.100426 0.000647721 0)
(0.100655 0.000707742 0)
(0.100698 0.000849577 0)
(0.101091 0.000990536 0)
(0.101004 0.00102825 0)
(0.101389 0.00139163 0)
(0.101521 0.00125923 0)
(0.101669 0.00183875 0)
(0.101916 0.00161506 0)
(0.102004 0.00231479 0)
(0.102399 0.00217177 0)
(0.102435 0.00296795 0)
(0.102643 0.00282285 0)
(0.102908 0.00386691 0)
(0.103154 0.003603 0)
(0.103239 0.00499327 0)
(0.103695 0.00487252 0)
(0.103698 0.00631369 0)
(0.10428 0.00655179 0)
(0.104457 0.00811716 0)
(0.104943 0.00846372 0)
(0.105311 0.0104028 0)
(0.106079 0.0110786 0)
(0.106612 0.0131962 0)
(0.107575 0.0142637 0)
(0.099936 2.30881e-05 0)
(0.1001 0.000148442 0)
(0.100064 0.000171044 0)
(0.100184 0.000333906 0)
(0.100345 0.000314958 0)
(0.100414 0.000536911 0)
(0.100678 0.000498682 0)
(0.100715 0.000727575 0)
(0.101116 0.00075101 0)
(0.101071 0.000906804 0)
(0.101426 0.00112367 0)
(0.101632 0.00113988 0)
(0.101776 0.00156351 0)
(0.102034 0.00148303 0)
(0.102227 0.00203387 0)
(0.102547 0.002044 0)
(0.10275 0.00263949 0)
(0.102913 0.00274095 0)
(0.103285 0.0034746 0)
(0.103577 0.00352837 0)
(0.103765 0.00456784 0)
(0.104221 0.00471959 0)
(0.104443 0.00586727 0)
(0.10499 0.00630063 0)
(0.105386 0.00756569 0)
(0.105914 0.00813391 0)
(0.106483 0.00963801 0)
(0.107272 0.0104854 0)
(0.108054 0.0121815 0)
(0.109034 0.0133107 0)
(0.0999463 -4.15156e-06 0)
(0.100088 0.000111244 0)
(0.100076 7.32636e-05 0)
(0.100188 0.000235653 0)
(0.10036 0.000168074 0)
(0.100444 0.000381139 0)
(0.100697 0.000330433 0)
(0.10078 0.000528116 0)
(0.101154 0.000567275 0)
(0.101167 0.000690891 0)
(0.101503 0.000894818 0)
(0.101757 0.000945361 0)
(0.101919 0.0012792 0)
(0.102193 0.00130146 0)
(0.102442 0.00172086 0)
(0.102775 0.00183007 0)
(0.103043 0.00232476 0)
(0.103231 0.00249665 0)
(0.103681 0.00311898 0)
(0.104009 0.0032762 0)
(0.104292 0.00413371 0)
(0.104784 0.0044015 0)
(0.105129 0.00537599 0)
(0.105719 0.00586546 0)
(0.106256 0.00696468 0)
(0.106843 0.00757439 0)
(0.107544 0.00885526 0)
(0.10841 0.00965996 0)
(0.109295 0.0111264 0)
(0.11038 0.0121127 0)
(0.0999569 -2.71673e-05 0)
(0.100077 6.35975e-05 0)
(0.100093 -2.27746e-05 0)
(0.100197 0.00012798 0)
(0.10039 1.63799e-05 0)
(0.100484 0.0002283 0)
(0.100739 0.000143965 0)
(0.100861 0.00035307 0)
(0.101215 0.000353833 0)
(0.101287 0.000504989 0)
(0.101604 0.000643931 0)
(0.101904 0.000756459 0)
(0.102095 0.000994487 0)
(0.102363 0.00110375 0)
(0.102698 0.00140073 0)
(0.103014 0.00161479 0)
(0.103355 0.00196522 0)
(0.103582 0.00225553 0)
(0.104066 0.00272012 0)
(0.104468 0.00299161 0)
(0.104818 0.00366776 0)
(0.105328 0.00403908 0)
(0.105813 0.0048198 0)
(0.106419 0.0053936 0)
(0.107075 0.00628084 0)
(0.107723 0.00696771 0)
(0.108522 0.00799005 0)
(0.109436 0.00880563 0)
(0.11042 0.00999387 0)
(0.111535 0.0109496 0)
(0.0999653 -4.83035e-05 0)
(0.100073 2.10599e-07 0)
(0.100113 -0.000123756 0)
(0.100224 -1.29342e-05 0)
(0.100431 -0.000147253 0)
(0.100553 2.2579e-05 0)
(0.100808 -6.5107e-05 0)
(0.100975 0.000106409 0)
(0.10131 0.00010272 0)
(0.101431 0.000234934 0)
(0.101741 0.000340417 0)
(0.102077 0.000478392 0)
(0.102292 0.000647086 0)
(0.102575 0.00080223 0)
(0.102958 0.00102625 0)
(0.103296 0.00126644 0)
(0.103675 0.00156209 0)
(0.103949 0.00186338 0)
(0.104469 0.0022651 0)
(0.104934 0.00256563 0)
(0.105333 0.00312289 0)
(0.105884 0.00352896 0)
(0.106458 0.00418375 0)
(0.107101 0.00475799 0)
(0.107844 0.00552293 0)
(0.108553 0.00618821 0)
(0.109415 0.00705694 0)
(0.110382 0.00779867 0)
(0.111422 0.00879882 0)
(0.112576 0.00963973 0)
(0.0999731 -7.00567e-05 0)
(0.10007 -6.93675e-05 0)
(0.100134 -0.000225525 0)
(0.100256 -0.000151194 0)
(0.100482 -0.000298556 0)
(0.100632 -0.000157125 0)
(0.100891 -0.000243887 0)
(0.101102 -9.06676e-05 0)
(0.101426 -0.000102578 0)
(0.101595 2.4867e-05 0)
(0.101909 9.84842e-05 0)
(0.10227 0.000257664 0)
(0.102521 0.000371297 0)
(0.102813 0.000558204 0)
(0.103246 0.000717013 0)
(0.103608 0.000979601 0)
(0.104009 0.00120549 0)
(0.104345 0.00152019 0)
(0.104885 0.00185608 0)
(0.105406 0.00217134 0)
(0.10586 0.00262147 0)
(0.106432 0.00304243 0)
(0.107091 0.00356971 0)
(0.107773 0.00414032 0)
(0.108571 0.00477942 0)
(0.10934 0.0054211 0)
(0.110246 0.00614798 0)
(0.111248 0.00683646 0)
(0.112336 0.00765438 0)
(0.113489 0.00841717 0)
(0.0999799 -0.000100114 0)
(0.100078 -0.000177392 0)
(0.100177 -0.000378065 0)
(0.100325 -0.00036674 0)
(0.100578 -0.000528279 0)
(0.100767 -0.000435537 0)
(0.101033 -0.000519262 0)
(0.101283 -0.000401423 0)
(0.101601 -0.000422982 0)
(0.101805 -0.000320167 0)
(0.102127 -0.000275283 0)
(0.102505 -0.000123663 0)
(0.102784 -4.84639e-05 0)
(0.103095 0.00013224 0)
(0.10356 0.000258073 0)
(0.103947 0.000497498 0)
(0.104363 0.000692246 0)
(0.104754 0.000985583 0)
(0.105323 0.00128054 0)
(0.105888 0.00158475 0)
(0.106386 0.00195193 0)
(0.106983 0.00235492 0)
(0.107701 0.00280341 0)
(0.108419 0.00332981 0)
(0.109264 0.00388881 0)
(0.110085 0.00447112 0)
(0.111036 0.0050959 0)
(0.112063 0.00570356 0)
(0.113183 0.00638086 0)
(0.114334 0.00703333 0)
(0.099985 -0.000124625 0)
(0.100087 -0.000263343 0)
(0.100225 -0.000482675 0)
(0.100412 -0.000505299 0)
(0.100702 -0.000658147 0)
(0.100933 -0.000592639 0)
(0.101214 -0.000668693 0)
(0.101496 -0.000579106 0)
(0.101814 -0.000611129 0)
(0.102052 -0.000530071 0)
(0.102391 -0.000502292 0)
(0.102779 -0.000362403 0)
(0.103094 -0.000312931 0)
(0.103428 -0.000137733 0)
(0.103927 -3.6612e-05 0)
(0.10434 0.000179359 0)
(0.104773 0.000339132 0)
(0.105209 0.000608538 0)
(0.10581 0.000867519 0)
(0.1064 0.00115063 0)
(0.106957 0.0014415 0)
(0.107573 0.0018138 0)
(0.108345 0.00217886 0)
(0.109089 0.00264677 0)
(0.109965 0.00312441 0)
(0.110817 0.0036499 0)
(0.111815 0.00419283 0)
(0.112841 0.00474772 0)
(0.114002 0.00531246 0)
(0.11512 0.00588556 0)
(0.0999894 -0.000212269 0)
(0.100128 -0.000518071 0)
(0.100329 -0.000811571 0)
(0.100573 -0.000894055 0)
(0.100903 -0.00104366 0)
(0.101172 -0.00100969 0)
(0.10146 -0.00107835 0)
(0.101766 -0.0010205 0)
(0.102092 -0.00106513 0)
(0.102357 -0.00100507 0)
(0.10272 -0.000981208 0)
(0.103103 -0.000856321 0)
(0.103464 -0.00082462 0)
(0.103815 -0.000673862 0)
(0.104345 -0.000590565 0)
(0.10475 -0.000413474 0)
(0.10521 -0.0002768 0)
(0.105671 -4.64452e-05 0)
(0.106325 0.000161947 0)
(0.106906 0.000399758 0)
(0.107531 0.000633136 0)
(0.108133 0.000973753 0)
(0.10896 0.00129331 0)
(0.109697 0.0016964 0)
(0.110644 0.00210103 0)
(0.111508 0.00254574 0)
(0.112603 0.0030025 0)
(0.113607 0.00348109 0)
(0.114834 0.00395059 0)
(0.115896 0.00442961 0)
(0.0999868 -0.000235801 0)
(0.100236 -0.000590115 0)
(0.100563 -0.000854039 0)
(0.100935 -0.00095017 0)
(0.101304 -0.00107343 0)
(0.101623 -0.00106718 0)
(0.101898 -0.00114028 0)
(0.102219 -0.00112465 0)
(0.102533 -0.00118279 0)
(0.102815 -0.00114627 0)
(0.103173 -0.00112255 0)
(0.103528 -0.00104494 0)
(0.103892 -0.00104201 0)
(0.104227 -0.000918876 0)
(0.10474 -0.000847396 0)
(0.105103 -0.000714946 0)
(0.105564 -0.000614678 0)
(0.105986 -0.000428158 0)
(0.10665 -0.000251007 0)
(0.107176 -4.50899e-05 0)
(0.107855 0.000154766 0)
(0.108417 0.000455447 0)
(0.109268 0.000703098 0)
(0.109956 0.00101836 0)
(0.110935 0.00134806 0)
(0.111774 0.00173697 0)
(0.112937 0.00215898 0)
(0.113934 0.0026207 0)
(0.115228 0.00305224 0)
(0.116302 0.00348819 0)
(0.0999759 -0.000694036 0)
(0.100352 -0.00135497 0)
(0.100702 -0.00157389 0)
(0.101102 -0.00161406 0)
(0.101323 -0.00168589 0)
(0.101568 -0.00171187 0)
(0.101615 -0.0017617 0)
(0.101833 -0.00176639 0)
(0.101875 -0.00179988 0)
(0.102004 -0.00176207 0)
(0.102035 -0.00169649 0)
(0.102214 -0.00164179 0)
(0.10224 -0.00164447 0)
(0.10239 -0.00155416 0)
(0.102476 -0.00148062 0)
(0.102612 -0.00136115 0)
(0.102707 -0.00125691 0)
(0.102994 -0.00112279 0)
(0.103266 -0.00101722 0)
(0.10358 -0.000876928 0)
(0.103844 -0.0007024 0)
(0.104267 -0.000437487 0)
(0.104774 -0.000232805 0)
(0.105452 -6.56467e-06 0)
(0.10619 0.000196654 0)
(0.107083 0.000453394 0)
(0.108015 0.000735072 0)
(0.109113 0.00109837 0)
(0.11026 0.00143432 0)
(0.11161 0.00181267 0)
(0.0990191 -0.000606063 0)
(0.0984543 -0.00113876 0)
(0.0974327 -0.00127831 0)
(0.0960067 -0.00128664 0)
(0.0943754 -0.00130094 0)
(0.0927737 -0.00131439 0)
(0.0911255 -0.00132939 0)
(0.0896184 -0.00132994 0)
(0.0879964 -0.00130874 0)
(0.086485 -0.00124501 0)
(0.0849624 -0.00119468 0)
(0.0835894 -0.00119153 0)
(0.0820532 -0.00115508 0)
(0.0807611 -0.00105103 0)
(0.0794225 -0.000974804 0)
(0.0782885 -0.000952757 0)
(0.0770382 -0.000935912 0)
(0.0760879 -0.000853404 0)
(0.0750518 -0.000742988 0)
(0.0743128 -0.000615952 0)
(0.0735011 -0.000510141 0)
(0.0730967 -0.000447769 0)
(0.0725813 -0.000427373 0)
(0.0724608 -0.000364466 0)
(0.0721825 -0.000237624 0)
(0.0724398 -2.12341e-05 0)
(0.0725851 0.000227512 0)
(0.0734144 0.000465936 0)
(0.0740921 0.000651776 0)
(0.0755183 0.000786583 0)
(0.0135779 0.00363938 0)
(0.0443141 0.0144966 0)
(0.0378492 0.015362 0)
(0.063887 0.0251554 8.79881e-22)
(0.0530423 0.0227174 6.90472e-22)
(0.0843576 0.0356334 0)
(0.0632396 0.0296056 2.70523e-22)
(0.103357 0.0424664 2.83553e-23)
(0.0764214 0.0369994 6.49476e-22)
(0.123225 0.0462164 0)
(0.0678139 0.0147045 0)
(0.0776946 0.0219792 0)
(0.0827951 0.0240172 0)
(0.0899494 0.0352534 0)
(0.0922989 0.032842 0)
(0.103964 0.0448176 1.8464e-22)
(0.103676 0.0399479 5.07871e-23)
(0.120359 0.0532275 -7.95314e-23)
(0.121339 0.0483839 -4.93507e-22)
(0.137535 0.0517315 -4.83708e-22)
(0.0868047 0.0197112 0)
(0.0907842 0.0215499 0)
(0.0942022 0.0306621 0)
(0.0980009 0.0323677 0)
(0.102979 0.0357449 0)
(0.110042 0.0365158 -1.84638e-22)
(0.113812 0.0423004 -5.07868e-23)
(0.11949 0.0357476 7.95311e-23)
(0.129582 0.0477989 2.58969e-22)
(0.140779 0.0451996 4.83712e-22)
(0.0956967 0.0213528 -3.8736e-22)
(0.0964848 0.023799 0)
(0.1 0.0259231 -3.12348e-22)
(0.103698 0.0314927 -2.58208e-22)
(0.108572 0.0326505 -1.80748e-22)
(0.112717 0.0353595 0)
(0.118045 0.0420887 0)
(0.122769 0.0375766 1.3105e-22)
(0.12917 0.0379211 2.6742e-22)
(0.141096 0.0392464 4.28628e-22)
(0.098713 0.0210553 3.87361e-22)
(0.101634 0.0220107 0)
(0.103688 0.0278303 3.12349e-22)
(0.106975 0.0285186 2.58209e-22)
(0.111006 0.0319557 1.80749e-22)
(0.114622 0.0304288 0)
(0.119716 0.037289 0)
(0.127943 0.0321534 -1.31051e-22)
(0.131874 0.0341089 -2.67423e-22)
(0.138936 0.0349851 -4.28631e-22)
(0.102138 0.0202066 0)
(0.103663 0.0218875 -2.80811e-22)
(0.106388 0.0246378 0)
(0.110055 0.0264633 -1.84667e-22)
(0.113786 0.0292508 0)
(0.117426 0.02874 0)
(0.122039 0.0336219 0)
(0.128498 0.0308331 -1.49918e-22)
(0.131772 0.0300027 0)
(0.137809 0.0302696 0)
(0.104255 0.0195617 2.7624e-22)
(0.106538 0.020032 5.29429e-22)
(0.108956 0.0237325 2.06514e-22)
(0.112119 0.0240613 1.84667e-22)
(0.115435 0.0270881 0)
(0.119358 0.0260002 -2.66576e-23)
(0.123311 0.0293066 0)
(0.129435 0.0269287 1.49918e-22)
(0.133106 0.0271264 0)
(0.13788 0.0266401 0)
(0.106573 0.0180476 -2.76241e-22)
(0.108533 0.0190312 -2.48618e-22)
(0.110924 0.0215496 -2.06515e-22)
(0.114149 0.0220428 0)
(0.117282 0.0242902 0)
(0.120938 0.0236909 2.66576e-23)
(0.124711 0.0261447 0)
(0.12976 0.0247107 0)
(0.133373 0.023953 0)
(0.137378 0.022672 0)
(0.108383 0.0168655 0)
(0.110391 0.017338 -1.96484e-22)
(0.112761 0.0197418 0)
(0.115722 0.0199321 -1.12323e-22)
(0.118656 0.0219652 0)
(0.122076 0.0214008 0)
(0.125618 0.0227671 7.25808e-23)
(0.130124 0.0214028 1.54259e-22)
(0.133702 0.0215458 0)
(0.137159 0.0199864 3.27563e-22)
(0.110073 0.0152803 0)
(0.111969 0.0159193 1.96484e-22)
(0.114239 0.0177707 0)
(0.117045 0.0179724 1.12324e-22)
(0.119837 0.0194257 0)
(0.123031 0.0190565 0)
(0.126461 0.0202217 -7.2581e-23)
(0.130223 0.0190957 -1.54259e-22)
(0.133468 0.0186403 0)
(0.136894 0.0168928 -3.27564e-22)
(0.111506 0.0138315 9.15467e-23)
(0.113323 0.0142795 0)
(0.115528 0.0158235 0)
(0.118149 0.0160005 4.11106e-23)
(0.120815 0.017229 0)
(0.123727 0.0168444 0)
(0.126883 0.0174994 0)
(0.130376 0.0164709 -7.46875e-23)
(0.133477 0.0163705 0)
(0.136377 0.0146833 0)
(0.112757 0.0122747 -7.89677e-24)
(0.114494 0.0127513 0)
(0.116594 0.0139812 5.52378e-23)
(0.119035 0.0141205 -5.5872e-24)
(0.121581 0.0150047 0)
(0.124332 0.0147364 0)
(0.127264 0.0152643 -4.09165e-23)
(0.130311 0.0142924 7.46877e-23)
(0.133142 0.0139554 -1.05716e-22)
(0.135943 0.0124009 -1.40056e-22)
(0.113849 0.0107421 -6.67561e-24)
(0.115507 0.0111237 0)
(0.117514 0.0121149 -5.56215e-24)
(0.119806 0.0122481 -4.51478e-24)
(0.122202 0.0129667 9.99004e-24)
(0.124737 0.0126764 1.39477e-23)
(0.127461 0.0129824 -6.5389e-26)
(0.130287 0.0121473 -7.05071e-23)
(0.132901 0.0118787 4.49569e-24)
(0.135398 0.0104676 6.79142e-24)
(0.114793 0.00928296 -7.69747e-23)
(0.116385 0.0096371 0)
(0.118283 0.0104282 -4.96758e-23)
(0.120423 0.0105293 -3.10088e-23)
(0.122697 0.0110528 -9.99005e-24)
(0.125093 0.0108075 -2.9246e-23)
(0.127601 0.0110039 4.0982e-23)
(0.130149 0.0102376 7.05072e-23)
(0.132586 0.00989492 1.0122e-22)
(0.134934 0.00865903 1.33265e-22)
(0.11566 0.0077364 0)
(0.117181 0.00803171 0)
(0.118971 0.00866611 0)
(0.120964 0.00875549 0)
(0.123094 0.00916301 0)
(0.125317 0.00893199 1.52984e-23)
(0.127653 0.00902185 0)
(0.130011 0.00837018 0)
(0.132275 0.00804706 0)
(0.134438 0.00698146 0)
(0.116449 0.00644681 0)
(0.117888 0.00670317 0)
(0.119593 0.00719662 0)
(0.121434 0.00725776 0)
(0.123453 0.00753135 0)
(0.125519 0.00730625 8.149e-24)
(0.127705 0.00730468 0)
(0.129864 0.0067215 0)
(0.131998 0.00637622 0)
(0.134015 0.00546433 0)
(0.117256 0.00488624 0)
(0.118539 0.00511844 0)
(0.120169 0.00551121 1.8004e-23)
(0.121777 0.00557796 0)
(0.123697 0.00577143 1.68949e-24)
(0.125532 0.00558279 -8.14902e-24)
(0.127623 0.00553064 0)
(0.129561 0.00504885 -3.06187e-23)
(0.131615 0.00472909 0)
(0.133432 0.00398149 0)
(0.117701 0.0038611 0)
(0.11869 0.00405598 0)
(0.120341 0.00431347 -1.80041e-23)
(0.121595 0.0043295 0)
(0.123528 0.00437917 -1.68949e-24)
(0.124981 0.004164 0)
(0.127073 0.00401741 0)
(0.128591 0.00357426 3.06188e-23)
(0.130641 0.00323333 0)
(0.132004 0.00261083 0)
(0.113013 0.00211506 -7.02385e-24)
(0.113601 0.00231726 -5.72079e-24)
(0.115351 0.00250736 -4.2016e-24)
(0.116167 0.00255807 0)
(0.118224 0.00256382 -4.21229e-25)
(0.119134 0.0024234 0)
(0.12131 0.00227202 4.38803e-24)
(0.122095 0.00196534 0)
(0.124154 0.00167722 1.01256e-23)
(0.124534 0.00125678 1.32637e-23)
(0.0766727 0.000832317 7.02305e-24)
(0.07742 0.000808699 5.72008e-24)
(0.0789651 0.000759881 4.20105e-24)
(0.0798623 0.000683108 0)
(0.0815729 0.00058293 4.21168e-25)
(0.0823396 0.000464689 0)
(0.0839616 0.00032365 -4.38732e-24)
(0.0843026 0.000165067 0)
(0.085575 -1.23221e-05 -1.01238e-23)
(0.0851529 -0.000188607 -1.32612e-23)
(0.0081039 0.000134469 0)
(0.0132693 0.00634977 0)
(0.00579687 0.00610806 0)
(0.0008387 0.00649048 0)
(-0.0388009 0.0176824 0)
(-0.0825763 0.0156762 0)
(-0.110932 0.0107803 0)
(-0.125939 0.00577509 0)
(-0.134264 0.00331903 0)
(-0.131906 -0.000467104 0)
(-0.126903 -0.00187528 0)
(-0.112779 -0.00424635 0)
(-0.0996229 -0.00539537 0)
(-0.0772227 -0.0068371 0)
(-0.0565724 -0.00723832 0)
(-0.032445 -0.00700967 0)
(-0.0100571 -0.00636026 0)
(0.00961667 -0.00522674 0)
(0.0256031 -0.00389389 0)
(0.0383463 -0.00270146 0)
(0.0480986 -0.00169584 0)
(0.0553351 -0.000837758 0)
(0.06039 -8.51688e-05 0)
(0.0634692 0.000563128 0)
(0.0647195 0.0010897 0)
(0.0644851 0.00147095 0)
(0.0631133 0.00166231 0)
(0.0610385 0.00166188 0)
(0.0585962 0.00152224 0)
(0.0561562 0.00129965 0)
(0.0538687 0.00104651 0)
(0.0519128 0.000799569 0)
(0.0502525 0.000584186 0)
(0.0489418 0.000407742 0)
(0.0478806 0.000275597 0)
(0.047059 0.000177702 0)
(0.0464322 0.000114997 0)
(0.0458876 6.99767e-05 0)
(0.0455786 4.96736e-05 0)
(0.0451126 3.50026e-05 0)
(0.0066661 -0.0166019 0)
(0.0137684 -0.00426431 0)
(0.00845092 0.00252168 0)
(-0.0324218 0.0269538 0)
(-0.0717166 0.0385539 0)
(-0.101885 0.0332973 0)
(-0.118398 0.0205733 0)
(-0.127648 0.0113146 0)
(-0.131331 0.00190393 0)
(-0.125415 -0.0054452 0)
(-0.119136 -0.0118668 0)
(-0.102032 -0.0162704 0)
(-0.0887795 -0.020225 0)
(-0.0659471 -0.0244512 0)
(-0.0455441 -0.026061 0)
(-0.0204486 -0.0259051 0)
(0.00225024 -0.0236797 0)
(0.0225223 -0.0203354 0)
(0.0390711 -0.0165324 0)
(0.0525726 -0.0131016 0)
(0.0634466 -0.0101781 0)
(0.0722238 -0.00767712 0)
(0.0792307 -0.00547619 0)
(0.0848429 -0.00350884 0)
(0.0890286 -0.00177156 0)
(0.0919384 -0.000311177 0)
(0.0935498 0.000801447 0)
(0.094274 0.00152706 0)
(0.0943276 0.00192278 0)
(0.0941403 0.0020225 0)
(0.0937732 0.00193995 0)
(0.0934479 0.00172801 0)
(0.0931001 0.00150056 0)
(0.0928065 0.00124209 0)
(0.0925305 0.00104429 0)
(0.0922294 0.000830609 0)
(0.0920132 0.00070436 0)
(0.0916607 0.000539149 0)
(0.0915301 0.000478727 0)
(0.0911117 0.00035118 0)
(0.00167532 -0.0135906 0)
(-0.0151635 0.00641761 0)
(-0.0341612 0.038347 0)
(-0.0505343 0.0586907 0)
(-0.0705202 0.0638187 0)
(-0.0830533 0.048873 0)
(-0.0943411 0.0311673 0)
(-0.0992702 0.0161684 0)
(-0.10089 0.00282344 0)
(-0.0941433 -0.00954857 0)
(-0.0860947 -0.0188857 0)
(-0.0716762 -0.0266792 0)
(-0.0579143 -0.0318669 0)
(-0.0405493 -0.0380241 0)
(-0.0220981 -0.0414772 0)
(-0.00139145 -0.04196 0)
(0.018641 -0.0382959 0)
(0.0366685 -0.0322704 0)
(0.0507804 -0.0259237 0)
(0.0616771 -0.0205011 0)
(0.0704868 -0.0160395 0)
(0.0777293 -0.0123333 0)
(0.0834193 -0.00925451 0)
(0.0881938 -0.00658921 0)
(0.0923678 -0.0041126 0)
(0.0961186 -0.0018634 0)
(0.0989805 -4.10231e-05 0)
(0.100934 0.0011398 0)
(0.10192 0.00171588 0)
(0.102427 0.00181187 0)
(0.102613 0.00166986 0)
(0.102838 0.00138718 0)
(0.103029 0.00114039 0)
(0.103316 0.000887539 0)
(0.103568 0.000744593 0)
(0.103823 0.000591338 0)
(0.104019 0.000542329 0)
(0.104143 0.000443957 0)
(0.104232 0.000433834 0)
(0.104242 0.000358402 0)
(0.00372767 -0.00713499 0)
(-0.0122924 0.0235315 0)
(-0.0157104 0.0329462 0)
(-0.0360237 0.0572826 0)
(-0.0474295 0.0616943 0)
(-0.0544888 0.0495995 0)
(-0.061735 0.0330973 0)
(-0.0643568 0.0160269 0)
(-0.0639271 -0.000866589 0)
(-0.0565203 -0.0160789 0)
(-0.0459693 -0.0284621 0)
(-0.0320494 -0.0367567 0)
(-0.0191229 -0.0428205 0)
(-0.0052572 -0.0497995 0)
(0.0087386 -0.0546394 0)
(0.0237021 -0.055596 0)
(0.0378659 -0.0516488 0)
(0.0519954 -0.0435075 0)
(0.0638118 -0.0343269 0)
(0.0717885 -0.0270083 0)
(0.0777208 -0.0214567 0)
(0.0832942 -0.0166567 0)
(0.0878045 -0.0126632 0)
(0.0908716 -0.00971247 0)
(0.0931061 -0.00734813 0)
(0.0956776 -0.0050168 0)
(0.0985821 -0.00263213 0)
(0.101467 -0.000587607 0)
(0.103597 0.000808704 0)
(0.104966 0.00143706 0)
(0.10553 0.00155057 0)
(0.105781 0.00132975 0)
(0.105793 0.0010661 0)
(0.105893 0.000770522 0)
(0.105966 0.000610996 0)
(0.106164 0.000453306 0)
(0.106305 0.000426121 0)
(0.106506 0.000359128 0)
(0.106596 0.000374436 0)
(0.106741 0.000339363 0)
(0.0102823 -0.00934602 0)
(-0.0152646 0.0180673 0)
(-0.0180714 0.0480733 0)
(-0.0171291 0.073484 0)
(-0.0142113 0.0762042 0)
(-0.0127435 0.062978 0)
(-0.0179794 0.0423623 0)
(-0.0179928 0.0198134 0)
(-0.0159677 -0.00181218 0)
(-0.00921439 -0.0220844 0)
(0.000498046 -0.036883 0)
(0.01229 -0.0460044 0)
(0.0233963 -0.0513099 0)
(0.035214 -0.0573345 0)
(0.0446299 -0.062019 0)
(0.0539161 -0.0632222 0)
(0.0611886 -0.0592453 0)
(0.0672488 -0.051113 0)
(0.0747649 -0.0400032 0)
(0.0807152 -0.0302799 0)
(0.0834014 -0.0242657 0)
(0.0859843 -0.0196275 0)
(0.0896963 -0.0146799 0)
(0.0928462 -0.0103567 0)
(0.0940598 -0.00758526 0)
(0.0944456 -0.00585628 0)
(0.0953005 -0.00423693 0)
(0.0973088 -0.00246936 0)
(0.0998434 -0.00077872 0)
(0.102409 0.00043224 0)
(0.104332 0.00110485 0)
(0.105657 0.00124085 0)
(0.106296 0.00111217 0)
(0.106656 0.000811044 0)
(0.106748 0.000588605 0)
(0.106868 0.000380951 0)
(0.106906 0.000319051 0)
(0.107017 0.000254017 0)
(0.107051 0.000270829 0)
(0.10715 0.000250966 0)
(0.00582869 -0.00194293 0)
(-0.0136623 0.0488578 0)
(0.00869054 0.0383628 0)
(0.00986005 0.061024 0)
(0.0182823 0.0610687 0)
(0.0233465 0.0504144 0)
(0.026815 0.0341298 0)
(0.0306762 0.0136087 0)
(0.0347466 -0.0075987 0)
(0.0403217 -0.0281438 0)
(0.0464823 -0.0437253 0)
(0.0516327 -0.0530139 0)
(0.0579532 -0.0583109 0)
(0.0660656 -0.0625331 0)
(0.0737971 -0.066922 0)
(0.078676 -0.0677797 0)
(0.0828213 -0.0617658 0)
(0.0830136 -0.0534678 0)
(0.0829189 -0.0439014 0)
(0.0865389 -0.0328253 0)
(0.089007 -0.0248487 0)
(0.0889743 -0.0209083 0)
(0.0897453 -0.0173973 0)
(0.0924361 -0.0126784 0)
(0.0946802 -0.00833088 0)
(0.0951342 -0.00574018 0)
(0.0944291 -0.0045302 0)
(0.0942708 -0.00373367 0)
(0.0952654 -0.00277755 0)
(0.0974367 -0.00172597 0)
(0.0999781 -0.000740208 0)
(0.102472 -7.85345e-05 0)
(0.104361 0.000324205 0)
(0.105731 0.000408669 0)
(0.106481 0.000424784 0)
(0.106936 0.000311029 0)
(0.107091 0.00029545 0)
(0.107198 0.000236123 0)
(0.107197 0.000264284 0)
(0.107223 0.000262333 0)
(-0.0577008 -0.00596231 0)
(-0.00248711 0.0129349 0)
(0.000996175 0.0253082 0)
(0.0358659 0.0616739 0)
(0.0549989 0.0664468 0)
(0.0682512 0.0588392 0)
(0.0760295 0.0410904 0)
(0.0814184 0.0173203 0)
(0.0849974 -0.00672508 0)
(0.0873912 -0.0275743 0)
(0.0867991 -0.0433691 0)
(0.0859547 -0.0539817 0)
(0.0856552 -0.0610312 0)
(0.0891674 -0.0675032 0)
(0.0954806 -0.0705182 0)
(0.0966339 -0.0697508 0)
(0.09515 -0.0622404 0)
(0.0940217 -0.0508107 0)
(0.0895386 -0.0423654 0)
(0.087675 -0.0345749 0)
(0.0901389 -0.0259954 0)
(0.0918716 -0.0200196 0)
(0.0915463 -0.0169164 0)
(0.0918988 -0.0137351 0)
(0.0936908 -0.0095039 0)
(0.0955048 -0.00573066 0)
(0.0959674 -0.00366966 0)
(0.0955445 -0.00313004 0)
(0.0951217 -0.00312685 0)
(0.0956218 -0.00300142 0)
(0.0969784 -0.00250832 0)
(0.0990605 -0.00187171 0)
(0.101246 -0.00117978 0)
(0.103321 -0.000673043 0)
(0.104896 -0.000249679 0)
(0.106038 -3.68109e-05 0)
(0.106703 0.000148895 0)
(0.107063 0.000188072 0)
(0.107222 0.000251495 0)
(0.107246 0.000221882 0)
(0.105323 0.0397213 0)
(0.0769447 0.0151006 0)
(0.0484479 0.0118969 0)
(0.0478741 0.0269278 0)
(0.0682451 0.0358999 0)
(0.0861368 0.0353664 0)
(0.10142 0.0253169 0)
(0.111144 0.00830954 0)
(0.116618 -0.0113493 0)
(0.117711 -0.0291668 0)
(0.116202 -0.0436688 0)
(0.113083 -0.0545759 0)
(0.113782 -0.0617104 0)
(0.115804 -0.0692442 0)
(0.116309 -0.0729236 0)
(0.115053 -0.0687691 0)
(0.108071 -0.0601385 0)
(0.101932 -0.0483096 0)
(0.097323 -0.0379871 0)
(0.0924867 -0.0322892 0)
(0.0908179 -0.0274927 0)
(0.0923177 -0.0219357 0)
(0.0936631 -0.0173739 0)
(0.0939846 -0.0140581 0)
(0.0945197 -0.0107874 0)
(0.0960792 -0.0073074 0)
(0.0979252 -0.00448893 0)
(0.0993805 -0.00301968 0)
(0.0999858 -0.00271518 0)
(0.100118 -0.00300086 0)
(0.100066 -0.00323897 0)
(0.100385 -0.00323404 0)
(0.101089 -0.00283341 0)
(0.102269 -0.00229685 0)
(0.103563 -0.00158529 0)
(0.104832 -0.00103099 0)
(0.105804 -0.000469725 0)
(0.106481 -0.000156646 0)
(0.106863 0.000121894 0)
(0.107072 0.00024379 0)
(0.139536 0.0411718 0)
(0.13592 0.0423318 0)
(0.125285 0.04323 0)
(0.110987 0.0426199 0)
(0.112156 0.0365163 0)
(0.119419 0.0299362 0)
(0.129429 0.0199654 0)
(0.137446 0.00558962 0)
(0.141708 -0.0119264 0)
(0.143371 -0.0283025 0)
(0.144512 -0.0413925 0)
(0.142536 -0.0529077 0)
(0.139529 -0.0622694 0)
(0.138924 -0.0676249 0)
(0.131966 -0.0694907 0)
(0.121377 -0.0646072 0)
(0.113061 -0.0538408 0)
(0.106016 -0.0437302 0)
(0.102227 -0.0356904 0)
(0.100635 -0.029586 0)
(0.0990098 -0.0252694 0)
(0.0976664 -0.0215725 0)
(0.0971694 -0.0179054 0)
(0.097424 -0.0143257 0)
(0.0980379 -0.0110304 0)
(0.0989697 -0.00823521 0)
(0.100131 -0.00613189 0)
(0.101714 -0.00471564 0)
(0.103483 -0.0037341 0)
(0.10517 -0.00305577 0)
(0.106139 -0.00260186 0)
(0.106358 -0.00246213 0)
(0.105941 -0.00240645 0)
(0.105483 -0.00236848 0)
(0.105205 -0.00205396 0)
(0.105308 -0.00164128 0)
(0.105649 -0.00104513 0)
(0.106089 -0.000586879 0)
(0.10646 -0.000189679 0)
(0.106786 5.17936e-05 0)
(0.144629 0.0370915 0)
(0.145446 0.0339819 0)
(0.14951 0.0349531 0)
(0.149747 0.0371222 0)
(0.153257 0.0318862 0)
(0.158859 0.0239928 0)
(0.165143 0.0148747 0)
(0.170372 0.00202878 0)
(0.17174 -0.0139288 0)
(0.171314 -0.0293407 0)
(0.170635 -0.0413046 0)
(0.167299 -0.0499324 0)
(0.158224 -0.0580967 0)
(0.147474 -0.0626133 0)
(0.136783 -0.0604906 0)
(0.121589 -0.0556846 0)
(0.109682 -0.048349 0)
(0.105257 -0.0398184 0)
(0.103842 -0.0341542 0)
(0.103581 -0.0305874 0)
(0.104484 -0.0261013 0)
(0.104966 -0.0209898 0)
(0.103645 -0.0172852 0)
(0.101976 -0.0147825 0)
(0.101869 -0.0120472 0)
(0.103317 -0.00892129 0)
(0.104634 -0.00652519 0)
(0.104938 -0.00553032 0)
(0.104628 -0.00534083 0)
(0.104807 -0.0050642 0)
(0.105754 -0.00425279 0)
(0.107177 -0.00326474 0)
(0.108286 -0.00236503 0)
(0.10877 -0.00190468 0)
(0.108534 -0.00157364 0)
(0.10799 -0.00144106 0)
(0.107343 -0.00109926 0)
(0.106938 -0.000784689 0)
(0.106647 -0.000410057 0)
(0.106642 -4.36095e-06 0)
(0.144293 0.0379013 0)
(0.146009 0.0353836 0)
(0.153843 0.0344222 0)
(0.159897 0.0357239 0)
(0.1667 0.0298243 0)
(0.171742 0.0205536 0)
(0.176585 0.0116596 0)
(0.181763 0.00145498 0)
(0.182952 -0.011384 0)
(0.180405 -0.0264056 0)
(0.175687 -0.0382847 0)
(0.16899 -0.0440866 0)
(0.15915 -0.0482524 0)
(0.144729 -0.0527163 0)
(0.132297 -0.0517182 0)
(0.124275 -0.0457965 0)
(0.116745 -0.0418277 0)
(0.112218 -0.0385496 0)
(0.111221 -0.0335161 0)
(0.109232 -0.0293147 0)
(0.106231 -0.0259165 0)
(0.105265 -0.0209744 0)
(0.105422 -0.0158683 0)
(0.104517 -0.0131407 0)
(0.103249 -0.0121054 0)
(0.103692 -0.0103359 0)
(0.105694 -0.00730687 0)
(0.10715 -0.0045978 0)
(0.106454 -0.0034911 0)
(0.104305 -0.00375344 0)
(0.102324 -0.00420239 0)
(0.101746 -0.00414752 0)
(0.102568 -0.00338553 0)
(0.104272 -0.00237935 0)
(0.106008 -0.00134372 0)
(0.107283 -0.000668119 0)
(0.107916 -0.000220747 0)
(0.107917 -5.92764e-05 0)
(0.107796 3.50936e-05 0)
(0.107207 4.772e-05 0)
(0.142547 0.034046 0)
(0.1467 0.0285315 0)
(0.153815 0.0266152 0)
(0.161538 0.0275726 0)
(0.168016 0.0236199 0)
(0.171452 0.0164351 0)
(0.174211 0.00752615 0)
(0.177348 -0.00219778 0)
(0.180603 -0.0124461 0)
(0.178673 -0.0239397 0)
(0.171051 -0.0338433 0)
(0.163208 -0.0396287 0)
(0.155563 -0.0420275 0)
(0.146346 -0.0435558 0)
(0.136086 -0.0454429 0)
(0.129035 -0.0439054 0)
(0.124484 -0.0393794 0)
(0.118718 -0.0360858 0)
(0.114089 -0.0325358 0)
(0.111459 -0.0273558 0)
(0.107905 -0.0231502 0)
(0.104287 -0.0200725 0)
(0.103378 -0.016431 0)
(0.104431 -0.0129806 0)
(0.104797 -0.0113386 0)
(0.104013 -0.0107381 0)
(0.103592 -0.00915692 0)
(0.104297 -0.00621495 0)
(0.105163 -0.00337505 0)
(0.105152 -0.00212102 0)
(0.104045 -0.00248535 0)
(0.10254 -0.00365354 0)
(0.101396 -0.00450047 0)
(0.101124 -0.00470708 0)
(0.101754 -0.00398891 0)
(0.102915 -0.00296995 0)
(0.104275 -0.0016164 0)
(0.105343 -0.000705019 0)
(0.106148 0.000114356 0)
(0.106597 0.000445029 0)
(0.14355 0.0299401 0)
(0.147612 0.0253171 0)
(0.152376 0.0232257 0)
(0.158494 0.0232993 0)
(0.163364 0.0206674 0)
(0.167253 0.0146759 0)
(0.169834 0.00662507 0)
(0.171928 -0.00320976 0)
(0.174116 -0.0121027 0)
(0.172484 -0.0194534 0)
(0.166037 -0.0271588 0)
(0.158678 -0.0327755 0)
(0.152058 -0.0355366 0)
(0.145542 -0.0373182 0)
(0.137904 -0.0382439 0)
(0.129389 -0.0377736 0)
(0.123654 -0.0347651 0)
(0.119882 -0.0305524 0)
(0.115084 -0.0273738 0)
(0.111246 -0.0240863 0)
(0.109916 -0.0201349 0)
(0.109041 -0.017205 0)
(0.107716 -0.0156258 0)
(0.107138 -0.0138946 0)
(0.107426 -0.0114644 0)
(0.107171 -0.00906076 0)
(0.105749 -0.00715387 0)
(0.104224 -0.00549415 0)
(0.103795 -0.00392558 0)
(0.104744 -0.002742 0)
(0.106372 -0.00206968 0)
(0.107796 -0.00194215 0)
(0.108245 -0.00206111 0)
(0.107774 -0.0023632 0)
(0.106659 -0.00244207 0)
(0.105673 -0.0023846 0)
(0.104887 -0.00194602 0)
(0.104771 -0.0014262 0)
(0.104663 -0.000900409 0)
(0.105109 -0.000302875 0)
(0.143271 0.0257711 0)
(0.146571 0.0213266 0)
(0.149849 0.0193215 0)
(0.154453 0.0191511 0)
(0.159458 0.0166443 0)
(0.163322 0.0118747 0)
(0.166236 0.00481751 0)
(0.167847 -0.00458359 0)
(0.167295 -0.0121372 0)
(0.16614 -0.0172048 0)
(0.162188 -0.0230707 0)
(0.155285 -0.0288941 0)
(0.149619 -0.0321136 0)
(0.144476 -0.0335316 0)
(0.138521 -0.0339197 0)
(0.131985 -0.0333916 0)
(0.125477 -0.0323157 0)
(0.121399 -0.0297272 0)
(0.119156 -0.0262365 0)
(0.116146 -0.0238562 0)
(0.113389 -0.0220154 0)
(0.11262 -0.018985 0)
(0.112481 -0.0155081 0)
(0.111026 -0.0131804 0)
(0.108831 -0.0117501 0)
(0.107529 -0.00988294 0)
(0.107498 -0.00730014 0)
(0.107877 -0.00499256 0)
(0.107864 -0.00394837 0)
(0.107386 -0.00423869 0)
(0.106946 -0.00493886 0)
(0.107043 -0.00523694 0)
(0.107785 -0.0047203 0)
(0.108779 -0.0038069 0)
(0.109557 -0.00269059 0)
(0.109733 -0.00184889 0)
(0.109394 -0.00104894 0)
(0.10859 -0.000559388 0)
(0.107973 -0.000124868 0)
(0.10707 0.000113414 0)
(0.142267 0.0223507 0)
(0.145667 0.0190965 0)
(0.147969 0.0170951 0)
(0.151874 0.0158995 0)
(0.156202 0.0135685 0)
(0.159607 0.00946018 0)
(0.162896 0.00326375 0)
(0.163681 -0.00385333 0)
(0.161893 -0.0104454 0)
(0.160656 -0.0153139 0)
(0.158644 -0.0190175 0)
(0.153539 -0.0236171 0)
(0.147783 -0.0277792 0)
(0.14273 -0.0292611 0)
(0.137374 -0.0291297 0)
(0.132824 -0.0283195 0)
(0.128516 -0.0272763 0)
(0.123189 -0.026164 0)
(0.119294 -0.0235567 0)
(0.117574 -0.0197361 0)
(0.115503 -0.0173034 0)
(0.112533 -0.0161695 0)
(0.110584 -0.0140256 0)
(0.109875 -0.0107801 0)
(0.108997 -0.0084672 0)
(0.107555 -0.00771898 0)
(0.106705 -0.00714936 0)
(0.10718 -0.00557858 0)
(0.108302 -0.00338337 0)
(0.108637 -0.00183985 0)
(0.107482 -0.0015857 0)
(0.10533 -0.00235229 0)
(0.103218 -0.00314962 0)
(0.101931 -0.00346853 0)
(0.101505 -0.00295712 0)
(0.101838 -0.00213551 0)
(0.102355 -0.00105798 0)
(0.103187 -0.000377658 0)
(0.103599 0.000211339 0)
(0.104397 0.000357694 0)
(0.141312 0.018888 0)
(0.144238 0.0162539 0)
(0.146526 0.0146262 0)
(0.149973 0.0132186 0)
(0.153262 0.0107748 0)
(0.156274 0.00687467 0)
(0.15883 0.0020263 0)
(0.159783 -0.0034061 0)
(0.15867 -0.00933143 0)
(0.156144 -0.0142018 0)
(0.154308 -0.0174087 0)
(0.151982 -0.020615 0)
(0.146947 -0.0238931 0)
(0.141675 -0.0255908 0)
(0.137458 -0.0263754 0)
(0.13294 -0.0267493 0)
(0.12896 -0.0251703 0)
(0.125489 -0.0226858 0)
(0.121645 -0.0216402 0)
(0.11872 -0.020635 0)
(0.117396 -0.0180097 0)
(0.115746 -0.0151531 0)
(0.113181 -0.0134242 0)
(0.111369 -0.0119769 0)
(0.111211 -0.0100388 0)
(0.111357 -0.00817205 0)
(0.110471 -0.00701489 0)
(0.108794 -0.00622717 0)
(0.107638 -0.00514018 0)
(0.107622 -0.00379585 0)
(0.108501 -0.00266775 0)
(0.109428 -0.00221416 0)
(0.109736 -0.00225905 0)
(0.109197 -0.00254838 0)
(0.108171 -0.00261165 0)
(0.107105 -0.00243479 0)
(0.10627 -0.00196813 0)
(0.105815 -0.0014248 0)
(0.105553 -0.000979278 0)
(0.105588 -0.000467865 0)
(0.140371 0.0162936 0)
(0.142952 0.0143981 0)
(0.14521 0.0124709 0)
(0.147965 0.0108971 0)
(0.151034 0.00875435 0)
(0.153636 0.00521705 0)
(0.155086 0.000761926 0)
(0.15595 -0.00350008 0)
(0.155863 -0.00743617 0)
(0.153784 -0.0118381 0)
(0.151004 -0.0158898 0)
(0.148833 -0.0182322 0)
(0.145768 -0.020228 0)
(0.14133 -0.0224057 0)
(0.137378 -0.0228981 0)
(0.133505 -0.0222767 0)
(0.129125 -0.0221096 0)
(0.125925 -0.0211039 0)
(0.123872 -0.0187959 0)
(0.121007 -0.0168208 0)
(0.117821 -0.0154086 0)
(0.115886 -0.0133995 0)
(0.11496 -0.0110871 0)
(0.113756 -0.00955227 0)
(0.112201 -0.00867062 0)
(0.110878 -0.00739504 0)
(0.110074 -0.00541664 0)
(0.109421 -0.00348187 0)
(0.10878 -0.00238752 0)
(0.108147 -0.0023218 0)
(0.107669 -0.00276518 0)
(0.107247 -0.00315065 0)
(0.106855 -0.00299022 0)
(0.106405 -0.00242724 0)
(0.105909 -0.00156292 0)
(0.105476 -0.000873411 0)
(0.105089 -0.000231021 0)
(0.104927 5.26187e-05 0)
(0.104773 0.000324884 0)
(0.104834 0.000312052 0)
(0.139257 0.0137465 0)
(0.141837 0.0120646 0)
(0.144002 0.0106212 0)
(0.146365 0.00897296 0)
(0.148908 0.00661498 0)
(0.151056 0.00392369 0)
(0.152468 0.000465327 0)
(0.152701 -0.00377147 0)
(0.152276 -0.00737691 0)
(0.151657 -0.010225 0)
(0.149604 -0.0135357 0)
(0.146419 -0.0166292 0)
(0.143893 -0.0182048 0)
(0.141004 -0.0192858 0)
(0.136949 -0.0205264 0)
(0.133464 -0.0204759 0)
(0.130701 -0.0193576 0)
(0.127297 -0.0186254 0)
(0.12402 -0.0177595 0)
(0.121757 -0.0158298 0)
(0.119886 -0.0138443 0)
(0.117812 -0.0126552 0)
(0.116032 -0.0115 0)
(0.114642 -0.0096101 0)
(0.113321 -0.00755734 0)
(0.111822 -0.00623093 0)
(0.11059 -0.00564646 0)
(0.109901 -0.00515126 0)
(0.109804 -0.00425036 0)
(0.109767 -0.00310122 0)
(0.109469 -0.00210927 0)
(0.108682 -0.00162501 0)
(0.107714 -0.00154245 0)
(0.106745 -0.00168795 0)
(0.106057 -0.00173569 0)
(0.105593 -0.00165153 0)
(0.105368 -0.00141358 0)
(0.105289 -0.00108256 0)
(0.105263 -0.000841849 0)
(0.105354 -0.000487154 0)
(0.138545 0.0116257 0)
(0.14075 0.0103081 0)
(0.142757 0.00882159 0)
(0.144981 0.0072497 0)
(0.147037 0.00528479 0)
(0.148728 0.00261343 0)
(0.150047 -0.000347623 0)
(0.150468 -0.00322091 0)
(0.149896 -0.00649641 0)
(0.148898 -0.00967719 0)
(0.147649 -0.0118791 0)
(0.145471 -0.0139793 0)
(0.142552 -0.0162784 0)
(0.139839 -0.01731 0)
(0.137085 -0.0173617 0)
(0.133768 -0.017744 0)
(0.130707 -0.0177162 0)
(0.128107 -0.0163888 0)
(0.125465 -0.0148783 0)
(0.122899 -0.0139045 0)
(0.120917 -0.0126748 0)
(0.119103 -0.010766 0)
(0.11714 -0.00894803 0)
(0.115258 -0.00776107 0)
(0.114001 -0.00684505 0)
(0.11315 -0.00566698 0)
(0.112326 -0.00423751 0)
(0.111171 -0.00299299 0)
(0.109978 -0.00223081 0)
(0.108962 -0.0019597 0)
(0.108393 -0.00189605 0)
(0.108026 -0.00186887 0)
(0.10776 -0.00164335 0)
(0.107349 -0.0013276 0)
(0.106891 -0.000860519 0)
(0.106365 -0.000507826 0)
(0.105929 -0.00012873 0)
(0.105545 3.39666e-05 0)
(0.105324 0.000218275 0)
(0.105094 0.000218599 0)
(0.137708 0.00964882 0)
(0.1398 0.00848222 0)
(0.141716 0.00722409 0)
(0.143599 0.00576959 0)
(0.145445 0.00391053 0)
(0.146941 0.00177804 0)
(0.147803 -0.000730199 0)
(0.148179 -0.00351333 0)
(0.148071 -0.00600879 0)
(0.147112 -0.00835942 0)
(0.145636 -0.0108804 0)
(0.144036 -0.0127814 0)
(0.1419 -0.013945 0)
(0.139141 -0.0151527 0)
(0.136571 -0.0159923 0)
(0.13412 -0.0157463 0)
(0.131335 -0.0151368 0)
(0.128576 -0.0146648 0)
(0.126353 -0.013771 0)
(0.124178 -0.0122755 0)
(0.121859 -0.0108164 0)
(0.119751 -0.00964834 0)
(0.118199 -0.0084588 0)
(0.116757 -0.00706624 0)
(0.115196 -0.00571593 0)
(0.113529 -0.00467073 0)
(0.112201 -0.00391 0)
(0.111226 -0.00327145 0)
(0.110632 -0.00260438 0)
(0.110039 -0.00195837 0)
(0.109418 -0.00140378 0)
(0.108589 -0.0010837 0)
(0.107811 -0.000923998 0)
(0.107025 -0.000902068 0)
(0.106472 -0.000857327 0)
(0.105997 -0.000798622 0)
(0.105744 -0.000689779 0)
(0.105522 -0.000543348 0)
(0.105444 -0.000448613 0)
(0.105351 -0.000282689 0)
(0.137062 0.00791592 0)
(0.138959 0.00692162 0)
(0.140719 0.00577021 0)
(0.142452 0.00445241 0)
(0.144015 0.00285652 0)
(0.145264 0.000947073 0)
(0.14615 -0.00116101 0)
(0.146426 -0.00332946 0)
(0.146144 -0.00559102 0)
(0.145535 -0.00773195 0)
(0.14442 -0.00953827 0)
(0.142688 -0.0111929 0)
(0.140835 -0.0126208 0)
(0.138845 -0.0133971 0)
(0.136461 -0.013719 0)
(0.133966 -0.0138767 0)
(0.13175 -0.0136064 0)
(0.129461 -0.0127605 0)
(0.127055 -0.0117153 0)
(0.12481 -0.0106515 0)
(0.122912 -0.00944539 0)
(0.121006 -0.00808084 0)
(0.119083 -0.00677425 0)
(0.11722 -0.00564698 0)
(0.115708 -0.00463493 0)
(0.114388 -0.00365347 0)
(0.113241 -0.0027081 0)
(0.11203 -0.00192101 0)
(0.110931 -0.0013508 0)
(0.109891 -0.001029 0)
(0.109143 -0.000829535 0)
(0.108475 -0.000724305 0)
(0.107976 -0.000561971 0)
(0.107413 -0.000424855 0)
(0.106961 -0.000195054 0)
(0.106446 -5.51874e-05 0)
(0.106094 0.000150456 0)
(0.105687 0.000204156 0)
(0.105508 0.000319187 0)
(0.105191 0.000282072 0)
(0.136416 0.0062877 0)
(0.138201 0.00541788 0)
(0.139853 0.00442348 0)
(0.141405 0.00326944 0)
(0.142799 0.00187692 0)
(0.143901 0.000289497 0)
(0.144606 -0.00148925 0)
(0.144886 -0.00338122 0)
(0.144737 -0.00522972 0)
(0.144093 -0.00698937 0)
(0.143096 -0.00866734 0)
(0.141786 -0.0100582 0)
(0.140122 -0.0111002 0)
(0.138207 -0.0118741 0)
(0.136278 -0.0122923 0)
(0.134205 -0.0122322 0)
(0.132008 -0.0118369 0)
(0.129825 -0.0111927 0)
(0.127798 -0.0102721 0)
(0.125692 -0.00912025 0)
(0.123569 -0.00791453 0)
(0.121514 -0.0067387 0)
(0.119726 -0.00558557 0)
(0.117986 -0.00447065 0)
(0.11633 -0.00346837 0)
(0.11468 -0.00264252 0)
(0.113283 -0.00197218 0)
(0.112031 -0.00144008 0)
(0.111067 -0.000982938 0)
(0.110145 -0.000615141 0)
(0.109376 -0.000313008 0)
(0.108543 -0.000153577 0)
(0.107866 -6.23613e-05 0)
(0.107161 -6.97142e-05 0)
(0.106671 -6.35109e-05 0)
(0.106177 -8.72718e-05 0)
(0.105908 -7.53907e-05 0)
(0.105601 -6.3568e-05 0)
(0.105494 -4.54776e-05 0)
(0.105289 -1.68356e-05 0)
(0.135881 0.00483407 0)
(0.137555 0.00408364 0)
(0.139093 0.00322262 0)
(0.140513 0.00222404 0)
(0.141756 0.00104332 0)
(0.142726 -0.000305492 0)
(0.14336 -0.00179632 0)
(0.143589 -0.00335116 0)
(0.143435 -0.00492252 0)
(0.142908 -0.00643001 0)
(0.142019 -0.00780084 0)
(0.140799 -0.00898538 0)
(0.139383 -0.00993148 0)
(0.137741 -0.0105394 0)
(0.135927 -0.0108033 0)
(0.13401 -0.0107412 0)
(0.132092 -0.0103452 0)
(0.130031 -0.009622 0)
(0.127922 -0.00868131 0)
(0.125796 -0.00760564 0)
(0.123769 -0.00643246 0)
(0.1217 -0.00522442 0)
(0.119717 -0.00409661 0)
(0.117767 -0.00311348 0)
(0.116051 -0.00225017 0)
(0.11446 -0.00149349 0)
(0.113115 -0.000836885 0)
(0.111811 -0.00033012 0)
(0.110714 4.08779e-05 0)
(0.109667 0.000237929 0)
(0.108876 0.000357156 0)
(0.10812 0.000384187 0)
(0.107573 0.000436485 0)
(0.106996 0.000433346 0)
(0.106594 0.000500881 0)
(0.106131 0.000483155 0)
(0.10586 0.000547986 0)
(0.105498 0.000484972 0)
(0.105368 0.000518473 0)
(0.105069 0.000413811 0)
(0.135229 0.00342822 0)
(0.136843 0.00279609 0)
(0.138303 0.00208649 0)
(0.139612 0.00127145 0)
(0.14073 0.000310985 0)
(0.141586 -0.000798109 0)
(0.142123 -0.00202586 0)
(0.142306 -0.00331398 0)
(0.142127 -0.0046128 0)
(0.141577 -0.00587046 0)
(0.140716 -0.00703411 0)
(0.139549 -0.00802904 0)
(0.138133 -0.00881176 0)
(0.136517 -0.00931317 0)
(0.134764 -0.00948773 0)
(0.132803 -0.00932809 0)
(0.130732 -0.00886268 0)
(0.128566 -0.00810838 0)
(0.12639 -0.00712035 0)
(0.124111 -0.00600892 0)
(0.121856 -0.00488423 0)
(0.119614 -0.00378402 0)
(0.117573 -0.00274435 0)
(0.115625 -0.0018158 0)
(0.113896 -0.0010166 0)
(0.112266 -0.000387785 0)
(0.110923 8.06216e-05 0)
(0.109706 0.000396855 0)
(0.108773 0.000635257 0)
(0.107908 0.000773267 0)
(0.107266 0.000862843 0)
(0.106618 0.000848015 0)
(0.106156 0.000816593 0)
(0.10567 0.000709808 0)
(0.105362 0.000635922 0)
(0.105032 0.000517045 0)
(0.104866 0.000456028 0)
(0.104669 0.000358918 0)
(0.104607 0.000326231 0)
(0.104494 0.000250049 0)
(0.13376 0.00211498 0)
(0.135325 0.00157429 0)
(0.136708 0.000992036 0)
(0.137899 0.000329128 0)
(0.138848 -0.000431188 0)
(0.139508 -0.00129985 0)
(0.13984 -0.00226233 0)
(0.139796 -0.00327939 0)
(0.139358 -0.00431583 0)
(0.138522 -0.0053268 0)
(0.137305 -0.0062618 0)
(0.135738 -0.00707085 0)
(0.133876 -0.00767634 0)
(0.131744 -0.00801782 0)
(0.129381 -0.00808828 0)
(0.12682 -0.00782989 0)
(0.124171 -0.00721191 0)
(0.121416 -0.0063077 0)
(0.118665 -0.0052549 0)
(0.115952 -0.00414758 0)
(0.113446 -0.00303782 0)
(0.111103 -0.00198373 0)
(0.109046 -0.00107051 0)
(0.107204 -0.000339014 0)
(0.105731 0.000240666 0)
(0.10447 0.000693535 0)
(0.103557 0.00103818 0)
(0.102785 0.00124657 0)
(0.102286 0.00135445 0)
(0.101845 0.0013465 0)
(0.101623 0.00129968 0)
(0.10141 0.00118925 0)
(0.101355 0.00111019 0)
(0.101269 0.000985896 0)
(0.101282 0.000927054 0)
(0.10126 0.000802253 0)
(0.101293 0.000764736 0)
(0.101316 0.00062959 0)
(0.101346 0.000608383 0)
(0.101403 0.000466357 0)
(0.126189 0.000905254 0)
(0.127578 0.000546342 0)
(0.128696 0.000159427 0)
(0.129525 -0.000295913 0)
(0.130009 -0.000822839 0)
(0.130083 -0.001416 0)
(0.1297 -0.0020671 0)
(0.128821 -0.00275327 0)
(0.127391 -0.00346556 0)
(0.125409 -0.00416837 0)
(0.122904 -0.00479779 0)
(0.119909 -0.00533634 0)
(0.116466 -0.00574092 0)
(0.112706 -0.0059294 0)
(0.108743 -0.00586861 0)
(0.104673 -0.00555418 0)
(0.100659 -0.00498808 0)
(0.0968264 -0.00418014 0)
(0.0933113 -0.00322645 0)
(0.0901582 -0.00225747 0)
(0.0875142 -0.00135396 0)
(0.0853876 -0.000551895 0)
(0.0838521 0.000129576 0)
(0.0827799 0.000657278 0)
(0.0822061 0.00102518 0)
(0.0819395 0.00125248 0)
(0.0820527 0.00137772 0)
(0.0823267 0.00141145 0)
(0.0828432 0.00139568 0)
(0.0833681 0.00132433 0)
(0.0840062 0.00123489 0)
(0.0845625 0.00109942 0)
(0.0851543 0.000973804 0)
(0.0856564 0.000817904 0)
(0.0861383 0.000701665 0)
(0.0865851 0.000561717 0)
(0.0869314 0.000476733 0)
(0.087351 0.000365412 0)
(0.0875382 0.000317531 0)
(0.0879706 0.000236782 0)
(0.0858048 -0.000322715 0)
(0.0860949 -0.000415372 0)
(0.0860269 -0.000531788 0)
(0.085584 -0.000688642 0)
(0.084717 -0.000884197 0)
(0.0833615 -0.00110617 0)
(0.0814509 -0.00134965 0)
(0.0789258 -0.00160458 0)
(0.0757455 -0.00185719 0)
(0.0719068 -0.00209109 0)
(0.0674486 -0.00227221 0)
(0.0624605 -0.00237145 0)
(0.0570749 -0.0023728 0)
(0.0515021 -0.00223642 0)
(0.0460203 -0.00193539 0)
(0.0409321 -0.00149742 0)
(0.0364918 -0.000979567 0)
(0.0328971 -0.000450618 0)
(0.0302518 2.60439e-05 0)
(0.0285505 0.000407711 0)
(0.027715 0.000669806 0)
(0.0275931 0.000826002 0)
(0.028044 0.000901982 0)
(0.0289049 0.000906861 0)
(0.0300553 0.00086768 0)
(0.0313512 0.000800353 0)
(0.0327405 0.000718115 0)
(0.0341028 0.000624594 0)
(0.0354433 0.000530464 0)
(0.0366608 0.000442214 0)
(0.0378079 0.00036779 0)
(0.0387926 0.00030534 0)
(0.0396952 0.000259789 0)
(0.0404386 0.000222385 0)
(0.0411027 0.000199051 0)
(0.0416511 0.00017378 0)
(0.0421022 0.000161532 0)
(0.0425266 0.000135594 0)
(0.0427748 0.000130755 0)
(0.0431646 9.06259e-05 0)
)
;

boundaryField
{
    inlet
    {
        type            fixedValue;
        value           uniform (0.1 0 0);
    }
    outlet
    {
        type            zeroGradient;
    }
    lowerWall
    {
        type            noSlip;
    }
    upperWall
    {
        type            noSlip;
    }
    defaultFaces
    {
        type            empty;
    }
}


// ************************************************************************* //
