/*--------------------------------*- C++ -*----------------------------------*\
| =========                 |                                                 |
| \\      /  F ield         | OpenFOAM: The Open Source CFD Toolbox           |
|  \\    /   O peration     | Version:  2112                                  |
|   \\  /    A nd           | Website:  www.openfoam.com                      |
|    \\/     M anipulation  |                                                 |
\*---------------------------------------------------------------------------*/
FoamFile
{
    version     2.0;
    format      ascii;
    arch        "LSB;label=32;scalar=64";
    class       volVectorField;
    location    "0.22";
    object      U;
}
// * * * * * * * * * * * * * * * * * * * * * * * * * * * * * * * * * * * * * //

dimensions      [0 1 -1 0 0 0 0];

internalField   nonuniform List<vector> 
1880
(
(0.0990214 0.000606192 0)
(0.0984447 0.00115987 0)
(0.0973446 0.00129515 0)
(0.0958917 0.0013084 0)
(0.0941917 0.00137652 0)
(0.0923712 0.00138278 0)
(0.0906064 0.00137881 0)
(0.0890247 0.00138871 0)
(0.0870577 0.0014894 0)
(0.0853322 0.00141416 0)
(0.0833568 0.0013874 0)
(0.081791 0.00126249 0)
(0.0795889 0.00136277 0)
(0.0781583 0.00132048 0)
(0.0758444 0.00150257 0)
(0.0743026 0.00138639 0)
(0.0717067 0.00134835 0)
(0.0703191 0.00105487 0)
(0.0679723 0.00085434 0)
(0.0670953 0.000810169 0)
(0.064936 0.000468483 0)
(0.064401 0.0011159 0)
(0.0618906 8.03599e-05 0)
(0.0616692 0.00219107 0)
(0.0573818 -0.000532678 0)
(0.0585255 0.00398819 0)
(0.0497668 -0.000627111 0)
(0.0532649 0.00532224 0)
(0.0386707 0.00245309 0)
(0.0411462 0.00515398 0)
(0.0999876 0.000702859 0)
(0.100336 0.00141528 0)
(0.100631 0.0016508 0)
(0.100994 0.00171901 0)
(0.101139 0.00186453 0)
(0.101267 0.0019317 0)
(0.101095 0.00202326 0)
(0.1014 0.00199291 0)
(0.100792 0.00224973 0)
(0.101275 0.00212271 0)
(0.100366 0.00243288 0)
(0.10122 0.00206774 0)
(0.0994564 0.00252688 0)
(0.100646 0.00203894 0)
(0.0986314 0.00271261 0)
(0.10008 0.00232685 0)
(0.0977344 0.00291975 0)
(0.0989763 0.00229336 0)
(0.0965103 0.00271705 0)
(0.0973138 0.00176828 0)
(0.0952018 0.00268591 0)
(0.0945459 0.00141643 0)
(0.0942555 0.00313329 0)
(0.0902133 0.00183487 0)
(0.0929323 0.00423573 0)
(0.0851877 0.00298324 0)
(0.0887759 0.00661259 0)
(0.0800171 0.0054988 0)
(0.0804985 0.00967546 0)
(0.0721286 0.0134921 0)
(0.0999905 0.000248995 0)
(0.100236 0.000681126 0)
(0.100477 0.00096187 0)
(0.100859 0.00113223 0)
(0.101129 0.00129267 0)
(0.101353 0.00140172 0)
(0.101447 0.00149857 0)
(0.101845 0.0015542 0)
(0.101609 0.00176943 0)
(0.10208 0.0017458 0)
(0.10183 0.00202281 0)
(0.102607 0.00176582 0)
(0.101756 0.00230204 0)
(0.102509 0.00182742 0)
(0.101829 0.00257473 0)
(0.102407 0.00212398 0)
(0.102169 0.00263641 0)
(0.101664 0.0024689 0)
(0.102284 0.00238199 0)
(0.100401 0.00259231 0)
(0.101517 0.00276123 0)
(0.0987088 0.0024941 0)
(0.0996893 0.00415405 0)
(0.0967125 0.00310813 0)
(0.097116 0.00559456 0)
(0.0942493 0.0059807 0)
(0.0935851 0.00710484 0)
(0.0915384 0.0102044 0)
(0.0890828 0.0132324 0)
(0.086872 0.012772 0)
(0.0999905 0.000227827 0)
(0.100137 0.000643982 0)
(0.100236 0.000957943 0)
(0.10053 0.00115286 0)
(0.100742 0.00133453 0)
(0.100933 0.00144353 0)
(0.101034 0.00157862 0)
(0.101466 0.00160668 0)
(0.101252 0.00183565 0)
(0.101681 0.00178267 0)
(0.101491 0.00214259 0)
(0.10229 0.00186166 0)
(0.101486 0.00249935 0)
(0.102386 0.00186713 0)
(0.1015 0.00288109 0)
(0.102673 0.00196389 0)
(0.101663 0.00331658 0)
(0.10237 0.00225952 0)
(0.101738 0.0036585 0)
(0.101404 0.002686 0)
(0.101445 0.00407974 0)
(0.0998077 0.00340187 0)
(0.10038 0.00490044 0)
(0.0982498 0.00472689 0)
(0.0983218 0.00646423 0)
(0.0967856 0.00707876 0)
(0.0960493 0.00917616 0)
(0.0942885 0.0108235 0)
(0.0947991 0.0143938 0)
(0.0916116 0.0158291 0)
(0.0999901 0.000143064 0)
(0.100096 0.000420809 0)
(0.100136 0.0006599 0)
(0.100383 0.000835497 0)
(0.100561 0.000999917 0)
(0.100719 0.001125 0)
(0.100821 0.00125764 0)
(0.101263 0.00131787 0)
(0.101074 0.00149728 0)
(0.101423 0.0015122 0)
(0.101318 0.00179902 0)
(0.101978 0.00168987 0)
(0.10147 0.0021408 0)
(0.10199 0.00186929 0)
(0.101654 0.00241961 0)
(0.102132 0.00220026 0)
(0.101877 0.00267074 0)
(0.101879 0.00280955 0)
(0.10185 0.00308698 0)
(0.101488 0.00336078 0)
(0.101351 0.00417302 0)
(0.100782 0.00366995 0)
(0.100364 0.00602534 0)
(0.0997432 0.00465079 0)
(0.0991794 0.00788511 0)
(0.098458 0.00748129 0)
(0.0978576 0.0102893 0)
(0.0973426 0.0111797 0)
(0.0966262 0.0156133 0)
(0.0969496 0.0153906 0)
(0.0999896 0.000119802 0)
(0.100083 0.000357541 0)
(0.100092 0.000577423 0)
(0.10031 0.000752725 0)
(0.100454 0.000915907 0)
(0.100587 0.00105113 0)
(0.100668 0.00119095 0)
(0.101126 0.00126744 0)
(0.100936 0.00142692 0)
(0.101284 0.00146852 0)
(0.101163 0.00174161 0)
(0.101848 0.00168247 0)
(0.10134 0.00212454 0)
(0.101909 0.00186416 0)
(0.101543 0.00250198 0)
(0.102092 0.00213416 0)
(0.101825 0.00293652 0)
(0.101817 0.00274051 0)
(0.102028 0.00347943 0)
(0.101386 0.00364168 0)
(0.101961 0.00428808 0)
(0.100888 0.00468677 0)
(0.101215 0.00570827 0)
(0.100636 0.00597266 0)
(0.100063 0.00788569 0)
(0.100216 0.00820593 0)
(0.0995033 0.010646 0)
(0.0993141 0.0118774 0)
(0.0996882 0.0148165 0)
(0.0993003 0.016314 0)
(0.0999893 9.21944e-05 0)
(0.100073 0.000276831 0)
(0.100061 0.000450149 0)
(0.100257 0.000597705 0)
(0.100384 0.000730774 0)
(0.100497 0.00086081 0)
(0.100573 0.000984824 0)
(0.101029 0.00108466 0)
(0.100865 0.00120386 0)
(0.101184 0.00129663 0)
(0.101118 0.00149154 0)
(0.10173 0.00157174 0)
(0.10137 0.00184148 0)
(0.101791 0.00187211 0)
(0.101654 0.00216405 0)
(0.102013 0.00228096 0)
(0.101944 0.00257598 0)
(0.10193 0.00294221 0)
(0.102077 0.003313 0)
(0.101877 0.00369792 0)
(0.102056 0.00458851 0)
(0.101701 0.00449064 0)
(0.101772 0.0063384 0)
(0.101531 0.00587687 0)
(0.101363 0.00823748 0)
(0.101463 0.00842699 0)
(0.101147 0.0107326 0)
(0.10152 0.0116108 0)
(0.101643 0.0148594 0)
(0.102082 0.0153757 0)
(0.0999894 7.19674e-05 0)
(0.100068 0.000218931 0)
(0.100047 0.000360066 0)
(0.100233 0.000488638 0)
(0.100351 0.000601751 0)
(0.100452 0.000727674 0)
(0.100529 0.000842237 0)
(0.100981 0.000958229 0)
(0.100837 0.00105779 0)
(0.101148 0.00117461 0)
(0.101111 0.00133776 0)
(0.101708 0.00147056 0)
(0.101409 0.00170106 0)
(0.1018 0.00180279 0)
(0.101763 0.00205481 0)
(0.102051 0.00223376 0)
(0.10217 0.00250174 0)
(0.101997 0.00295147 0)
(0.102472 0.00320611 0)
(0.102066 0.00391563 0)
(0.102618 0.00430889 0)
(0.102237 0.00499573 0)
(0.102453 0.00594879 0)
(0.102536 0.00632653 0)
(0.102384 0.00804475 0)
(0.102719 0.00848878 0)
(0.102867 0.0104362 0)
(0.103031 0.0116195 0)
(0.10381 0.0137732 0)
(0.104266 0.0151522 0)
(0.0999896 5.37064e-05 0)
(0.100065 0.000166048 0)
(0.100042 0.00027466 0)
(0.10022 0.000379814 0)
(0.100338 0.000467577 0)
(0.10043 0.000581778 0)
(0.100517 0.000677511 0)
(0.100959 0.00080233 0)
(0.100848 0.00087652 0)
(0.101139 0.00101844 0)
(0.101156 0.00113081 0)
(0.101714 0.0013344 0)
(0.101501 0.00147592 0)
(0.101849 0.00171639 0)
(0.101906 0.00182288 0)
(0.10219 0.00217896 0)
(0.102348 0.00230557 0)
(0.102291 0.00284404 0)
(0.10269 0.00313866 0)
(0.102573 0.00368997 0)
(0.102987 0.0043852 0)
(0.102918 0.0047384 0)
(0.103173 0.00594827 0)
(0.103356 0.0062214 0)
(0.103495 0.00774433 0)
(0.103907 0.00837523 0)
(0.104188 0.0100051 0)
(0.104722 0.0110065 0)
(0.10548 0.0131413 0)
(0.1062 0.0141129 0)
(0.09999 3.62551e-05 0)
(0.100064 0.000114821 0)
(0.100043 0.000191768 0)
(0.100218 0.000271973 0)
(0.100342 0.000335184 0)
(0.100429 0.000434129 0)
(0.100532 0.000512973 0)
(0.100965 0.000638335 0)
(0.100888 0.000697907 0)
(0.101162 0.000847781 0)
(0.101232 0.000933704 0)
(0.101763 0.00116558 0)
(0.101626 0.00127358 0)
(0.101944 0.00157234 0)
(0.102096 0.00162546 0)
(0.102352 0.00205506 0)
(0.10262 0.00210336 0)
(0.102545 0.00273331 0)
(0.103055 0.00289983 0)
(0.102994 0.00362767 0)
(0.103464 0.00406161 0)
(0.103568 0.00472721 0)
(0.103842 0.00555329 0)
(0.104201 0.00611914 0)
(0.104512 0.0073083 0)
(0.104904 0.0080733 0)
(0.105561 0.00932733 0)
(0.106042 0.0105293 0)
(0.106998 0.0119959 0)
(0.107884 0.0132357 0)
(0.0999904 1.88127e-05 0)
(0.100065 6.31066e-05 0)
(0.100049 0.000108069 0)
(0.100225 0.000161637 0)
(0.10036 0.000199455 0)
(0.100445 0.000279525 0)
(0.10057 0.000340153 0)
(0.100995 0.000459996 0)
(0.100958 0.000505263 0)
(0.101214 0.000655796 0)
(0.101339 0.000716256 0)
(0.101848 0.000965064 0)
(0.101781 0.00104182 0)
(0.102085 0.00138107 0)
(0.102299 0.00139645 0)
(0.102583 0.00185325 0)
(0.102875 0.00188845 0)
(0.102894 0.00247256 0)
(0.103379 0.00270451 0)
(0.103483 0.00330762 0)
(0.103928 0.00383401 0)
(0.104185 0.00440974 0)
(0.104525 0.00518931 0)
(0.104965 0.00581055 0)
(0.105412 0.00676861 0)
(0.105917 0.00759309 0)
(0.106635 0.00866807 0)
(0.107301 0.00966829 0)
(0.108291 0.011034 0)
(0.10929 0.0120494 0)
(0.0999909 5.07191e-07 0)
(0.100067 8.75255e-06 0)
(0.100059 2.0891e-05 0)
(0.100239 4.70386e-05 0)
(0.100391 6.11443e-05 0)
(0.100477 0.00012154 0)
(0.100628 0.000167912 0)
(0.101048 0.000280078 0)
(0.10105 0.000317775 0)
(0.101291 0.000460344 0)
(0.101472 0.000506557 0)
(0.101962 0.000754112 0)
(0.101963 0.000818116 0)
(0.102255 0.00117081 0)
(0.102534 0.00117033 0)
(0.102834 0.00163733 0)
(0.10317 0.00164702 0)
(0.103247 0.00222841 0)
(0.103748 0.00241603 0)
(0.10396 0.00303934 0)
(0.10441 0.00346104 0)
(0.104781 0.00410998 0)
(0.105177 0.00471994 0)
(0.105674 0.00541297 0)
(0.106264 0.00617164 0)
(0.106776 0.00702701 0)
(0.107637 0.00784372 0)
(0.108369 0.00885996 0)
(0.109386 0.00987387 0)
(0.110493 0.0108859 0)
(0.0999914 -2.02891e-05 0)
(0.100071 -5.37785e-05 0)
(0.100076 -8.04956e-05 0)
(0.100266 -8.80824e-05 0)
(0.10044 -0.000103364 0)
(0.100534 -7.10841e-05 0)
(0.100715 -4.48607e-05 0)
(0.101133 4.94936e-05 0)
(0.101174 7.51874e-05 0)
(0.101401 0.00019864 0)
(0.101636 0.000230478 0)
(0.102113 0.000462573 0)
(0.102173 0.000521827 0)
(0.102464 0.000865077 0)
(0.102791 0.000870356 0)
(0.103126 0.00130894 0)
(0.103481 0.00133446 0)
(0.103635 0.00185232 0)
(0.104125 0.00206535 0)
(0.104436 0.00262251 0)
(0.10489 0.00303667 0)
(0.105337 0.00366198 0)
(0.105785 0.00419162 0)
(0.106337 0.00488752 0)
(0.106986 0.00552241 0)
(0.107582 0.00631038 0)
(0.108466 0.00703681 0)
(0.109287 0.00787141 0)
(0.110332 0.00876592 0)
(0.111484 0.00961731 0)
(0.099992 -4.31325e-05 0)
(0.100076 -0.000121295 0)
(0.100095 -0.000184991 0)
(0.100298 -0.000220092 0)
(0.100497 -0.000256363 0)
(0.100603 -0.000242861 0)
(0.100817 -0.000224707 0)
(0.101235 -0.000139704 0)
(0.101314 -0.00011841 0)
(0.101534 -1.16515e-05 0)
(0.101823 1.71502e-05 0)
(0.102295 0.000231979 0)
(0.102412 0.00029462 0)
(0.102704 0.000617849 0)
(0.103077 0.000636006 0)
(0.103447 0.00104198 0)
(0.103826 0.00107721 0)
(0.104048 0.00154729 0)
(0.10454 0.00175148 0)
(0.104927 0.00227151 0)
(0.105392 0.00263348 0)
(0.105885 0.00323875 0)
(0.10638 0.00367513 0)
(0.106951 0.00434305 0)
(0.107655 0.00485398 0)
(0.108288 0.00558639 0)
(0.109194 0.00615608 0)
(0.110077 0.00691087 0)
(0.11112 0.00760256 0)
(0.112303 0.00835746 0)
(0.0999926 -7.67365e-05 0)
(0.10009 -0.000222522 0)
(0.100137 -0.000343505 0)
(0.100367 -0.000422149 0)
(0.100599 -0.000491963 0)
(0.100729 -0.000507893 0)
(0.100978 -0.000503532 0)
(0.101395 -0.000438022 0)
(0.101505 -0.000430585 0)
(0.101725 -0.000353373 0)
(0.102066 -0.00033263 0)
(0.102532 -0.000150331 0)
(0.10269 -8.92401e-05 0)
(0.102987 0.000198849 0)
(0.103402 0.000230471 0)
(0.103812 0.000584221 0)
(0.104212 0.000631696 0)
(0.104495 0.00103873 0)
(0.10498 0.00125012 0)
(0.105412 0.00172773 0)
(0.105875 0.0020777 0)
(0.106384 0.0026557 0)
(0.1069 0.00305232 0)
(0.10749 0.00367472 0)
(0.108207 0.00412543 0)
(0.108888 0.00475947 0)
(0.109794 0.00525797 0)
(0.110713 0.00587618 0)
(0.111771 0.00644434 0)
(0.11296 0.00707192 0)
(0.0999931 -0.000104591 0)
(0.100104 -0.000301681 0)
(0.100187 -0.00045351 0)
(0.100452 -0.000547053 0)
(0.100727 -0.000627232 0)
(0.10089 -0.000655286 0)
(0.101175 -0.000653354 0)
(0.101588 -0.000606453 0)
(0.101727 -0.000613344 0)
(0.101958 -0.000560096 0)
(0.102351 -0.000537783 0)
(0.102816 -0.000382246 0)
(0.103013 -0.000321334 0)
(0.103318 -6.77847e-05 0)
(0.103771 -1.94161e-05 0)
(0.104222 0.000295256 0)
(0.104656 0.000368849 0)
(0.105006 0.000743119 0)
(0.105504 0.000967912 0)
(0.105975 0.001409 0)
(0.106439 0.00172781 0)
(0.106938 0.00224494 0)
(0.107459 0.00257277 0)
(0.108032 0.0031086 0)
(0.108741 0.00346321 0)
(0.10943 0.0039896 0)
(0.110321 0.0043735 0)
(0.11125 0.00487668 0)
(0.112311 0.00530355 0)
(0.113481 0.00580756 0)
(0.0999938 -0.000196342 0)
(0.100146 -0.000548849 0)
(0.100293 -0.000788277 0)
(0.100608 -0.000920276 0)
(0.100928 -0.00102231 0)
(0.101129 -0.00106411 0)
(0.101437 -0.00106416 0)
(0.101834 -0.00103786 0)
(0.102004 -0.00106372 0)
(0.102269 -0.00103492 0)
(0.102714 -0.00100686 0)
(0.103166 -0.000875312 0)
(0.10338 -0.000806213 0)
(0.103697 -0.000589811 0)
(0.104198 -0.000534356 0)
(0.104712 -0.000294063 0)
(0.105195 -0.000233756 0)
(0.1056 8.18486e-05 0)
(0.106084 0.000317516 0)
(0.106528 0.000749014 0)
(0.106949 0.00108301 0)
(0.107383 0.00158081 0)
(0.107885 0.0019003 0)
(0.108416 0.00238121 0)
(0.109123 0.00269416 0)
(0.109804 0.00312716 0)
(0.110711 0.00344047 0)
(0.111618 0.00383455 0)
(0.112718 0.00415378 0)
(0.113846 0.00454074 0)
(0.0999933 -0.00022627 0)
(0.100248 -0.000610596 0)
(0.100539 -0.000838739 0)
(0.100951 -0.00096009 0)
(0.101333 -0.00106514 0)
(0.101576 -0.00111657 0)
(0.10189 -0.00111903 0)
(0.102257 -0.00112635 0)
(0.102441 -0.00118598 0)
(0.102735 -0.00118691 0)
(0.10319 -0.00113978 0)
(0.10361 -0.0010339 0)
(0.103808 -0.000975068 0)
(0.104118 -0.000840478 0)
(0.10459 -0.000819467 0)
(0.105104 -0.000650102 0)
(0.105581 -0.000544996 0)
(0.106039 -0.000178457 0)
(0.10654 0.00015388 0)
(0.106994 0.000604188 0)
(0.107404 0.000934697 0)
(0.107781 0.00134422 0)
(0.108272 0.00158149 0)
(0.108734 0.00192283 0)
(0.109436 0.00211701 0)
(0.110066 0.00240096 0)
(0.110996 0.00259535 0)
(0.111848 0.00285314 0)
(0.113002 0.00305319 0)
(0.11406 0.00331451 0)
(0.0999919 -0.00068684 0)
(0.100346 -0.00136932 0)
(0.100701 -0.00156454 0)
(0.101084 -0.00160819 0)
(0.101378 -0.00170034 0)
(0.101492 -0.00175504 0)
(0.101632 -0.00174055 0)
(0.101815 -0.00174026 0)
(0.101823 -0.00179803 0)
(0.101931 -0.00180332 0)
(0.102103 -0.00174668 0)
(0.102247 -0.00164501 0)
(0.102136 -0.0015414 0)
(0.102278 -0.00142187 0)
(0.102436 -0.00141587 0)
(0.102787 -0.00137126 0)
(0.102893 -0.00129449 0)
(0.103217 -0.000978162 0)
(0.10339 -0.000602472 0)
(0.103829 -0.000155477 0)
(0.104119 0.000236165 0)
(0.104705 0.000631874 0)
(0.105232 0.000886968 0)
(0.105997 0.00116782 0)
(0.106753 0.0013204 0)
(0.107698 0.00150662 0)
(0.108653 0.00162726 0)
(0.109784 0.00177859 0)
(0.110936 0.00188149 0)
(0.112264 0.00202281 0)
(0.0990233 -0.00060166 0)
(0.0984628 -0.00114806 0)
(0.0974123 -0.00127025 0)
(0.0960123 -0.00127778 0)
(0.0944172 -0.00132612 0)
(0.0926847 -0.00133067 0)
(0.0911105 -0.00129339 0)
(0.0896423 -0.00130755 0)
(0.0880036 -0.00135169 0)
(0.0863997 -0.00130031 0)
(0.0849388 -0.00118824 0)
(0.0835145 -0.0010993 0)
(0.0820579 -0.00106832 0)
(0.080811 -0.00106939 0)
(0.0795612 -0.00109434 0)
(0.0783639 -0.00105157 0)
(0.0770639 -0.00089464 0)
(0.0761499 -0.000627764 0)
(0.0754037 -0.000352171 0)
(0.0752191 -9.85943e-05 0)
(0.0751228 0.000104446 0)
(0.0755683 0.000250268 0)
(0.0759548 0.000350445 0)
(0.0768189 0.0004278 0)
(0.0775055 0.000466792 0)
(0.078617 0.000523352 0)
(0.0794935 0.000554369 0)
(0.0808049 0.000596899 0)
(0.0818246 0.000622241 0)
(0.0833316 0.000649503 0)
(0.0213451 0.00829576 0)
(0.0597816 0.025937 0)
(0.0390873 0.0139965 0)
(0.0770288 0.0275025 8.9615e-22)
(0.0594185 0.0282849 7.5679e-22)
(0.0956975 0.0436646 0)
(0.0684719 0.0326877 2.81066e-22)
(0.0988174 0.0357256 -8.16738e-23)
(0.0843707 0.0352298 6.91687e-22)
(0.129789 0.0546639 0)
(0.0707887 0.0152682 0)
(0.0803458 0.0250294 0)
(0.0878764 0.0336091 0)
(0.0962162 0.0367116 0)
(0.0911073 0.0297178 0)
(0.106163 0.0464146 1.9277e-22)
(0.1117 0.0559631 5.09111e-23)
(0.121776 0.0604186 -1.15836e-22)
(0.118454 0.0372265 -5.29388e-22)
(0.133791 0.0438817 -4.91735e-22)
(0.0872492 0.0272726 0)
(0.0880839 0.0237193 0)
(0.0945466 0.028025 0)
(0.100504 0.0339741 0)
(0.100553 0.0399551 0)
(0.104566 0.029851 -1.92769e-22)
(0.113782 0.0428793 -5.09125e-23)
(0.12792 0.0471657 1.1585e-22)
(0.135794 0.047117 2.787e-22)
(0.135771 0.0342721 4.9174e-22)
(0.0922995 0.0217711 -4.27751e-22)
(0.0963388 0.0253134 0)
(0.0993537 0.0281176 -3.33309e-22)
(0.101365 0.031073 -2.80002e-22)
(0.108651 0.0366496 -2.04506e-22)
(0.112699 0.0348311 0)
(0.116477 0.0403006 0)
(0.125301 0.0421339 1.28494e-22)
(0.134863 0.0396947 2.76673e-22)
(0.139448 0.0339252 4.32027e-22)
(0.0957885 0.0227179 4.27754e-22)
(0.0992904 0.0224379 0)
(0.102127 0.0273072 3.33311e-22)
(0.105754 0.0277058 2.80003e-22)
(0.109593 0.0339399 2.04507e-22)
(0.11544 0.0296064 0)
(0.11883 0.03426 0)
(0.128071 0.0349569 -1.28495e-22)
(0.134824 0.0358337 -2.76689e-22)
(0.139154 0.0275343 -4.32027e-22)
(0.0997745 0.0206539 0)
(0.102586 0.0218057 -3.1024e-22)
(0.105255 0.0252881 0)
(0.108623 0.0261672 -2.09985e-22)
(0.112601 0.0301299 0)
(0.118161 0.029238 0)
(0.121935 0.0317351 0)
(0.127574 0.0308801 -1.34514e-22)
(0.134279 0.030873 0)
(0.140205 0.0262462 0)
(0.102589 0.0198948 3.10014e-22)
(0.105062 0.0199717 5.89134e-22)
(0.10762 0.0236996 2.36199e-22)
(0.111256 0.0238155 2.09986e-22)
(0.1146 0.0269936 0)
(0.119269 0.0251246 -4.98398e-23)
(0.123416 0.0276879 0)
(0.128959 0.0271029 1.34515e-22)
(0.134373 0.0264037 0)
(0.138595 0.0211251 0)
(0.105053 0.0181187 -3.10015e-22)
(0.10741 0.0188414 -2.78894e-22)
(0.109907 0.0213816 -2.362e-22)
(0.113206 0.02167 0)
(0.116604 0.024196 0)
(0.120632 0.0236751 4.98399e-23)
(0.124532 0.0245912 0)
(0.129272 0.0231364 0)
(0.134111 0.0232683 0)
(0.137842 0.02 0)
(0.107192 0.0167725 0)
(0.10928 0.017138 -2.28234e-22)
(0.111733 0.0195352 0)
(0.114803 0.0196498 -1.43166e-22)
(0.117865 0.0212757 0)
(0.121579 0.0203717 0)
(0.125507 0.021635 4.47559e-23)
(0.129488 0.0204125 1.24049e-22)
(0.133235 0.0196121 0)
(0.136896 0.0161058 2.87375e-22)
(0.108963 0.0151267 0)
(0.110904 0.0157245 2.28235e-22)
(0.113294 0.0173423 0)
(0.116133 0.0175165 1.43166e-22)
(0.119153 0.0188592 0)
(0.122322 0.0184406 0)
(0.125741 0.0187907 -4.4756e-23)
(0.129513 0.0174237 -1.24049e-22)
(0.133075 0.017095 0)
(0.135975 0.0145421 -2.87375e-22)
(0.110459 0.0136306 1.08272e-22)
(0.112282 0.0140564 0)
(0.114553 0.0154649 0)
(0.117145 0.0155701 5.82209e-23)
(0.119889 0.0164263 0)
(0.122917 0.0158571 0)
(0.126162 0.016323 0)
(0.129315 0.0150696 -5.4574e-23)
(0.132281 0.0143693 0)
(0.135083 0.0119476 0)
(0.111715 0.0120589 -7.58924e-24)
(0.113405 0.0125204 0)
(0.11557 0.0135137 7.27904e-23)
(0.117985 0.0136186 -4.72979e-24)
(0.120606 0.0142626 0)
(0.123304 0.0138735 0)
(0.126161 0.0139533 -2.09112e-23)
(0.129102 0.0127907 5.45741e-23)
(0.131844 0.0122205 -8.04702e-23)
(0.134233 0.0102685 -1.11178e-22)
(0.112735 0.0105603 -6.3018e-24)
(0.114356 0.010916 0)
(0.116383 0.011734 -4.89633e-24)
(0.118616 0.0117775 -3.68576e-24)
(0.121031 0.0122205 2.93006e-23)
(0.123574 0.0117746 -6.06769e-24)
(0.126209 0.011818 1.51144e-24)
(0.128781 0.0107859 -4.65682e-23)
(0.13122 0.0101389 6.27643e-24)
(0.133441 0.00840802 8.69881e-24)
(0.113583 0.00906797 -9.43813e-23)
(0.115112 0.00938636 0)
(0.117024 0.00998444 -6.78942e-23)
(0.119112 0.010017 -4.98056e-23)
(0.121377 0.0103134 -2.93006e-23)
(0.123717 0.00993659 1.19654e-23)
(0.126102 0.0098363 1.93998e-23)
(0.128466 0.00893032 4.65682e-23)
(0.130709 0.00833739 7.41939e-23)
(0.132714 0.00689461 1.02479e-22)
(0.114248 0.00761857 0)
(0.115728 0.00786438 0)
(0.117523 0.00833261 0)
(0.119475 0.00832355 0)
(0.121586 0.0085219 0)
(0.12377 0.00814581 -5.89769e-24)
(0.125983 0.0080018 0)
(0.128134 0.00722292 0)
(0.130192 0.00665574 0)
(0.132055 0.00542639 0)
(0.114784 0.00620618 0)
(0.116196 0.00640181 0)
(0.117904 0.00673708 0)
(0.119731 0.00672178 0)
(0.121721 0.00682925 0)
(0.123749 0.00650107 -3.40373e-24)
(0.125819 0.00630836 0)
(0.12781 0.00564572 0)
(0.129735 0.00513357 0)
(0.131465 0.00411997 0)
(0.115191 0.00481818 0)
(0.116531 0.00495557 0)
(0.118199 0.00518779 2.84241e-23)
(0.119875 0.00515389 0)
(0.121793 0.00519854 1.29779e-23)
(0.123645 0.00490693 3.40373e-24)
(0.125635 0.00469735 0)
(0.127446 0.00414927 -1.66941e-23)
(0.129284 0.00369729 0)
(0.130862 0.00287648 0)
(0.115463 0.00348341 0)
(0.116615 0.0035788 0)
(0.118304 0.00371199 -2.84242e-23)
(0.119724 0.00367354 0)
(0.12164 0.00365627 -1.29779e-23)
(0.123188 0.00341002 0)
(0.12517 0.0031894 0)
(0.126653 0.00274234 1.66941e-23)
(0.128471 0.00234545 0)
(0.129687 0.00170965 0)
(0.113623 0.0020856 -9.63609e-24)
(0.114373 0.0021276 -8.38009e-24)
(0.115984 0.00216257 -6.91927e-24)
(0.116875 0.00211789 0)
(0.118694 0.00204943 -3.32412e-24)
(0.119601 0.00187467 0)
(0.121472 0.00167138 1.12823e-24)
(0.122174 0.0013613 0)
(0.123854 0.00103791 6.22456e-24)
(0.124089 0.00061815 8.91543e-24)
(0.0844824 0.000628915 9.63502e-24)
(0.0852601 0.00058865 8.37909e-24)
(0.086535 0.000532922 6.9184e-24)
(0.0872885 0.000466829 0)
(0.0885954 0.000373648 3.32365e-24)
(0.0891455 0.000263841 0)
(0.0902916 0.000121461 -1.12805e-24)
(0.0903617 -3.25603e-05 0)
(0.0910819 -0.000220458 -6.22345e-24)
(0.0903417 -0.000393029 -8.91378e-24)
(0.0037758 0.00188274 0)
(-0.000900636 -0.00121667 0)
(-0.0132801 0.0057851 0)
(-0.0387707 0.0119342 0)
(-0.0873037 0.0162799 0)
(-0.117651 0.00979732 0)
(-0.128248 0.00417552 0)
(-0.125981 -0.000781256 0)
(-0.117295 -0.00356289 0)
(-0.0983256 -0.00677571 0)
(-0.0750704 -0.00725627 0)
(-0.0512695 -0.00828856 0)
(-0.0249847 -0.00749518 0)
(-0.00262482 -0.00631461 0)
(0.0170908 -0.00496247 0)
(0.0324488 -0.00342611 0)
(0.0441238 -0.00202867 0)
(0.0522621 -0.000871357 0)
(0.0575005 -1.12779e-05 0)
(0.0605025 0.000553666 0)
(0.0618779 0.000862732 0)
(0.0621572 0.000980389 0)
(0.0617732 0.000969678 0)
(0.0610277 0.000877528 0)
(0.0601268 0.000750736 0)
(0.0592032 0.000617165 0)
(0.0583385 0.000493298 0)
(0.0575741 0.000387833 0)
(0.0569168 0.000303011 0)
(0.0563731 0.000237351 0)
(0.0559145 0.000186964 0)
(0.055552 0.000148346 0)
(0.0552384 0.000118732 0)
(0.055005 9.47773e-05 0)
(0.0547909 7.67782e-05 0)
(0.0546459 6.01049e-05 0)
(0.0545041 4.93058e-05 0)
(0.0544159 3.58605e-05 0)
(0.0543373 3.08889e-05 0)
(0.0542717 1.80854e-05 0)
(0.00297712 -0.00432856 0)
(-0.00382202 0.0132615 0)
(-0.0243325 0.0221167 0)
(-0.0685915 0.0388598 0)
(-0.101455 0.0372559 0)
(-0.123501 0.0211302 0)
(-0.124164 0.00317184 0)
(-0.12199 -0.00706083 0)
(-0.106411 -0.0167019 0)
(-0.0911353 -0.0238854 0)
(-0.0639919 -0.027908 0)
(-0.0403065 -0.0280797 0)
(-0.0130534 -0.0273682 0)
(0.0095505 -0.0237165 0)
(0.0294483 -0.0199604 0)
(0.0453527 -0.0157751 0)
(0.0579648 -0.0118413 0)
(0.0676595 -0.00840483 0)
(0.0750479 -0.00562558 0)
(0.0806521 -0.00351151 0)
(0.0848692 -0.00197812 0)
(0.0880217 -0.0008997 0)
(0.0903527 -0.000175397 0)
(0.0920527 0.000281502 0)
(0.0932445 0.000530085 0)
(0.0940595 0.00063776 0)
(0.0945654 0.000648877 0)
(0.094889 0.000608762 0)
(0.0950416 0.000539948 0)
(0.095143 0.000464858 0)
(0.0951438 0.000391265 0)
(0.0951694 0.000325015 0)
(0.0951181 0.000268799 0)
(0.0951316 0.000217274 0)
(0.0950703 0.00017934 0)
(0.0950931 0.000138496 0)
(0.0950398 0.000114893 0)
(0.0950739 7.9666e-05 0)
(0.0950406 6.7936e-05 0)
(0.0950776 3.58108e-05 0)
(0.00100887 0.00327572 0)
(-0.0210205 0.0210309 0)
(-0.0521357 0.0507722 0)
(-0.0640853 0.0603821 0)
(-0.0881119 0.0535 0)
(-0.0954954 0.0295528 0)
(-0.0980134 0.00363456 0)
(-0.091187 -0.0138557 0)
(-0.0817989 -0.0260111 0)
(-0.064473 -0.0374633 0)
(-0.0447071 -0.0449251 0)
(-0.0187307 -0.0464294 0)
(0.00508121 -0.0436246 0)
(0.0264244 -0.0376226 0)
(0.0439465 -0.0309053 0)
(0.0574494 -0.0241338 0)
(0.0674049 -0.0181137 0)
(0.0744342 -0.0131754 0)
(0.0796076 -0.0093567 0)
(0.0837909 -0.0065218 0)
(0.0873846 -0.00447335 0)
(0.0905203 -0.0029938 0)
(0.0932071 -0.00193851 0)
(0.0954728 -0.00117949 0)
(0.0973024 -0.000657675 0)
(0.0987796 -0.000297656 0)
(0.0998958 -7.04491e-05 0)
(0.100774 7.21803e-05 0)
(0.101387 0.000144988 0)
(0.101885 0.000179947 0)
(0.102196 0.000183464 0)
(0.102488 0.000174185 0)
(0.102636 0.000156242 0)
(0.102826 0.000132126 0)
(0.10289 0.000112138 0)
(0.103035 8.36968e-05 0)
(0.103056 6.7981e-05 0)
(0.103182 3.75189e-05 0)
(0.103183 2.82235e-05 0)
(0.103302 -3.93062e-06 0)
(0.00102261 0.00847943 0)
(-0.00646684 0.048664 0)
(-0.0182787 0.0554872 0)
(-0.0322088 0.0651597 0)
(-0.0541008 0.0604996 0)
(-0.055878 0.0327026 0)
(-0.0590324 0.000606371 0)
(-0.0540446 -0.020226 0)
(-0.0478697 -0.0355902 0)
(-0.0357427 -0.0506953 0)
(-0.0180168 -0.0622598 0)
(0.00153856 -0.0646389 0)
(0.0221928 -0.0608376 0)
(0.0411074 -0.0523956 0)
(0.0567503 -0.0425404 0)
(0.0692457 -0.0326649 0)
(0.079001 -0.0236945 0)
(0.0852662 -0.0166744 0)
(0.0884344 -0.0119108 0)
(0.0900865 -0.00880461 0)
(0.091504 -0.00664474 0)
(0.0931489 -0.00499243 0)
(0.0949365 -0.0036932 0)
(0.0966963 -0.00265778 0)
(0.0982454 -0.00186368 0)
(0.0995711 -0.00125074 0)
(0.100611 -0.000809599 0)
(0.101467 -0.000488811 0)
(0.102091 -0.000278714 0)
(0.102623 -0.000135585 0)
(0.102977 -5.55628e-05 0)
(0.103318 -5.78541e-06 0)
(0.103512 1.58381e-05 0)
(0.103747 2.3171e-05 0)
(0.103847 2.2992e-05 0)
(0.104028 1.13374e-05 0)
(0.104073 5.3703e-06 0)
(0.104228 -1.68493e-05 0)
(0.104242 -2.19064e-05 0)
(0.104387 -5.24536e-05 0)
(-0.0163919 0.0101133 0)
(-0.0048802 0.0376759 0)
(-0.0145692 0.064493 0)
(-0.00927764 0.0789241 0)
(-0.0174667 0.0700142 0)
(-0.00928794 0.0373747 0)
(-0.00726591 0.00291985 0)
(-0.000760054 -0.0223051 0)
(0.00341168 -0.0396747 0)
(0.0119746 -0.0588979 0)
(0.0222805 -0.0728443 0)
(0.035358 -0.0762335 0)
(0.0459573 -0.0719899 0)
(0.0566233 -0.0623397 0)
(0.0656389 -0.0509928 0)
(0.0723102 -0.0404083 0)
(0.0796162 -0.0300413 0)
(0.0874068 -0.0202637 0)
(0.0929721 -0.0129699 0)
(0.0954387 -0.00880826 0)
(0.0960806 -0.00675988 0)
(0.0963815 -0.00554613 0)
(0.0969985 -0.00454587 0)
(0.0979802 -0.00358357 0)
(0.0990788 -0.00272539 0)
(0.100147 -0.00198939 0)
(0.101028 -0.00142224 0)
(0.101772 -0.000985831 0)
(0.102316 -0.000682012 0)
(0.102789 -0.000457781 0)
(0.103106 -0.000314887 0)
(0.103422 -0.000210574 0)
(0.103604 -0.000149888 0)
(0.103833 -0.00010884 0)
(0.103933 -8.69165e-05 0)
(0.104114 -7.85788e-05 0)
(0.104161 -7.2975e-05 0)
(0.104318 -8.41579e-05 0)
(0.104334 -8.44992e-05 0)
(0.104482 -0.000109832 0)
(0.0234215 0.0201556 0)
(0.00732985 0.0502453 0)
(0.0165382 0.0620377 0)
(0.027057 0.0720838 0)
(0.0303027 0.0609541 0)
(0.0440354 0.0268307 0)
(0.0515966 -0.00609623 0)
(0.0582375 -0.0289053 0)
(0.0626463 -0.0441506 0)
(0.0678049 -0.0618523 0)
(0.0732439 -0.0780341 0)
(0.0792537 -0.0815224 0)
(0.0817329 -0.0758157 0)
(0.0820192 -0.0655209 0)
(0.0835601 -0.0521872 0)
(0.082015 -0.0413846 0)
(0.0795938 -0.0337447 0)
(0.081649 -0.0258112 0)
(0.0874693 -0.0175169 0)
(0.0932994 -0.0110293 0)
(0.0969891 -0.00729909 0)
(0.0986333 -0.00558017 0)
(0.0992304 -0.00476115 0)
(0.0996408 -0.00408559 0)
(0.100162 -0.00336862 0)
(0.100825 -0.00261306 0)
(0.101467 -0.00194673 0)
(0.102073 -0.0013913 0)
(0.102533 -0.000989707 0)
(0.102946 -0.000689667 0)
(0.103222 -0.000498507 0)
(0.103502 -0.000357529 0)
(0.103663 -0.000274321 0)
(0.10387 -0.000212654 0)
(0.10396 -0.000177838 0)
(0.104128 -0.000155621 0)
(0.104173 -0.000142102 0)
(0.104322 -0.0001447 0)
(0.104337 -0.000141375 0)
(0.104478 -0.000163397 0)
(-0.0314033 -0.00845695 0)
(0.00588923 0.0358433 0)
(0.0217878 0.0492033 0)
(0.0505242 0.0655596 0)
(0.0723278 0.0612384 0)
(0.0894977 0.0300938 0)
(0.100906 -0.00500408 0)
(0.109984 -0.0291193 0)
(0.109577 -0.0425165 0)
(0.108473 -0.0604037 0)
(0.106095 -0.0789787 0)
(0.103745 -0.0830286 0)
(0.102819 -0.0750157 0)
(0.0980288 -0.065378 0)
(0.0957593 -0.0520235 0)
(0.0947037 -0.0373285 0)
(0.0885662 -0.0288831 0)
(0.0821609 -0.0250408 0)
(0.0812376 -0.0208218 0)
(0.0852988 -0.0154276 0)
(0.0910424 -0.0105266 0)
(0.0958994 -0.00716216 0)
(0.0989493 -0.00529693 0)
(0.100523 -0.00427726 0)
(0.101271 -0.00359705 0)
(0.101738 -0.00295159 0)
(0.102105 -0.00234576 0)
(0.102484 -0.00178365 0)
(0.102796 -0.00134077 0)
(0.103112 -0.000982563 0)
(0.103332 -0.000738173 0)
(0.103573 -0.000546827 0)
(0.103713 -0.000425984 0)
(0.103901 -0.000331723 0)
(0.103984 -0.000275851 0)
(0.10414 -0.000235269 0)
(0.104182 -0.000211474 0)
(0.10432 -0.000204279 0)
(0.104335 -0.000196778 0)
(0.104467 -0.000214803 0)
(0.120049 0.0381159 0)
(0.0742208 0.0218964 0)
(0.0711229 0.0279926 0)
(0.0760305 0.0352661 0)
(0.0953165 0.0301698 0)
(0.113188 0.00868697 0)
(0.127974 -0.0213015 0)
(0.135549 -0.0396047 0)
(0.136884 -0.0450095 0)
(0.136376 -0.0584004 0)
(0.12897 -0.0763886 0)
(0.115899 -0.0815144 0)
(0.108479 -0.0712396 0)
(0.102226 -0.059611 0)
(0.0952739 -0.0501236 0)
(0.0941363 -0.0370981 0)
(0.0938677 -0.0253191 0)
(0.0899615 -0.0203341 0)
(0.0855046 -0.0193595 0)
(0.0842049 -0.0178502 0)
(0.0865386 -0.014765 0)
(0.090898 -0.011136 0)
(0.095386 -0.00802376 0)
(0.0988635 -0.00574368 0)
(0.101023 -0.00423251 0)
(0.102179 -0.00318279 0)
(0.102717 -0.00243486 0)
(0.103021 -0.0018337 0)
(0.103203 -0.00138557 0)
(0.1034 -0.00102592 0)
(0.103539 -0.00078742 0)
(0.103718 -0.000600124 0)
(0.10382 -0.000486644 0)
(0.103972 -0.000393686 0)
(0.104036 -0.000339549 0)
(0.104169 -0.000294761 0)
(0.104203 -0.000268766 0)
(0.104325 -0.000256393 0)
(0.104338 -0.000247111 0)
(0.104457 -0.000262501 0)
(0.153413 0.0441436 0)
(0.142039 0.0529311 0)
(0.13197 0.0488687 0)
(0.13305 0.0408078 0)
(0.140917 0.0291472 0)
(0.149672 0.00863806 0)
(0.160412 -0.0208092 0)
(0.160168 -0.0388719 0)
(0.157708 -0.0427285 0)
(0.160012 -0.0512567 0)
(0.152708 -0.0635337 0)
(0.13363 -0.069492 0)
(0.116376 -0.064651 0)
(0.107 -0.0539206 0)
(0.0989338 -0.0441489 0)
(0.0931595 -0.0349339 0)
(0.0928804 -0.0254883 0)
(0.0951723 -0.0189992 0)
(0.0963487 -0.0165261 0)
(0.0954199 -0.0160215 0)
(0.0938531 -0.0153321 0)
(0.0934159 -0.0135836 0)
(0.094633 -0.0110401 0)
(0.0969261 -0.00828989 0)
(0.099344 -0.00593959 0)
(0.101258 -0.00417459 0)
(0.102451 -0.00299577 0)
(0.103106 -0.00219759 0)
(0.103399 -0.00168544 0)
(0.103576 -0.00129743 0)
(0.103665 -0.00103069 0)
(0.103792 -0.000802603 0)
(0.103869 -0.000649179 0)
(0.104001 -0.000517865 0)
(0.104062 -0.000436721 0)
(0.104183 -0.000370042 0)
(0.104218 -0.000331835 0)
(0.104327 -0.000309208 0)
(0.10434 -0.000295684 0)
(0.104445 -0.00030684 0)
(0.149893 0.0316435 0)
(0.154269 0.0406913 0)
(0.154996 0.0433164 0)
(0.166014 0.0315751 0)
(0.171472 0.0195923 0)
(0.178337 0.000373259 0)
(0.189409 -0.0256931 0)
(0.180263 -0.0390773 0)
(0.167483 -0.0441694 0)
(0.163694 -0.052017 0)
(0.153129 -0.0576072 0)
(0.136893 -0.0567554 0)
(0.122033 -0.0522567 0)
(0.11098 -0.0472884 0)
(0.104424 -0.0405442 0)
(0.100354 -0.0327351 0)
(0.0981507 -0.0265903 0)
(0.0987241 -0.0228547 0)
(0.101961 -0.0198564 0)
(0.105892 -0.0164129 0)
(0.107735 -0.013406 0)
(0.106577 -0.0116791 0)
(0.103995 -0.0107151 0)
(0.101914 -0.00947191 0)
(0.101104 -0.0076812 0)
(0.101343 -0.00561867 0)
(0.102035 -0.00382141 0)
(0.102757 -0.00249053 0)
(0.10328 -0.00166099 0)
(0.103643 -0.00114633 0)
(0.103835 -0.000877012 0)
(0.10398 -0.000694321 0)
(0.10404 -0.000596409 0)
(0.104129 -0.000506307 0)
(0.104157 -0.000453603 0)
(0.104241 -0.000399759 0)
(0.104259 -0.000368614 0)
(0.104343 -0.000346204 0)
(0.104351 -0.00033333 0)
(0.104436 -0.000343206 0)
(0.146099 0.0331834 0)
(0.150573 0.0396998 0)
(0.158593 0.0379424 0)
(0.171644 0.0262813 0)
(0.175914 0.0159715 0)
(0.184163 -0.00407741 0)
(0.185539 -0.0203035 0)
(0.174236 -0.0239238 0)
(0.165489 -0.0319439 0)
(0.158104 -0.0417191 0)
(0.144056 -0.0467174 0)
(0.13012 -0.0491698 0)
(0.123368 -0.0458474 0)
(0.117255 -0.039877 0)
(0.109933 -0.0354465 0)
(0.107175 -0.0299121 0)
(0.107888 -0.0238606 0)
(0.106527 -0.0214033 0)
(0.102998 -0.0216272 0)
(0.101433 -0.0202536 0)
(0.103433 -0.016091 0)
(0.106951 -0.0111788 0)
(0.109307 -0.00764576 0)
(0.109425 -0.00586681 0)
(0.107959 -0.00514843 0)
(0.106135 -0.00459768 0)
(0.104702 -0.00393591 0)
(0.103906 -0.00314525 0)
(0.103594 -0.00242603 0)
(0.10358 -0.00180563 0)
(0.103663 -0.00136896 0)
(0.103811 -0.00103049 0)
(0.103926 -0.000817668 0)
(0.104059 -0.000648607 0)
(0.104131 -0.000548353 0)
(0.10423 -0.000464524 0)
(0.104265 -0.000417899 0)
(0.104342 -0.000385094 0)
(0.104354 -0.000368046 0)
(0.104424 -0.000374068 0)
(0.144726 0.0254649 0)
(0.149156 0.0293737 0)
(0.158216 0.0282103 0)
(0.166674 0.0210039 0)
(0.172541 0.0100959 0)
(0.176572 -0.00628963 0)
(0.171695 -0.0175455 0)
(0.166348 -0.0239841 0)
(0.161382 -0.0317529 0)
(0.154337 -0.0359167 0)
(0.148159 -0.0371412 0)
(0.138083 -0.0416251 0)
(0.127152 -0.0433565 0)
(0.121102 -0.0382643 0)
(0.115114 -0.0340637 0)
(0.109768 -0.0321898 0)
(0.109963 -0.0270359 0)
(0.111833 -0.0198402 0)
(0.108389 -0.0163001 0)
(0.100895 -0.0168707 0)
(0.0951559 -0.0176644 0)
(0.0939438 -0.0161642 0)
(0.0963834 -0.0127689 0)
(0.100236 -0.00887144 0)
(0.103502 -0.00568187 0)
(0.10537 -0.00353793 0)
(0.105958 -0.00233826 0)
(0.105799 -0.00166754 0)
(0.105362 -0.00132106 0)
(0.104962 -0.00108249 0)
(0.104659 -0.00094258 0)
(0.104486 -0.000801629 0)
(0.104373 -0.000710524 0)
(0.104339 -0.00060923 0)
(0.104311 -0.000545804 0)
(0.104331 -0.000478176 0)
(0.10433 -0.000439181 0)
(0.10437 -0.000407464 0)
(0.104372 -0.000391116 0)
(0.104417 -0.000396016 0)
(0.143122 0.0250573 0)
(0.146458 0.0260266 0)
(0.154027 0.0233549 0)
(0.160632 0.0163822 0)
(0.166394 0.0064052 0)
(0.167699 -0.00417018 0)
(0.165057 -0.0111855 0)
(0.162947 -0.0164591 0)
(0.156383 -0.0236794 0)
(0.147233 -0.0311964 0)
(0.143431 -0.0341687 0)
(0.138818 -0.0339048 0)
(0.127586 -0.0332299 0)
(0.119634 -0.0299908 0)
(0.117862 -0.0257299 0)
(0.113994 -0.0247643 0)
(0.10748 -0.0241199 0)
(0.104317 -0.0193313 0)
(0.104989 -0.012946 0)
(0.105856 -0.00949652 0)
(0.10444 -0.0096236 0)
(0.101207 -0.0109942 0)
(0.0982547 -0.0115305 0)
(0.096976 -0.0105029 0)
(0.0973884 -0.00839874 0)
(0.0986984 -0.00601999 0)
(0.100166 -0.00407542 0)
(0.101432 -0.00271508 0)
(0.102378 -0.00190604 0)
(0.103043 -0.00140386 0)
(0.103487 -0.00112898 0)
(0.103794 -0.000917328 0)
(0.103992 -0.000787374 0)
(0.104136 -0.000661485 0)
(0.104222 -0.000583313 0)
(0.104292 -0.000505553 0)
(0.104325 -0.000461272 0)
(0.104365 -0.00042543 0)
(0.104375 -0.000407538 0)
(0.104405 -0.000410501 0)
(0.141362 0.020466 0)
(0.146104 0.0198586 0)
(0.151119 0.0175879 0)
(0.156648 0.0126665 0)
(0.161403 0.00489519 0)
(0.160335 -0.00455003 0)
(0.157551 -0.0125364 0)
(0.15706 -0.0160749 0)
(0.155187 -0.019096 0)
(0.148383 -0.0263279 0)
(0.139943 -0.0316068 0)
(0.134837 -0.0302877 0)
(0.130004 -0.0291207 0)
(0.123473 -0.0311048 0)
(0.119561 -0.0302906 0)
(0.118109 -0.0250577 0)
(0.114588 -0.0202338 0)
(0.109702 -0.0183536 0)
(0.107631 -0.0180002 0)
(0.109687 -0.0172588 0)
(0.114017 -0.0153856 0)
(0.117498 -0.012896 0)
(0.118051 -0.0107093 0)
(0.115884 -0.00887779 0)
(0.112598 -0.00722384 0)
(0.109605 -0.00564003 0)
(0.107487 -0.00426567 0)
(0.106185 -0.00313968 0)
(0.105443 -0.00233872 0)
(0.105026 -0.00174362 0)
(0.104784 -0.00135956 0)
(0.104633 -0.00106128 0)
(0.104537 -0.00087407 0)
(0.104474 -0.000713643 0)
(0.104435 -0.000615979 0)
(0.104413 -0.000526699 0)
(0.104402 -0.000476131 0)
(0.104399 -0.000435982 0)
(0.104397 -0.000416164 0)
(0.1044 -0.000417069 0)
(0.140699 0.0183777 0)
(0.144088 0.0171595 0)
(0.148002 0.014647 0)
(0.152664 0.00920251 0)
(0.155329 0.00367445 0)
(0.156433 -0.00164633 0)
(0.154963 -0.00845468 0)
(0.15055 -0.0146032 0)
(0.148951 -0.0176161 0)
(0.148019 -0.0197606 0)
(0.140808 -0.0239085 0)
(0.132588 -0.0270658 0)
(0.129784 -0.0256612 0)
(0.127138 -0.0228529 0)
(0.12032 -0.0221351 0)
(0.114296 -0.0213148 0)
(0.113107 -0.0179678 0)
(0.114251 -0.0139037 0)
(0.11308 -0.0123253 0)
(0.108248 -0.0133483 0)
(0.102544 -0.0142261 0)
(0.0989467 -0.0129198 0)
(0.097921 -0.00984154 0)
(0.0984736 -0.00647541 0)
(0.0996129 -0.0040035 0)
(0.100773 -0.00254199 0)
(0.101764 -0.00183357 0)
(0.102539 -0.00146289 0)
(0.10313 -0.00127697 0)
(0.103554 -0.00111067 0)
(0.103863 -0.000998748 0)
(0.104069 -0.000862639 0)
(0.104215 -0.000767336 0)
(0.104299 -0.000657531 0)
(0.10436 -0.000586782 0)
(0.104382 -0.000511618 0)
(0.104403 -0.000468102 0)
(0.104397 -0.000431224 0)
(0.104403 -0.000412883 0)
(0.104389 -0.000414108 0)
(0.139684 0.0151541 0)
(0.142551 0.0136155 0)
(0.146044 0.0110646 0)
(0.149124 0.00769363 0)
(0.15094 0.00234091 0)
(0.151666 -0.00376931 0)
(0.151236 -0.00734662 0)
(0.14958 -0.010971 0)
(0.145969 -0.0166977 0)
(0.142284 -0.0199969 0)
(0.139984 -0.0201248 0)
(0.135696 -0.0219447 0)
(0.129086 -0.0246227 0)
(0.124603 -0.0234466 0)
(0.122611 -0.0199841 0)
(0.119802 -0.0189574 0)
(0.115819 -0.0198438 0)
(0.113334 -0.0185715 0)
(0.113373 -0.0143368 0)
(0.114191 -0.0102699 0)
(0.113705 -0.00886319 0)
(0.111575 -0.00940934 0)
(0.109079 -0.00998152 0)
(0.10723 -0.00955818 0)
(0.106198 -0.00832295 0)
(0.105694 -0.00669558 0)
(0.105457 -0.00513654 0)
(0.105297 -0.00380388 0)
(0.105169 -0.00281219 0)
(0.105029 -0.00206347 0)
(0.104911 -0.00156285 0)
(0.104785 -0.00118349 0)
(0.104698 -0.00094079 0)
(0.104605 -0.000746103 0)
(0.104556 -0.000627013 0)
(0.104494 -0.000526389 0)
(0.104474 -0.000469383 0)
(0.104429 -0.000426253 0)
(0.104423 -0.000404915 0)
(0.104384 -0.000404288 0)
(0.138378 0.0131493 0)
(0.140994 0.0114271 0)
(0.143484 0.00915978 0)
(0.146136 0.00572607 0)
(0.148214 0.00194691 0)
(0.148238 -0.0019371 0)
(0.147305 -0.00674132 0)
(0.146586 -0.0104007 0)
(0.144595 -0.0122859 0)
(0.1408 -0.0156331 0)
(0.137205 -0.0192168 0)
(0.134326 -0.019214 0)
(0.130367 -0.0179317 0)
(0.125637 -0.018803 0)
(0.122442 -0.0194641 0)
(0.120762 -0.0169997 0)
(0.118399 -0.0132868 0)
(0.114822 -0.0116171 0)
(0.111688 -0.0121876 0)
(0.110122 -0.0129055 0)
(0.109679 -0.0122393 0)
(0.109267 -0.0100803 0)
(0.108349 -0.00741129 0)
(0.107126 -0.0051067 0)
(0.106008 -0.00354443 0)
(0.105186 -0.00256655 0)
(0.104712 -0.00200307 0)
(0.104479 -0.00162061 0)
(0.104422 -0.00137387 0)
(0.104421 -0.00115289 0)
(0.104471 -0.00100054 0)
(0.10449 -0.000843522 0)
(0.104529 -0.000736436 0)
(0.104516 -0.000624253 0)
(0.104528 -0.000552166 0)
(0.104488 -0.000479081 0)
(0.104487 -0.000436042 0)
(0.104434 -0.00040097 0)
(0.104432 -0.000382939 0)
(0.104374 -0.00038439 0)
(0.137399 0.0107703 0)
(0.139551 0.00919711 0)
(0.141702 0.00710553 0)
(0.14371 0.00442917 0)
(0.144952 0.00102195 0)
(0.145599 -0.00262599 0)
(0.145294 -0.00566619 0)
(0.14363 -0.00878152 0)
(0.141936 -0.0121088 0)
(0.140163 -0.014065 0)
(0.136688 -0.0152116 0)
(0.132616 -0.0170196 0)
(0.129941 -0.0180557 0)
(0.127546 -0.0170214 0)
(0.12378 -0.0155893 0)
(0.119813 -0.0153114 0)
(0.11757 -0.0152744 0)
(0.116925 -0.0139693 0)
(0.116307 -0.011483 0)
(0.114642 -0.00917065 0)
(0.112143 -0.00803672 0)
(0.109704 -0.00777941 0)
(0.107976 -0.00761843 0)
(0.106979 -0.0070722 0)
(0.106474 -0.00620907 0)
(0.106171 -0.00515789 0)
(0.105956 -0.00413867 0)
(0.105734 -0.0032084 0)
(0.105541 -0.00246724 0)
(0.105329 -0.00186129 0)
(0.105166 -0.00143016 0)
(0.104989 -0.00108685 0)
(0.104875 -0.000858715 0)
(0.104739 -0.000675018 0)
(0.104675 -0.000560904 0)
(0.104572 -0.000467659 0)
(0.104543 -0.000414262 0)
(0.104458 -0.000376338 0)
(0.104448 -0.000356743 0)
(0.104369 -0.000358108 0)
(0.136282 0.0090605 0)
(0.138195 0.00754025 0)
(0.139966 0.00569043 0)
(0.141663 0.00335665 0)
(0.142873 0.000674992 0)
(0.143119 -0.00214089 0)
(0.142784 -0.0050933 0)
(0.142077 -0.00768165 0)
(0.140338 -0.0097973 0)
(0.137889 -0.0119748 0)
(0.135718 -0.013687 0)
(0.133231 -0.0142101 0)
(0.129729 -0.0143107 0)
(0.126368 -0.0146176 0)
(0.12415 -0.0143784 0)
(0.122343 -0.0130229 0)
(0.119916 -0.011322 0)
(0.117021 -0.0102894 0)
(0.114561 -0.00989734 0)
(0.112993 -0.00950529 0)
(0.112049 -0.00870394 0)
(0.111166 -0.00742996 0)
(0.110078 -0.00597635 0)
(0.108871 -0.00459556 0)
(0.107769 -0.00350041 0)
(0.106852 -0.00266789 0)
(0.106186 -0.00208896 0)
(0.105699 -0.0016496 0)
(0.105394 -0.00134529 0)
(0.105161 -0.00108903 0)
(0.105033 -0.000913137 0)
(0.104899 -0.000750075 0)
(0.104836 -0.000639981 0)
(0.104729 -0.000533956 0)
(0.10469 -0.000465481 0)
(0.104589 -0.00040099 0)
(0.104565 -0.000362127 0)
(0.104467 -0.00033397 0)
(0.104457 -0.000318268 0)
(0.10436 -0.000322927 0)
(0.135342 0.00731213 0)
(0.137023 0.00596999 0)
(0.138538 0.00435601 0)
(0.139913 0.00240543 0)
(0.140865 0.000118085 0)
(0.141236 -0.00227573 0)
(0.141007 -0.00457615 0)
(0.140141 -0.00682467 0)
(0.138858 -0.00887812 0)
(0.137147 -0.0104301 0)
(0.134767 -0.0116238 0)
(0.132149 -0.0126062 0)
(0.129816 -0.0129985 0)
(0.127456 -0.0126756 0)
(0.124692 -0.0121294 0)
(0.121921 -0.0116773 0)
(0.119732 -0.0111193 0)
(0.118137 -0.0101669 0)
(0.116685 -0.00887501 0)
(0.115036 -0.00757178 0)
(0.113211 -0.00659134 0)
(0.11142 -0.005936 0)
(0.109918 -0.00541733 0)
(0.108759 -0.00483983 0)
(0.107918 -0.00421602 0)
(0.107263 -0.00353994 0)
(0.106766 -0.00290304 0)
(0.106328 -0.00230519 0)
(0.105989 -0.00181431 0)
(0.105666 -0.00139213 0)
(0.105435 -0.00108214 0)
(0.105193 -0.000825999 0)
(0.105046 -0.000652675 0)
(0.104866 -0.000512264 0)
(0.104782 -0.00042452 0)
(0.104642 -0.000355121 0)
(0.104602 -0.000314556 0)
(0.104481 -0.000289526 0)
(0.104467 -0.000274909 0)
(0.104353 -0.000281844 0)
(0.134453 0.00589031 0)
(0.135971 0.00468363 0)
(0.137297 0.00329123 0)
(0.138489 0.00165643 0)
(0.139323 -0.000200646 0)
(0.139588 -0.00215735 0)
(0.139418 -0.00412146 0)
(0.138815 -0.00595279 0)
(0.137603 -0.00757556 0)
(0.135944 -0.009002 0)
(0.134137 -0.0100582 0)
(0.132078 -0.0106092 0)
(0.129645 -0.0108382 0)
(0.127181 -0.0108713 0)
(0.125005 -0.0105516 0)
(0.122987 -0.00979028 0)
(0.120908 -0.00880758 0)
(0.118769 -0.00792362 0)
(0.116742 -0.00725021 0)
(0.114962 -0.00663902 0)
(0.11345 -0.00597763 0)
(0.112115 -0.00517756 0)
(0.110888 -0.00431941 0)
(0.109726 -0.00347281 0)
(0.1087 -0.00274925 0)
(0.107801 -0.00214328 0)
(0.10709 -0.00168551 0)
(0.106496 -0.00131832 0)
(0.106068 -0.00105463 0)
(0.105699 -0.00083422 0)
(0.105456 -0.00068224 0)
(0.105213 -0.000547192 0)
(0.105075 -0.000456396 0)
(0.104894 -0.000374215 0)
(0.104814 -0.000321089 0)
(0.104664 -0.000275969 0)
(0.104622 -0.000247971 0)
(0.104488 -0.000233263 0)
(0.104472 -0.000222841 0)
(0.104344 -0.000234042 0)
(0.133679 0.00453467 0)
(0.13507 0.00349443 0)
(0.136256 0.00231409 0)
(0.137274 0.000959488 0)
(0.137994 -0.00058567 0)
(0.138273 -0.00219223 0)
(0.138133 -0.00377792 0)
(0.137568 -0.00532388 0)
(0.13658 -0.00670729 0)
(0.135229 -0.00779711 0)
(0.133535 -0.00862355 0)
(0.131592 -0.00921131 0)
(0.12958 -0.00943381 0)
(0.127548 -0.00924887 0)
(0.125427 -0.00883114 0)
(0.123247 -0.00832771 0)
(0.121155 -0.00773707 0)
(0.119247 -0.0070183 0)
(0.117501 -0.00618842 0)
(0.115823 -0.00532975 0)
(0.114186 -0.0045604 0)
(0.112608 -0.00391363 0)
(0.111179 -0.00339716 0)
(0.109934 -0.00292203 0)
(0.108919 -0.0024884 0)
(0.108062 -0.00206281 0)
(0.107388 -0.00168433 0)
(0.106801 -0.00133359 0)
(0.106354 -0.00104889 0)
(0.105942 -0.000800398 0)
(0.105652 -0.000619033 0)
(0.105356 -0.000467502 0)
(0.105179 -0.000366474 0)
(0.10496 -0.000286279 0)
(0.10486 -0.000236849 0)
(0.104689 -0.000201468 0)
(0.10464 -0.000179747 0)
(0.104492 -0.000173283 0)
(0.104474 -0.000166281 0)
(0.104334 -0.000181596 0)
(0.132992 0.0033446 0)
(0.13429 0.00245889 0)
(0.135377 0.00147332 0)
(0.13629 0.000369944 0)
(0.136928 -0.000867574 0)
(0.137167 -0.00217128 0)
(0.137053 -0.00346926 0)
(0.136594 -0.00470431 0)
(0.135715 -0.00580854 0)
(0.134477 -0.00673369 0)
(0.133018 -0.00740523 0)
(0.131369 -0.00776192 0)
(0.129514 -0.00784351 0)
(0.127536 -0.00771942 0)
(0.125561 -0.00738535 0)
(0.123614 -0.00682249 0)
(0.121671 -0.00609388 0)
(0.119739 -0.00531922 0)
(0.117854 -0.00461239 0)
(0.116048 -0.00399612 0)
(0.114375 -0.0034527 0)
(0.112846 -0.00293414 0)
(0.111494 -0.00243712 0)
(0.110282 -0.0019527 0)
(0.109239 -0.00153861 0)
(0.108315 -0.0011833 0)
(0.107568 -0.000910741 0)
(0.106915 -0.000689001 0)
(0.106424 -0.000530935 0)
(0.105981 -0.000400768 0)
(0.105679 -0.000313977 0)
(0.105373 -0.000239075 0)
(0.105193 -0.000191088 0)
(0.104968 -0.000151808 0)
(0.104866 -0.000127445 0)
(0.104686 -0.000112887 0)
(0.104635 -0.000102786 0)
(0.104479 -0.000107366 0)
(0.104461 -0.000105123 0)
(0.104314 -0.000125388 0)
(0.132323 0.00222476 0)
(0.133555 0.00149487 0)
(0.134571 0.000705659 0)
(0.135389 -0.000163015 0)
(0.135949 -0.00114932 0)
(0.136168 -0.00218599 0)
(0.136059 -0.0032059 0)
(0.135613 -0.0041979 0)
(0.134811 -0.00509325 0)
(0.133711 -0.00579438 0)
(0.132362 -0.0062713 0)
(0.130774 -0.0065395 0)
(0.129014 -0.00657134 0)
(0.12718 -0.00634295 0)
(0.125295 -0.00590522 0)
(0.123346 -0.0053424 0)
(0.121366 -0.00471551 0)
(0.119418 -0.00406241 0)
(0.117555 -0.00342571 0)
(0.115793 -0.00282344 0)
(0.114145 -0.00228765 0)
(0.112615 -0.00182237 0)
(0.111246 -0.00144613 0)
(0.110021 -0.00113692 0)
(0.108985 -0.000894852 0)
(0.108088 -0.000684768 0)
(0.107374 -0.000518159 0)
(0.10675 -0.000373489 0)
(0.106279 -0.000265434 0)
(0.105845 -0.00017459 0)
(0.105548 -0.00011488 0)
(0.105241 -6.88747e-05 0)
(0.105061 -4.28443e-05 0)
(0.104835 -2.70512e-05 0)
(0.104735 -1.92611e-05 0)
(0.104555 -2.20844e-05 0)
(0.104508 -2.22671e-05 0)
(0.104352 -3.78895e-05 0)
(0.104336 -4.03037e-05 0)
(0.10419 -6.61063e-05 0)
(0.131097 0.00117069 0)
(0.132273 0.000584653 0)
(0.133215 -2.68499e-05 0)
(0.133921 -0.000673272 0)
(0.134352 -0.00140459 0)
(0.134449 -0.00217997 0)
(0.134216 -0.00294789 0)
(0.133651 -0.00369647 0)
(0.132734 -0.0043624 0)
(0.131493 -0.00487378 0)
(0.129991 -0.0052107 0)
(0.128275 -0.00534248 0)
(0.12639 -0.0052348 0)
(0.124393 -0.004913 0)
(0.122347 -0.00443929 0)
(0.120297 -0.00385377 0)
(0.118284 -0.0031943 0)
(0.116352 -0.00252282 0)
(0.114541 -0.00191163 0)
(0.112865 -0.00140292 0)
(0.111345 -0.00100805 0)
(0.109983 -0.000700832 0)
(0.108801 -0.000471091 0)
(0.107772 -0.000288295 0)
(0.106918 -0.000151623 0)
(0.106179 -4.18003e-05 0)
(0.105596 2.99374e-05 0)
(0.105086 8.08675e-05 0)
(0.104715 0.000105677 0)
(0.10437 0.000120099 0)
(0.104148 0.000119695 0)
(0.103908 0.000114331 0)
(0.103785 0.000104053 0)
(0.103607 8.95848e-05 0)
(0.103546 7.78312e-05 0)
(0.103401 5.75466e-05 0)
(0.103377 4.71712e-05 0)
(0.103248 2.21194e-05 0)
(0.103244 1.50956e-05 0)
(0.103122 -1.365e-05 0)
(0.1253 0.000239162 0)
(0.126225 -0.000148907 0)
(0.126859 -0.000548891 0)
(0.127177 -0.00097294 0)
(0.127129 -0.00145286 0)
(0.12668 -0.00195658 0)
(0.125829 -0.00245002 0)
(0.124567 -0.0029363 0)
(0.122899 -0.00337051 0)
(0.120871 -0.00368344 0)
(0.118557 -0.00385402 0)
(0.116043 -0.00387954 0)
(0.113437 -0.00374295 0)
(0.11085 -0.00343802 0)
(0.108363 -0.00299673 0)
(0.106038 -0.00247018 0)
(0.103935 -0.00190829 0)
(0.102108 -0.00136279 0)
(0.100579 -0.000882398 0)
(0.0993315 -0.000490859 0)
(0.0983313 -0.000189535 0)
(0.0975399 3.24109e-05 0)
(0.0969274 0.000181074 0)
(0.0964543 0.0002754 0)
(0.0961088 0.000320371 0)
(0.0958454 0.000337778 0)
(0.0956768 0.00033273 0)
(0.0955412 0.000319163 0)
(0.0954801 0.000296697 0)
(0.0954109 0.000272082 0)
(0.0954096 0.000244512 0)
(0.0953679 0.000217024 0)
(0.0953973 0.000190795 0)
(0.0953618 0.000161977 0)
(0.095403 0.000140086 0)
(0.0953629 0.000111276 0)
(0.0954027 9.55246e-05 0)
(0.0953561 6.67168e-05 0)
(0.0953828 5.81211e-05 0)
(0.0953353 2.92205e-05 0)
(0.0903751 -0.000545403 0)
(0.0900483 -0.000657334 0)
(0.0893745 -0.00076874 0)
(0.0883411 -0.000908951 0)
(0.0868883 -0.00107193 0)
(0.0850021 -0.00122684 0)
(0.0826883 -0.00137772 0)
(0.0799341 -0.00152147 0)
(0.0767697 -0.00161348 0)
(0.0732956 -0.00163235 0)
(0.0696463 -0.00158128 0)
(0.065976 -0.00145007 0)
(0.0624638 -0.00123228 0)
(0.0592795 -0.000956926 0)
(0.0565463 -0.000664331 0)
(0.0543389 -0.000380732 0)
(0.0526868 -0.000126811 0)
(0.0515705 7.74411e-05 0)
(0.0509217 0.000221312 0)
(0.0506465 0.000308193 0)
(0.0506458 0.000350761 0)
(0.050837 0.000361778 0)
(0.0511493 0.000351254 0)
(0.0515322 0.000328244 0)
(0.0519437 0.000299618 0)
(0.0523589 0.00026954 0)
(0.0527593 0.000239639 0)
(0.0531318 0.000210978 0)
(0.0534778 0.000183654 0)
(0.0537819 0.000158838 0)
(0.0540635 0.000136368 0)
(0.0542957 0.000116342 0)
(0.0545169 9.9005e-05 0)
(0.0546836 8.28974e-05 0)
(0.0548513 6.99684e-05 0)
(0.0549629 5.64656e-05 0)
(0.0550823 4.77302e-05 0)
(0.0551537 3.53317e-05 0)
(0.0552226 3.10255e-05 0)
(0.0552776 1.82892e-05 0)
)
;

boundaryField
{
    inlet
    {
        type            fixedValue;
        value           uniform (0.1 0 0);
    }
    outlet
    {
        type            zeroGradient;
    }
    lowerWall
    {
        type            noSlip;
    }
    upperWall
    {
        type            noSlip;
    }
    defaultFaces
    {
        type            empty;
    }
}


// ************************************************************************* //
