/*--------------------------------*- C++ -*----------------------------------*\
| =========                 |                                                 |
| \\      /  F ield         | OpenFOAM: The Open Source CFD Toolbox           |
|  \\    /   O peration     | Version:  2112                                  |
|   \\  /    A nd           | Website:  www.openfoam.com                      |
|    \\/     M anipulation  |                                                 |
\*---------------------------------------------------------------------------*/
FoamFile
{
    version     2.0;
    format      ascii;
    arch        "LSB;label=32;scalar=64";
    class       surfaceScalarField;
    location    "0.44";
    object      phi;
}
// * * * * * * * * * * * * * * * * * * * * * * * * * * * * * * * * * * * * * //

dimensions      [0 3 -1 0 0 0 0];

oriented        oriented;

internalField   nonuniform List<scalar> 
3653
(
9.92359e-07
7.64089e-09
9.79534e-07
1.28247e-08
9.63599e-07
1.59349e-08
9.485e-07
1.50999e-08
9.31541e-07
1.69585e-08
9.14966e-07
1.65747e-08
8.96898e-07
1.80678e-08
8.79173e-07
1.77259e-08
8.60601e-07
1.85715e-08
8.41917e-07
1.86836e-08
8.23466e-07
1.84517e-08
8.03237e-07
2.0229e-08
7.84968e-07
1.82687e-08
7.6299e-07
2.19778e-08
7.43441e-07
1.95494e-08
7.2099e-07
2.24505e-08
6.98031e-07
2.29596e-08
6.74395e-07
2.36359e-08
6.48623e-07
2.57711e-08
6.20715e-07
2.79082e-08
5.9201e-07
2.8705e-08
5.5847e-07
3.35401e-08
5.22018e-07
3.64524e-08
4.82735e-07
3.92827e-08
4.37181e-07
4.55538e-08
3.84724e-07
5.24571e-08
3.27397e-07
5.7327e-08
2.59621e-07
6.77765e-08
1.8735e-07
7.2271e-08
6.92845e-08
1.18065e-07
1.00197e-06
5.6706e-09
1.00711e-06
7.68179e-09
1.00783e-06
1.52223e-08
1.01085e-06
1.20753e-08
1.01036e-06
1.74508e-08
1.01146e-06
1.54696e-08
1.01129e-06
1.82362e-08
1.01055e-06
1.8471e-08
1.00899e-06
2.01331e-08
1.00827e-06
1.94027e-08
1.00356e-06
2.31645e-08
1.00308e-06
2.07064e-08
9.96433e-07
2.49149e-08
9.94072e-07
2.43388e-08
9.86787e-07
2.68337e-08
9.82304e-07
2.69342e-08
9.71503e-07
3.376e-08
9.67562e-07
2.75777e-08
9.51884e-07
4.14485e-08
9.44951e-07
3.48409e-08
9.2761e-07
4.60466e-08
9.13716e-07
4.74338e-08
8.9223e-07
5.79389e-08
8.75579e-07
5.59337e-08
8.41446e-07
7.96868e-08
8.20618e-07
7.32853e-08
7.7711e-07
1.00834e-07
7.41818e-07
1.03069e-07
6.82976e-07
1.31113e-07
1.27144e-07
6.25116e-07
1.00126e-06
4.41113e-09
1.00474e-06
4.1987e-09
1.00718e-06
1.27889e-08
1.00967e-06
9.57642e-09
1.01145e-06
1.56785e-08
1.01313e-06
1.3788e-08
1.01529e-06
1.60761e-08
1.01652e-06
1.72426e-08
1.01786e-06
1.87922e-08
1.01971e-06
1.75489e-08
1.01852e-06
2.43542e-08
1.02169e-06
1.75383e-08
1.01846e-06
2.81438e-08
1.02078e-06
2.20217e-08
1.01793e-06
2.96856e-08
1.01802e-06
2.68415e-08
1.0144e-06
3.73793e-08
1.01439e-06
2.75857e-08
1.00724e-06
4.85997e-08
1.00656e-06
3.55184e-08
9.99258e-07
5.33526e-08
9.93173e-07
5.35183e-08
9.86274e-07
6.48386e-08
9.7676e-07
6.54475e-08
9.64379e-07
9.2068e-08
9.54249e-07
8.34154e-08
9.36035e-07
1.19048e-07
9.21051e-07
1.18054e-07
8.95151e-07
1.57012e-07
1.54985e-07
8.6731e-07
1.00063e-06
3.77847e-09
1.00229e-06
2.5366e-09
1.0044e-06
1.06815e-08
1.00642e-06
7.56242e-09
1.00798e-06
1.41118e-08
1.01029e-06
1.14792e-08
1.01084e-06
1.55302e-08
1.0139e-06
1.41766e-08
1.01352e-06
1.91777e-08
1.01664e-06
1.44277e-08
1.01613e-06
2.48658e-08
1.01831e-06
1.53553e-08
1.01799e-06
2.84629e-08
1.01918e-06
2.08315e-08
1.01855e-06
3.03154e-08
1.019e-06
2.63935e-08
1.01833e-06
3.80474e-08
1.01694e-06
2.89731e-08
1.01653e-06
4.90091e-08
1.01379e-06
3.82645e-08
1.01161e-06
5.55359e-08
1.00959e-06
5.55372e-08
1.00544e-06
6.89886e-08
1.00095e-06
6.993e-08
9.98804e-07
9.42181e-08
9.90105e-07
9.21144e-08
9.87608e-07
1.21545e-07
9.80114e-07
1.25547e-07
9.76082e-07
1.61045e-07
1.70999e-07
9.60068e-07
1.00067e-06
3.10865e-09
1.00151e-06
1.6994e-09
1.00324e-06
8.94489e-09
1.00498e-06
5.82718e-09
1.00647e-06
1.26158e-08
1.00844e-06
9.51039e-09
1.00932e-06
1.46497e-08
1.01164e-06
1.18643e-08
1.01206e-06
1.87574e-08
1.01444e-06
1.20466e-08
1.01463e-06
2.46729e-08
1.0166e-06
1.33813e-08
1.01678e-06
2.82913e-08
1.01809e-06
1.95149e-08
1.01802e-06
3.03888e-08
1.01877e-06
2.56456e-08
1.01875e-06
3.80695e-08
1.01811e-06
2.96041e-08
1.01848e-06
4.86436e-08
1.01679e-06
3.99584e-08
1.01595e-06
5.63717e-08
1.01535e-06
5.61402e-08
1.01285e-06
7.14809e-08
1.01178e-06
7.10085e-08
1.00999e-06
9.60072e-08
1.00813e-06
9.39696e-08
1.00694e-06
1.2274e-07
1.00592e-06
1.26563e-07
1.00669e-06
1.60274e-07
1.69599e-07
1.00809e-06
1.00074e-06
2.36956e-09
1.001e-06
1.43883e-09
1.00266e-06
7.2821e-09
1.00378e-06
4.70837e-09
1.00543e-06
1.09672e-08
1.00709e-06
7.85318e-09
1.00825e-06
1.34856e-08
1.01e-06
1.01145e-08
1.01143e-06
1.73286e-08
1.01242e-06
1.10563e-08
1.01454e-06
2.25483e-08
1.01484e-06
1.30881e-08
1.01681e-06
2.6323e-08
1.01723e-06
1.909e-08
1.01844e-06
2.91831e-08
1.01867e-06
2.54148e-08
1.02016e-06
3.65797e-08
1.0191e-06
3.06571e-08
1.02104e-06
4.67089e-08
1.0197e-06
4.13015e-08
1.02042e-06
5.5646e-08
1.02018e-06
5.63861e-08
1.02037e-06
7.12876e-08
1.01931e-06
7.20688e-08
1.02146e-06
9.38573e-08
1.02004e-06
9.53837e-08
1.02265e-06
1.20137e-07
1.02391e-06
1.25303e-07
1.02903e-06
1.55154e-07
1.66654e-07
1.03197e-06
1.00057e-06
1.79621e-09
1.00089e-06
1.12575e-09
1.00214e-06
6.02861e-09
1.0032e-06
3.64374e-09
1.00472e-06
9.45314e-09
1.00623e-06
6.34531e-09
1.00759e-06
1.21205e-08
1.00921e-06
8.4971e-09
1.01078e-06
1.57565e-08
1.0119e-06
9.94097e-09
1.0141e-06
2.03493e-08
1.0146e-06
1.25877e-08
1.01691e-06
2.40117e-08
1.01754e-06
1.84539e-08
1.01912e-06
2.76024e-08
1.02e-06
2.45346e-08
1.02156e-06
3.50281e-08
1.02169e-06
3.05183e-08
1.02373e-06
4.46695e-08
1.02376e-06
4.12778e-08
1.02494e-06
5.44607e-08
1.02609e-06
5.52349e-08
1.02709e-06
7.02954e-08
1.02829e-06
7.08622e-08
1.03066e-06
9.14924e-08
1.03242e-06
9.36227e-08
1.0362e-06
1.16352e-07
1.03994e-06
1.21564e-07
1.04659e-06
1.48504e-07
1.58589e-07
1.05466e-06
1.00057e-06
1.22779e-09
1.00067e-06
1.02775e-09
1.002e-06
4.69722e-09
1.00269e-06
2.94661e-09
1.00444e-06
7.71063e-09
1.00559e-06
5.18837e-09
1.00743e-06
1.02827e-08
1.0086e-06
7.3287e-09
1.01087e-06
1.34838e-08
1.01155e-06
9.26577e-09
1.01439e-06
1.75034e-08
1.0148e-06
1.21787e-08
1.01755e-06
2.12701e-08
1.01837e-06
1.76244e-08
1.02059e-06
2.53913e-08
1.02155e-06
2.35712e-08
1.02399e-06
3.25865e-08
1.0245e-06
3.00107e-08
1.02732e-06
4.18512e-08
1.02806e-06
4.05384e-08
1.03049e-06
5.20316e-08
1.03205e-06
5.36691e-08
1.03503e-06
6.73211e-08
1.03663e-06
6.92553e-08
1.0412e-06
8.69206e-08
1.04401e-06
9.08158e-08
1.04989e-06
1.10476e-07
1.05476e-06
1.16693e-07
1.06388e-06
1.39381e-07
1.5041e-07
1.07206e-06
1.00038e-06
8.45277e-10
1.00067e-06
7.38601e-10
1.0018e-06
3.57277e-09
1.00256e-06
2.18355e-09
1.00428e-06
5.98885e-09
1.00538e-06
4.08871e-09
1.0074e-06
8.26559e-09
1.00857e-06
6.15364e-09
1.01098e-06
1.10789e-08
1.01191e-06
8.33747e-09
1.01478e-06
1.46341e-08
1.01561e-06
1.13478e-08
1.01846e-06
1.84194e-08
1.01975e-06
1.63346e-08
1.02223e-06
2.29076e-08
1.02376e-06
2.20389e-08
1.02653e-06
2.98148e-08
1.02783e-06
2.87179e-08
1.03107e-06
3.86068e-08
1.03277e-06
3.88352e-08
1.03585e-06
4.896e-08
1.03846e-06
5.10511e-08
1.04226e-06
6.35303e-08
1.04537e-06
6.61406e-08
1.0507e-06
8.15915e-08
1.05515e-06
8.63673e-08
1.06226e-06
1.03367e-07
1.06887e-06
1.1008e-07
1.0788e-06
1.29454e-07
1.3977e-07
1.08944e-06
1.00038e-06
4.65415e-10
1.00062e-06
4.99885e-10
1.00179e-06
2.40253e-09
1.0025e-06
1.47009e-09
1.00429e-06
4.20142e-09
1.00538e-06
2.99633e-09
1.00757e-06
6.07824e-09
1.00878e-06
4.93819e-09
1.01139e-06
8.47398e-09
1.01252e-06
7.20446e-09
1.01549e-06
1.16669e-08
1.01672e-06
1.01137e-08
1.01972e-06
1.54249e-08
1.02139e-06
1.46626e-08
1.02429e-06
2.00035e-08
1.02617e-06
2.01637e-08
1.02947e-06
2.65172e-08
1.03136e-06
2.68277e-08
1.03513e-06
3.4836e-08
1.03755e-06
3.64168e-08
1.04151e-06
4.49992e-08
1.04473e-06
4.78257e-08
1.04971e-06
5.85515e-08
1.05363e-06
6.22218e-08
1.06008e-06
7.51387e-08
1.06569e-06
8.07571e-08
1.07398e-06
9.50777e-08
1.08161e-06
1.02448e-07
1.09271e-06
1.18363e-07
1.28523e-07
1.10395e-06
1.00029e-06
1.79447e-10
1.00065e-06
1.34978e-10
1.00178e-06
1.27311e-09
1.00261e-06
6.36838e-10
1.00444e-06
2.37969e-09
1.00566e-06
1.77608e-09
1.0079e-06
3.82906e-09
1.00936e-06
3.4798e-09
1.01195e-06
5.88279e-09
1.01352e-06
5.63841e-09
1.01641e-06
8.77472e-09
1.01817e-06
8.35916e-09
1.02122e-06
1.23693e-08
1.02336e-06
1.25221e-08
1.02652e-06
1.68442e-08
1.02891e-06
1.77721e-08
1.03252e-06
2.29125e-08
1.03511e-06
2.42403e-08
1.03922e-06
3.07218e-08
1.04247e-06
3.31698e-08
1.04697e-06
4.04978e-08
1.05105e-06
4.3745e-08
1.05667e-06
5.2928e-08
1.06166e-06
5.72366e-08
1.06882e-06
6.798e-08
1.07551e-06
7.40626e-08
1.0845e-06
8.60889e-08
1.09339e-06
9.35541e-08
1.10493e-06
1.06824e-07
1.16156e-07
1.1173e-06
1.00029e-06
-1.08434e-10
1.00071e-06
-2.84454e-10
1.00189e-06
9.28763e-11
1.00286e-06
-3.38447e-10
1.00471e-06
5.32167e-10
1.00614e-06
3.4642e-10
1.00842e-06
1.54423e-09
1.01015e-06
1.75853e-09
1.01277e-06
3.25774e-09
1.01471e-06
3.70193e-09
1.01761e-06
5.87232e-09
1.01981e-06
6.15759e-09
1.02299e-06
9.19175e-09
1.02554e-06
9.97413e-09
1.02898e-06
1.33968e-08
1.03182e-06
1.49371e-08
1.03574e-06
1.89881e-08
1.03895e-06
2.10296e-08
1.04343e-06
2.62476e-08
1.04736e-06
2.92341e-08
1.05244e-06
3.542e-08
1.05718e-06
3.90034e-08
1.06346e-06
4.66475e-08
1.06931e-06
5.13878e-08
1.07706e-06
6.02378e-08
1.08466e-06
6.64593e-08
1.09427e-06
7.64766e-08
1.10399e-06
8.38323e-08
1.11604e-06
9.47757e-08
1.03411e-07
1.12879e-06
1.00028e-06
-3.8584e-10
1.00084e-06
-8.50956e-10
1.00209e-06
-1.1509e-09
1.0033e-06
-1.5515e-09
1.00522e-06
-1.38946e-09
1.00691e-06
-1.33625e-09
1.00922e-06
-7.7354e-10
1.01124e-06
-2.63356e-10
1.01386e-06
6.41672e-10
1.01619e-06
1.37763e-09
1.01912e-06
2.9352e-09
1.02172e-06
3.56311e-09
1.02503e-06
5.87425e-09
1.02797e-06
7.03629e-09
1.03164e-06
9.73273e-09
1.03495e-06
1.16204e-08
1.03911e-06
1.48331e-08
1.04292e-06
1.72134e-08
1.04769e-06
2.14828e-08
1.05229e-06
2.4636e-08
1.0578e-06
2.99048e-08
1.06321e-06
3.35953e-08
1.06993e-06
3.99272e-08
1.07657e-06
4.47533e-08
1.08477e-06
5.20288e-08
1.09314e-06
5.8095e-08
1.10314e-06
6.64714e-08
1.11359e-06
7.33853e-08
1.1259e-06
8.24622e-08
9.01141e-08
1.1392e-06
1.00029e-06
-6.73149e-10
1.00099e-06
-1.55792e-09
1.00235e-06
-2.50564e-09
1.00382e-06
-3.02486e-09
1.00584e-06
-3.40902e-09
1.00779e-06
-3.2811e-09
1.01018e-06
-3.16762e-09
1.0125e-06
-2.57845e-09
1.01521e-06
-2.06907e-09
1.01784e-06
-1.25621e-09
1.02092e-06
-1.47746e-10
1.02386e-06
6.22754e-10
1.02736e-06
2.37467e-09
1.03066e-06
3.74074e-09
1.03455e-06
5.84554e-09
1.03829e-06
7.87257e-09
1.0427e-06
1.04306e-08
1.04703e-06
1.28753e-08
1.0521e-06
1.64134e-08
1.05724e-06
1.95039e-08
1.06318e-06
2.39615e-08
1.06914e-06
2.7638e-08
1.07625e-06
3.28107e-08
1.08355e-06
3.74608e-08
1.09211e-06
4.34657e-08
1.10106e-06
4.91411e-08
1.1114e-06
5.61329e-08
1.12237e-06
6.24128e-08
1.13496e-06
6.98734e-08
7.68154e-08
1.14826e-06
1.0004e-06
-1.06937e-09
1.00138e-06
-2.54167e-09
1.00299e-06
-4.11194e-09
1.00481e-06
-4.8443e-09
1.00699e-06
-5.5901e-09
1.0092e-06
-5.49698e-09
1.01169e-06
-5.65627e-09
1.01425e-06
-5.14144e-09
1.01707e-06
-4.88617e-09
1.01998e-06
-4.16829e-09
1.02318e-06
-3.34597e-09
1.02639e-06
-2.58286e-09
1.03006e-06
-1.29764e-09
1.03365e-06
1.53012e-10
1.03772e-06
1.77491e-09
1.04187e-06
3.72343e-09
1.04649e-06
5.80974e-09
1.05126e-06
8.10379e-09
1.05661e-06
1.10587e-08
1.0622e-06
1.39142e-08
1.06849e-06
1.7672e-08
1.07494e-06
2.11899e-08
1.08237e-06
2.53804e-08
1.09019e-06
2.96382e-08
1.09906e-06
3.46047e-08
1.10848e-06
3.97146e-08
1.11907e-06
4.55442e-08
1.13035e-06
5.11373e-08
1.14298e-06
5.72417e-08
6.30473e-08
1.15675e-06
1.00046e-06
-1.529e-09
1.00182e-06
-3.90501e-09
1.00381e-06
-6.10001e-09
1.00603e-06
-7.06468e-09
1.00842e-06
-7.97898e-09
1.01088e-06
-7.95673e-09
1.01352e-06
-8.29301e-09
1.01632e-06
-7.94632e-09
1.01932e-06
-7.88308e-09
1.02249e-06
-7.34418e-09
1.02591e-06
-6.76239e-09
1.0294e-06
-6.06882e-09
1.03326e-06
-5.15589e-09
1.03718e-06
-3.76771e-09
1.04144e-06
-2.48553e-09
1.04595e-06
-7.88171e-10
1.05084e-06
9.22498e-10
1.05596e-06
2.97676e-09
1.06158e-06
5.43825e-09
1.06752e-06
7.97736e-09
1.07412e-06
1.10684e-08
1.08101e-06
1.42986e-08
1.08876e-06
1.76317e-08
1.097e-06
2.14003e-08
1.10606e-06
2.55416e-08
1.11576e-06
3.00227e-08
1.12653e-06
3.47701e-08
1.13813e-06
3.95347e-08
1.15089e-06
4.44856e-08
4.95805e-08
1.16436e-06
1.00087e-06
-2.40142e-09
1.00288e-06
-5.90846e-09
1.00531e-06
-8.53859e-09
1.00788e-06
-9.6345e-09
1.01045e-06
-1.05453e-08
1.01313e-06
-1.06379e-08
1.01598e-06
-1.11421e-08
1.01904e-06
-1.10061e-08
1.02225e-06
-1.109e-08
1.02567e-06
-1.07688e-08
1.02927e-06
-1.0356e-08
1.03298e-06
-9.78381e-09
1.03697e-06
-9.14083e-09
1.04109e-06
-7.88982e-09
1.04552e-06
-6.92205e-09
1.05028e-06
-5.54506e-09
1.05534e-06
-4.14062e-09
1.06074e-06
-2.42351e-09
1.06657e-06
-3.83624e-10
1.07278e-06
1.76488e-09
1.0796e-06
4.24838e-09
1.08685e-06
7.05171e-09
1.09484e-06
9.64231e-09
1.10338e-06
1.28512e-08
1.11262e-06
1.63036e-08
1.12253e-06
2.01121e-08
1.1334e-06
2.39072e-08
1.1451e-06
2.78299e-08
1.15798e-06
3.16114e-08
3.55914e-08
1.17196e-06
1.00181e-06
-4.21144e-09
1.00524e-06
-9.34059e-09
1.0085e-06
-1.17914e-08
1.01146e-06
-1.2595e-08
1.01421e-06
-1.32994e-08
1.0172e-06
-1.36296e-08
1.02031e-06
-1.42533e-08
1.02357e-06
-1.42673e-08
1.02684e-06
-1.43597e-08
1.03024e-06
-1.41616e-08
1.03371e-06
-1.38337e-08
1.03731e-06
-1.3384e-08
1.04106e-06
-1.28891e-08
1.04502e-06
-1.18466e-08
1.04927e-06
-1.11758e-08
1.05389e-06
-1.01622e-08
1.05878e-06
-9.02745e-09
1.06395e-06
-7.5993e-09
1.06961e-06
-6.04304e-09
1.07565e-06
-4.2686e-09
1.08232e-06
-2.43032e-09
1.08962e-06
-2.48378e-10
1.09752e-06
1.7497e-09
1.10596e-06
4.41277e-09
1.11508e-06
7.17837e-09
1.12498e-06
1.02172e-08
1.13591e-06
1.29777e-08
1.14778e-06
1.5956e-08
1.16067e-06
1.87245e-08
2.18608e-08
1.1744e-06
1.00301e-06
-7.22041e-09
1.00685e-06
-1.318e-08
1.0097e-06
-1.46466e-08
1.01186e-06
-1.47501e-08
1.01368e-06
-1.51252e-08
1.01554e-06
-1.54818e-08
1.01706e-06
-1.57814e-08
1.01842e-06
-1.56265e-08
1.01959e-06
-1.5521e-08
1.02063e-06
-1.5206e-08
1.02154e-06
-1.47491e-08
1.02243e-06
-1.42699e-08
1.02335e-06
-1.38127e-08
1.0246e-06
-1.3095e-08
1.02597e-06
-1.2546e-08
1.02752e-06
-1.17141e-08
1.02933e-06
-1.08329e-08
1.03164e-06
-9.90639e-09
1.03454e-06
-8.9481e-09
1.03793e-06
-7.65322e-09
1.04183e-06
-6.32945e-09
1.04649e-06
-4.90835e-09
1.05196e-06
-3.72649e-09
1.05852e-06
-2.14249e-09
1.06608e-06
-3.80157e-10
1.07474e-06
1.55542e-09
1.08438e-06
3.33679e-09
1.09522e-06
5.11605e-09
1.10733e-06
6.61684e-09
8.11006e-09
1.12108e-06
9.9278e-07
9.796e-07
9.64953e-07
9.50203e-07
9.35078e-07
9.19596e-07
9.03814e-07
8.88188e-07
8.72667e-07
8.57461e-07
8.42712e-07
8.28442e-07
8.14629e-07
8.01534e-07
7.88988e-07
7.77274e-07
7.66441e-07
7.56535e-07
7.47587e-07
7.39934e-07
7.33604e-07
7.28696e-07
7.24969e-07
7.22827e-07
7.22447e-07
7.24002e-07
7.27339e-07
7.32455e-07
7.39072e-07
7.47182e-07
2.38533e-07
-1.20468e-07
3.30111e-07
-9.15782e-08
4.19878e-07
-8.97672e-08
4.88326e-07
-6.84477e-08
5.45671e-07
-5.73447e-08
5.92436e-07
-4.67649e-08
6.42219e-07
-4.97832e-08
6.97349e-07
-5.51297e-08
7.5609e-07
-5.87418e-08
-1.30888e-07
8.86979e-07
6.79869e-07
-1.75221e-07
7.30152e-07
-1.41861e-07
7.73157e-07
-1.32773e-07
8.1542e-07
-1.10711e-07
8.4771e-07
-8.96342e-08
8.68558e-07
-6.7613e-08
9.13567e-07
-9.47924e-08
9.51047e-07
-9.26096e-08
1.0058e-06
-1.13492e-07
-1.57309e-07
1.03222e-06
8.80663e-07
-1.88574e-07
8.97908e-07
-1.59106e-07
8.9745e-07
-1.32315e-07
9.18483e-07
-1.31744e-07
9.34425e-07
-1.05576e-07
9.59965e-07
-9.31535e-08
9.63562e-07
-9.83896e-08
1.00959e-06
-1.38636e-07
1.03131e-06
-1.35211e-07
-1.86352e-07
1.06035e-06
9.55782e-07
-1.84288e-07
9.61175e-07
-1.64499e-07
9.64199e-07
-1.35339e-07
9.67037e-07
-1.34581e-07
9.80986e-07
-1.19525e-07
1.00024e-06
-1.12406e-07
1.00808e-06
-1.06235e-07
1.01677e-06
-1.47325e-07
1.03764e-06
-1.56079e-07
-1.99159e-07
1.05045e-06
9.95888e-07
-1.72084e-07
9.96051e-07
-1.64662e-07
9.95438e-07
-1.34725e-07
9.98276e-07
-1.37419e-07
9.99079e-07
-1.20329e-07
1.01507e-06
-1.284e-07
1.02237e-06
-1.13534e-07
1.02992e-06
-1.54869e-07
1.03699e-06
-1.63154e-07
-2.06253e-07
1.04408e-06
1.02468e-06
-1.64792e-07
1.01904e-06
-1.59019e-07
1.01794e-06
-1.33625e-07
1.01764e-06
-1.37118e-07
1.02166e-06
-1.24358e-07
1.02911e-06
-1.35849e-07
1.03739e-06
-1.21808e-07
1.03811e-06
-1.55591e-07
1.04218e-06
-1.67223e-07
-2.05902e-07
1.04183e-06
1.04508e-06
-1.55218e-07
1.03939e-06
-1.53322e-07
1.03762e-06
-1.31861e-07
1.03774e-06
-1.37238e-07
1.03676e-06
-1.23369e-07
1.03845e-06
-1.37545e-07
1.04308e-06
-1.26432e-07
1.04292e-06
-1.55431e-07
1.04255e-06
-1.66853e-07
-2.02755e-07
1.0394e-06
1.06463e-06
-1.47792e-07
1.05741e-06
-1.46094e-07
1.0541e-06
-1.28553e-07
1.05067e-06
-1.3381e-07
1.05023e-06
-1.22932e-07
1.04872e-06
-1.36034e-07
1.05109e-06
-1.28801e-07
1.04865e-06
-1.52984e-07
1.04479e-06
-1.63002e-07
-1.93979e-07
1.03602e-06
1.08075e-06
-1.39103e-07
1.07299e-06
-1.38333e-07
1.06827e-06
-1.23839e-07
1.06388e-06
-1.29421e-07
1.06083e-06
-1.19877e-07
1.05673e-06
-1.31937e-07
1.05537e-06
-1.27446e-07
1.05037e-06
-1.47984e-07
1.04406e-06
-1.56685e-07
-1.84771e-07
1.03485e-06
1.09513e-06
-1.30282e-07
1.08648e-06
-1.2968e-07
1.08054e-06
-1.17903e-07
1.07383e-06
-1.22705e-07
1.06947e-06
-1.15518e-07
1.06359e-06
-1.26063e-07
1.05956e-06
-1.23412e-07
1.05235e-06
-1.40772e-07
1.0446e-06
-1.48933e-07
-1.73394e-07
1.03322e-06
1.10766e-06
-1.20645e-07
1.09816e-06
-1.2018e-07
1.09083e-06
-1.10572e-07
1.08307e-06
-1.14941e-07
1.07679e-06
-1.09237e-07
1.06884e-06
-1.18118e-07
1.06249e-06
-1.17062e-07
1.05378e-06
-1.32062e-07
1.04388e-06
-1.3903e-07
-1.60322e-07
1.03081e-06
1.1185e-06
-1.10358e-07
1.10816e-06
-1.09846e-07
1.0997e-06
-1.02112e-07
1.09037e-06
-1.05607e-07
1.08258e-06
-1.01443e-07
1.07333e-06
-1.08869e-07
1.06492e-06
-1.08658e-07
1.05427e-06
-1.21409e-07
1.04303e-06
-1.27792e-07
-1.46388e-07
1.0291e-06
1.1281e-06
-9.92609e-08
1.117e-06
-9.87379e-08
1.10739e-06
-9.2511e-08
1.09703e-06
-9.5246e-08
1.08768e-06
-9.20916e-08
1.07703e-06
-9.82127e-08
1.06699e-06
-9.86256e-08
1.05503e-06
-1.09445e-07
1.04228e-06
-1.15038e-07
-1.30985e-07
1.02687e-06
1.13651e-06
-8.7506e-08
1.12462e-06
-8.68495e-08
1.11394e-06
-8.18336e-08
1.10253e-06
-8.38321e-08
1.09194e-06
-8.15101e-08
1.08014e-06
-8.64032e-08
1.06858e-06
-8.70694e-08
1.05532e-06
-9.61877e-08
1.0415e-06
-1.01212e-07
-1.14707e-07
1.02522e-06
1.14423e-06
-7.49889e-08
1.13166e-06
-7.42805e-08
1.12009e-06
-7.02624e-08
1.10781e-06
-7.15486e-08
1.09603e-06
-6.97389e-08
1.08319e-06
-7.35602e-08
1.07049e-06
-7.43643e-08
1.05607e-06
-8.17762e-08
1.04104e-06
-8.61734e-08
-9.73633e-08
1.02369e-06
1.15132e-06
-6.19522e-08
1.13803e-06
-6.09883e-08
1.12551e-06
-5.77411e-08
1.11231e-06
-5.83514e-08
1.09953e-06
-5.69656e-08
1.08573e-06
-5.97524e-08
1.07196e-06
-6.05944e-08
1.05663e-06
-6.64492e-08
1.04075e-06
-7.0293e-08
-7.92963e-08
1.02268e-06
1.1581e-06
-4.80849e-08
1.14403e-06
-4.69224e-08
1.13064e-06
-4.43451e-08
1.11651e-06
-4.42293e-08
1.10268e-06
-4.31277e-08
1.08778e-06
-4.48578e-08
1.07288e-06
-4.56969e-08
1.05639e-06
-4.99542e-08
1.03935e-06
-5.32548e-08
-6.00535e-08
1.02011e-06
1.15895e-06
-3.26432e-08
1.1432e-06
-3.11634e-08
1.12804e-06
-2.91874e-08
1.11229e-06
-2.8477e-08
1.09687e-06
-2.77149e-08
1.08053e-06
-2.85147e-08
1.06418e-06
-2.9343e-08
1.04627e-06
-3.20533e-08
1.02775e-06
-3.47255e-08
-3.92723e-08
1.00696e-06
1.10247e-06
-1.40339e-08
1.08455e-06
-1.32473e-08
1.06753e-06
-1.2164e-08
1.05044e-06
-1.13926e-08
1.03357e-06
-1.08406e-08
1.01606e-06
-1.10026e-08
9.98256e-07
-1.15415e-08
9.79051e-07
-1.2848e-08
9.58866e-07
-1.45409e-08
-1.68425e-08
9.36436e-07
7.33148e-07
7.19901e-07
7.07737e-07
6.96344e-07
6.85503e-07
6.74501e-07
6.62959e-07
6.50111e-07
6.35571e-07
6.18728e-07
1.22844e-07
-1.22844e-07
1.38371e-07
-1.55268e-08
1.18451e-07
1.99202e-08
1.07176e-07
1.1275e-08
-5.33823e-08
1.60558e-07
-3.58153e-07
3.04771e-07
-6.25575e-07
2.67422e-07
-8.07098e-07
1.81523e-07
-9.1258e-07
1.05482e-07
-9.52792e-07
4.02117e-08
-9.38729e-07
-1.4063e-08
-8.89374e-07
-4.93544e-08
-8.14213e-07
-7.51608e-08
-7.22945e-07
-9.12689e-08
-6.16823e-07
-1.06122e-07
-5.00164e-07
-1.16658e-07
-3.67599e-07
-1.32565e-07
-2.26903e-07
-1.40696e-07
-9.20401e-08
-1.34863e-07
3.80859e-08
-1.30126e-07
1.52257e-07
-1.14172e-07
2.47229e-07
-9.49717e-08
3.20781e-07
-7.35515e-08
3.74246e-07
-5.34657e-08
4.10423e-07
-3.6176e-08
4.33271e-07
-2.28489e-08
4.46257e-07
-1.2986e-08
4.52131e-07
-5.87321e-09
4.51926e-07
2.04164e-10
4.46164e-07
5.76266e-09
4.34556e-07
1.1608e-08
4.17828e-07
1.67274e-08
3.97318e-07
2.05102e-08
3.75548e-07
2.17697e-08
3.54373e-07
2.11754e-08
3.36007e-07
1.83664e-08
3.20587e-07
1.54195e-08
3.09029e-07
1.15585e-08
2.99729e-07
9.29984e-09
6.12021e-09
9.08441e-08
-2.13688e-07
1.43028e-07
-6.77104e-08
1.06435e-07
5.65126e-08
-9.83314e-08
2.16042e-07
-3.72303e-07
4.3453e-07
-5.93236e-07
5.25703e-07
-7.5259e-07
4.26776e-07
-8.63505e-07
2.92438e-07
-9.21403e-07
1.6338e-07
-9.291e-07
4.79089e-08
-8.92585e-07
-5.05772e-08
-8.25051e-07
-1.16889e-07
-7.38131e-07
-1.62081e-07
-6.38862e-07
-1.90538e-07
-5.25404e-07
-2.1958e-07
-4.0261e-07
-2.39452e-07
-2.68944e-07
-2.66232e-07
-1.31296e-07
-2.78344e-07
6.98017e-09
-2.73139e-07
1.38046e-07
-2.61192e-07
2.55136e-07
-2.31261e-07
3.55335e-07
-1.95171e-07
4.37337e-07
-1.55553e-07
5.01734e-07
-1.17863e-07
5.50206e-07
-8.46475e-08
5.86338e-07
-5.89815e-08
6.13379e-07
-4.00267e-08
6.34175e-07
-2.66693e-08
6.50266e-07
-1.5887e-08
6.63036e-07
-7.0073e-09
6.72881e-07
1.76341e-09
6.79946e-07
9.6624e-09
6.83449e-07
1.70074e-08
6.83002e-07
2.22164e-08
6.78345e-07
2.5832e-08
6.70913e-07
2.57988e-08
6.61575e-07
2.47574e-08
6.52819e-07
2.03141e-08
6.44191e-07
1.79284e-08
1.23947e-08
1.20493e-08
-2.25738e-07
-5.0329e-08
-5.33213e-09
-1.11157e-07
1.17341e-07
-2.60213e-07
3.65098e-07
-4.09003e-07
5.8332e-07
-5.30326e-07
6.47026e-07
-6.22147e-07
5.18597e-07
-6.87301e-07
3.57592e-07
-7.19671e-07
1.95749e-07
-7.11896e-07
4.01344e-08
-6.67023e-07
-9.54504e-08
-5.95311e-07
-1.88601e-07
-5.0778e-07
-2.49612e-07
-4.14351e-07
-2.83966e-07
-3.12577e-07
-3.21354e-07
-1.99691e-07
-3.52338e-07
-8.27407e-08
-3.83182e-07
3.63543e-08
-3.97439e-07
1.54175e-07
-3.9096e-07
2.613e-07
-3.68316e-07
3.56506e-07
-3.26468e-07
4.36779e-07
-2.75444e-07
5.02435e-07
-2.2121e-07
5.55079e-07
-1.70507e-07
5.95586e-07
-1.25155e-07
6.26014e-07
-8.94096e-08
6.49613e-07
-6.36252e-08
6.69388e-07
-4.64441e-08
6.86346e-07
-3.28454e-08
7.00875e-07
-2.15361e-08
7.13722e-07
-1.10842e-08
7.26033e-07
-2.64791e-09
7.38216e-07
4.82455e-09
7.49531e-07
1.09007e-08
7.58412e-07
1.69517e-08
7.63978e-07
2.02321e-08
7.65135e-07
2.36005e-08
7.63818e-07
2.16314e-08
7.59706e-07
2.20402e-08
1.62546e-08
-1.36124e-09
-2.24376e-07
-7.2079e-08
6.53857e-08
-1.3608e-07
1.81341e-07
-2.56441e-07
4.85459e-07
-3.47633e-07
6.74512e-07
-3.97673e-07
6.97067e-07
-4.33355e-07
5.54279e-07
-4.68751e-07
3.92988e-07
-4.87356e-07
2.14354e-07
-4.76695e-07
2.94732e-08
-4.29818e-07
-1.42327e-07
-3.57335e-07
-2.61084e-07
-2.74404e-07
-3.32544e-07
-1.84568e-07
-3.73802e-07
-9.02506e-08
-4.15672e-07
1.13473e-08
-4.53936e-07
1.16204e-07
-4.88038e-07
2.21774e-07
-5.03009e-07
3.20936e-07
-4.90122e-07
4.03491e-07
-4.50871e-07
4.72397e-07
-3.95374e-07
5.29089e-07
-3.32135e-07
5.73396e-07
-2.65516e-07
6.08235e-07
-2.05346e-07
6.36404e-07
-1.53324e-07
6.57906e-07
-1.10911e-07
6.73767e-07
-7.94864e-08
6.87443e-07
-6.01201e-08
7.0146e-07
-4.68624e-08
7.15162e-07
-3.5238e-08
7.2678e-07
-2.27031e-08
7.35745e-07
-1.16122e-08
7.43589e-07
-3.02013e-09
7.52193e-07
2.29726e-09
7.61531e-07
7.6141e-09
7.71396e-07
1.03671e-08
7.79177e-07
1.58191e-08
7.84858e-07
1.59506e-08
7.87473e-07
1.94254e-08
1.66827e-08
-3.73383e-08
-1.87038e-07
-1.51045e-07
1.79093e-07
-1.57749e-07
1.88045e-07
-1.56036e-07
4.83745e-07
-1.49155e-07
6.67631e-07
-1.46373e-07
6.94286e-07
-1.63588e-07
5.71493e-07
-1.85993e-07
4.15392e-07
-1.93705e-07
2.22066e-07
-1.80206e-07
1.59745e-08
-1.38132e-07
-1.84401e-07
-7.68234e-08
-3.22392e-07
-8.27377e-09
-4.01094e-07
6.40329e-08
-4.46109e-07
1.40054e-07
-4.91693e-07
2.25649e-07
-5.39532e-07
3.13693e-07
-5.76083e-07
3.97194e-07
-5.86509e-07
4.74924e-07
-5.67852e-07
5.35303e-07
-5.11249e-07
5.75442e-07
-4.35513e-07
6.05238e-07
-3.61931e-07
6.2868e-07
-2.88958e-07
6.45483e-07
-2.2215e-07
6.59783e-07
-1.67623e-07
6.73556e-07
-1.24685e-07
6.84397e-07
-9.03272e-08
6.92104e-07
-6.78273e-08
7.00312e-07
-5.50704e-08
7.11618e-07
-4.65438e-08
7.24433e-07
-3.55186e-08
7.34803e-07
-2.19815e-08
7.40728e-07
-8.94556e-09
7.43564e-07
-5.39021e-10
7.46266e-07
4.91217e-09
7.50533e-07
6.10015e-09
7.57233e-07
9.11921e-09
7.642e-07
8.98375e-09
7.72297e-07
1.13283e-08
1.11044e-08
-1.34415e-07
-5.26227e-08
-1.31079e-07
1.75756e-07
-4.88125e-08
1.05779e-07
-2.04189e-08
4.55352e-07
1.92455e-08
6.27966e-07
6.80623e-08
6.45469e-07
9.48869e-08
5.44669e-07
1.08732e-07
4.01547e-07
1.23793e-07
2.07005e-07
1.50015e-07
-1.02476e-08
1.85409e-07
-2.19795e-07
2.25649e-07
-3.62632e-07
2.681e-07
-4.43545e-07
3.16454e-07
-4.94462e-07
3.71986e-07
-5.47225e-07
4.36385e-07
-6.0393e-07
5.0223e-07
-6.41928e-07
5.56617e-07
-6.40896e-07
5.97521e-07
-6.08757e-07
6.31898e-07
-5.45626e-07
6.51685e-07
-4.55301e-07
6.57818e-07
-3.68064e-07
6.62581e-07
-2.9372e-07
6.67568e-07
-2.27138e-07
6.71687e-07
-1.71742e-07
6.78504e-07
-1.31502e-07
6.88021e-07
-9.98442e-08
6.95937e-07
-7.57437e-08
7.00791e-07
-5.99243e-08
7.06033e-07
-5.17855e-08
7.14955e-07
-4.4441e-08
7.25843e-07
-3.28692e-08
7.34698e-07
-1.78004e-08
7.37875e-07
-3.71596e-09
7.37349e-07
5.43776e-09
7.34463e-07
8.98681e-09
7.34989e-07
8.59297e-09
7.37244e-07
6.72813e-09
7.43957e-07
4.61577e-09
2.75346e-09
-2.16825e-07
1.64202e-07
-1.0351e-07
6.24415e-08
-3.39546e-08
3.62231e-08
1.75128e-07
2.4627e-07
2.8639e-07
5.16705e-07
3.60928e-07
5.7093e-07
4.00996e-07
5.04601e-07
4.30901e-07
3.71642e-07
4.55762e-07
1.82144e-07
4.7511e-07
-2.95952e-08
4.89848e-07
-2.34533e-07
5.0356e-07
-3.76344e-07
5.20662e-07
-4.60647e-07
5.4831e-07
-5.22111e-07
5.88662e-07
-5.87577e-07
6.30902e-07
-6.46169e-07
6.67167e-07
-6.78194e-07
6.92259e-07
-6.65988e-07
6.94222e-07
-6.1072e-07
6.86628e-07
-5.38033e-07
6.832e-07
-4.51872e-07
6.76981e-07
-3.61845e-07
6.70185e-07
-2.86925e-07
6.70004e-07
-2.26956e-07
6.74315e-07
-1.76052e-07
6.8085e-07
-1.38037e-07
6.90397e-07
-1.09391e-07
7.01092e-07
-8.64386e-08
7.08605e-07
-6.74376e-08
7.11737e-07
-5.49176e-08
7.14521e-07
-4.72242e-08
7.19648e-07
-3.7997e-08
7.27967e-07
-2.61188e-08
7.33979e-07
-9.72865e-09
7.37584e-07
1.83333e-09
7.35654e-07
1.09171e-08
7.33385e-07
1.08614e-08
7.31536e-07
8.57779e-09
7.32026e-07
4.125e-09
-2.73974e-09
6.68232e-07
3.82949e-07
4.41023e-07
2.8965e-07
2.59703e-07
2.17543e-07
2.86317e-07
2.19656e-07
4.42682e-07
3.6034e-07
5.89375e-07
4.24237e-07
6.85544e-07
4.08432e-07
7.46184e-07
3.11002e-07
7.78621e-07
1.49707e-07
7.90188e-07
-4.11624e-08
7.84101e-07
-2.28446e-07
7.77532e-07
-3.69775e-07
7.84965e-07
-4.6808e-07
8.09052e-07
-5.46197e-07
8.38984e-07
-6.17509e-07
8.59844e-07
-6.6703e-07
8.58148e-07
-6.76498e-07
8.3964e-07
-6.47479e-07
8.10888e-07
-5.81968e-07
7.72171e-07
-4.99316e-07
7.39573e-07
-4.19273e-07
7.21011e-07
-3.43283e-07
7.10084e-07
-2.75998e-07
7.06177e-07
-2.23049e-07
7.10736e-07
-1.80611e-07
7.21352e-07
-1.48653e-07
7.35201e-07
-1.23241e-07
7.49597e-07
-1.00834e-07
7.60949e-07
-7.87897e-08
7.66132e-07
-6.01004e-08
7.66861e-07
-4.79533e-08
7.65814e-07
-3.695e-08
7.68038e-07
-2.83426e-08
7.72305e-07
-1.39962e-08
7.78749e-07
-4.61066e-09
7.84271e-07
5.39566e-09
7.87485e-07
7.64704e-09
7.90103e-07
5.96002e-09
7.89893e-07
4.33445e-09
-3.64673e-09
1.01097e-06
4.04197e-07
9.52962e-07
3.47659e-07
8.40778e-07
3.29727e-07
7.30148e-07
3.30285e-07
7.10941e-07
3.79548e-07
7.65131e-07
3.70047e-07
8.4082e-07
3.32743e-07
9.10832e-07
2.4099e-07
9.59229e-07
1.0131e-07
9.8167e-07
-6.36025e-08
9.84602e-07
-2.31378e-07
9.8475e-07
-3.69924e-07
9.9241e-07
-4.7574e-07
1.01066e-06
-5.64449e-07
1.02166e-06
-6.28512e-07
1.00608e-06
-6.51446e-07
9.63184e-07
-6.33601e-07
9.00184e-07
-5.8448e-07
8.38231e-07
-5.20015e-07
7.92073e-07
-4.53158e-07
7.60411e-07
-3.87611e-07
7.43249e-07
-3.26122e-07
7.38601e-07
-2.71349e-07
7.4011e-07
-2.24559e-07
7.4296e-07
-1.83461e-07
7.47103e-07
-1.52797e-07
7.55205e-07
-1.31343e-07
7.67078e-07
-1.12707e-07
7.78474e-07
-9.01848e-08
7.8474e-07
-6.63671e-08
7.8619e-07
-4.94028e-08
7.85329e-07
-3.6089e-08
7.85425e-07
-2.84388e-08
7.87389e-07
-1.59608e-08
7.90346e-07
-7.56726e-09
7.95115e-07
6.26645e-10
8.00298e-07
2.46379e-09
8.06177e-07
8.15928e-11
8.12665e-07
-2.15356e-09
-7.04458e-09
1.07953e-06
3.85014e-07
1.07477e-06
3.52418e-07
1.0638e-06
3.40702e-07
1.05698e-06
3.37099e-07
1.06398e-06
3.72557e-07
1.08427e-06
3.49754e-07
1.12273e-06
2.9428e-07
1.16706e-06
1.96666e-07
1.19647e-06
7.18907e-08
1.20942e-06
-7.65494e-08
1.21381e-06
-2.35771e-07
1.20743e-06
-3.63538e-07
1.18881e-06
-4.57122e-07
1.1615e-06
-5.37139e-07
1.12495e-06
-5.91962e-07
1.0702e-06
-5.96694e-07
9.974e-07
-5.60802e-07
9.23008e-07
-5.10087e-07
8.58544e-07
-4.55551e-07
8.12353e-07
-4.06967e-07
7.87445e-07
-3.62703e-07
7.76616e-07
-3.15293e-07
7.73841e-07
-2.68574e-07
7.7915e-07
-2.29867e-07
7.88193e-07
-1.92504e-07
7.9201e-07
-1.56614e-07
7.89292e-07
-1.28625e-07
7.87125e-07
-1.1054e-07
7.8905e-07
-9.21097e-08
7.91589e-07
-6.89059e-08
7.90907e-07
-4.87208e-08
7.89644e-07
-3.48266e-08
7.91581e-07
-3.03751e-08
7.98249e-07
-2.26292e-08
8.06498e-07
-1.58159e-08
8.11138e-07
-4.01382e-09
8.13105e-07
4.96678e-10
8.11205e-07
1.98251e-09
8.10467e-07
-1.41599e-09
-9.08766e-09
1.08029e-06
3.55173e-07
1.10557e-06
3.27135e-07
1.12759e-06
3.18687e-07
1.15643e-06
3.08254e-07
1.20833e-06
3.20661e-07
1.25377e-06
3.04313e-07
1.29874e-06
2.49306e-07
1.34011e-06
1.55297e-07
1.36215e-06
4.98512e-08
1.35985e-06
-7.42492e-08
1.34454e-06
-2.20461e-07
1.31553e-06
-3.34526e-07
1.26678e-06
-4.08375e-07
1.20123e-06
-4.71582e-07
1.12392e-06
-5.14656e-07
1.04827e-06
-5.21041e-07
9.82876e-07
-4.9541e-07
9.30856e-07
-4.58067e-07
8.952e-07
-4.19896e-07
8.69001e-07
-3.80768e-07
8.47634e-07
-3.41336e-07
8.32139e-07
-2.99798e-07
8.18656e-07
-2.55091e-07
8.06633e-07
-2.17844e-07
8.02261e-07
-1.88131e-07
8.04462e-07
-1.58815e-07
8.03444e-07
-1.27606e-07
7.96475e-07
-1.03572e-07
7.89824e-07
-8.54587e-08
7.87712e-07
-6.67935e-08
7.87515e-07
-4.85235e-08
7.85632e-07
-3.29435e-08
7.85817e-07
-3.05607e-08
7.89678e-07
-2.64897e-08
8.00576e-07
-2.67144e-08
8.10655e-07
-1.40925e-08
8.15312e-07
-4.16025e-09
8.13986e-07
3.30826e-09
8.03262e-07
9.30841e-09
-3.11874e-09
1.07996e-06
3.19301e-07
1.11148e-06
2.95614e-07
1.14445e-06
2.85715e-07
1.18161e-06
2.71089e-07
1.23402e-06
2.6826e-07
1.28554e-06
2.52785e-07
1.33477e-06
2.00078e-07
1.36995e-06
1.20117e-07
1.39078e-06
2.90248e-08
1.39452e-06
-7.79872e-08
1.37065e-06
-1.96595e-07
1.32526e-06
-2.89141e-07
1.26515e-06
-3.48263e-07
1.19461e-06
-4.01036e-07
1.12309e-06
-4.43144e-07
1.05626e-06
-4.54203e-07
1.00165e-06
-4.40808e-07
9.59489e-07
-4.15903e-07
9.24489e-07
-3.84896e-07
8.95259e-07
-3.51539e-07
8.69448e-07
-3.15524e-07
8.48373e-07
-2.78723e-07
8.34323e-07
-2.41041e-07
8.21783e-07
-2.05305e-07
8.07807e-07
-1.74155e-07
7.97679e-07
-1.48687e-07
7.93768e-07
-1.23696e-07
7.91136e-07
-1.0094e-07
7.87696e-07
-8.20186e-08
7.86004e-07
-6.5101e-08
7.89309e-07
-5.18285e-08
7.93472e-07
-3.71068e-08
7.96098e-07
-3.31864e-08
7.95741e-07
-2.6133e-08
7.95466e-07
-2.64393e-08
7.98708e-07
-1.73347e-08
8.00961e-07
-6.41343e-09
8.04443e-07
-1.73168e-10
8.02871e-07
1.08806e-08
8.15627e-10
1.07629e-06
2.84836e-07
1.10446e-06
2.67451e-07
1.14196e-06
2.48214e-07
1.18019e-06
2.32859e-07
1.22203e-06
2.26415e-07
1.26663e-06
2.0819e-07
1.30945e-06
1.57256e-07
1.33713e-06
9.24314e-08
1.35274e-06
1.34151e-08
1.3582e-06
-8.34482e-08
1.33481e-06
-1.732e-07
1.28773e-06
-2.42061e-07
1.23668e-06
-2.97215e-07
1.17946e-06
-3.43811e-07
1.11975e-06
-3.83439e-07
1.06606e-06
-4.00515e-07
1.0157e-06
-3.9044e-07
9.71043e-07
-3.71249e-07
9.34055e-07
-3.47908e-07
9.0192e-07
-3.19404e-07
8.74592e-07
-2.88196e-07
8.51828e-07
-2.55959e-07
8.3505e-07
-2.24264e-07
8.26142e-07
-1.96396e-07
8.21253e-07
-1.69267e-07
8.15187e-07
-1.4262e-07
8.09173e-07
-1.17682e-07
8.06503e-07
-9.82704e-08
8.06901e-07
-8.24159e-08
8.08201e-07
-6.64015e-08
8.09373e-07
-5.30005e-08
8.11605e-07
-3.93386e-08
8.12918e-07
-3.44989e-08
8.12603e-07
-2.58184e-08
8.08334e-07
-2.21704e-08
8.02359e-07
-1.13596e-08
7.98832e-07
-2.88658e-09
7.96771e-07
1.88794e-09
8.01228e-07
6.42349e-09
-4.20119e-09
1.07226e-06
2.51971e-07
1.10133e-06
2.38386e-07
1.1358e-06
2.13748e-07
1.17063e-06
1.98029e-07
1.2056e-06
1.91444e-07
1.24064e-06
1.73146e-07
1.27039e-06
1.27512e-07
1.29594e-06
6.68782e-08
1.31363e-06
-4.27303e-09
1.31098e-06
-8.08023e-08
1.28843e-06
-1.5065e-07
1.25451e-06
-2.08146e-07
1.21545e-06
-2.58154e-07
1.17051e-06
-2.98869e-07
1.11783e-06
-3.30754e-07
1.06816e-06
-3.50853e-07
1.02579e-06
-3.48071e-07
9.86087e-07
-3.31542e-07
9.52424e-07
-3.14245e-07
9.25192e-07
-2.92172e-07
9.0193e-07
-2.64934e-07
8.84267e-07
-2.38296e-07
8.70274e-07
-2.1027e-07
8.56676e-07
-1.82799e-07
8.4565e-07
-1.5824e-07
8.38916e-07
-1.35887e-07
8.33115e-07
-1.11881e-07
8.26497e-07
-9.1653e-08
8.21343e-07
-7.72613e-08
8.20107e-07
-6.51654e-08
8.19571e-07
-5.24653e-08
8.16746e-07
-3.65129e-08
8.11514e-07
-2.92676e-08
8.06513e-07
-2.08167e-08
8.05715e-07
-2.1373e-08
8.06614e-07
-1.22584e-08
8.09048e-07
-5.3208e-09
8.10518e-07
4.17988e-10
8.09104e-07
7.83743e-09
-3.33706e-09
1.06796e-06
2.20029e-07
1.09739e-06
2.08953e-07
1.12621e-06
1.84933e-07
1.15558e-06
1.68657e-07
1.18647e-06
1.60555e-07
1.21628e-06
1.43337e-07
1.24067e-06
1.03121e-07
1.26229e-06
4.52608e-08
1.27505e-06
-1.70361e-08
1.26914e-06
-7.4891e-08
1.24901e-06
-1.30517e-07
1.22273e-06
-1.81871e-07
1.19088e-06
-2.263e-07
1.15572e-06
-2.63708e-07
1.1143e-06
-2.89333e-07
1.0677e-06
-3.04262e-07
1.02839e-06
-3.08753e-07
9.95987e-07
-2.99142e-07
9.64436e-07
-2.82694e-07
9.36842e-07
-2.64578e-07
9.1324e-07
-2.41332e-07
8.92054e-07
-2.1711e-07
8.76236e-07
-1.94451e-07
8.64048e-07
-1.7061e-07
8.51298e-07
-1.45491e-07
8.39871e-07
-1.2446e-07
8.33771e-07
-1.05781e-07
8.2985e-07
-8.77321e-08
8.24234e-07
-7.16453e-08
8.17314e-07
-5.82447e-08
8.12902e-07
-4.80538e-08
8.10715e-07
-3.43257e-08
8.07933e-07
-2.64855e-08
8.04235e-07
-1.71191e-08
8.00361e-07
-1.74983e-08
8.01948e-07
-1.38454e-08
8.05117e-07
-8.49062e-09
8.11233e-07
-5.69762e-09
8.13117e-07
5.95316e-09
7.5268e-10
1.06437e-06
1.90504e-07
1.09219e-06
1.81141e-07
1.11664e-06
1.60477e-07
1.14085e-06
1.44451e-07
1.16763e-06
1.33777e-07
1.19477e-06
1.16191e-07
1.21668e-06
8.12117e-08
1.23203e-06
2.99165e-08
1.23933e-06
-2.43439e-08
1.23526e-06
-7.08215e-08
1.21949e-06
-1.14744e-07
1.19734e-06
-1.59718e-07
1.17108e-06
-2.00039e-07
1.1404e-06
-2.33035e-07
1.10714e-06
-2.56069e-07
1.07013e-06
-2.67256e-07
1.03314e-06
-2.71755e-07
1.00294e-06
-2.68948e-07
9.75294e-07
-2.55046e-07
9.48178e-07
-2.37462e-07
9.27097e-07
-2.20251e-07
9.10064e-07
-2.00077e-07
8.92797e-07
-1.77184e-07
8.77863e-07
-1.55677e-07
8.6671e-07
-1.34337e-07
8.56398e-07
-1.14149e-07
8.47009e-07
-9.63917e-08
8.40733e-07
-8.14561e-08
8.36217e-07
-6.71297e-08
8.30461e-07
-5.24887e-08
8.23414e-07
-4.10069e-08
8.19416e-07
-3.03273e-08
8.18405e-07
-2.54742e-08
8.19589e-07
-1.83033e-08
8.17872e-07
-1.57813e-08
8.13575e-07
-9.54827e-09
8.09558e-07
-4.47439e-09
8.05609e-07
-1.74871e-09
8.07451e-07
4.11166e-09
-1.67152e-09
1.0594e-06
1.64324e-07
1.08493e-06
1.55608e-07
1.10685e-06
1.38562e-07
1.12788e-06
1.23422e-07
1.15123e-06
1.10425e-07
1.17559e-06
9.18324e-08
1.19581e-06
6.09874e-08
1.2065e-06
1.92305e-08
1.2083e-06
-2.61468e-08
1.20557e-06
-6.80904e-08
1.19559e-06
-1.04765e-07
1.17699e-06
-1.41124e-07
1.15428e-06
-1.77326e-07
1.12751e-06
-2.06259e-07
1.09789e-06
-2.26452e-07
1.06903e-06
-2.38393e-07
1.03834e-06
-2.41069e-07
1.00745e-06
-2.38063e-07
9.82518e-07
-2.3011e-07
9.60967e-07
-2.15912e-07
9.39213e-07
-1.98497e-07
9.1986e-07
-1.80725e-07
9.03318e-07
-1.60642e-07
8.87902e-07
-1.4026e-07
8.75359e-07
-1.21794e-07
8.66297e-07
-1.05087e-07
8.57742e-07
-8.78372e-08
8.47886e-07
-7.16e-08
8.38806e-07
-5.80494e-08
8.32709e-07
-4.63921e-08
8.28609e-07
-3.69067e-08
8.25354e-07
-2.70723e-08
8.21178e-07
-2.12976e-08
8.17545e-07
-1.46702e-08
8.13641e-07
-1.18774e-08
8.10606e-07
-6.51334e-09
8.08406e-07
-2.27478e-09
8.06626e-07
3.16716e-11
8.06722e-07
4.01543e-09
-9.85969e-10
1.05457e-06
1.40561e-07
1.07793e-06
1.32252e-07
1.09821e-06
1.18278e-07
1.11749e-06
1.04141e-07
1.13728e-06
9.06415e-08
1.1571e-06
7.20082e-08
1.17442e-06
4.36659e-08
1.18437e-06
9.27821e-09
1.18502e-06
-2.67976e-08
1.18043e-06
-6.34915e-08
1.17321e-06
-9.75453e-08
1.16011e-06
-1.2803e-07
1.14016e-06
-1.57376e-07
1.11692e-06
-1.83013e-07
1.09129e-06
-2.00828e-07
1.06494e-06
-2.12042e-07
1.04014e-06
-2.16271e-07
1.01477e-06
-2.12687e-07
9.89605e-07
-2.04946e-07
9.68424e-07
-1.9473e-07
9.4937e-07
-1.79443e-07
9.30193e-07
-1.61548e-07
9.13636e-07
-1.44085e-07
9.00526e-07
-1.2715e-07
8.87943e-07
-1.09211e-07
8.75009e-07
-9.21525e-08
8.6374e-07
-7.65686e-08
8.5477e-07
-6.26298e-08
8.47102e-07
-5.03816e-08
8.40217e-07
-3.95068e-08
8.34322e-07
-3.10111e-08
8.29565e-07
-2.2316e-08
8.2457e-07
-1.63024e-08
8.19774e-07
-9.8744e-09
8.14589e-07
-6.69208e-09
8.11605e-07
-3.52944e-09
8.10037e-07
-7.06417e-10
8.10194e-07
-1.25254e-10
8.11137e-07
3.07222e-09
4.11201e-10
1.05046e-06
1.19197e-07
1.07115e-06
1.11561e-07
1.08978e-06
9.96517e-08
1.10737e-06
8.65533e-08
1.12525e-06
7.27602e-08
1.14217e-06
5.50854e-08
1.1551e-06
3.07365e-08
1.16345e-06
9.28294e-10
1.16622e-06
-2.95629e-08
1.16191e-06
-5.91816e-08
1.15348e-06
-8.91199e-08
1.14318e-06
-1.17729e-07
1.12777e-06
-1.41971e-07
1.10761e-06
-1.62849e-07
1.08632e-06
-1.79541e-07
1.06339e-06
-1.89107e-07
1.03963e-06
-1.92517e-07
1.01834e-06
-1.91399e-07
9.97834e-07
-1.84435e-07
9.76485e-07
-1.73381e-07
9.57179e-07
-1.60136e-07
9.40664e-07
-1.45033e-07
9.24751e-07
-1.28172e-07
9.09271e-07
-1.1167e-07
8.95396e-07
-9.53362e-08
8.83031e-07
-7.97878e-08
8.71857e-07
-6.53943e-08
8.62323e-07
-5.30962e-08
8.54027e-07
-4.20854e-08
8.46243e-07
-3.1723e-08
8.38241e-07
-2.3009e-08
8.31456e-07
-1.55311e-08
8.26032e-07
-1.08789e-08
8.22486e-07
-6.32792e-09
8.19193e-07
-3.39945e-09
8.15691e-07
-2.72833e-11
8.12324e-07
2.66027e-09
8.08871e-07
3.32853e-09
8.06742e-07
5.20056e-09
2.14358e-09
1.04624e-06
9.98281e-08
1.06526e-06
9.25432e-08
1.08262e-06
8.22876e-08
1.09853e-06
7.06497e-08
1.11402e-06
5.7272e-08
1.12854e-06
4.0566e-08
1.13969e-06
1.95859e-08
1.14574e-06
-5.12145e-09
1.14772e-06
-3.15487e-08
1.14608e-06
-5.75359e-08
1.13937e-06
-8.24114e-08
1.12843e-06
-1.06792e-07
1.11559e-06
-1.29126e-07
1.09979e-06
-1.47051e-07
1.08082e-06
-1.60576e-07
1.06141e-06
-1.69695e-07
1.0418e-06
-1.72901e-07
1.02147e-06
-1.71078e-07
1.00216e-06
-1.65124e-07
9.84051e-07
-1.55269e-07
9.66123e-07
-1.42208e-07
9.48966e-07
-1.27877e-07
9.33063e-07
-1.12269e-07
9.17839e-07
-9.64456e-08
9.03565e-07
-8.10626e-08
8.90959e-07
-6.71812e-08
8.79547e-07
-5.39831e-08
8.68444e-07
-4.19928e-08
8.5783e-07
-3.14717e-08
8.48795e-07
-2.2688e-08
8.41461e-07
-1.56743e-08
8.35411e-07
-9.48145e-09
8.2939e-07
-4.8583e-09
8.23892e-07
-8.29956e-10
8.18547e-07
1.94558e-09
8.1478e-07
3.74009e-09
8.11843e-07
5.59731e-09
8.09909e-07
5.26202e-09
8.08398e-07
6.71201e-09
4.45768e-09
1.04296e-06
8.2091e-08
1.06013e-06
7.53672e-08
1.07604e-06
6.63786e-08
1.09088e-06
5.58105e-08
1.10455e-06
4.35977e-08
1.11657e-06
2.85501e-08
1.12613e-06
1.00258e-08
1.13181e-06
-1.08055e-08
1.13309e-06
-3.28214e-08
1.13104e-06
-5.54917e-08
1.1262e-06
-7.75718e-08
1.11755e-06
-9.81431e-08
1.10558e-06
-1.1715e-07
1.09197e-06
-1.33438e-07
1.07661e-06
-1.45217e-07
1.05959e-06
-1.5268e-07
1.04243e-06
-1.55743e-07
1.02524e-06
-1.53881e-07
1.00751e-06
-1.474e-07
9.90131e-07
-1.37889e-07
9.73448e-07
-1.25525e-07
9.56777e-07
-1.11205e-07
9.40396e-07
-9.58884e-08
9.25149e-07
-8.11986e-08
9.10817e-07
-6.67299e-08
8.96955e-07
-5.33195e-08
8.83881e-07
-4.09084e-08
8.72343e-07
-3.04554e-08
8.62102e-07
-2.12304e-08
8.52918e-07
-1.35047e-08
8.44238e-07
-6.99368e-09
8.36664e-07
-1.90709e-09
8.29988e-07
1.81755e-09
8.24612e-07
4.54582e-09
8.19873e-07
6.68478e-09
8.15769e-07
7.8434e-09
8.12118e-07
9.24892e-09
8.08819e-07
8.56112e-09
8.06177e-07
9.35323e-09
6.89159e-09
1.04012e-06
6.56634e-08
1.05592e-06
5.95617e-08
1.07063e-06
5.16769e-08
1.08403e-06
4.24038e-08
1.09622e-06
3.14107e-08
1.10671e-06
1.80629e-08
1.11449e-06
2.2429e-09
1.11919e-06
-1.55101e-08
1.12089e-06
-3.45137e-08
1.11904e-06
-5.36491e-08
1.11412e-06
-7.26479e-08
1.10706e-06
-9.10829e-08
1.09742e-06
-1.07507e-07
1.08525e-06
-1.21267e-07
1.07207e-06
-1.32042e-07
1.05813e-06
-1.38735e-07
1.04287e-06
-1.4049e-07
1.02716e-06
-1.38171e-07
1.01152e-06
-1.31758e-07
9.95153e-07
-1.2152e-07
9.78177e-07
-1.08549e-07
9.61519e-07
-9.45473e-08
9.45301e-07
-7.96706e-08
9.29232e-07
-6.51292e-08
9.13689e-07
-5.11875e-08
8.9924e-07
-3.88706e-08
8.85912e-07
-2.75801e-08
8.73517e-07
-1.80608e-08
8.62015e-07
-9.72836e-09
8.51853e-07
-3.34294e-09
8.42925e-07
1.93495e-09
8.35332e-07
5.68613e-09
8.28433e-07
8.71658e-09
8.2257e-07
1.0408e-08
8.17289e-07
1.19659e-08
8.13142e-07
1.19905e-08
8.09626e-07
1.27651e-08
8.06826e-07
1.13611e-08
8.04426e-07
1.17529e-08
9.34373e-09
1.03798e-06
5.0364e-08
1.05264e-06
4.49033e-08
1.06621e-06
3.81031e-08
1.07854e-06
3.00825e-08
1.08943e-06
2.05155e-08
1.09846e-06
9.03186e-09
1.10515e-06
-4.44763e-09
1.10911e-06
-1.94719e-08
1.11008e-06
-3.54754e-08
1.10847e-06
-5.20394e-08
1.10428e-06
-6.84577e-08
1.0975e-06
-8.43078e-08
1.08888e-06
-9.88846e-08
1.07878e-06
-1.11169e-07
1.06702e-06
-1.20281e-07
1.0541e-06
-1.25814e-07
1.04059e-06
-1.26981e-07
1.0261e-06
-1.23679e-07
1.01034e-06
-1.16003e-07
9.93608e-07
-1.04787e-07
9.76303e-07
-9.12444e-08
9.58554e-07
-7.67983e-08
9.40831e-07
-6.19475e-08
9.23665e-07
-4.79628e-08
9.07269e-07
-3.47915e-08
8.91864e-07
-2.34655e-08
8.77603e-07
-1.3319e-08
8.6475e-07
-5.20775e-09
8.53171e-07
1.85002e-09
8.42994e-07
6.83408e-09
8.33998e-07
1.09307e-08
8.26421e-07
1.3264e-08
8.19825e-07
1.53117e-08
8.14434e-07
1.57991e-08
8.09807e-07
1.65931e-08
8.06036e-07
1.57613e-08
8.02866e-07
1.59357e-08
8.00221e-07
1.40055e-08
7.98034e-07
1.39396e-08
1.13387e-08
1.03474e-06
3.57287e-08
1.04857e-06
3.1073e-08
1.06121e-06
2.54614e-08
1.07243e-06
1.88618e-08
1.08212e-06
1.08267e-08
1.09003e-06
1.12367e-09
1.09554e-06
-9.95497e-09
1.09853e-06
-2.246e-08
1.09893e-06
-3.58774e-08
1.09662e-06
-4.97273e-08
1.09186e-06
-6.37043e-08
1.08507e-06
-7.75101e-08
1.07618e-06
-8.99946e-08
1.06549e-06
-1.00487e-07
1.05346e-06
-1.08249e-07
1.03988e-06
-1.12229e-07
1.02471e-06
-1.11811e-07
1.00802e-06
-1.06989e-07
9.89913e-07
-9.78983e-08
9.70488e-07
-8.53618e-08
9.50138e-07
-7.08947e-08
9.29591e-07
-5.62509e-08
9.09635e-07
-4.19915e-08
8.90634e-07
-2.89621e-08
8.73041e-07
-1.71985e-08
8.57193e-07
-7.61764e-09
8.43236e-07
6.38447e-10
8.30889e-07
7.13878e-09
8.20231e-07
1.2508e-08
8.11301e-07
1.57642e-08
8.03863e-07
1.83686e-08
7.9791e-07
1.9217e-08
7.93016e-07
2.02062e-08
7.89232e-07
1.9583e-08
7.86204e-07
1.96209e-08
7.8408e-07
1.78858e-08
7.82565e-07
1.74502e-08
7.81576e-07
1.49948e-08
7.80947e-07
1.45686e-08
1.1929e-08
1.02163e-06
2.10623e-08
1.03513e-06
1.75691e-08
1.04721e-06
1.33823e-08
1.05769e-06
8.38228e-09
1.06622e-06
2.29604e-09
1.07257e-06
-5.21886e-09
1.07646e-06
-1.38456e-08
1.07737e-06
-2.33684e-08
1.07523e-06
-3.37373e-08
1.07008e-06
-4.45774e-08
1.06193e-06
-5.55589e-08
1.05086e-06
-6.64405e-08
1.03708e-06
-7.62118e-08
1.02086e-06
-8.42673e-08
1.00239e-06
-8.97816e-08
9.81455e-07
-9.12938e-08
9.58387e-07
-8.87426e-08
9.33357e-07
-8.19597e-08
9.07026e-07
-7.15672e-08
8.8019e-07
-5.85251e-08
8.53887e-07
-4.45925e-08
8.2905e-07
-3.14131e-08
8.06452e-07
-1.93941e-08
7.865e-07
-9.00959e-09
7.69441e-07
-1.39681e-10
7.55305e-07
6.51809e-09
7.44069e-07
1.18741e-08
7.35539e-07
1.56688e-08
7.29275e-07
1.87722e-08
7.24873e-07
2.01662e-08
7.22177e-07
2.10645e-08
7.2084e-07
2.05539e-08
7.20722e-07
2.0325e-08
7.21393e-07
1.89117e-08
7.22825e-07
1.81886e-08
7.24561e-07
1.61501e-08
7.26767e-07
1.52442e-08
7.28948e-07
1.28133e-08
7.31373e-07
1.21446e-08
9.77651e-09
9.50595e-07
6.9032e-09
9.63099e-07
5.06537e-09
9.73747e-07
2.73452e-09
9.82306e-07
-1.76678e-10
9.88234e-07
-3.63256e-09
9.90886e-07
-7.87016e-09
9.89771e-07
-1.2731e-08
9.84478e-07
-1.8075e-08
9.74662e-07
-2.3922e-08
9.60126e-07
-3.00409e-08
9.40774e-07
-3.62073e-08
9.16609e-07
-4.22757e-08
8.8806e-07
-4.76618e-08
8.55505e-07
-5.17128e-08
8.1966e-07
-5.39362e-08
7.81614e-07
-5.32482e-08
7.41949e-07
-4.90772e-08
7.01766e-07
-4.17768e-08
6.62657e-07
-3.24588e-08
6.26393e-07
-2.22604e-08
5.943e-07
-1.24997e-08
5.67179e-07
-4.29268e-09
5.45673e-07
2.11282e-09
5.29845e-07
6.81805e-09
5.19521e-07
1.01845e-08
5.13758e-07
1.22807e-08
5.12041e-07
1.35911e-08
5.13476e-07
1.42343e-08
5.17668e-07
1.45797e-08
5.23568e-07
1.42666e-08
5.30892e-07
1.37403e-08
5.38733e-07
1.27131e-08
5.47223e-07
1.18347e-08
5.55558e-07
1.05769e-08
5.64081e-07
9.66546e-09
5.71963e-07
8.268e-09
5.79716e-07
7.49169e-09
5.86465e-07
6.06387e-09
5.92996e-07
5.61328e-09
4.37171e-09
6.25631e-07
6.30697e-07
6.33431e-07
6.33254e-07
6.29622e-07
6.21752e-07
6.09021e-07
5.90946e-07
5.67024e-07
5.36983e-07
5.00776e-07
4.585e-07
4.10838e-07
3.59125e-07
3.05189e-07
2.51941e-07
2.02864e-07
1.61087e-07
1.28628e-07
1.06368e-07
9.38679e-08
8.95752e-08
9.16881e-08
9.85061e-08
1.08691e-07
1.20971e-07
1.34562e-07
1.48797e-07
1.63376e-07
1.77643e-07
1.91383e-07
2.04096e-07
2.15931e-07
2.26508e-07
2.36173e-07
2.44441e-07
2.51933e-07
2.57997e-07
2.6361e-07
)
;

boundaryField
{
    inlet
    {
        type            calculated;
        value           nonuniform List<scalar> 
20
(
-1e-06
-1e-06
-1e-06
-1e-06
-1e-06
-1e-06
-1e-06
-1e-06
-1e-06
-1e-06
-1e-06
-1e-06
-1e-06
-1e-06
-1e-06
-1e-06
-1e-06
-1e-06
-1e-06
-1e-06
)
;
    }
    outlet
    {
        type            calculated;
        value           nonuniform List<scalar> 
27
(
7.908e-07
8.16063e-07
8.1251e-07
7.97293e-07
7.98936e-07
8.06245e-07
8.0824e-07
8.09028e-07
8.09875e-07
8.06037e-07
8.0974e-07
8.0501e-07
8.06084e-07
8.03744e-07
8.01974e-07
7.96039e-07
7.80357e-07
7.33525e-07
5.98401e-07
2.67982e-07
2.93609e-07
6.37916e-07
7.55846e-07
7.87045e-07
7.77875e-07
7.52308e-07
7.3752e-07
)
;
    }
    lowerWall
    {
        type            calculated;
        value           uniform 0;
    }
    upperWall
    {
        type            calculated;
        value           uniform 0;
    }
    defaultFaces
    {
        type            empty;
        value           nonuniform List<scalar> 0();
    }
}


// ************************************************************************* //
