/*--------------------------------*- C++ -*----------------------------------*\
| =========                 |                                                 |
| \\      /  F ield         | OpenFOAM: The Open Source CFD Toolbox           |
|  \\    /   O peration     | Version:  2112                                  |
|   \\  /    A nd           | Website:  www.openfoam.com                      |
|    \\/     M anipulation  |                                                 |
\*---------------------------------------------------------------------------*/
FoamFile
{
    version     2.0;
    format      ascii;
    arch        "LSB;label=32;scalar=64";
    class       surfaceScalarField;
    location    "0.06";
    object      phi;
}
// * * * * * * * * * * * * * * * * * * * * * * * * * * * * * * * * * * * * * //

dimensions      [0 3 -1 0 0 0 0];

oriented        oriented;

internalField   nonuniform List<scalar> 
3653
(
9.92457e-07
7.5428e-09
9.80508e-07
1.19493e-08
9.65136e-07
1.53714e-08
9.48095e-07
1.70413e-08
9.3277e-07
1.53253e-08
9.20647e-07
1.21229e-08
9.11698e-07
8.94892e-09
9.05539e-07
6.15941e-09
9.01406e-07
4.1329e-09
8.9841e-07
2.99608e-09
8.9595e-07
2.45977e-09
8.93709e-07
2.24117e-09
8.91488e-07
2.22052e-09
8.89135e-07
2.35314e-09
8.86524e-07
2.61076e-09
8.83547e-07
2.9769e-09
8.80079e-07
3.46833e-09
8.76007e-07
4.07231e-09
8.71107e-07
4.90032e-09
8.65329e-07
5.77765e-09
8.58014e-07
7.31516e-09
8.49715e-07
8.29884e-09
8.37908e-07
1.18068e-08
8.25979e-07
1.19293e-08
8.04922e-07
2.10566e-08
7.8666e-07
1.82618e-08
7.46214e-07
4.04462e-08
7.10384e-07
3.58297e-08
6.25698e-07
8.46866e-08
9.60124e-08
5.29686e-07
1.0029e-06
4.64757e-09
1.00597e-06
8.87378e-09
1.00912e-06
1.22213e-08
1.01161e-06
1.45542e-08
1.01248e-06
1.44566e-08
1.01198e-06
1.26209e-08
1.01068e-06
1.02459e-08
1.0089e-06
7.93999e-09
1.0069e-06
6.12994e-09
1.0049e-06
5.00468e-09
1.00291e-06
4.44332e-09
1.00089e-06
4.26618e-09
9.98746e-07
4.36145e-09
9.96416e-07
4.68266e-09
9.93813e-07
5.2136e-09
9.90842e-07
5.94799e-09
9.87397e-07
6.91409e-09
9.83346e-07
8.123e-09
9.78549e-07
9.69725e-09
9.72783e-07
1.15436e-08
9.65878e-07
1.42198e-08
9.57345e-07
1.6832e-08
9.47073e-07
2.20792e-08
9.34023e-07
2.49796e-08
9.17902e-07
3.71776e-08
8.98045e-07
3.81178e-08
8.71057e-07
6.7435e-08
8.41547e-07
6.53389e-08
8.03511e-07
1.22723e-07
1.34989e-07
7.64534e-07
1.00191e-06
2.74209e-09
1.00455e-06
6.22579e-09
1.00766e-06
9.11492e-09
1.01067e-06
1.15443e-08
1.01252e-06
1.26042e-08
1.01303e-06
1.21136e-08
1.01255e-06
1.0727e-08
1.01139e-06
9.10276e-09
1.00983e-06
7.69059e-09
1.00811e-06
6.7204e-09
1.00634e-06
6.20985e-09
1.00452e-06
6.09219e-09
1.00258e-06
6.30188e-09
1.00046e-06
6.80283e-09
9.98084e-07
7.58563e-09
9.95378e-07
8.65431e-09
9.92247e-07
1.00444e-08
9.88584e-07
1.17862e-08
9.84272e-07
1.40094e-08
9.79128e-07
1.66877e-08
9.73062e-07
2.02861e-08
9.65596e-07
2.42981e-08
9.57084e-07
3.05904e-08
9.458e-07
3.6264e-08
9.34289e-07
4.86884e-08
9.16986e-07
5.54216e-08
9.02217e-07
8.22032e-08
8.78766e-07
8.87904e-08
8.60235e-07
1.41254e-07
1.58279e-07
8.36945e-07
1.00089e-06
1.85313e-09
1.00249e-06
4.62897e-09
1.00454e-06
7.06388e-09
1.00669e-06
9.38811e-09
1.0084e-06
1.08923e-08
1.00937e-06
1.1145e-08
1.00962e-06
1.04778e-08
1.00928e-06
9.44527e-09
1.0085e-06
8.47066e-09
1.00743e-06
7.78997e-09
1.00616e-06
7.47768e-09
1.00473e-06
7.52711e-09
1.00312e-06
7.91462e-09
1.00129e-06
8.62563e-09
9.99218e-07
9.65986e-09
9.96835e-07
1.10373e-08
9.94076e-07
1.28039e-08
9.90856e-07
1.50063e-08
9.87096e-07
1.77688e-08
9.82656e-07
2.11283e-08
9.77485e-07
2.54569e-08
9.7128e-07
3.05029e-08
9.64241e-07
3.76289e-08
9.55546e-07
4.49591e-08
9.46504e-07
5.77304e-08
9.34494e-07
6.74317e-08
9.24952e-07
9.17458e-08
9.09823e-07
1.03919e-07
9.06119e-07
1.44958e-07
1.66799e-07
8.97599e-07
1.00046e-06
1.38918e-09
1.00158e-06
3.51752e-09
1.00315e-06
5.49379e-09
1.00493e-06
7.60329e-09
1.00653e-06
9.28874e-09
1.00764e-06
1.00401e-08
1.00817e-06
9.94645e-09
1.00819e-06
9.42475e-09
1.00781e-06
8.85539e-09
1.00712e-06
8.47156e-09
1.00622e-06
8.38672e-09
1.00511e-06
8.63269e-09
1.00382e-06
9.20924e-09
1.00232e-06
1.01235e-08
1.00059e-06
1.13907e-08
9.98585e-07
1.30386e-08
9.96271e-07
1.5118e-08
9.93584e-07
1.76931e-08
9.90478e-07
2.08748e-08
9.86852e-07
2.47543e-08
9.82729e-07
2.95797e-08
9.77852e-07
3.53804e-08
9.72622e-07
4.28585e-08
9.66176e-07
5.14054e-08
9.6035e-07
6.35565e-08
9.52392e-07
7.53894e-08
9.47971e-07
9.61673e-08
9.40541e-07
1.11348e-07
9.41571e-07
1.43929e-07
1.68758e-07
9.39611e-07
1.00033e-06
1.06032e-09
1.00112e-06
2.72191e-09
1.00231e-06
4.31213e-09
1.00373e-06
6.18056e-09
1.00513e-06
7.8864e-09
1.00626e-06
8.9136e-09
1.00699e-06
9.21597e-09
1.00732e-06
9.09466e-09
1.00729e-06
8.87935e-09
1.00698e-06
8.78874e-09
1.00642e-06
8.94063e-09
1.00566e-06
9.39089e-09
1.00471e-06
1.0162e-08
1.00357e-06
1.12689e-08
1.00222e-06
1.27378e-08
1.00065e-06
1.46077e-08
9.98835e-07
1.69336e-08
9.96741e-07
1.97872e-08
9.94352e-07
2.32642e-08
9.91619e-07
2.74869e-08
9.88587e-07
3.26114e-08
9.85137e-07
3.88309e-08
9.81598e-07
4.63971e-08
9.77526e-07
5.54775e-08
9.74228e-07
6.68548e-08
9.70101e-07
7.95158e-08
9.69145e-07
9.7124e-08
9.66561e-07
1.13932e-07
9.71897e-07
1.38593e-07
1.63329e-07
9.77326e-07
1.00022e-06
8.40366e-10
1.00083e-06
2.10814e-09
1.00181e-06
3.33867e-09
1.00304e-06
4.94531e-09
1.00434e-06
6.59079e-09
1.00548e-06
7.76964e-09
1.00634e-06
8.3563e-09
1.00688e-06
8.55508e-09
1.00712e-06
8.63602e-09
1.00711e-06
8.80603e-09
1.00686e-06
9.18521e-09
1.00642e-06
9.83104e-09
1.00581e-06
1.07768e-08
1.00503e-06
1.20491e-08
1.00408e-06
1.36838e-08
1.00296e-06
1.57247e-08
1.00167e-06
1.82236e-08
1.0002e-06
2.12571e-08
9.98562e-07
2.49068e-08
9.96735e-07
2.93134e-08
9.948e-07
3.45465e-08
9.9271e-07
4.09207e-08
9.90788e-07
4.83191e-08
9.88776e-07
5.74903e-08
9.87698e-07
6.79326e-08
9.86619e-07
8.0595e-08
9.88225e-07
9.55171e-08
9.89942e-07
1.12216e-07
9.97178e-07
1.31357e-07
1.5506e-07
1.00545e-06
1.00018e-06
6.62417e-10
1.00069e-06
1.59905e-09
1.00153e-06
2.49093e-09
1.00266e-06
3.8242e-09
1.00389e-06
5.35635e-09
1.00505e-06
6.60559e-09
1.00602e-06
7.38742e-09
1.00674e-06
7.83417e-09
1.00721e-06
8.16699e-09
1.00745e-06
8.56655e-09
1.00749e-06
9.14532e-09
1.00736e-06
9.96306e-09
1.00708e-06
1.10606e-08
1.00666e-06
1.24705e-08
1.00611e-06
1.42288e-08
1.00545e-06
1.63807e-08
1.0047e-06
1.89789e-08
1.00386e-06
2.21012e-08
1.00295e-06
2.58122e-08
1.002e-06
3.02583e-08
1.00111e-06
3.54397e-08
1.00029e-06
4.17473e-08
9.998e-07
4.88043e-08
9.99568e-07
5.77224e-08
1.00034e-06
6.71586e-08
1.00163e-06
7.93082e-08
1.00532e-06
9.18219e-08
1.00979e-06
1.07749e-07
1.01877e-06
1.22382e-07
1.43808e-07
1.03002e-06
1.00016e-06
5.0265e-10
1.00062e-06
1.13988e-09
1.0014e-06
1.70797e-09
1.00247e-06
2.75694e-09
1.00369e-06
4.13339e-09
1.00491e-06
5.39209e-09
1.00598e-06
6.31068e-09
1.00686e-06
6.95492e-09
1.00753e-06
7.49738e-09
1.008e-06
8.09348e-09
1.0083e-06
8.84662e-09
1.00845e-06
9.81381e-09
1.00848e-06
1.10338e-08
1.00841e-06
1.25426e-08
1.00826e-06
1.43781e-08
1.00805e-06
1.65855e-08
1.00782e-06
1.92158e-08
1.00758e-06
2.23419e-08
1.00737e-06
2.60134e-08
1.00726e-06
3.03746e-08
1.00732e-06
3.53787e-08
1.00762e-06
4.14436e-08
1.00838e-06
4.80462e-08
1.00965e-06
5.64515e-08
1.01192e-06
6.48915e-08
1.01508e-06
7.61471e-08
1.02029e-06
8.66136e-08
1.02681e-06
1.0123e-07
1.0367e-06
1.12491e-07
1.31621e-07
1.04888e-06
1.00016e-06
3.45885e-10
1.0006e-06
6.91661e-10
1.00137e-06
9.42224e-10
1.00244e-06
1.69215e-09
1.00369e-06
2.8809e-09
1.00497e-06
4.10668e-09
1.00617e-06
5.11842e-09
1.0072e-06
5.92289e-09
1.00805e-06
6.64563e-09
1.00873e-06
7.41368e-09
1.00926e-06
8.31685e-09
1.00967e-06
9.40547e-09
1.00998e-06
1.07163e-08
1.01024e-06
1.22869e-08
1.01046e-06
1.41549e-08
1.01068e-06
1.63642e-08
1.01094e-06
1.89624e-08
1.01126e-06
2.20161e-08
1.01171e-06
2.55629e-08
1.01235e-06
2.9738e-08
1.01326e-06
3.44667e-08
1.01455e-06
4.01575e-08
1.01637e-06
4.62301e-08
1.01887e-06
5.39506e-08
1.02233e-06
6.14278e-08
1.02691e-06
7.15683e-08
1.03323e-06
8.02973e-08
1.04108e-06
9.33769e-08
1.05155e-06
1.02014e-07
1.18513e-07
1.06466e-06
1.00017e-06
1.79569e-10
1.00063e-06
2.26224e-10
1.00142e-06
1.54455e-10
1.00252e-06
5.87705e-10
1.00385e-06
1.5586e-09
1.00523e-06
2.72072e-09
1.00655e-06
3.80026e-09
1.00773e-06
4.74561e-09
1.00874e-06
5.63157e-09
1.0096e-06
6.55254e-09
1.01034e-06
7.58325e-09
1.01098e-06
8.76674e-09
1.01155e-06
1.01374e-08
1.01211e-06
1.17326e-08
1.01267e-06
1.35894e-08
1.01329e-06
1.57504e-08
1.01399e-06
1.82587e-08
1.01483e-06
2.1174e-08
1.01587e-06
2.45253e-08
1.01718e-06
2.84342e-08
1.01883e-06
3.28127e-08
1.02095e-06
3.80362e-08
1.02365e-06
4.3529e-08
1.02714e-06
5.0465e-08
1.03154e-06
5.70217e-08
1.03717e-06
6.59406e-08
1.04425e-06
7.32178e-08
1.05299e-06
8.46406e-08
1.06376e-06
9.12363e-08
1.05282e-07
1.077e-06
1.00019e-06
-8.14978e-12
1.0007e-06
-2.82738e-10
1.00154e-06
-6.91985e-10
1.00273e-06
-6.00823e-10
1.00417e-06
1.24978e-10
1.00568e-06
1.21072e-09
1.00712e-06
2.35104e-09
1.00844e-06
3.4332e-09
1.00959e-06
4.47653e-09
1.0106e-06
5.53969e-09
1.01151e-06
6.67871e-09
1.01234e-06
7.93154e-09
1.01315e-06
9.3316e-09
1.01397e-06
1.09152e-08
1.01484e-06
1.27193e-08
1.0158e-06
1.47853e-08
1.01691e-06
1.71522e-08
1.01821e-06
1.98733e-08
1.01976e-06
2.29715e-08
1.02165e-06
2.65519e-08
1.02393e-06
3.05248e-08
1.02675e-06
3.52187e-08
1.03018e-06
4.01035e-08
1.03444e-06
4.62035e-08
1.03957e-06
5.189e-08
1.04595e-06
5.95599e-08
1.05354e-06
6.56329e-08
1.06282e-06
7.5354e-08
1.07365e-06
8.0407e-08
9.208e-08
1.08685e-06
1.00022e-06
-2.24828e-10
1.00081e-06
-8.73907e-10
1.00177e-06
-1.65247e-09
1.00309e-06
-1.92243e-09
1.00466e-06
-1.44855e-09
1.00631e-06
-4.36727e-10
1.00789e-06
7.72256e-10
1.00932e-06
2.00261e-09
1.01059e-06
3.20969e-09
1.01172e-06
4.4107e-09
1.01275e-06
5.64257e-09
1.01374e-06
6.94028e-09
1.01474e-06
8.3389e-09
1.01578e-06
9.87532e-09
1.01691e-06
1.15874e-08
1.01818e-06
1.35155e-08
1.01963e-06
1.56956e-08
1.02133e-06
1.81751e-08
1.02333e-06
2.0973e-08
1.02571e-06
2.4178e-08
1.02852e-06
2.77057e-08
1.03191e-06
3.18324e-08
1.03592e-06
3.60943e-08
1.04078e-06
4.13449e-08
1.04646e-06
4.62068e-08
1.05335e-06
5.26672e-08
1.06127e-06
5.77139e-08
1.07085e-06
6.57814e-08
1.08158e-06
6.96695e-08
7.91683e-08
1.09449e-06
1.00027e-06
-4.98843e-10
1.00099e-06
-1.59068e-09
1.00211e-06
-2.77075e-09
1.00361e-06
-3.42829e-09
1.00538e-06
-3.21386e-09
1.0072e-06
-2.25901e-09
1.0089e-06
-9.30131e-10
1.01042e-06
4.9098e-10
1.01174e-06
1.88383e-09
1.01293e-06
3.21943e-09
1.01405e-06
4.52807e-09
1.01515e-06
5.84338e-09
1.01628e-06
7.20633e-09
1.01749e-06
8.6582e-09
1.01884e-06
1.02393e-08
1.02037e-06
1.19894e-08
1.02212e-06
1.39429e-08
1.02415e-06
1.61425e-08
1.02652e-06
1.86025e-08
1.02931e-06
2.13962e-08
1.03256e-06
2.44496e-08
1.03641e-06
2.79884e-08
1.04088e-06
3.16233e-08
1.04619e-06
3.60373e-08
1.05227e-06
4.0118e-08
1.0595e-06
4.5438e-08
1.06764e-06
4.95817e-08
1.0773e-06
5.61131e-08
1.08787e-06
5.91052e-08
6.66543e-08
1.10038e-06
1.0004e-06
-8.95813e-10
1.00133e-06
-2.52534e-09
1.0027e-06
-4.14325e-09
1.00446e-06
-5.18783e-09
1.00644e-06
-5.19034e-09
1.00839e-06
-4.20891e-09
1.01015e-06
-2.68633e-09
1.01166e-06
-1.02641e-09
1.01299e-06
5.56706e-10
1.0142e-06
2.01302e-09
1.01535e-06
3.37918e-09
1.0165e-06
4.68473e-09
1.01773e-06
5.97787e-09
1.01908e-06
7.30867e-09
1.0206e-06
8.72161e-09
1.02233e-06
1.02572e-08
1.02433e-06
1.19485e-08
1.02664e-06
1.3834e-08
1.02931e-06
1.59261e-08
1.03242e-06
1.82832e-08
1.03603e-06
2.08442e-08
1.04023e-06
2.37858e-08
1.04506e-06
2.6795e-08
1.0507e-06
3.03978e-08
1.05708e-06
3.37365e-08
1.06452e-06
3.79976e-08
1.07278e-06
4.13261e-08
1.08242e-06
4.64721e-08
1.09278e-06
4.87425e-08
5.45933e-08
1.10484e-06
1.00055e-06
-1.44378e-09
1.00182e-06
-3.79268e-09
1.00359e-06
-5.9151e-09
1.00576e-06
-7.35654e-09
1.00804e-06
-7.46985e-09
1.01012e-06
-6.29156e-09
1.01188e-06
-4.44798e-09
1.01333e-06
-2.48146e-09
1.01456e-06
-6.69102e-10
1.01564e-06
9.35473e-10
1.0167e-06
2.31825e-09
1.01783e-06
3.55438e-09
1.01909e-06
4.72211e-09
1.02051e-06
5.88271e-09
1.02215e-06
7.0845e-09
1.02404e-06
8.36829e-09
1.02622e-06
9.76526e-09
1.02875e-06
1.13081e-08
1.03166e-06
1.30077e-08
1.03504e-06
1.49093e-08
1.03892e-06
1.69655e-08
1.04339e-06
1.93082e-08
1.04849e-06
2.16987e-08
1.05437e-06
2.45217e-08
1.06095e-06
2.71511e-08
1.06852e-06
3.04306e-08
1.07683e-06
3.30123e-08
1.08639e-06
3.69174e-08
1.09655e-06
3.85834e-08
4.29659e-08
1.10817e-06
1.00097e-06
-2.41746e-09
1.00275e-06
-5.57007e-09
1.00505e-06
-8.21582e-09
1.00765e-06
-9.95441e-09
1.01011e-06
-9.93346e-09
1.01216e-06
-8.34059e-09
1.01376e-06
-6.04974e-09
1.01499e-06
-3.70675e-09
1.01597e-06
-1.648e-09
1.01687e-06
2.96396e-11
1.01786e-06
1.33123e-09
1.01897e-06
2.44762e-09
1.02024e-06
3.45101e-09
1.02172e-06
4.40606e-09
1.02344e-06
5.36259e-09
1.02544e-06
6.3634e-09
1.02777e-06
7.43887e-09
1.03046e-06
8.61585e-09
1.03356e-06
9.9045e-09
1.03714e-06
1.13377e-08
1.04122e-06
1.2882e-08
1.0459e-06
1.46268e-08
1.05119e-06
1.64089e-08
1.05723e-06
1.84794e-08
1.06395e-06
2.04339e-08
1.07159e-06
2.27882e-08
1.07991e-06
2.46901e-08
1.08937e-06
2.74616e-08
1.09934e-06
2.86173e-08
3.1718e-08
1.11058e-06
1.00201e-06
-4.43001e-09
1.00486e-06
-8.41935e-09
1.00823e-06
-1.15802e-08
1.0117e-06
-1.34289e-08
1.01436e-06
-1.25941e-08
1.01604e-06
-1.0021e-08
1.01704e-06
-7.05195e-09
1.01762e-06
-4.27815e-09
1.01801e-06
-2.04022e-09
1.01849e-06
-4.50568e-10
1.01913e-06
6.85251e-10
1.02003e-06
1.55155e-09
1.0212e-06
2.28267e-09
1.02265e-06
2.95184e-09
1.02441e-06
3.60812e-09
1.02648e-06
4.28757e-09
1.02891e-06
5.01368e-09
1.03172e-06
5.80462e-09
1.03496e-06
6.66719e-09
1.03867e-06
7.62204e-09
1.0429e-06
8.64993e-09
1.04773e-06
9.8007e-09
1.05316e-06
1.09839e-08
1.05931e-06
1.23234e-08
1.06611e-06
1.36357e-08
1.0738e-06
1.51006e-08
1.08209e-06
1.64016e-08
1.09148e-06
1.80679e-08
1.10126e-06
1.88361e-08
2.07283e-08
1.11225e-06
1.003e-06
-7.42839e-09
1.00629e-06
-1.1713e-08
1.00974e-06
-1.50276e-08
1.01275e-06
-1.64433e-08
1.01452e-06
-1.43602e-08
1.0153e-06
-1.08007e-08
1.0156e-06
-7.34768e-09
1.01566e-06
-4.34163e-09
1.01573e-06
-2.10847e-09
1.01601e-06
-7.3309e-10
1.01661e-06
8.45578e-11
1.01753e-06
6.3515e-10
1.01874e-06
1.07e-09
1.02026e-06
1.43623e-09
1.02209e-06
1.7756e-09
1.02426e-06
2.1175e-09
1.02679e-06
2.47791e-09
1.02973e-06
2.8678e-09
1.03311e-06
3.29122e-09
1.03697e-06
3.7583e-09
1.04136e-06
4.25963e-09
1.04634e-06
4.81825e-09
1.05193e-06
5.3935e-09
1.05822e-06
6.03604e-09
1.06518e-06
6.67892e-09
1.07292e-06
7.3567e-09
1.08131e-06
8.01097e-09
1.09065e-06
8.72974e-09
1.10037e-06
9.11413e-09
9.78055e-09
1.11132e-06
9.92572e-07
9.80859e-07
9.65831e-07
9.49388e-07
9.35027e-07
9.24227e-07
9.16879e-07
9.12537e-07
9.10429e-07
9.09696e-07
9.0978e-07
9.10416e-07
9.11486e-07
9.12922e-07
9.14697e-07
9.16815e-07
9.19293e-07
9.22161e-07
9.25452e-07
9.2921e-07
9.3347e-07
9.38288e-07
9.43682e-07
9.49718e-07
9.56396e-07
9.63753e-07
9.71764e-07
9.80494e-07
9.89608e-07
9.99389e-07
6.02123e-07
-7.24379e-08
6.68586e-07
-6.64624e-08
7.28777e-07
-6.01915e-08
7.34037e-07
-5.25944e-09
8.1817e-07
-8.41331e-08
7.61828e-07
5.63415e-08
8.61881e-07
-1.00052e-07
9.28628e-07
-6.67476e-08
8.65658e-07
6.29698e-08
-3.27029e-07
1.19269e-06
8.10929e-07
-1.18832e-07
8.23809e-07
-7.9343e-08
8.69391e-07
-1.05773e-07
8.96963e-07
-3.28316e-08
8.79129e-07
-6.62983e-08
1.00295e-06
-6.74791e-08
9.95153e-07
-9.22559e-08
9.64087e-07
-3.56817e-08
1.124e-06
-9.69434e-08
-4.98697e-07
1.29567e-06
8.48811e-07
-1.30698e-07
8.76662e-07
-1.07195e-07
8.88147e-07
-1.17258e-07
9.14945e-07
-5.96301e-08
9.58882e-07
-1.10235e-07
9.72481e-07
-8.10785e-08
9.89545e-07
-1.0932e-07
1.09892e-06
-1.4506e-07
1.14891e-06
-1.46928e-07
-4.44238e-07
1.09445e-06
9.1265e-07
-1.45749e-07
9.27575e-07
-1.22119e-07
9.30971e-07
-1.20654e-07
9.70753e-07
-9.94121e-08
9.69898e-07
-1.0938e-07
1.00575e-06
-1.16931e-07
1.03183e-06
-1.35404e-07
1.07171e-06
-1.84935e-07
1.1183e-06
-1.93515e-07
-3.99233e-07
1.07329e-06
9.45854e-07
-1.51992e-07
9.5229e-07
-1.28555e-07
9.66593e-07
-1.34957e-07
9.75717e-07
-1.08536e-07
9.99059e-07
-1.32722e-07
1.02163e-06
-1.39506e-07
1.03931e-06
-1.53081e-07
1.06429e-06
-2.09919e-07
1.11233e-06
-2.41547e-07
-3.90542e-07
1.10364e-06
9.79126e-07
-1.53791e-07
9.89469e-07
-1.38898e-07
9.89508e-07
-1.34996e-07
1.01249e-06
-1.31523e-07
1.01884e-06
-1.39066e-07
1.03108e-06
-1.51745e-07
1.05341e-06
-1.75412e-07
1.06387e-06
-2.20376e-07
1.07312e-06
-2.50798e-07
-3.60412e-07
1.04299e-06
1.00584e-06
-1.54185e-07
1.00669e-06
-1.39749e-07
1.01286e-06
-1.41163e-07
1.01826e-06
-1.36923e-07
1.02632e-06
-1.47124e-07
1.03925e-06
-1.64677e-07
1.04478e-06
-1.80941e-07
1.0504e-06
-2.25994e-07
1.06322e-06
-2.63625e-07
-3.40373e-07
1.04318e-06
1.02653e-06
-1.50695e-07
1.02863e-06
-1.41855e-07
1.02814e-06
-1.40668e-07
1.03453e-06
-1.4332e-07
1.03867e-06
-1.51259e-07
1.03857e-06
-1.64576e-07
1.04562e-06
-1.87994e-07
1.04234e-06
-2.22714e-07
1.0353e-06
-2.56581e-07
-3.16299e-07
1.01122e-06
1.04426e-06
-1.46068e-07
1.04128e-06
-1.38878e-07
1.03997e-06
-1.3936e-07
1.03963e-06
-1.42973e-07
1.03847e-06
-1.501e-07
1.0397e-06
-1.65812e-07
1.0363e-06
-1.84589e-07
1.02977e-06
-2.16185e-07
1.02116e-06
-2.47972e-07
-2.93345e-07
9.98206e-07
1.0576e-06
-1.39006e-07
1.05319e-06
-1.34464e-07
1.04884e-06
-1.35009e-07
1.04531e-06
-1.39445e-07
1.04227e-06
-1.47059e-07
1.03664e-06
-1.60181e-07
1.03111e-06
-1.79063e-07
1.01975e-06
-2.04826e-07
1.00406e-06
-2.3228e-07
-2.68664e-07
9.79377e-07
1.06837e-06
-1.30385e-07
1.0613e-06
-1.27392e-07
1.05451e-06
-1.2822e-07
1.04786e-06
-1.32796e-07
1.04092e-06
-1.4011e-07
1.03342e-06
-1.52688e-07
1.02303e-06
-1.68672e-07
1.00894e-06
-1.90734e-07
9.91261e-07
-2.14601e-07
-2.43702e-07
9.66299e-07
1.07657e-06
-1.201e-07
1.0676e-06
-1.1842e-07
1.0587e-06
-1.19319e-07
1.04955e-06
-1.23649e-07
1.0403e-06
-1.30855e-07
1.02936e-06
-1.41752e-07
1.01656e-06
-1.55875e-07
1.00004e-06
-1.74211e-07
9.79724e-07
-1.94287e-07
-2.17902e-07
9.53924e-07
1.08279e-06
-1.08391e-07
1.07197e-06
-1.07602e-07
1.06114e-06
-1.08487e-07
1.05001e-06
-1.12523e-07
1.03826e-06
-1.19105e-07
1.02522e-06
-1.28713e-07
1.01001e-06
-1.40666e-07
9.91684e-07
-1.55883e-07
9.70104e-07
-1.72707e-07
-1.9182e-07
9.44023e-07
1.08738e-06
-9.5388e-08
1.07499e-06
-9.52129e-08
1.06259e-06
-9.60858e-08
1.04978e-06
-9.9712e-08
1.03624e-06
-1.05572e-07
1.02127e-06
-1.13742e-07
1.00439e-06
-1.23783e-07
9.84743e-07
-1.36237e-07
9.62077e-07
-1.50041e-07
-1.65435e-07
9.35692e-07
1.09073e-06
-8.12721e-08
1.077e-06
-8.1485e-08
1.06327e-06
-8.2352e-08
1.04909e-06
-8.5532e-08
1.03405e-06
-9.05388e-08
1.01765e-06
-9.73397e-08
9.99445e-07
-1.05577e-07
9.78789e-07
-1.15581e-07
9.55467e-07
-1.26719e-07
-1.38909e-07
9.28941e-07
1.09315e-06
-6.62465e-08
1.07834e-06
-6.66719e-08
1.06351e-06
-6.75294e-08
1.0482e-06
-7.02214e-08
1.03204e-06
-7.43744e-08
1.01452e-06
-7.98247e-08
9.95356e-07
-8.64101e-08
9.73984e-07
-9.42081e-08
9.50201e-07
-1.02936e-07
-1.12321e-07
9.23614e-07
1.09486e-06
-5.05269e-08
1.07922e-06
-5.10315e-08
1.06354e-06
-5.18467e-08
1.04734e-06
-5.40184e-08
1.03032e-06
-5.7351e-08
1.01197e-06
-6.14791e-08
9.92093e-07
-6.65333e-08
9.70195e-07
-7.23101e-08
9.46102e-07
-7.8843e-08
-8.57001e-08
9.1948e-07
1.09596e-06
-3.42333e-08
1.07963e-06
-3.47064e-08
1.06324e-06
-3.54559e-08
1.04632e-06
-3.71022e-08
1.02861e-06
-3.96387e-08
1.00964e-06
-4.25076e-08
9.89231e-07
-4.61236e-08
9.66868e-07
-4.99471e-08
9.42533e-07
-5.45076e-08
-5.88341e-08
9.15667e-07
1.09351e-06
-1.64187e-08
1.07579e-06
-1.699e-08
1.05815e-06
-1.78203e-08
1.04012e-06
-1.90717e-08
1.02125e-06
-2.07682e-08
1.00126e-06
-2.25124e-08
9.79688e-07
-2.45547e-08
9.56263e-07
-2.65218e-08
9.30841e-07
-2.90859e-08
-3.09563e-08
9.02963e-07
9.8297e-07
9.6598e-07
9.4816e-07
9.29088e-07
9.0832e-07
8.85807e-07
8.61253e-07
8.34731e-07
8.05645e-07
7.74688e-07
-1.46567e-07
1.46567e-07
-2.89695e-07
1.43127e-07
-3.50322e-07
6.06272e-08
-2.78658e-07
-7.16639e-08
-1.31116e-07
-1.47542e-07
2.42641e-08
-1.5538e-07
1.61123e-07
-1.36858e-07
2.6924e-07
-1.08117e-07
3.49916e-07
-8.06759e-08
4.0822e-07
-5.83039e-08
4.4991e-07
-4.16902e-08
4.7984e-07
-2.99303e-08
5.01636e-07
-2.17958e-08
5.17823e-07
-1.6187e-08
5.30099e-07
-1.22766e-08
5.39597e-07
-9.49747e-09
5.47074e-07
-7.47722e-09
5.53048e-07
-5.97368e-09
5.57878e-07
-4.82974e-09
5.6182e-07
-3.94269e-09
5.65064e-07
-3.24338e-09
5.67748e-07
-2.68406e-09
5.69979e-07
-2.23173e-09
5.71843e-07
-1.86309e-09
5.73403e-07
-1.56056e-09
5.74714e-07
-1.31056e-09
5.75816e-07
-1.10276e-09
5.76746e-07
-9.29376e-10
5.7753e-07
-7.84162e-10
5.78192e-07
-6.62246e-10
5.78752e-07
-5.59761e-10
5.79225e-07
-4.73224e-10
5.79627e-07
-4.01446e-10
5.79964e-07
-3.37383e-10
5.80255e-07
-2.91014e-10
5.80491e-07
-2.35766e-10
5.80706e-07
-2.14975e-10
5.80868e-07
-1.62465e-10
5.81025e-07
-1.56622e-10
-1.18623e-10
-1.08399e-07
2.54966e-07
-3.04358e-07
3.39086e-07
-3.92297e-07
1.48567e-07
-2.97254e-07
-1.66708e-07
-1.18166e-07
-3.26629e-07
6.08856e-08
-3.34432e-07
2.14349e-07
-2.90322e-07
3.35463e-07
-2.29231e-07
4.26798e-07
-1.72011e-07
4.94232e-07
-1.25737e-07
5.43834e-07
-9.12926e-08
5.80591e-07
-6.66875e-08
6.0819e-07
-4.93948e-08
6.29233e-07
-3.72295e-08
6.45526e-07
-2.85705e-08
6.58327e-07
-2.2298e-08
6.68513e-07
-1.76635e-08
6.7671e-07
-1.41701e-08
6.83367e-07
-1.14872e-08
6.88817e-07
-9.39221e-09
6.93306e-07
-7.73303e-09
6.97025e-07
-6.40289e-09
7.00119e-07
-5.32585e-09
7.02703e-07
-4.44684e-09
7.04867e-07
-3.72464e-09
7.06684e-07
-3.12762e-09
7.08213e-07
-2.63155e-09
7.09501e-07
-2.21776e-09
7.10589e-07
-1.87152e-09
7.11507e-07
-1.58095e-09
7.12285e-07
-1.3369e-09
7.12942e-07
-1.1303e-09
7.13499e-07
-9.59042e-10
7.13968e-07
-8.05696e-10
7.14371e-07
-6.94871e-10
7.14699e-07
-5.63501e-10
7.14997e-07
-5.12455e-10
7.15223e-07
-3.89231e-10
7.15439e-07
-3.72126e-10
-2.77523e-10
-2.13496e-07
4.68462e-07
-4.06646e-07
5.32237e-07
-4.77637e-07
2.19557e-07
-3.20298e-07
-3.24047e-07
-9.67155e-08
-5.50211e-07
9.2004e-08
-5.23152e-07
2.43452e-07
-4.4177e-07
3.59512e-07
-3.45292e-07
4.45753e-07
-2.58252e-07
5.088e-07
-1.88784e-07
5.55076e-07
-1.37569e-07
5.89607e-07
-1.01218e-07
6.15878e-07
-7.56659e-08
6.3622e-07
-5.75711e-08
6.52206e-07
-4.45569e-08
6.64927e-07
-3.50186e-08
6.75154e-07
-2.78909e-08
6.8345e-07
-2.24655e-08
6.90228e-07
-1.82656e-08
6.95802e-07
-1.4966e-08
7.0041e-07
-1.23406e-08
7.04236e-07
-1.02292e-08
7.07425e-07
-8.51552e-09
7.10093e-07
-7.11427e-09
7.1233e-07
-5.96123e-09
7.14209e-07
-5.00722e-09
7.15792e-07
-4.21419e-09
7.17126e-07
-3.55246e-09
7.18254e-07
-2.99862e-09
7.19206e-07
-2.53368e-09
7.20013e-07
-2.14316e-09
7.20694e-07
-1.81221e-09
7.21273e-07
-1.53792e-09
7.2176e-07
-1.29217e-09
7.22179e-07
-1.11435e-09
7.22521e-07
-9.04875e-10
7.22829e-07
-8.21096e-10
7.23066e-07
-6.25969e-10
7.2329e-07
-5.95829e-10
-4.39726e-10
-1.71728e-07
6.40191e-07
-4.00962e-07
7.61471e-07
-4.46773e-07
2.65368e-07
-2.12575e-07
-5.58244e-07
3.57368e-08
-7.98524e-07
2.16121e-07
-7.03536e-07
3.31782e-07
-5.5743e-07
4.18735e-07
-4.32245e-07
4.86097e-07
-3.25614e-07
5.36778e-07
-2.39466e-07
5.74606e-07
-1.75396e-07
6.03301e-07
-1.29914e-07
6.2557e-07
-9.79347e-08
6.43185e-07
-7.51861e-08
6.57314e-07
-5.86856e-08
6.68759e-07
-4.6464e-08
6.78099e-07
-3.7231e-08
6.85766e-07
-3.01325e-08
6.92091e-07
-2.45907e-08
6.97331e-07
-2.02064e-08
7.01689e-07
-1.66984e-08
7.05325e-07
-1.38649e-08
7.08367e-07
-1.15577e-08
7.10919e-07
-9.66603e-09
7.13064e-07
-8.10603e-09
7.1487e-07
-6.81322e-09
7.16393e-07
-5.73732e-09
7.17679e-07
-4.8387e-09
7.18767e-07
-4.08601e-09
7.19687e-07
-3.45371e-09
7.20466e-07
-2.92232e-09
7.21125e-07
-2.47164e-09
7.21685e-07
-2.09795e-09
7.22156e-07
-1.76319e-09
7.22562e-07
-1.52035e-09
7.22893e-07
-1.23576e-09
7.23192e-07
-1.11969e-09
7.23421e-07
-8.54984e-10
7.23637e-07
-8.12038e-10
-5.95989e-10
-9.57689e-08
7.35959e-07
-3.01832e-07
9.67534e-07
-2.29389e-07
1.92925e-07
3.9935e-08
-8.27568e-07
3.02678e-07
-1.06127e-06
4.5572e-07
-8.56579e-07
5.05501e-07
-6.07211e-07
5.26539e-07
-4.53283e-07
5.50735e-07
-3.49809e-07
5.76872e-07
-2.65603e-07
6.00701e-07
-1.99225e-07
6.20986e-07
-1.50199e-07
6.3794e-07
-1.14889e-07
6.5207e-07
-8.93159e-08
6.63847e-07
-7.04629e-08
6.73665e-07
-5.6282e-08
6.81852e-07
-4.54182e-08
6.88684e-07
-3.69644e-08
6.94392e-07
-3.02985e-08
6.99167e-07
-2.4982e-08
7.0317e-07
-2.07006e-08
7.06529e-07
-1.72245e-08
7.09354e-07
-1.43826e-08
7.11733e-07
-1.20449e-08
7.13739e-07
-1.0112e-08
7.15432e-07
-8.50675e-09
7.16864e-07
-7.16869e-09
7.18075e-07
-6.04967e-09
7.191e-07
-5.11133e-09
7.19969e-07
-4.32229e-09
7.20705e-07
-3.65862e-09
7.21329e-07
-3.09535e-09
7.21859e-07
-2.62797e-09
7.22305e-07
-2.20932e-09
7.22689e-07
-1.9049e-09
7.23003e-07
-1.54942e-09
7.23286e-07
-1.40256e-09
7.23503e-07
-1.07184e-09
7.23707e-07
-1.01673e-09
-7.43512e-10
1.77204e-07
5.58756e-07
-6.73662e-09
1.15147e-06
2.49412e-07
-6.32236e-08
3.98415e-07
-9.76571e-07
5.40726e-07
-1.20358e-06
6.61631e-07
-9.77483e-07
6.9413e-07
-6.3971e-07
6.66148e-07
-4.25302e-07
6.38007e-07
-3.21668e-07
6.2866e-07
-2.56256e-07
6.32417e-07
-2.02982e-07
6.41641e-07
-1.59423e-07
6.5218e-07
-1.25428e-07
6.62315e-07
-9.94507e-08
6.71447e-07
-7.95951e-08
6.79435e-07
-6.42695e-08
6.86313e-07
-5.22967e-08
6.92185e-07
-4.28366e-08
6.97174e-07
-3.52872e-08
7.01402e-07
-2.92094e-08
7.04979e-07
-2.42784e-08
7.08006e-07
-2.02514e-08
7.10567e-07
-1.69434e-08
7.12734e-07
-1.42122e-08
7.1457e-07
-1.19471e-08
7.16124e-07
-1.00614e-08
7.17442e-07
-8.4864e-09
7.18559e-07
-7.16707e-09
7.19507e-07
-6.05923e-09
7.20312e-07
-5.12657e-09
7.20994e-07
-4.34132e-09
7.21573e-07
-3.67432e-09
7.22066e-07
-3.1204e-09
7.2248e-07
-2.62416e-09
7.22838e-07
-2.26263e-09
7.2313e-07
-1.84139e-09
7.23393e-07
-1.66583e-09
7.23595e-07
-1.27361e-09
7.23786e-07
-1.20711e-09
-8.80589e-10
6.11215e-08
4.97634e-07
5.08988e-07
7.03607e-07
8.22002e-07
-3.76237e-07
8.50857e-07
-1.00543e-06
6.93297e-07
-1.04602e-06
6.26179e-07
-9.10365e-07
6.66824e-07
-6.80355e-07
6.94827e-07
-4.53305e-07
6.86425e-07
-3.13266e-07
6.6963e-07
-2.3946e-07
6.61162e-07
-1.94514e-07
6.6138e-07
-1.59642e-07
6.66281e-07
-1.30328e-07
6.72817e-07
-1.05987e-07
6.79491e-07
-8.62694e-08
6.85705e-07
-7.04829e-08
6.91261e-07
-5.78525e-08
6.96128e-07
-4.77039e-08
7.00343e-07
-3.95022e-08
7.03968e-07
-3.28343e-08
7.07072e-07
-2.73825e-08
7.09723e-07
-2.29022e-08
7.11983e-07
-1.92032e-08
7.13907e-07
-1.61366e-08
7.15545e-07
-1.35849e-08
7.16938e-07
-1.14548e-08
7.18123e-07
-9.67155e-09
7.19131e-07
-8.17497e-09
7.19988e-07
-6.91631e-09
7.20717e-07
-5.85528e-09
7.21337e-07
-4.96094e-09
7.21863e-07
-4.20053e-09
7.22311e-07
-3.56847e-09
7.22689e-07
-3.002e-09
7.23015e-07
-2.58871e-09
7.23281e-07
-2.10769e-09
7.23521e-07
-1.906e-09
7.23705e-07
-1.45769e-09
7.23879e-07
-1.38076e-09
-1.00553e-09
1.09924e-06
5.91084e-07
1.28008e-06
5.22768e-07
1.3894e-06
-4.85565e-07
1.2366e-06
-8.52623e-07
8.563e-07
-6.65716e-07
5.61314e-07
-6.15379e-07
5.09803e-07
-6.28845e-07
5.86452e-07
-5.29954e-07
6.61279e-07
-3.88093e-07
6.97902e-07
-2.76083e-07
7.09642e-07
-2.06254e-07
7.12905e-07
-1.62905e-07
7.15254e-07
-1.32678e-07
7.18625e-07
-1.09358e-07
7.22821e-07
-9.04647e-08
7.27277e-07
-7.49392e-08
7.31591e-07
-6.21664e-08
7.35558e-07
-5.16708e-08
7.39102e-07
-4.30469e-08
7.42218e-07
-3.59497e-08
7.44929e-07
-3.00935e-08
7.47273e-07
-2.52462e-08
7.49291e-07
-2.12213e-08
7.51023e-07
-1.7869e-08
7.52507e-07
-1.50689e-08
7.53777e-07
-1.27242e-08
7.54861e-07
-1.07561e-08
7.55787e-07
-9.10074e-09
7.56577e-07
-7.70603e-09
7.5725e-07
-6.52848e-09
7.57824e-07
-5.53459e-09
7.58312e-07
-4.68859e-09
7.58728e-07
-3.98471e-09
7.59079e-07
-3.35346e-09
7.59383e-07
-2.89234e-09
7.59631e-07
-2.35582e-09
7.59855e-07
-2.12991e-09
7.60027e-07
-1.62932e-09
7.60189e-07
-1.54263e-09
-1.122e-09
1.31443e-06
5.72326e-07
1.43983e-06
3.97364e-07
1.32133e-06
-3.67068e-07
1.03194e-06
-5.63226e-07
8.6829e-07
-5.0207e-07
7.65241e-07
-5.1233e-07
6.69256e-07
-5.3286e-07
6.35854e-07
-4.96552e-07
6.50245e-07
-4.02483e-07
6.76109e-07
-3.01948e-07
6.96903e-07
-2.27048e-07
7.10672e-07
-1.76674e-07
7.19581e-07
-1.41587e-07
7.25666e-07
-1.15443e-07
7.30252e-07
-9.50509e-08
7.3406e-07
-7.87471e-08
7.37414e-07
-6.55201e-08
7.4043e-07
-5.46865e-08
7.4314e-07
-4.57576e-08
7.45558e-07
-3.83672e-08
7.47695e-07
-3.22305e-08
7.49569e-07
-2.71204e-08
7.51202e-07
-2.28546e-08
7.52619e-07
-1.92855e-08
7.53843e-07
-1.62928e-08
7.54897e-07
-1.37784e-08
7.55803e-07
-1.16622e-08
7.5658e-07
-9.878e-09
7.57246e-07
-8.37178e-09
7.57816e-07
-7.09794e-09
7.58302e-07
-6.02123e-09
7.58717e-07
-5.10364e-09
7.59072e-07
-4.33941e-09
7.59372e-07
-3.65345e-09
7.59631e-07
-3.15189e-09
7.59844e-07
-2.56814e-09
7.60036e-07
-2.32166e-09
7.60183e-07
-1.77637e-09
7.60321e-07
-1.68133e-09
-1.22182e-09
1.27123e-06
3.95547e-07
1.46208e-06
2.06515e-07
1.29916e-06
-2.04148e-07
1.15406e-06
-4.18132e-07
1.21842e-06
-5.66425e-07
1.30491e-06
-5.98821e-07
1.25469e-06
-4.82643e-07
1.09715e-06
-3.39007e-07
9.4216e-07
-2.47494e-07
8.4075e-07
-2.00538e-07
7.85978e-07
-1.72276e-07
7.59081e-07
-1.49776e-07
7.46899e-07
-1.29405e-07
7.42273e-07
-1.10817e-07
7.41397e-07
-9.41758e-08
7.42251e-07
-7.96007e-08
7.43811e-07
-6.70804e-08
7.45594e-07
-5.64692e-08
7.47378e-07
-4.75415e-08
7.49064e-07
-4.00531e-08
7.50609e-07
-3.37758e-08
7.52e-07
-2.85107e-08
7.53235e-07
-2.40898e-08
7.54322e-07
-2.0373e-08
7.55273e-07
-1.72438e-08
7.56101e-07
-1.46058e-08
7.56817e-07
-1.2379e-08
7.57437e-07
-1.04971e-08
7.5797e-07
-8.90499e-09
7.58428e-07
-7.55616e-09
7.58821e-07
-6.41434e-09
7.59157e-07
-5.43999e-09
7.59446e-07
-4.62767e-09
7.5969e-07
-3.89781e-09
7.59902e-07
-3.36374e-09
7.60075e-07
-2.74167e-09
7.60232e-07
-2.47856e-09
7.60353e-07
-1.89681e-09
7.60466e-07
-1.79497e-09
-1.30362e-09
1.23923e-06
2.2961e-07
1.32289e-06
1.22852e-07
1.23052e-06
-1.11781e-07
1.08962e-06
-2.77231e-07
8.78447e-07
-3.55249e-07
6.89408e-07
-4.09782e-07
6.27493e-07
-4.20728e-07
6.44301e-07
-3.55815e-07
6.79511e-07
-2.82704e-07
7.08712e-07
-2.29739e-07
7.27601e-07
-1.91166e-07
7.3828e-07
-1.60455e-07
7.43774e-07
-1.34899e-07
7.46415e-07
-1.13459e-07
7.47769e-07
-9.55295e-08
7.48717e-07
-8.05484e-08
7.49631e-07
-6.79944e-08
7.50603e-07
-5.74416e-08
7.51617e-07
-4.85549e-08
7.52629e-07
-4.10652e-08
7.53603e-07
-3.47497e-08
7.54514e-07
-2.94218e-08
7.55348e-07
-2.49246e-08
7.56101e-07
-2.1126e-08
7.56773e-07
-1.79152e-08
7.57366e-07
-1.51991e-08
7.57887e-07
-1.28996e-08
7.58341e-07
-1.09513e-08
7.58736e-07
-9.29959e-09
7.59077e-07
-7.89765e-09
7.59372e-07
-6.70903e-09
7.59625e-07
-5.69338e-09
7.59843e-07
-4.84574e-09
7.60029e-07
-4.08329e-09
7.6019e-07
-3.52502e-09
7.60322e-07
-2.87404e-09
7.60442e-07
-2.59848e-09
7.60534e-07
-1.98899e-09
7.60622e-07
-1.88201e-09
-1.36633e-09
1.16694e-06
1.66304e-07
1.2103e-06
7.94919e-08
1.22152e-06
-1.23003e-07
1.19338e-06
-2.4909e-07
1.10903e-06
-2.709e-07
9.99518e-07
-3.00266e-07
9.02503e-07
-3.23714e-07
8.49244e-07
-3.02556e-07
8.21968e-07
-2.55428e-07
8.02423e-07
-2.10194e-07
7.86134e-07
-1.74876e-07
7.73645e-07
-1.47967e-07
7.65254e-07
-1.26507e-07
7.6027e-07
-1.08475e-07
7.57592e-07
-9.28508e-08
7.56286e-07
-7.92427e-08
7.55764e-07
-6.74729e-08
7.55694e-07
-5.7371e-08
7.55884e-07
-4.87449e-08
7.5622e-07
-4.14012e-08
7.5663e-07
-3.51599e-08
7.57069e-07
-2.98602e-08
7.57506e-07
-2.53622e-08
7.57925e-07
-2.15451e-08
7.58316e-07
-1.83055e-08
7.58672e-07
-1.55556e-08
7.58993e-07
-1.32205e-08
7.59279e-07
-1.12371e-08
7.59531e-07
-9.55198e-09
7.59753e-07
-8.11899e-09
7.59946e-07
-6.90212e-09
7.60113e-07
-5.86091e-09
7.60258e-07
-4.99101e-09
7.60383e-07
-4.20759e-09
7.60491e-07
-3.6337e-09
7.60581e-07
-2.96355e-09
7.60662e-07
-2.67987e-09
7.60725e-07
-2.05172e-09
7.60784e-07
-1.94132e-09
-1.40912e-09
1.11255e-06
9.67411e-08
1.15005e-06
4.19921e-08
1.08808e-06
-6.10375e-08
1.01072e-06
-1.71728e-07
9.84045e-07
-2.44223e-07
9.57716e-07
-2.73938e-07
9.06219e-07
-2.72216e-07
8.48896e-07
-2.45233e-07
8.09279e-07
-2.15811e-07
7.88365e-07
-1.89279e-07
7.78519e-07
-1.65031e-07
7.73395e-07
-1.42843e-07
7.69848e-07
-1.2296e-07
7.66907e-07
-1.05534e-07
7.645e-07
-9.0444e-08
7.62676e-07
-7.74193e-08
7.61394e-07
-6.61907e-08
7.60551e-07
-5.65279e-08
7.60036e-07
-4.82304e-08
7.59756e-07
-4.11204e-08
7.59635e-07
-3.50391e-08
7.5962e-07
-2.98453e-08
7.59672e-07
-2.54142e-08
7.59764e-07
-2.16367e-08
7.59876e-07
-1.84181e-08
7.59997e-07
-1.56766e-08
7.60119e-07
-1.33419e-08
7.60235e-07
-1.13538e-08
7.60344e-07
-9.66092e-09
7.60444e-07
-8.2187e-09
7.60534e-07
-6.99207e-09
7.60614e-07
-5.94106e-09
7.60685e-07
-5.06204e-09
7.60747e-07
-4.26939e-09
7.60802e-07
-3.68853e-09
7.60847e-07
-3.00917e-09
7.60889e-07
-2.72176e-09
7.60922e-07
-2.08423e-09
7.60952e-07
-1.97218e-09
-1.43146e-09
1.06815e-06
7.17763e-08
1.08975e-06
2.03917e-08
1.0944e-06
-6.56895e-08
1.06473e-06
-1.42059e-07
1.00114e-06
-1.80627e-07
9.33669e-07
-2.0647e-07
8.81168e-07
-2.19715e-07
8.50837e-07
-2.14902e-07
8.31099e-07
-1.96073e-07
8.15052e-07
-1.73233e-07
8.01406e-07
-1.51385e-07
7.90493e-07
-1.3193e-07
7.82347e-07
-1.14814e-07
7.76463e-07
-9.96494e-08
7.7222e-07
-8.62008e-08
7.69139e-07
-7.43385e-08
7.66893e-07
-6.39443e-08
7.65255e-07
-5.48895e-08
7.64063e-07
-4.70386e-08
7.63199e-07
-4.0257e-08
7.62577e-07
-3.44167e-08
7.62131e-07
-2.93991e-08
7.61813e-07
-2.50964e-08
7.61588e-07
-2.1412e-08
7.61431e-07
-1.82605e-08
7.61321e-07
-1.55671e-08
7.61246e-07
-1.32668e-08
7.61195e-07
-1.13031e-08
7.61162e-07
-9.62742e-09
7.6114e-07
-8.19724e-09
7.61127e-07
-6.97896e-09
7.6112e-07
-5.93366e-09
7.61116e-07
-5.05852e-09
7.61115e-07
-4.26831e-09
7.61116e-07
-3.68913e-09
7.61117e-07
-3.01051e-09
7.61119e-07
-2.72375e-09
7.61121e-07
-2.08619e-09
7.61123e-07
-1.97427e-09
-1.43311e-09
1.03618e-06
4.68203e-08
1.04886e-06
7.71157e-09
1.03178e-06
-4.86138e-08
9.97668e-07
-1.07944e-07
9.68912e-07
-1.5187e-07
9.38476e-07
-1.76035e-07
9.03744e-07
-1.84984e-07
8.69737e-07
-1.80895e-07
8.42151e-07
-1.68488e-07
8.22191e-07
-1.53273e-07
8.08084e-07
-1.37277e-07
7.97743e-07
-1.2159e-07
7.89812e-07
-1.06883e-07
7.83604e-07
-9.34415e-08
7.78738e-07
-8.13343e-08
7.74937e-07
-7.05377e-08
7.71978e-07
-6.09856e-08
7.69679e-07
-5.25898e-08
7.67891e-07
-4.52511e-08
7.665e-07
-3.88659e-08
7.65415e-07
-3.33317e-08
7.64566e-07
-2.85502e-08
7.63899e-07
-2.44297e-08
7.63373e-07
-2.08861e-08
7.62957e-07
-1.78437e-08
7.62625e-07
-1.52352e-08
7.62359e-07
-1.30011e-08
7.62145e-07
-1.10893e-08
7.61972e-07
-9.45455e-09
7.61832e-07
-8.0568e-09
7.61717e-07
-6.86435e-09
7.61623e-07
-5.83982e-09
7.61546e-07
-4.98122e-09
7.61483e-07
-4.2049e-09
7.61429e-07
-3.63586e-09
7.61387e-07
-2.96784e-09
7.61349e-07
-2.68605e-09
7.61321e-07
-2.05773e-09
7.61294e-07
-1.94768e-09
-1.41414e-09
1.00986e-06
3.51619e-08
1.01832e-06
-7.39386e-10
1.01414e-06
-4.44365e-08
9.94724e-07
-8.85298e-08
9.64352e-07
-1.21498e-07
9.30814e-07
-1.42497e-07
8.98868e-07
-1.53038e-07
8.71432e-07
-1.53458e-07
8.49538e-07
-1.46593e-07
8.31951e-07
-1.35686e-07
8.1782e-07
-1.23146e-07
8.06556e-07
-1.10325e-07
7.97608e-07
-9.79352e-08
7.90497e-07
-8.63303e-08
7.84835e-07
-7.56722e-08
7.80317e-07
-6.60203e-08
7.76706e-07
-5.73745e-08
7.73814e-07
-4.96976e-08
7.71492e-07
-4.29295e-08
7.69624e-07
-3.69977e-08
7.68116e-07
-3.1824e-08
7.66896e-07
-2.73295e-08
7.65904e-07
-2.34379e-08
7.65095e-07
-2.00774e-08
7.64433e-07
-1.71819e-08
7.6389e-07
-1.46916e-08
7.63442e-07
-1.25531e-08
7.63071e-07
-1.07188e-08
7.62764e-07
-9.14725e-09
7.62509e-07
-7.80121e-09
7.62295e-07
-6.65123e-09
7.62117e-07
-5.66187e-09
7.61968e-07
-4.83198e-09
7.61844e-07
-4.08061e-09
7.61738e-07
-3.5299e-09
7.61652e-07
-2.88205e-09
7.61575e-07
-2.6094e-09
7.61517e-07
-1.9994e-09
7.61462e-07
-1.89292e-09
-1.37489e-09
9.8995e-07
2.4589e-08
9.93345e-07
-4.13422e-09
9.8679e-07
-3.78811e-08
9.69862e-07
-7.16018e-08
9.47955e-07
-9.95909e-08
9.23872e-07
-1.18414e-07
8.9904e-07
-1.28206e-07
8.75787e-07
-1.30206e-07
8.5549e-07
-1.26296e-07
8.38513e-07
-1.18709e-07
8.24585e-07
-1.09218e-07
8.13224e-07
-9.89647e-08
8.0396e-07
-8.86711e-08
7.96396e-07
-7.87665e-08
7.90214e-07
-6.94896e-08
7.85156e-07
-6.09624e-08
7.81014e-07
-5.3233e-08
7.77619e-07
-4.63027e-08
7.74833e-07
-4.01427e-08
7.72541e-07
-3.47061e-08
7.70653e-07
-2.99359e-08
7.69094e-07
-2.57704e-08
7.67803e-07
-2.21475e-08
7.66733e-07
-1.90067e-08
7.65842e-07
-1.62915e-08
7.651e-07
-1.39494e-08
7.6448e-07
-1.19331e-08
7.63961e-07
-1.01999e-08
7.63526e-07
-8.71212e-09
7.63161e-07
-7.43579e-09
7.62854e-07
-6.34386e-09
7.62595e-07
-5.40327e-09
7.62377e-07
-4.6136e-09
7.62194e-07
-3.8977e-09
7.62037e-07
-3.37311e-09
7.61909e-07
-2.75463e-09
7.61795e-07
-2.4951e-09
7.61708e-07
-1.91218e-09
7.61626e-07
-1.81089e-09
-1.31599e-09
9.7269e-07
1.81972e-08
9.75322e-07
-6.76601e-09
9.7055e-07
-3.31089e-08
9.58105e-07
-5.91571e-08
9.40066e-07
-8.15516e-08
9.19278e-07
-9.76256e-08
8.97883e-07
-1.06811e-07
8.77546e-07
-1.09869e-07
8.59325e-07
-1.08075e-07
8.43564e-07
-1.02948e-07
8.30169e-07
-9.58231e-08
8.18892e-07
-8.76886e-08
8.09448e-07
-7.92263e-08
8.01557e-07
-7.08754e-08
7.94972e-07
-6.29047e-08
7.89479e-07
-5.54702e-08
7.84899e-07
-4.86529e-08
7.81079e-07
-4.24823e-08
7.7789e-07
-3.69544e-08
7.75228e-07
-3.20433e-08
7.73002e-07
-2.77098e-08
7.71138e-07
-2.39073e-08
7.69577e-07
-2.05862e-08
7.68267e-07
-1.76968e-08
7.67167e-07
-1.51909e-08
7.66241e-07
-1.30236e-08
7.65461e-07
-1.11534e-08
7.64804e-07
-9.54244e-09
7.64249e-07
-8.15726e-09
7.6378e-07
-6.96714e-09
7.63384e-07
-5.9477e-09
7.63049e-07
-5.0685e-09
7.62765e-07
-4.32978e-09
7.62527e-07
-3.65922e-09
7.62322e-07
-3.16807e-09
7.62155e-07
-2.58764e-09
7.62005e-07
-2.34496e-09
7.6189e-07
-1.79741e-09
7.61782e-07
-1.70283e-09
-1.23835e-09
9.59231e-07
1.28899e-08
9.59916e-07
-7.45088e-09
9.55386e-07
-2.8579e-08
9.45215e-07
-4.89856e-08
9.30717e-07
-6.70542e-08
9.13736e-07
-8.06443e-08
8.95831e-07
-8.89055e-08
8.78262e-07
-9.22998e-08
8.61948e-07
-9.17615e-08
8.47346e-07
-8.83453e-08
8.34561e-07
-8.3038e-08
8.23515e-07
-7.66427e-08
8.14047e-07
-6.97589e-08
8.05973e-07
-6.28009e-08
7.99108e-07
-5.60402e-08
7.93285e-07
-4.9647e-08
7.88353e-07
-4.37204e-08
7.84179e-07
-3.83085e-08
7.8065e-07
-3.34249e-08
7.77666e-07
-2.90596e-08
7.75144e-07
-2.51876e-08
7.73011e-07
-2.17749e-08
7.71208e-07
-1.87829e-08
7.69682e-07
-1.61712e-08
7.68391e-07
-1.38998e-08
7.67298e-07
-1.19305e-08
7.66372e-07
-1.02273e-08
7.65587e-07
-8.7577e-09
7.64922e-07
-7.492e-09
7.64358e-07
-6.40307e-09
7.6388e-07
-5.46922e-09
7.63474e-07
-4.66296e-09
7.63129e-07
-3.98507e-09
7.62839e-07
-3.36895e-09
7.62589e-07
-2.91797e-09
7.62385e-07
-2.38366e-09
7.62201e-07
-2.16127e-09
7.62061e-07
-1.65683e-09
7.61928e-07
-1.57035e-09
-1.14309e-09
9.47961e-07
8.95253e-09
9.48348e-07
-7.83801e-09
9.44335e-07
-2.45663e-08
9.35924e-07
-4.0574e-08
9.23824e-07
-5.49551e-08
9.09402e-07
-6.62214e-08
8.93938e-07
-7.34415e-08
8.78454e-07
-7.68159e-08
8.63715e-07
-7.70225e-08
8.50173e-07
-7.48034e-08
8.38018e-07
-7.08831e-08
8.27275e-07
-6.58999e-08
8.17877e-07
-6.03614e-08
8.09715e-07
-5.46384e-08
8.02662e-07
-4.89867e-08
7.9659e-07
-4.35753e-08
7.91378e-07
-3.85088e-08
7.86915e-07
-3.38455e-08
7.831e-07
-2.96095e-08
7.79842e-07
-2.58023e-08
7.77065e-07
-2.24096e-08
7.74697e-07
-1.94076e-08
7.72681e-07
-1.67667e-08
7.70965e-07
-1.44548e-08
7.69504e-07
-1.2439e-08
7.68261e-07
-1.06874e-08
7.67203e-07
-9.16976e-09
7.66303e-07
-7.85805e-09
7.65538e-07
-6.72679e-09
7.64888e-07
-5.75235e-09
7.64334e-07
-4.91583e-09
7.63864e-07
-4.1929e-09
7.63464e-07
-3.58471e-09
7.63126e-07
-3.03128e-09
7.62835e-07
-2.62657e-09
7.62597e-07
-2.14573e-09
7.62382e-07
-1.94673e-09
7.62218e-07
-1.49251e-09
7.62063e-07
-1.41537e-09
-1.03158e-09
9.38835e-07
5.8087e-09
9.38761e-07
-7.76414e-09
9.35152e-07
-2.09569e-08
9.27999e-07
-3.34209e-08
9.17785e-07
-4.47415e-08
9.0545e-07
-5.38864e-08
8.91989e-07
-5.99799e-08
8.78238e-07
-6.30648e-08
8.64848e-07
-6.36329e-08
8.52259e-07
-6.22145e-08
8.4071e-07
-5.93342e-08
8.30297e-07
-5.54868e-08
8.21023e-07
-5.10877e-08
8.12839e-07
-4.6454e-08
8.05665e-07
-4.18131e-08
7.99411e-07
-3.73213e-08
7.93983e-07
-3.30799e-08
7.89286e-07
-2.9149e-08
7.85235e-07
-2.55582e-08
7.81748e-07
-2.23156e-08
7.78753e-07
-1.94146e-08
7.76184e-07
-1.6839e-08
7.73984e-07
-1.45666e-08
7.72102e-07
-1.25723e-08
7.70493e-07
-1.08297e-08
7.69118e-07
-9.31273e-09
7.67944e-07
-7.99624e-09
7.66943e-07
-6.85681e-09
7.66089e-07
-5.87297e-09
7.65362e-07
-5.02463e-09
7.64742e-07
-4.29573e-09
7.64214e-07
-3.66526e-09
7.63764e-07
-3.13463e-09
7.63384e-07
-2.65121e-09
7.63055e-07
-2.29816e-09
7.62787e-07
-1.87735e-09
7.62545e-07
-1.70447e-09
7.62359e-07
-1.3068e-09
7.62184e-07
-1.24007e-09
-9.05376e-10
9.31563e-07
3.18645e-09
9.31327e-07
-7.52868e-09
9.28085e-07
-1.77144e-08
9.21845e-07
-2.71808e-08
9.12991e-07
-3.58875e-08
9.02206e-07
-4.31013e-08
8.90267e-07
-4.80411e-08
8.7787e-07
-5.06685e-08
8.65577e-07
-5.13398e-08
8.53798e-07
-5.04348e-08
8.42791e-07
-4.83276e-08
8.32697e-07
-4.53929e-08
8.23569e-07
-4.19595e-08
8.15402e-07
-3.8287e-08
8.08156e-07
-3.45674e-08
8.01771e-07
-3.09363e-08
7.96176e-07
-2.74844e-08
7.91294e-07
-2.42676e-08
7.87052e-07
-2.13158e-08
7.83377e-07
-1.86403e-08
7.80201e-07
-1.62391e-08
7.77464e-07
-1.41014e-08
7.75108e-07
-1.22112e-08
7.73085e-07
-1.05489e-08
7.71349e-07
-9.0939e-09
7.69861e-07
-7.82537e-09
7.68588e-07
-6.7231e-09
7.67499e-07
-5.76804e-09
7.66569e-07
-4.94261e-09
7.65775e-07
-4.23027e-09
7.65097e-07
-3.61778e-09
7.64519e-07
-3.08763e-09
7.64026e-07
-2.6413e-09
7.63609e-07
-2.23424e-09
7.63248e-07
-1.93747e-09
7.62953e-07
-1.58237e-09
7.62687e-07
-1.43794e-09
7.62482e-07
-1.10232e-09
7.62289e-07
-1.0469e-09
-7.6619e-10
9.25839e-07
9.61374e-10
9.25534e-07
-7.2235e-09
9.22568e-07
-1.47487e-08
9.17015e-07
-2.16279e-08
9.09183e-07
-2.80548e-08
8.99574e-07
-3.34923e-08
8.88803e-07
-3.72709e-08
8.77462e-07
-3.93267e-08
8.66042e-07
-3.992e-08
8.54925e-07
-3.93183e-08
8.44379e-07
-3.77813e-08
8.3457e-07
-3.55834e-08
8.25585e-07
-3.29746e-08
8.17454e-07
-3.01564e-08
8.10168e-07
-2.72812e-08
8.0369e-07
-2.44585e-08
7.97969e-07
-2.17632e-08
7.92944e-07
-1.92422e-08
7.8855e-07
-1.69221e-08
7.84723e-07
-1.48137e-08
7.81402e-07
-1.29175e-08
7.78527e-07
-1.12263e-08
7.76044e-07
-9.72845e-09
7.73905e-07
-8.40942e-09
7.72064e-07
-7.2535e-09
7.70483e-07
-6.24464e-09
7.69128e-07
-5.36723e-09
7.67966e-07
-4.60641e-09
7.66972e-07
-3.94841e-09
7.66122e-07
-3.38023e-09
7.65395e-07
-2.89141e-09
7.64776e-07
-2.46812e-09
7.64246e-07
-2.11168e-09
7.63798e-07
-1.78628e-09
7.6341e-07
-1.54959e-09
7.63093e-07
-1.26503e-09
7.62806e-07
-1.15088e-09
7.62585e-07
-8.81882e-10
7.62377e-07
-8.38504e-10
-6.15848e-10
9.21486e-07
-1.04414e-09
9.21185e-07
-6.92297e-09
9.18455e-07
-1.20189e-08
9.13407e-07
-1.65793e-08
9.06307e-07
-2.0955e-08
8.97548e-07
-2.47329e-08
8.87635e-07
-2.73578e-08
8.77079e-07
-2.87714e-08
8.66323e-07
-2.9164e-08
8.55721e-07
-2.87163e-08
8.45541e-07
-2.7601e-08
8.35965e-07
-2.6008e-08
8.27106e-07
-2.41149e-08
8.19016e-07
-2.20668e-08
8.11709e-07
-1.99742e-08
8.05168e-07
-1.79172e-08
7.99355e-07
-1.59508e-08
7.94223e-07
-1.41098e-08
7.89715e-07
-1.24139e-08
7.85773e-07
-1.08716e-08
7.82339e-07
-9.4835e-09
7.79357e-07
-8.24468e-09
7.76775e-07
-7.14678e-09
7.74545e-07
-6.17942e-09
7.72623e-07
-5.33124e-09
7.70969e-07
-4.59064e-09
7.69548e-07
-3.94629e-09
7.68329e-07
-3.38736e-09
7.67285e-07
-2.90382e-09
7.66391e-07
-2.48616e-09
7.65626e-07
-2.12673e-09
7.64973e-07
-1.81545e-09
7.64415e-07
-1.55325e-09
7.63942e-07
-1.31381e-09
7.63533e-07
-1.14003e-09
7.63198e-07
-9.29943e-10
7.62894e-07
-8.47388e-10
7.62661e-07
-6.48506e-10
7.6244e-07
-6.17823e-10
-4.56228e-10
9.17674e-07
-3.05174e-09
9.1745e-07
-6.69857e-09
9.14967e-07
-9.53604e-09
9.10356e-07
-1.19688e-08
9.03813e-07
-1.44114e-08
8.95645e-07
-1.65648e-08
8.86308e-07
-1.80211e-08
8.76281e-07
-1.87447e-08
8.65979e-07
-1.88618e-08
8.5574e-07
-1.84774e-08
8.4583e-07
-1.76909e-08
8.36439e-07
-1.66174e-08
8.27692e-07
-1.53677e-08
8.19657e-07
-1.40321e-08
8.12362e-07
-1.26784e-08
8.058e-07
-1.13556e-08
7.99946e-07
-1.00966e-08
7.94758e-07
-8.92202e-09
7.90187e-07
-7.84292e-09
7.86179e-07
-6.86366e-09
7.82679e-07
-5.98376e-09
7.79634e-07
-5.19954e-09
7.76993e-07
-4.50525e-09
7.74707e-07
-3.89401e-09
7.72734e-07
-3.35843e-09
7.71035e-07
-2.89105e-09
7.69573e-07
-2.48461e-09
7.68318e-07
-2.13218e-09
7.67242e-07
-1.82738e-09
7.6632e-07
-1.56417e-09
7.65531e-07
-1.33767e-09
7.64857e-07
-1.14164e-09
7.6428e-07
-9.76403e-10
7.63792e-07
-8.25759e-10
7.63368e-07
-7.16442e-10
7.63022e-07
-5.83698e-10
7.62708e-07
-5.33137e-10
7.62466e-07
-4.0659e-10
7.62237e-07
-3.88895e-10
-2.90157e-10
9.04972e-07
-5.0603e-09
9.04932e-07
-6.65894e-09
9.02749e-07
-7.35278e-09
8.98517e-07
-7.73678e-09
8.92349e-07
-8.24342e-09
8.84507e-07
-8.72261e-09
8.75473e-07
-8.98759e-09
8.65749e-07
-9.02043e-09
8.55753e-07
-8.86546e-09
8.4582e-07
-8.54484e-09
8.36211e-07
-8.08186e-09
8.27111e-07
-7.51695e-09
8.18638e-07
-6.89455e-09
8.10857e-07
-6.25146e-09
8.03793e-07
-5.61477e-09
7.97441e-07
-5.0033e-09
7.91774e-07
-4.42917e-09
7.86751e-07
-3.89928e-09
7.82325e-07
-3.4167e-09
7.78443e-07
-2.9819e-09
7.75053e-07
-2.59351e-09
7.72102e-07
-2.24902e-09
7.69542e-07
-1.94525e-09
7.67327e-07
-1.67872e-09
7.65414e-07
-1.44585e-09
7.63766e-07
-1.24312e-09
7.62349e-07
-1.06719e-09
7.61132e-07
-9.14904e-10
7.60088e-07
-7.83396e-10
7.59193e-07
-6.69963e-10
7.58428e-07
-5.72456e-10
7.57775e-07
-4.88236e-10
7.57216e-07
-4.17122e-10
7.56743e-07
-3.52786e-10
7.56332e-07
-3.05658e-10
7.55997e-07
-2.48886e-10
7.55692e-07
-2.27978e-10
7.55458e-07
-1.72854e-10
7.55236e-07
-1.66808e-10
-1.26251e-10
7.69628e-07
7.62969e-07
7.55616e-07
7.4788e-07
7.39636e-07
7.30914e-07
7.21926e-07
7.12906e-07
7.0404e-07
6.95495e-07
6.87413e-07
6.79897e-07
6.73002e-07
6.66751e-07
6.61136e-07
6.56132e-07
6.51703e-07
6.47804e-07
6.44387e-07
6.41405e-07
6.38812e-07
6.36563e-07
6.34618e-07
6.32939e-07
6.31493e-07
6.3025e-07
6.29183e-07
6.28268e-07
6.27484e-07
6.26814e-07
6.26242e-07
6.25754e-07
6.25337e-07
6.24984e-07
6.24678e-07
6.24429e-07
6.24201e-07
6.24029e-07
6.23862e-07
)
;

boundaryField
{
    inlet
    {
        type            calculated;
        value           nonuniform List<scalar> 
20
(
-1e-06
-1e-06
-1e-06
-1e-06
-1e-06
-1e-06
-1e-06
-1e-06
-1e-06
-1e-06
-1e-06
-1e-06
-1e-06
-1e-06
-1e-06
-1e-06
-1e-06
-1e-06
-1e-06
-1e-06
)
;
    }
    outlet
    {
        type            calculated;
        value           nonuniform List<scalar> 
27
(
7.60305e-07
7.60421e-07
7.60548e-07
7.60684e-07
7.60827e-07
7.60975e-07
7.61125e-07
7.61275e-07
7.61423e-07
7.61567e-07
7.61704e-07
7.61833e-07
7.61951e-07
7.62058e-07
7.6215e-07
7.62227e-07
7.6228e-07
7.62071e-07
7.55072e-07
6.23735e-07
5.81143e-07
7.15598e-07
7.23452e-07
7.23793e-07
7.23855e-07
7.23923e-07
7.24004e-07
)
;
    }
    lowerWall
    {
        type            calculated;
        value           uniform 0;
    }
    upperWall
    {
        type            calculated;
        value           uniform 0;
    }
    defaultFaces
    {
        type            empty;
        value           nonuniform List<scalar> 0();
    }
}


// ************************************************************************* //
