/*--------------------------------*- C++ -*----------------------------------*\
| =========                 |                                                 |
| \\      /  F ield         | OpenFOAM: The Open Source CFD Toolbox           |
|  \\    /   O peration     | Version:  2112                                  |
|   \\  /    A nd           | Website:  www.openfoam.com                      |
|    \\/     M anipulation  |                                                 |
\*---------------------------------------------------------------------------*/
FoamFile
{
    version     2.0;
    format      ascii;
    arch        "LSB;label=32;scalar=64";
    class       surfaceScalarField;
    location    "0.2";
    object      phi;
}
// * * * * * * * * * * * * * * * * * * * * * * * * * * * * * * * * * * * * * //

dimensions      [0 3 -1 0 0 0 0];

oriented        oriented;

internalField   nonuniform List<scalar> 
3653
(
9.92697e-07
7.30304e-09
9.79198e-07
1.34989e-08
9.64128e-07
1.50696e-08
9.48412e-07
1.57161e-08
9.32108e-07
1.63042e-08
9.15733e-07
1.63751e-08
8.98482e-07
1.72511e-08
8.80301e-07
1.81812e-08
8.61497e-07
1.88035e-08
8.44188e-07
1.73094e-08
8.26214e-07
1.7974e-08
8.09269e-07
1.69452e-08
7.89402e-07
1.9867e-08
7.71515e-07
1.78869e-08
7.50112e-07
2.14029e-08
7.3353e-07
1.65818e-08
7.15076e-07
1.84546e-08
7.03001e-07
1.2075e-08
6.89023e-07
1.39774e-08
6.79515e-07
9.50852e-09
6.66461e-07
1.30534e-08
6.55915e-07
1.05463e-08
6.39886e-07
1.60295e-08
6.2273e-07
1.71556e-08
6.02337e-07
2.03931e-08
5.69574e-07
3.27625e-08
5.41024e-07
2.85505e-08
4.84466e-07
5.65578e-08
4.24202e-07
6.02644e-08
9.05596e-08
3.33642e-07
1.00295e-06
4.3562e-09
1.00646e-06
9.9849e-09
1.00891e-06
1.26207e-08
1.01041e-06
1.422e-08
1.0113e-06
1.54126e-08
1.01175e-06
1.59194e-08
1.012e-06
1.70007e-08
1.01182e-06
1.83599e-08
1.01079e-06
1.98357e-08
1.009e-06
1.90987e-08
1.00664e-06
2.03376e-08
1.00451e-06
1.90775e-08
1.00142e-06
2.29517e-08
9.99379e-07
1.99306e-08
9.94748e-07
2.60342e-08
9.91618e-07
1.97111e-08
9.84728e-07
2.53444e-08
9.79465e-07
1.73388e-08
9.71843e-07
2.15987e-08
9.63701e-07
1.76513e-08
9.54887e-07
2.18668e-08
9.44769e-07
2.06645e-08
9.29416e-07
3.1382e-08
9.20977e-07
2.55954e-08
8.91232e-07
5.01381e-08
8.84151e-07
3.98434e-08
8.3829e-07
7.44112e-08
8.19022e-07
7.58256e-08
7.62856e-07
1.1643e-07
1.41573e-07
7.11843e-07
1.00176e-06
2.59281e-09
1.00487e-06
6.87391e-09
1.00774e-06
9.75034e-09
1.01012e-06
1.18419e-08
1.01214e-06
1.34003e-08
1.0139e-06
1.4154e-08
1.01572e-06
1.51837e-08
1.01766e-06
1.642e-08
1.01941e-06
1.8082e-08
1.02044e-06
1.80712e-08
1.02119e-06
1.95912e-08
1.02166e-06
1.85981e-08
1.02229e-06
2.2323e-08
1.02297e-06
1.92536e-08
1.02297e-06
2.60355e-08
1.02319e-06
1.94885e-08
1.01998e-06
2.85601e-08
1.0179e-06
1.94173e-08
1.01064e-06
2.8861e-08
1.00565e-06
2.26394e-08
9.96487e-07
3.10268e-08
9.87734e-07
2.94176e-08
9.78092e-07
4.10238e-08
9.64917e-07
3.87702e-08
9.53595e-07
6.14601e-08
9.35567e-07
5.78711e-08
9.2133e-07
8.86487e-08
8.96036e-07
1.01119e-07
8.82669e-07
1.29797e-07
1.63668e-07
8.60574e-07
1.00082e-06
1.7751e-09
1.00256e-06
5.12729e-09
1.00459e-06
7.72914e-09
1.00661e-06
9.81389e-09
1.00848e-06
1.15347e-08
1.01011e-06
1.25244e-08
1.01176e-06
1.35314e-08
1.01363e-06
1.45516e-08
1.01545e-06
1.62601e-08
1.01679e-06
1.67293e-08
1.01789e-06
1.84971e-08
1.0187e-06
1.77848e-08
1.01999e-06
2.10352e-08
1.02059e-06
1.86505e-08
1.02186e-06
2.47706e-08
1.02114e-06
2.02041e-08
1.02072e-06
2.898e-08
1.01733e-06
2.2804e-08
1.01397e-06
3.22226e-08
1.00874e-06
2.78753e-08
1.00237e-06
3.73906e-08
9.9633e-07
3.54599e-08
9.87313e-07
5.00407e-08
9.79913e-07
4.61707e-08
9.69434e-07
7.1939e-08
9.59662e-07
6.76428e-08
9.47782e-07
1.00529e-07
9.39455e-07
1.09447e-07
9.24651e-07
1.44601e-07
1.64757e-07
9.23562e-07
1.0004e-06
1.37209e-09
1.00156e-06
3.96844e-09
1.00313e-06
6.15883e-09
1.00487e-06
8.07122e-09
1.00663e-06
9.77893e-09
1.0082e-06
1.09563e-08
1.00977e-06
1.1965e-08
1.01138e-06
1.29349e-08
1.01316e-06
1.44831e-08
1.01451e-06
1.53797e-08
1.01591e-06
1.70965e-08
1.01669e-06
1.70088e-08
1.01804e-06
1.96794e-08
1.0183e-06
1.83945e-08
1.01964e-06
2.34311e-08
1.01877e-06
2.10673e-08
1.0194e-06
2.83524e-08
1.0163e-06
2.5905e-08
1.01564e-06
3.28837e-08
1.00998e-06
3.35387e-08
1.00827e-06
3.90968e-08
1.00049e-06
4.3235e-08
9.97623e-07
5.29116e-08
9.89386e-07
5.44076e-08
9.83994e-07
7.73312e-08
9.77297e-07
7.43402e-08
9.70127e-07
1.07699e-07
9.65652e-07
1.13922e-07
9.63353e-07
1.469e-07
1.65683e-07
9.62427e-07
1.00032e-06
1.05188e-09
1.00117e-06
3.12265e-09
1.00237e-06
4.95303e-09
1.00382e-06
6.62456e-09
1.0054e-06
8.19963e-09
1.00691e-06
9.44825e-09
1.00841e-06
1.0459e-08
1.00992e-06
1.14284e-08
1.0116e-06
1.27982e-08
1.01299e-06
1.39953e-08
1.01449e-06
1.55972e-08
1.01536e-06
1.61333e-08
1.0168e-06
1.82395e-08
1.01711e-06
1.80826e-08
1.01852e-06
2.20234e-08
1.01798e-06
2.16048e-08
1.01879e-06
2.75428e-08
1.01715e-06
2.75531e-08
1.01627e-06
3.37587e-08
1.01397e-06
3.58434e-08
1.01113e-06
4.19283e-08
1.00803e-06
4.6344e-08
1.00488e-06
5.606e-08
9.99594e-07
5.96913e-08
9.98252e-07
7.86731e-08
9.91963e-07
8.06289e-08
9.91557e-07
1.08105e-07
9.89829e-07
1.1565e-07
9.91036e-07
1.45693e-07
1.62239e-07
9.9448e-07
1.00022e-06
8.26983e-10
1.00088e-06
2.47202e-09
1.00186e-06
3.96889e-09
1.00311e-06
5.37619e-09
1.00455e-06
6.75398e-09
1.00602e-06
7.98523e-09
1.00752e-06
8.95147e-09
1.00901e-06
9.94385e-09
1.01068e-06
1.11263e-08
1.01213e-06
1.25433e-08
1.01375e-06
1.39845e-08
1.01479e-06
1.50901e-08
1.01633e-06
1.67013e-08
1.01684e-06
1.75739e-08
1.01847e-06
2.03888e-08
1.01817e-06
2.19086e-08
1.01978e-06
2.59339e-08
1.01834e-06
2.89882e-08
1.01942e-06
3.26752e-08
1.01702e-06
3.82493e-08
1.01703e-06
4.19175e-08
1.01442e-06
4.89566e-08
1.01334e-06
5.71345e-08
1.01119e-06
6.18385e-08
1.01016e-06
7.97119e-08
1.0087e-06
8.20865e-08
1.01023e-06
1.06575e-07
1.01074e-06
1.15142e-07
1.01661e-06
1.3982e-07
1.55505e-07
1.02334e-06
1.00019e-06
6.36629e-10
1.00074e-06
1.9193e-09
1.00163e-06
3.08502e-09
1.00277e-06
4.23268e-09
1.00413e-06
5.39321e-09
1.00557e-06
6.54441e-09
1.00709e-06
7.42974e-09
1.00861e-06
8.42573e-09
1.0103e-06
9.43832e-09
1.01186e-06
1.09847e-08
1.01357e-06
1.22736e-08
1.01484e-06
1.38211e-08
1.01646e-06
1.50761e-08
1.01735e-06
1.66891e-08
1.019e-06
1.87353e-08
1.01949e-06
2.14236e-08
1.021e-06
2.44166e-08
1.02112e-06
2.88771e-08
1.02193e-06
3.1856e-08
1.02184e-06
3.83445e-08
1.02192e-06
4.18405e-08
1.02139e-06
4.94879e-08
1.02207e-06
5.64539e-08
1.02066e-06
6.32414e-08
1.02332e-06
7.70552e-08
1.02278e-06
8.26244e-08
1.02702e-06
1.02339e-07
1.0305e-06
1.11658e-07
1.03789e-06
1.32426e-07
1.47547e-07
1.04585e-06
1.00018e-06
4.60197e-10
1.00069e-06
1.40734e-09
1.00151e-06
2.26196e-09
1.00261e-06
3.13587e-09
1.00394e-06
4.06544e-09
1.00539e-06
5.0943e-09
1.00694e-06
5.87092e-09
1.00853e-06
6.83588e-09
1.01028e-06
7.69626e-09
1.01197e-06
9.29575e-09
1.01379e-06
1.04508e-08
1.0153e-06
1.23104e-08
1.01708e-06
1.32945e-08
1.01831e-06
1.54647e-08
1.02021e-06
1.68294e-08
1.02115e-06
2.04819e-08
1.02317e-06
2.23958e-08
1.02388e-06
2.81661e-08
1.0256e-06
3.01448e-08
1.02637e-06
3.75747e-08
1.02746e-06
4.07462e-08
1.02861e-06
4.83411e-08
1.02982e-06
5.52429e-08
1.03125e-06
6.18128e-08
1.03425e-06
7.40532e-08
1.03623e-06
8.06387e-08
1.04229e-06
9.62859e-08
1.04714e-06
1.06805e-07
1.05629e-06
1.23275e-07
1.37095e-07
1.06674e-06
1.00017e-06
2.86722e-10
1.00068e-06
9.0359e-10
1.00149e-06
1.44519e-09
1.00259e-06
2.03714e-09
1.00393e-06
2.72344e-09
1.00543e-06
3.59711e-09
1.00705e-06
4.24879e-09
1.00874e-06
5.14668e-09
1.01057e-06
5.86673e-09
1.01243e-06
7.4418e-09
1.01439e-06
8.49037e-09
1.01618e-06
1.05224e-08
1.01811e-06
1.13592e-08
1.01975e-06
1.38257e-08
1.02179e-06
1.47901e-08
1.02339e-06
1.88774e-08
1.02556e-06
2.02305e-08
1.02725e-06
2.64751e-08
1.02928e-06
2.81094e-08
1.03115e-06
3.57074e-08
1.03317e-06
3.87295e-08
1.0351e-06
4.64063e-08
1.03806e-06
5.22876e-08
1.04016e-06
5.97163e-08
1.04489e-06
6.93144e-08
1.04849e-06
7.70473e-08
1.05536e-06
8.94158e-08
1.06214e-06
1.00023e-07
1.07227e-06
1.13138e-07
1.26161e-07
1.08321e-06
1.00018e-06
1.06196e-10
1.00071e-06
3.77499e-10
1.00156e-06
5.9557e-10
1.0027e-06
8.89814e-10
1.00411e-06
1.31999e-09
1.00569e-06
2.01282e-09
1.00741e-06
2.53472e-09
1.00922e-06
3.33436e-09
1.01117e-06
3.91923e-09
1.0132e-06
5.40454e-09
1.01532e-06
6.36889e-09
1.01738e-06
8.46827e-09
1.01951e-06
9.22913e-09
1.02151e-06
1.18243e-08
1.02378e-06
1.25178e-08
1.02589e-06
1.67727e-08
1.02837e-06
1.77482e-08
1.03074e-06
2.41078e-08
1.03324e-06
2.56092e-08
1.03599e-06
3.29507e-08
1.0386e-06
3.61196e-08
1.04176e-06
4.32498e-08
1.04526e-06
4.87908e-08
1.04891e-06
5.60619e-08
1.05427e-06
6.39575e-08
1.05926e-06
7.20574e-08
1.06698e-06
8.16925e-08
1.07502e-06
9.1983e-08
1.08551e-06
1.02647e-07
1.13863e-07
1.09781e-06
1.0002e-06
-9.05601e-11
1.00077e-06
-1.99021e-10
1.00169e-06
-3.21743e-10
1.00292e-06
-3.39875e-10
1.00443e-06
-1.85788e-10
1.00613e-06
3.09565e-10
1.00796e-06
7.0516e-10
1.00991e-06
1.38202e-09
1.012e-06
1.82594e-09
1.01424e-06
3.16746e-09
1.01655e-06
4.0635e-09
1.01887e-06
6.14065e-09
1.02121e-06
6.89022e-09
1.02358e-06
9.45909e-09
1.02607e-06
1.00266e-08
1.02867e-06
1.41723e-08
1.03143e-06
1.49843e-08
1.03441e-06
2.1131e-08
1.03737e-06
2.26486e-08
1.04072e-06
2.95997e-08
1.0441e-06
3.27391e-08
1.04781e-06
3.95449e-08
1.05223e-06
4.43646e-08
1.05669e-06
5.16059e-08
1.06273e-06
5.79227e-08
1.06888e-06
6.59015e-08
1.07702e-06
7.35552e-08
1.08596e-06
8.3042e-08
1.09705e-06
9.1561e-08
1.01478e-07
1.10943e-06
1.00023e-06
-3.18952e-10
1.0009e-06
-8.66128e-10
1.00194e-06
-1.36874e-09
1.00333e-06
-1.72327e-09
1.00499e-06
-1.84634e-09
1.00684e-06
-1.54351e-09
1.00881e-06
-1.2641e-09
1.01092e-06
-7.29176e-10
1.01317e-06
-4.28537e-10
1.01562e-06
7.23098e-10
1.01811e-06
1.56743e-09
1.02071e-06
3.5502e-09
1.02327e-06
4.33019e-09
1.02596e-06
6.75967e-09
1.02869e-06
7.30251e-09
1.0317e-06
1.11589e-08
1.03472e-06
1.19622e-08
1.03818e-06
1.76733e-08
1.04149e-06
1.93425e-08
1.04538e-06
2.57124e-08
1.0492e-06
2.89158e-08
1.05357e-06
3.51716e-08
1.05845e-06
3.94903e-08
1.06372e-06
4.63282e-08
1.07019e-06
5.14568e-08
1.07715e-06
5.89416e-08
1.08565e-06
6.50568e-08
1.0953e-06
7.33864e-08
1.10645e-06
8.04152e-08
8.86307e-08
1.1193e-06
1.00026e-06
-5.7948e-10
1.00104e-06
-1.64524e-09
1.00224e-06
-2.57002e-09
1.0038e-06
-3.28566e-09
1.00565e-06
-3.69437e-09
1.00768e-06
-3.57032e-09
1.0098e-06
-3.38289e-09
1.0121e-06
-3.02817e-09
1.01457e-06
-2.90395e-09
1.01725e-06
-1.95408e-09
1.01996e-06
-1.14535e-09
1.02282e-06
6.92869e-10
1.02564e-06
1.50922e-09
1.02866e-06
3.7349e-09
1.03169e-06
4.27547e-09
1.0351e-06
7.75382e-09
1.03843e-06
8.62375e-09
1.04225e-06
1.38545e-08
1.04589e-06
1.57057e-08
1.05008e-06
2.15266e-08
1.05428e-06
2.4708e-08
1.05901e-06
3.04453e-08
1.06425e-06
3.42542e-08
1.07003e-06
4.05406e-08
1.07678e-06
4.47136e-08
1.0843e-06
5.14157e-08
1.09306e-06
5.6303e-08
1.103e-06
6.34438e-08
1.11439e-06
6.90219e-08
7.5911e-08
1.12711e-06
1.00038e-06
-9.58975e-10
1.0014e-06
-2.66936e-09
1.00289e-06
-4.05496e-09
1.00473e-06
-5.132e-09
1.00683e-06
-5.79209e-09
1.00905e-06
-5.78489e-09
1.01134e-06
-5.67379e-09
1.01385e-06
-5.54461e-09
1.01656e-06
-5.61181e-09
1.01944e-06
-4.8329e-09
1.02233e-06
-4.03086e-09
1.0254e-06
-2.38016e-09
1.02849e-06
-1.58386e-09
1.03184e-06
3.85739e-10
1.03515e-06
9.71942e-10
1.03885e-06
4.04529e-09
1.04235e-06
5.12354e-09
1.04634e-06
9.87071e-09
1.05009e-06
1.19572e-08
1.05441e-06
1.72072e-08
1.05878e-06
2.03337e-08
1.06376e-06
2.5466e-08
1.0692e-06
2.88103e-08
1.07537e-06
3.43759e-08
1.08232e-06
3.77615e-08
1.09024e-06
4.35009e-08
1.09913e-06
4.74057e-08
1.10934e-06
5.32382e-08
1.12068e-06
5.76794e-08
6.31587e-08
1.13343e-06
1.00047e-06
-1.42587e-09
1.00184e-06
-4.03867e-09
1.00373e-06
-5.95265e-09
1.00594e-06
-7.34144e-09
1.00831e-06
-8.15667e-09
1.0107e-06
-8.1814e-09
1.01319e-06
-8.16165e-09
1.01598e-06
-8.33283e-09
1.01896e-06
-8.58634e-09
1.02204e-06
-7.91938e-09
1.0251e-06
-7.08978e-09
1.02841e-06
-5.68588e-09
1.03178e-06
-4.95764e-09
1.03552e-06
-3.35221e-09
1.03921e-06
-2.7233e-09
1.04335e-06
-8.74543e-11
1.04719e-06
1.27728e-09
1.05133e-06
5.73118e-09
1.05516e-06
8.12805e-09
1.05939e-06
1.29735e-08
1.06371e-06
1.60158e-08
1.06862e-06
2.05557e-08
1.07401e-06
2.34238e-08
1.08024e-06
2.81427e-08
1.08722e-06
3.07884e-08
1.09525e-06
3.54656e-08
1.10421e-06
3.84472e-08
1.11441e-06
4.30345e-08
1.12574e-06
4.63548e-08
5.06174e-08
1.13828e-06
1.00089e-06
-2.31515e-09
1.00287e-06
-6.01528e-09
1.00526e-06
-8.34958e-09
1.00782e-06
-9.8975e-09
1.01039e-06
-1.07282e-08
1.01294e-06
-1.07313e-08
1.01568e-06
-1.09011e-08
1.01883e-06
-1.14854e-08
1.02211e-06
-1.1863e-08
1.02532e-06
-1.11288e-08
1.02845e-06
-1.02231e-08
1.03198e-06
-9.21806e-09
1.03579e-06
-8.75986e-09
1.04009e-06
-7.65481e-09
1.04434e-06
-6.97664e-09
1.04872e-06
-4.46082e-09
1.05248e-06
-2.48311e-09
1.05624e-06
1.96874e-09
1.05958e-06
4.78906e-09
1.06335e-06
9.20348e-09
1.06734e-06
1.20243e-08
1.07209e-06
1.5804e-08
1.0774e-06
1.81102e-08
1.08373e-06
2.18169e-08
1.09078e-06
2.37383e-08
1.09896e-06
2.72868e-08
1.10796e-06
2.94418e-08
1.1182e-06
3.27959e-08
1.12942e-06
3.51413e-08
3.8151e-08
1.14188e-06
1.00185e-06
-4.16726e-09
1.00523e-06
-9.39259e-09
1.00852e-06
-1.1641e-08
1.01148e-06
-1.28538e-08
1.01426e-06
-1.35139e-08
1.01705e-06
-1.35199e-08
1.02007e-06
-1.39158e-08
1.02345e-06
-1.48693e-08
1.0268e-06
-1.52163e-08
1.02993e-06
-1.42572e-08
1.03295e-06
-1.32409e-08
1.03635e-06
-1.26174e-08
1.04002e-06
-1.24344e-08
1.04431e-06
-1.19394e-08
1.04869e-06
-1.13563e-08
1.05333e-06
-9.09899e-09
1.05718e-06
-6.34101e-09
1.06091e-06
-1.76057e-09
1.06399e-06
1.71017e-09
1.06735e-06
5.84443e-09
1.07084e-06
8.53736e-09
1.07521e-06
1.14364e-08
1.08014e-06
1.31729e-08
1.08631e-06
1.56528e-08
1.09323e-06
1.68195e-08
1.10138e-06
1.91331e-08
1.11039e-06
2.04281e-08
1.12064e-06
2.2549e-08
1.13179e-06
2.39923e-08
2.59647e-08
1.14398e-06
1.00303e-06
-7.19851e-09
1.00683e-06
-1.31905e-08
1.00974e-06
-1.45547e-08
1.01189e-06
-1.5004e-08
1.01366e-06
-1.52824e-08
1.01529e-06
-1.51439e-08
1.01693e-06
-1.55593e-08
1.01844e-06
-1.63784e-08
1.01942e-06
-1.61947e-08
1.02003e-06
-1.4869e-08
1.02071e-06
-1.39254e-08
1.0218e-06
-1.37e-08
1.02317e-06
-1.38103e-08
1.02493e-06
-1.37029e-08
1.02672e-06
-1.31404e-08
1.02876e-06
-1.11355e-08
1.03059e-06
-8.17391e-09
1.03313e-06
-4.30374e-09
1.036e-06
-1.16218e-09
1.04006e-06
1.78707e-09
1.04477e-06
3.82639e-09
1.05063e-06
5.57855e-09
1.05706e-06
6.74099e-09
1.06474e-06
7.96993e-09
1.07295e-06
8.6171e-09
1.08233e-06
9.753e-09
1.0924e-06
1.03569e-08
1.10361e-06
1.13412e-08
1.11568e-06
1.1916e-08
1.26643e-08
1.12898e-06
9.92801e-07
9.79611e-07
9.65056e-07
9.50052e-07
9.3477e-07
9.19626e-07
9.04067e-07
8.87688e-07
8.71494e-07
8.56625e-07
8.42699e-07
8.28999e-07
8.15189e-07
8.01486e-07
7.88346e-07
7.7721e-07
7.69036e-07
7.64732e-07
7.6357e-07
7.65357e-07
7.69184e-07
7.74762e-07
7.81503e-07
7.89473e-07
7.9809e-07
8.07843e-07
8.182e-07
8.29541e-07
8.41457e-07
8.54122e-07
4.14505e-07
-8.08632e-08
4.82479e-07
-6.79735e-08
5.85228e-07
-1.02749e-07
6.64197e-07
-7.89687e-08
6.60022e-07
4.17512e-09
6.48746e-07
1.12755e-08
7.04414e-07
-5.56677e-08
8.29118e-07
-1.24704e-07
8.54764e-07
-2.5646e-08
-6.72616e-08
9.22026e-07
7.76172e-07
-1.45193e-07
8.28844e-07
-1.20645e-07
8.29508e-07
-1.03413e-07
8.5457e-07
-1.04031e-07
9.09322e-07
-5.05773e-08
9.24113e-07
-3.51538e-09
9.12954e-07
-4.45083e-08
9.78884e-07
-1.90635e-07
1.0847e-06
-1.31459e-07
-7.60456e-08
1.09348e-06
8.60842e-07
-1.45461e-07
8.93229e-07
-1.53032e-07
8.87216e-07
-9.74e-08
8.80579e-07
-9.73938e-08
9.20273e-07
-9.02713e-08
9.99168e-07
-8.24109e-08
9.98871e-07
-4.42108e-08
9.95762e-07
-1.87526e-07
1.0185e-06
-1.54201e-07
-1.45396e-07
1.08785e-06
9.298e-07
-1.51699e-07
9.28527e-07
-1.51759e-07
9.41075e-07
-1.09947e-07
9.56455e-07
-1.12775e-07
9.61903e-07
-9.57187e-08
9.89015e-07
-1.09523e-07
1.02793e-06
-8.31234e-08
1.01975e-06
-1.79349e-07
1.03289e-06
-1.67339e-07
-1.82533e-07
1.07003e-06
9.61423e-07
-1.50695e-07
9.63536e-07
-1.53872e-07
9.65052e-07
-1.11463e-07
9.78069e-07
-1.25792e-07
9.86683e-07
-1.04333e-07
1.00879e-06
-1.31627e-07
1.02986e-06
-1.04195e-07
1.02695e-06
-1.76443e-07
1.04147e-06
-1.81852e-07
-2.15026e-07
1.07396e-06
9.94588e-07
-1.50803e-07
9.90494e-07
-1.49778e-07
9.97869e-07
-1.18839e-07
1.00499e-06
-1.32912e-07
1.01427e-06
-1.1361e-07
1.01899e-06
-1.36351e-07
1.04073e-06
-1.25938e-07
1.04194e-06
-1.77649e-07
1.04495e-06
-1.84865e-07
-2.20465e-07
1.05039e-06
1.01886e-06
-1.46323e-07
1.01632e-06
-1.47233e-07
1.01901e-06
-1.21533e-07
1.02105e-06
-1.34953e-07
1.02761e-06
-1.20171e-07
1.03127e-06
-1.40003e-07
1.04103e-06
-1.35705e-07
1.04093e-06
-1.77542e-07
1.04503e-06
-1.88974e-07
-2.28344e-07
1.05291e-06
1.04236e-06
-1.42832e-07
1.03662e-06
-1.41493e-07
1.03844e-06
-1.23354e-07
1.03709e-06
-1.33602e-07
1.0408e-06
-1.23883e-07
1.04181e-06
-1.41006e-07
1.04809e-06
-1.41988e-07
1.04437e-06
-1.73821e-07
1.04206e-06
-1.86667e-07
-2.25311e-07
1.03903e-06
1.06018e-06
-1.36264e-07
1.05397e-06
-1.35287e-07
1.05254e-06
-1.21926e-07
1.04956e-06
-1.30617e-07
1.05008e-06
-1.24405e-07
1.04706e-06
-1.37985e-07
1.04659e-06
-1.41518e-07
1.04295e-06
-1.70182e-07
1.03953e-06
-1.8325e-07
-2.17454e-07
1.03167e-06
1.07615e-06
-1.29204e-07
1.06857e-06
-1.27707e-07
1.06503e-06
-1.18386e-07
1.05913e-06
-1.24715e-07
1.05658e-06
-1.21855e-07
1.0526e-06
-1.34009e-07
1.04978e-06
-1.387e-07
1.04146e-06
-1.61863e-07
1.03332e-06
-1.7511e-07
-2.06162e-07
1.02203e-06
1.08879e-06
-1.20183e-07
1.08006e-06
-1.18978e-07
1.07395e-06
-1.12278e-07
1.06704e-06
-1.17802e-07
1.06179e-06
-1.16605e-07
1.05453e-06
-1.2675e-07
1.04792e-06
-1.32091e-07
1.03873e-06
-1.52669e-07
1.0286e-06
-1.64981e-07
-1.91648e-07
1.01408e-06
1.09947e-06
-1.10219e-07
1.08958e-06
-1.09094e-07
1.08174e-06
-1.04432e-07
1.07268e-06
-1.08747e-07
1.06503e-06
-1.08953e-07
1.05632e-06
-1.18036e-07
1.04773e-06
-1.23506e-07
1.03568e-06
-1.40616e-07
1.02292e-06
-1.52222e-07
-1.75197e-07
1.00647e-06
1.108e-06
-9.8918e-08
1.09697e-06
-9.80708e-08
1.08729e-06
-9.47532e-08
1.07705e-06
-9.85052e-08
1.06743e-06
-9.93327e-08
1.05668e-06
-1.07283e-07
1.04575e-06
-1.12576e-07
1.03239e-06
-1.27256e-07
1.01786e-06
-1.37691e-07
-1.57105e-07
9.99763e-07
1.11488e-06
-8.66882e-08
1.10282e-06
-8.60115e-08
1.09182e-06
-8.37537e-08
1.08012e-06
-8.68054e-08
1.06888e-06
-8.80845e-08
1.05665e-06
-9.50523e-08
1.04416e-06
-1.00086e-07
1.02917e-06
-1.12271e-07
1.01308e-06
-1.21603e-07
-1.37843e-07
9.93822e-07
1.12025e-06
-7.35022e-08
1.10727e-06
-7.30311e-08
1.09503e-06
-7.15185e-08
1.0823e-06
-7.40729e-08
1.06971e-06
-7.54984e-08
1.05615e-06
-8.14891e-08
1.04214e-06
-8.60812e-08
1.02609e-06
-9.62184e-08
1.00881e-06
-1.04318e-07
-1.17694e-07
9.88657e-07
1.12433e-06
-5.95521e-08
1.11053e-06
-5.92348e-08
1.09736e-06
-5.83442e-08
1.08364e-06
-6.03584e-08
1.07002e-06
-6.18747e-08
1.05538e-06
-6.68448e-08
1.04031e-06
-7.10143e-08
1.02328e-06
-7.91888e-08
1.00506e-06
-8.61028e-08
-9.68295e-08
9.842e-07
1.12728e-06
-4.49507e-08
1.11279e-06
-4.47409e-08
1.09882e-06
-4.4374e-08
1.08433e-06
-4.58705e-08
1.06986e-06
-4.7403e-08
1.05433e-06
-5.13199e-08
1.03831e-06
-5.49894e-08
1.02047e-06
-6.13469e-08
1.00145e-06
-6.7085e-08
-7.52918e-08
9.7991e-07
1.12859e-06
-2.95619e-08
1.11322e-06
-2.93763e-08
1.09836e-06
-2.95084e-08
1.08298e-06
-3.04952e-08
1.0676e-06
-3.20236e-08
1.05103e-06
-3.47507e-08
1.03391e-06
-3.7866e-08
1.01489e-06
-4.23233e-08
9.94653e-07
-4.68529e-08
-5.24493e-08
9.71811e-07
1.11121e-06
-1.17852e-08
1.09383e-06
-1.20027e-08
1.07683e-06
-1.25047e-08
1.05955e-06
-1.32206e-08
1.04198e-06
-1.44529e-08
1.02328e-06
-1.60425e-08
1.00356e-06
-1.81492e-08
9.81854e-07
-2.06186e-08
9.58458e-07
-2.34566e-08
-2.62482e-08
9.32257e-07
8.42336e-07
8.30334e-07
8.17829e-07
8.04608e-07
7.90156e-07
7.74113e-07
7.55964e-07
7.35345e-07
7.11889e-07
6.8564e-07
-4.45164e-09
4.45164e-09
-8.69804e-08
8.25288e-08
-2.30793e-07
1.43813e-07
-4.59155e-07
2.28361e-07
-7.09294e-07
2.50139e-07
-8.76882e-07
1.67588e-07
-9.0604e-07
2.91581e-08
-8.34927e-07
-7.11129e-08
-6.99496e-07
-1.35431e-07
-5.20824e-07
-1.78672e-07
-3.32896e-07
-1.87928e-07
-1.55584e-07
-1.77311e-07
3.18401e-09
-1.58768e-07
1.37962e-07
-1.34778e-07
2.44614e-07
-1.06653e-07
3.23187e-07
-7.85725e-08
3.77169e-07
-5.39823e-08
4.11486e-07
-3.43173e-08
4.31186e-07
-1.96995e-08
4.40666e-07
-9.47963e-09
4.43417e-07
-2.75122e-09
4.42053e-07
1.36362e-09
4.38439e-07
3.61398e-09
4.33854e-07
4.58539e-09
4.29112e-07
4.74153e-09
4.24659e-07
4.45367e-09
4.20725e-07
3.93355e-09
4.1735e-07
3.37552e-09
4.14525e-07
2.82455e-09
4.12175e-07
2.34996e-09
4.10243e-07
1.93239e-09
4.08651e-07
1.59116e-09
4.0735e-07
1.30151e-09
4.06295e-07
1.05542e-09
4.05432e-07
8.62152e-10
4.04766e-07
6.66853e-10
4.0422e-07
5.45627e-10
4.03849e-07
3.70749e-10
4.03539e-07
3.10549e-10
1.34474e-10
-1.34047e-08
1.78563e-08
-1.38662e-07
2.07786e-07
-3.56533e-07
3.61684e-07
-5.9641e-07
4.68238e-07
-7.95162e-07
4.48892e-07
-8.97607e-07
2.70032e-07
-8.82838e-07
1.43895e-08
-7.8501e-07
-1.68941e-07
-6.30017e-07
-2.90425e-07
-4.47079e-07
-3.6161e-07
-2.54236e-07
-3.80771e-07
-7.88226e-08
-3.52724e-07
8.17858e-08
-3.19377e-07
2.17743e-07
-2.70735e-07
3.30315e-07
-2.19225e-07
4.19654e-07
-1.67911e-07
4.88573e-07
-1.22901e-07
5.40869e-07
-8.66137e-08
5.80255e-07
-5.90855e-08
6.09785e-07
-3.90095e-08
6.3176e-07
-2.47264e-08
6.47867e-07
-1.47431e-08
6.59468e-07
-7.987e-09
6.67623e-07
-3.57024e-09
6.73201e-07
-8.35745e-10
6.76903e-07
7.51044e-10
6.79354e-07
1.48259e-09
6.80925e-07
1.80487e-09
6.8195e-07
1.79938e-09
6.82602e-07
1.69793e-09
6.83043e-07
1.49125e-09
6.83335e-07
1.29919e-09
6.83555e-07
1.08155e-09
6.83725e-07
8.85405e-10
6.83873e-07
7.14122e-10
6.84023e-07
5.17378e-10
6.84169e-07
3.99412e-10
6.84346e-07
1.93337e-10
6.84526e-07
1.30683e-10
-9.17716e-11
-6.95668e-08
8.74231e-08
-2.60853e-07
3.99072e-07
-4.16567e-07
5.17398e-07
-5.45822e-07
5.97493e-07
-6.66279e-07
5.69349e-07
-7.01216e-07
3.0497e-07
-6.67486e-07
-1.93408e-08
-5.6673e-07
-2.69697e-07
-4.20372e-07
-4.36782e-07
-2.51366e-07
-5.30616e-07
-8.10029e-08
-5.51134e-07
7.87629e-08
-5.1249e-07
2.11356e-07
-4.5197e-07
3.1903e-07
-3.78409e-07
4.03837e-07
-3.04032e-07
4.69231e-07
-2.33305e-07
5.20303e-07
-1.73973e-07
5.61688e-07
-1.27998e-07
5.96054e-07
-9.34523e-08
6.24686e-07
-6.76412e-08
6.48346e-07
-4.83866e-08
6.67637e-07
-3.4034e-08
6.83161e-07
-2.35106e-08
6.95404e-07
-1.58133e-08
7.04969e-07
-1.0401e-08
7.12297e-07
-6.57656e-09
7.17877e-07
-4.09781e-09
7.22084e-07
-2.40198e-09
7.25291e-07
-1.40764e-09
7.27727e-07
-7.38116e-10
7.29629e-07
-4.10294e-10
7.31104e-07
-1.76108e-10
7.32299e-07
-1.13296e-10
7.33255e-07
-7.06689e-11
7.34062e-07
-9.26425e-11
7.34732e-07
-1.52862e-10
7.35327e-07
-1.95997e-10
7.35849e-07
-3.28798e-10
7.36342e-07
-3.61854e-10
-5.58704e-10
-4.87834e-08
1.36207e-07
-1.18184e-07
4.68473e-07
-2.08767e-07
6.07981e-07
-3.33823e-07
7.22548e-07
-3.9848e-07
6.34006e-07
-3.97595e-07
3.04086e-07
-3.65312e-07
-5.16245e-08
-3.02076e-07
-3.32933e-07
-1.98551e-07
-5.40307e-07
-5.64632e-08
-6.72704e-07
9.64601e-08
-7.04058e-07
2.43415e-07
-6.59445e-07
3.6484e-07
-5.73395e-07
4.57956e-07
-4.71525e-07
5.24957e-07
-3.71033e-07
5.67585e-07
-2.75933e-07
5.92247e-07
-1.98636e-07
6.09582e-07
-1.45332e-07
6.26468e-07
-1.10338e-07
6.44167e-07
-8.53405e-08
6.61412e-07
-6.56313e-08
6.76906e-07
-4.95282e-08
6.9008e-07
-3.66843e-08
7.00878e-07
-2.66116e-08
7.09595e-07
-1.91177e-08
7.16511e-07
-1.34926e-08
7.21993e-07
-9.5797e-09
7.263e-07
-6.70885e-09
7.29715e-07
-4.82289e-09
7.32405e-07
-3.42808e-09
7.34572e-07
-2.57712e-09
7.36295e-07
-1.89967e-09
7.3772e-07
-1.5378e-09
7.38873e-07
-1.22384e-09
7.39856e-07
-1.07559e-09
7.4067e-07
-9.67251e-10
7.41393e-07
-9.19006e-10
7.42016e-07
-9.5145e-10
7.42597e-07
-9.43065e-10
-1.09135e-09
-1.36668e-07
2.72875e-07
-1.7437e-07
5.06174e-07
-1.67863e-07
6.01474e-07
-1.29373e-07
6.84058e-07
-8.09344e-08
5.85567e-07
-3.26925e-08
2.55844e-07
-1.17253e-08
-7.25918e-08
-5.30692e-09
-3.39351e-07
3.3657e-08
-5.79271e-07
1.20381e-07
-7.59428e-07
2.26573e-07
-8.1025e-07
3.37529e-07
-7.704e-07
4.35496e-07
-6.71362e-07
5.12948e-07
-5.48977e-07
5.78106e-07
-4.36191e-07
6.29856e-07
-3.27682e-07
6.58122e-07
-2.26902e-07
6.65811e-07
-1.53022e-07
6.66287e-07
-1.10814e-07
6.69218e-07
-8.82713e-08
6.76607e-07
-7.30201e-08
6.86527e-07
-5.94487e-08
6.96684e-07
-4.68414e-08
7.05687e-07
-3.56137e-08
7.13139e-07
-2.65697e-08
7.19096e-07
-1.94497e-08
7.23856e-07
-1.43398e-08
7.27648e-07
-1.0501e-08
7.30719e-07
-7.89428e-09
7.33193e-07
-5.90195e-09
7.35232e-07
-4.61592e-09
7.36884e-07
-3.55127e-09
7.3827e-07
-2.92466e-09
7.39405e-07
-2.35801e-09
7.4038e-07
-2.05092e-09
7.41191e-07
-1.77832e-09
7.41914e-07
-1.64211e-09
7.42536e-07
-1.57323e-09
7.43118e-07
-1.52541e-09
-1.6241e-09
1.18831e-07
1.54044e-07
7.14612e-08
5.53544e-07
1.56077e-07
5.16859e-07
2.46111e-07
5.94025e-07
3.4068e-07
4.90998e-07
3.84978e-07
2.11545e-07
3.88254e-07
-7.5868e-08
3.71354e-07
-3.22451e-07
3.73787e-07
-5.81704e-07
4.05311e-07
-7.90952e-07
4.49923e-07
-8.54862e-07
4.91462e-07
-8.11938e-07
5.29346e-07
-7.09246e-07
5.50759e-07
-5.7039e-07
5.66509e-07
-4.51942e-07
6.0084e-07
-3.62013e-07
6.46394e-07
-2.72456e-07
6.80497e-07
-1.87125e-07
6.94884e-07
-1.25202e-07
6.97091e-07
-9.04776e-08
6.9709e-07
-7.30197e-08
6.99598e-07
-6.19565e-08
7.04696e-07
-5.19395e-08
7.10816e-07
-4.17336e-08
7.16697e-07
-3.24507e-08
7.21722e-07
-2.4475e-08
7.25837e-07
-1.84544e-08
7.29137e-07
-1.38011e-08
7.31823e-07
-1.05802e-08
7.34002e-07
-8.08145e-09
7.35821e-07
-6.43479e-09
7.37314e-07
-5.04383e-09
7.38584e-07
-4.19505e-09
7.39634e-07
-3.40806e-09
7.40546e-07
-2.96276e-09
7.4131e-07
-2.54171e-09
7.41994e-07
-2.32666e-09
7.42585e-07
-2.16379e-09
7.4314e-07
-2.08035e-09
-2.13089e-09
-5.23989e-08
2.06443e-07
1.46288e-07
3.54857e-07
3.26114e-07
3.37032e-07
5.41549e-07
3.78591e-07
7.01755e-07
3.30792e-07
7.73924e-07
1.39375e-07
7.72553e-07
-7.44969e-08
7.43588e-07
-2.93486e-07
7.44215e-07
-5.8233e-07
7.50074e-07
-7.96812e-07
7.31147e-07
-8.35935e-07
6.98762e-07
-7.79553e-07
6.77172e-07
-6.87657e-07
6.55692e-07
-5.4891e-07
6.13191e-07
-4.09441e-07
5.79107e-07
-3.27929e-07
5.85979e-07
-2.79328e-07
6.24184e-07
-2.25329e-07
6.65697e-07
-1.66715e-07
6.93731e-07
-1.18512e-07
7.07342e-07
-8.66303e-08
7.12708e-07
-6.73229e-08
7.15494e-07
-5.47255e-08
7.18298e-07
-4.45372e-08
7.21555e-07
-3.57085e-08
7.24882e-07
-2.78011e-08
7.27965e-07
-2.15373e-08
7.30631e-07
-1.64672e-08
7.32907e-07
-1.28564e-08
7.34809e-07
-9.98311e-09
7.36429e-07
-8.0549e-09
7.37776e-07
-6.39074e-09
7.38933e-07
-5.35263e-09
7.39896e-07
-4.37094e-09
7.40736e-07
-3.80317e-09
7.41442e-07
-3.24757e-09
7.42077e-07
-2.96145e-09
7.42625e-07
-2.71185e-09
7.43141e-07
-2.59628e-09
-2.6008e-09
6.90897e-07
4.37571e-07
6.23876e-07
4.21877e-07
6.27111e-07
3.33798e-07
7.55328e-07
2.50373e-07
9.19641e-07
1.66479e-07
1.03697e-06
2.2049e-08
1.05403e-06
-9.15569e-08
1.0164e-06
-2.55862e-07
1.00474e-06
-5.70668e-07
9.99716e-07
-7.91785e-07
9.49426e-07
-7.85645e-07
8.65169e-07
-6.95296e-07
7.91935e-07
-6.14423e-07
7.52121e-07
-5.09096e-07
7.14993e-07
-3.72313e-07
6.60864e-07
-2.738e-07
6.19266e-07
-2.3773e-07
6.1653e-07
-2.22593e-07
6.46327e-07
-1.96512e-07
6.87046e-07
-1.59231e-07
7.21849e-07
-1.21433e-07
7.44437e-07
-8.99109e-08
7.56278e-07
-6.65662e-08
7.61634e-07
-4.9894e-08
7.64269e-07
-3.83429e-08
7.66134e-07
-2.96667e-08
7.67933e-07
-2.33362e-08
7.69708e-07
-1.82419e-08
7.71398e-07
-1.45463e-08
7.7291e-07
-1.1495e-08
7.74257e-07
-9.40215e-09
7.75413e-07
-7.5466e-09
7.76433e-07
-6.37317e-09
7.773e-07
-5.23734e-09
7.78069e-07
-4.57218e-09
7.78722e-07
-3.90085e-09
7.79315e-07
-3.55465e-09
7.7983e-07
-3.22662e-09
7.80317e-07
-3.0832e-09
-3.04428e-09
1.04397e-06
4.87086e-07
1.04933e-06
4.16516e-07
1.06909e-06
3.14037e-07
1.10714e-06
2.12319e-07
1.17468e-06
9.89413e-08
1.24265e-06
-4.59149e-08
1.25644e-06
-1.05348e-07
1.22168e-06
-2.21101e-07
1.15563e-06
-5.04621e-07
1.07793e-06
-7.14087e-07
9.93127e-07
-7.00842e-07
9.01262e-07
-6.03431e-07
8.13208e-07
-5.2637e-07
7.49848e-07
-4.45736e-07
7.24541e-07
-3.47005e-07
7.15082e-07
-2.64341e-07
6.98942e-07
-2.2159e-07
6.79067e-07
-2.02718e-07
6.69635e-07
-1.87081e-07
6.77846e-07
-1.67441e-07
6.99204e-07
-1.42792e-07
7.24103e-07
-1.1481e-07
7.4472e-07
-8.71822e-08
7.58153e-07
-6.33276e-08
7.65388e-07
-4.55773e-08
7.68787e-07
-3.30658e-08
7.70481e-07
-2.50304e-08
7.71637e-07
-1.93981e-08
7.72749e-07
-1.5658e-08
7.7387e-07
-1.26163e-08
7.74983e-07
-1.05148e-08
7.75994e-07
-8.55834e-09
7.76908e-07
-7.28697e-09
7.77686e-07
-6.01497e-09
7.78371e-07
-5.25791e-09
7.7895e-07
-4.47947e-09
7.79472e-07
-4.0769e-09
7.79923e-07
-3.67756e-09
7.80349e-07
-3.50863e-09
-3.42925e-09
1.15046e-06
4.2448e-07
1.21338e-06
3.53594e-07
1.27055e-06
2.56871e-07
1.31393e-06
1.68934e-07
1.34767e-06
6.52052e-08
1.33848e-06
-3.67232e-08
1.32342e-06
-9.02885e-08
1.33385e-06
-2.3153e-07
1.26362e-06
-4.34399e-07
1.11387e-06
-5.64336e-07
9.83258e-07
-5.70227e-07
8.89902e-07
-5.10074e-07
8.22811e-07
-4.59278e-07
7.73509e-07
-3.96434e-07
7.46443e-07
-3.19939e-07
7.50921e-07
-2.68819e-07
7.76099e-07
-2.46767e-07
7.95802e-07
-2.22421e-07
7.92948e-07
-1.84226e-07
7.72797e-07
-1.4729e-07
7.5283e-07
-1.22825e-07
7.43836e-07
-1.05816e-07
7.45851e-07
-8.91981e-08
7.53411e-07
-7.08868e-08
7.6138e-07
-5.35469e-08
7.67435e-07
-3.91205e-08
7.71346e-07
-2.89412e-08
7.73642e-07
-2.16949e-08
7.75001e-07
-1.70168e-08
7.75886e-07
-1.3501e-08
7.76585e-07
-1.12138e-08
7.77196e-07
-9.16913e-09
7.77781e-07
-7.87195e-09
7.78317e-07
-6.5508e-09
7.78823e-07
-5.76429e-09
7.7927e-07
-4.92625e-09
7.79686e-07
-4.49333e-09
7.80052e-07
-4.04322e-09
7.80401e-07
-3.85765e-09
-3.74646e-09
1.14767e-06
3.4684e-07
1.21556e-06
2.85702e-07
1.26525e-06
2.07181e-07
1.30791e-06
1.26268e-07
1.32685e-06
4.62721e-08
1.29253e-06
-2.40348e-09
1.28144e-06
-7.91994e-08
1.28126e-06
-2.31355e-07
1.20372e-06
-3.56857e-07
1.0795e-06
-4.40114e-07
9.90169e-07
-4.80897e-07
9.23244e-07
-4.43149e-07
8.58587e-07
-3.94621e-07
8.2211e-07
-3.59957e-07
8.08394e-07
-3.06223e-07
7.92408e-07
-2.52833e-07
7.79854e-07
-2.34214e-07
7.88274e-07
-2.30841e-07
8.12869e-07
-2.08821e-07
8.32866e-07
-1.67287e-07
8.34304e-07
-1.24264e-07
8.19734e-07
-9.12458e-08
8.0003e-07
-6.94942e-08
7.83997e-07
-5.4854e-08
7.74778e-07
-4.4328e-08
7.71347e-07
-3.56888e-08
7.7109e-07
-2.8685e-08
7.72187e-07
-2.27918e-08
7.73671e-07
-1.85007e-08
7.75085e-07
-1.49146e-08
7.76298e-07
-1.24269e-08
7.77266e-07
-1.01368e-08
7.7804e-07
-8.64596e-09
7.78642e-07
-7.15307e-09
7.79136e-07
-6.25818e-09
7.79534e-07
-5.32469e-09
7.79883e-07
-4.84253e-09
7.8018e-07
-4.33952e-09
7.80457e-07
-4.1349e-09
-3.99381e-09
1.1306e-06
2.90199e-07
1.18054e-06
2.35763e-07
1.21696e-06
1.70757e-07
1.2429e-06
1.0033e-07
1.25127e-06
3.79053e-08
1.25633e-06
-7.47049e-09
1.26544e-06
-8.83013e-08
1.23818e-06
-2.04098e-07
1.16581e-06
-2.84485e-07
1.07854e-06
-3.52845e-07
1.0078e-06
-4.10155e-07
9.55583e-07
-3.90937e-07
8.97555e-07
-3.36593e-07
8.57771e-07
-3.20173e-07
8.57745e-07
-3.06198e-07
8.54989e-07
-2.50076e-07
8.10911e-07
-1.90136e-07
7.49344e-07
-1.69275e-07
7.14793e-07
-1.74271e-07
7.20053e-07
-1.72546e-07
7.47975e-07
-1.52186e-07
7.7675e-07
-1.20021e-07
7.94379e-07
-8.71227e-08
7.99803e-07
-6.02783e-08
7.97292e-07
-4.18168e-08
7.91898e-07
-3.02948e-08
7.86906e-07
-2.36934e-08
7.83349e-07
-1.92344e-08
7.81172e-07
-1.63234e-08
7.79992e-07
-1.37349e-08
7.79454e-07
-1.18895e-08
7.79294e-07
-9.97602e-09
7.79352e-07
-8.70431e-09
7.79513e-07
-7.31438e-09
7.79726e-07
-6.47097e-09
7.79941e-07
-5.53925e-09
7.80155e-07
-5.05633e-09
7.80347e-07
-4.53205e-09
7.80534e-07
-4.32143e-09
-4.16263e-09
1.10645e-06
2.34142e-07
1.15188e-06
1.90334e-07
1.18107e-06
1.41569e-07
1.2022e-06
7.9193e-08
1.20951e-06
3.05991e-08
1.20973e-06
-7.68697e-09
1.20283e-06
-8.1402e-08
1.18062e-06
-1.81887e-07
1.15002e-06
-2.53889e-07
1.08718e-06
-2.90002e-07
9.97337e-07
-3.20314e-07
9.38865e-07
-3.32465e-07
9.10166e-07
-3.07894e-07
8.694e-07
-2.79407e-07
8.26163e-07
-2.62961e-07
8.08151e-07
-2.32064e-07
8.03283e-07
-1.85268e-07
7.85927e-07
-1.51919e-07
7.53449e-07
-1.41793e-07
7.21996e-07
-1.41092e-07
7.06259e-07
-1.36449e-07
7.08666e-07
-1.22428e-07
7.21364e-07
-9.98213e-08
7.36431e-07
-7.53447e-08
7.49735e-07
-5.5121e-08
7.59758e-07
-4.03177e-08
7.66725e-07
-3.06604e-08
7.7139e-07
-2.38993e-08
7.74486e-07
-1.94196e-08
7.76531e-07
-1.57799e-08
7.7789e-07
-1.32481e-08
7.78782e-07
-1.08679e-08
7.79372e-07
-9.29513e-09
7.79761e-07
-7.70328e-09
7.80031e-07
-6.74069e-09
7.80223e-07
-5.73107e-09
7.80375e-07
-5.20849e-09
7.80496e-07
-4.65313e-09
7.80605e-07
-4.4306e-09
-4.25534e-09
1.09335e-06
1.93706e-07
1.12377e-06
1.59914e-07
1.14738e-06
1.17959e-07
1.15872e-06
6.78478e-08
1.16935e-06
1.99767e-08
1.18647e-06
-2.48097e-08
1.17554e-06
-7.04749e-08
1.13408e-06
-1.40424e-07
1.10201e-06
-2.21823e-07
1.07194e-06
-2.59935e-07
1.01267e-06
-2.61039e-07
9.53049e-07
-2.72846e-07
9.29062e-07
-2.83907e-07
9.11397e-07
-2.61742e-07
8.68949e-07
-2.20513e-07
8.27663e-07
-1.90777e-07
8.23705e-07
-1.8131e-07
8.54744e-07
-1.82957e-07
8.90746e-07
-1.77795e-07
9.05521e-07
-1.55867e-07
8.92983e-07
-1.23912e-07
8.64478e-07
-9.3923e-08
8.35255e-07
-7.05984e-08
8.134e-07
-5.34896e-08
7.99716e-07
-4.14367e-08
7.9189e-07
-3.24917e-08
7.8747e-07
-2.62405e-08
7.84869e-07
-2.1299e-08
7.83234e-07
-1.77845e-08
7.82175e-07
-1.47201e-08
7.81488e-07
-1.25613e-08
7.81069e-07
-1.04495e-08
7.80833e-07
-9.05924e-09
7.80719e-07
-7.58857e-09
7.80674e-07
-6.69553e-09
7.80664e-07
-5.72134e-09
7.8067e-07
-5.21495e-09
7.80681e-07
-4.66374e-09
7.80694e-07
-4.44349e-09
-4.26529e-09
1.07234e-06
1.60393e-07
1.1012e-06
1.31058e-07
1.12215e-06
9.7011e-08
1.13234e-06
5.76608e-08
1.13705e-06
1.52625e-08
1.14026e-06
-2.8024e-08
1.14345e-06
-7.36635e-08
1.12729e-06
-1.24262e-07
1.07828e-06
-1.72815e-07
1.03372e-06
-2.15372e-07
1.01216e-06
-2.39479e-07
9.77565e-07
-2.38249e-07
9.2264e-07
-2.28982e-07
8.84124e-07
-2.23227e-07
8.7479e-07
-2.11178e-07
8.69574e-07
-1.85562e-07
8.45237e-07
-1.56973e-07
8.03581e-07
-1.41302e-07
7.65314e-07
-1.39528e-07
7.45177e-07
-1.35729e-07
7.41762e-07
-1.20497e-07
7.46399e-07
-9.85606e-08
7.53316e-07
-7.75148e-08
7.60047e-07
-6.02206e-08
7.65836e-07
-4.72255e-08
7.70475e-07
-3.71306e-08
7.74011e-07
-2.97766e-08
7.76591e-07
-2.38796e-08
7.78397e-07
-1.95906e-08
7.79598e-07
-1.5921e-08
7.80346e-07
-1.33088e-08
7.80768e-07
-1.08723e-08
7.80968e-07
-9.25875e-09
7.81033e-07
-7.6535e-09
7.81019e-07
-6.68151e-09
7.80972e-07
-5.67408e-09
7.80908e-07
-5.15083e-09
7.80841e-07
-4.59751e-09
7.80773e-07
-4.37531e-09
-4.19715e-09
1.05836e-06
1.33707e-07
1.08049e-06
1.08931e-07
1.09709e-06
8.04079e-08
1.11046e-06
4.42876e-08
1.11714e-06
8.58741e-09
1.114e-06
-2.4891e-08
1.10758e-06
-6.72416e-08
1.09658e-06
-1.13256e-07
1.0728e-06
-1.49038e-07
1.03455e-06
-1.77126e-07
9.95669e-07
-2.00595e-07
9.67541e-07
-2.10121e-07
9.41279e-07
-2.0272e-07
9.09245e-07
-1.91193e-07
8.82237e-07
-1.8417e-07
8.71516e-07
-1.74841e-07
8.71814e-07
-1.57271e-07
8.67956e-07
-1.37444e-07
8.51632e-07
-1.23204e-07
8.29686e-07
-1.13783e-07
8.11701e-07
-1.02512e-07
8.00953e-07
-8.7813e-08
7.95648e-07
-7.22091e-08
7.93007e-07
-5.75797e-08
7.91255e-07
-4.54737e-08
7.89709e-07
-3.55847e-08
7.88184e-07
-2.82517e-08
7.86741e-07
-2.24368e-08
7.85436e-07
-1.82853e-08
7.84343e-07
-1.48277e-08
7.83459e-07
-1.24255e-08
7.82792e-07
-1.02048e-08
7.82286e-07
-8.75291e-09
7.81915e-07
-7.28225e-09
7.81623e-07
-6.38958e-09
7.81393e-07
-5.44456e-09
7.81193e-07
-4.95093e-09
7.81022e-07
-4.42608e-09
7.80861e-07
-4.21398e-09
-4.04834e-09
1.04505e-06
1.10691e-07
1.06438e-06
8.96043e-08
1.07971e-06
6.50689e-08
1.08789e-06
3.61129e-08
1.0918e-06
4.67323e-09
1.09519e-06
-2.8281e-08
1.08816e-06
-6.02125e-08
1.06987e-06
-9.49611e-08
1.05158e-06
-1.30749e-07
1.02981e-06
-1.55356e-07
9.95857e-07
-1.66643e-07
9.61315e-07
-1.75579e-07
9.40359e-07
-1.81764e-07
9.24752e-07
-1.75586e-07
8.99306e-07
-1.58725e-07
8.67921e-07
-1.43455e-07
8.45053e-07
-1.34404e-07
8.35288e-07
-1.27678e-07
8.31992e-07
-1.19908e-07
8.26211e-07
-1.08003e-07
8.16403e-07
-9.27037e-08
8.05421e-07
-7.68309e-08
7.96152e-07
-6.29393e-08
7.89792e-07
-5.12204e-08
7.86131e-07
-4.18122e-08
7.84368e-07
-3.38218e-08
7.83681e-07
-2.75653e-08
7.8349e-07
-2.22455e-08
7.83439e-07
-1.82342e-08
7.83368e-07
-1.47569e-08
7.83206e-07
-1.22634e-08
7.82967e-07
-9.96562e-09
7.8266e-07
-8.44611e-09
7.82339e-07
-6.96104e-09
7.82012e-07
-6.06254e-09
7.81714e-07
-5.14654e-09
7.81431e-07
-4.66798e-09
7.81179e-07
-4.17414e-09
7.80937e-07
-3.9721e-09
-3.82447e-09
1.03316e-06
9.1619e-08
1.04951e-06
7.32498e-08
1.06237e-06
5.22134e-08
1.0713e-06
2.71796e-08
1.07538e-06
5.89285e-10
1.0732e-06
-2.60977e-08
1.06886e-06
-5.58754e-08
1.05886e-06
-8.49604e-08
1.03767e-06
-1.09561e-07
1.01332e-06
-1.30998e-07
9.93979e-07
-1.47304e-07
9.71849e-07
-1.53449e-07
9.41595e-07
-1.51511e-07
9.13852e-07
-1.47843e-07
8.98769e-07
-1.43642e-07
8.9145e-07
-1.36136e-07
8.8107e-07
-1.24024e-07
8.63777e-07
-1.10385e-07
8.42759e-07
-9.88905e-08
8.24613e-07
-8.98569e-08
8.12508e-07
-8.05987e-08
8.056e-07
-6.99229e-08
8.01604e-07
-5.89434e-08
7.98793e-07
-4.84094e-08
7.96328e-07
-3.93474e-08
7.94009e-07
-3.15031e-08
7.91817e-07
-2.5373e-08
7.89841e-07
-2.02694e-08
7.88101e-07
-1.64939e-08
7.86643e-07
-1.32994e-08
7.85432e-07
-1.10526e-08
7.84469e-07
-9.00216e-09
7.83681e-07
-7.65866e-09
7.83053e-07
-6.33301e-09
7.8252e-07
-5.52903e-09
7.82077e-07
-4.70411e-09
7.8168e-07
-4.27068e-09
7.81336e-07
-3.83025e-09
7.81011e-07
-3.64703e-09
-3.52765e-09
1.02335e-06
7.47377e-08
1.03756e-06
5.90439e-08
1.04867e-06
4.10956e-08
1.05579e-06
2.00668e-08
1.05894e-06
-2.56611e-09
1.05889e-06
-2.60443e-08
1.05297e-06
-4.99539e-08
1.04188e-06
-7.38735e-08
1.02829e-06
-9.59676e-08
1.01014e-06
-1.12849e-07
9.86562e-07
-1.23729e-07
9.63903e-07
-1.30791e-07
9.46178e-07
-1.33785e-07
9.29155e-07
-1.3082e-07
9.08522e-07
-1.23009e-07
8.86376e-07
-1.13989e-07
8.68346e-07
-1.05994e-07
8.56172e-07
-9.82105e-08
8.47391e-07
-9.01099e-08
8.38451e-07
-8.09164e-08
8.28451e-07
-7.05986e-08
8.18491e-07
-5.99633e-08
8.09743e-07
-5.0195e-08
8.02787e-07
-4.1454e-08
7.97617e-07
-3.41775e-08
7.9394e-07
-2.78261e-08
7.91338e-07
-2.27703e-08
7.89463e-07
-1.83952e-08
7.88028e-07
-1.50582e-08
7.86872e-07
-1.21441e-08
7.8587e-07
-1.00503e-08
7.84997e-07
-8.12968e-09
7.84205e-07
-6.86654e-09
7.83519e-07
-5.64639e-09
7.82901e-07
-4.91094e-09
7.82372e-07
-4.17539e-09
7.8189e-07
-3.78842e-09
7.8147e-07
-3.41032e-09
7.81072e-07
-3.24909e-09
-3.16456e-09
1.01432e-06
6.01775e-08
1.02679e-06
4.65788e-08
1.03661e-06
3.1277e-08
1.04312e-06
1.35524e-08
1.04598e-06
-5.429e-09
1.0449e-06
-2.4957e-08
1.04043e-06
-4.54856e-08
1.03168e-06
-6.5121e-08
1.01796e-06
-8.22461e-08
1.00163e-06
-9.65242e-08
9.84967e-07
-1.07066e-07
9.66616e-07
-1.12439e-07
9.459e-07
-1.13069e-07
9.25899e-07
-1.10819e-07
9.09457e-07
-1.06567e-07
8.95978e-07
-1.0051e-07
8.82683e-07
-9.26987e-08
8.68423e-07
-8.39507e-08
8.53651e-07
-7.53378e-08
8.3979e-07
-6.70555e-08
8.283e-07
-5.91085e-08
8.1941e-07
-5.10735e-08
8.12581e-07
-4.3366e-08
8.07177e-07
-3.60497e-08
8.02708e-07
-2.97083e-08
7.98946e-07
-2.4065e-08
7.9573e-07
-1.95541e-08
7.93018e-07
-1.56829e-08
7.90725e-07
-1.27654e-08
7.88836e-07
-1.02553e-08
7.87264e-07
-8.47847e-09
7.85991e-07
-6.85584e-09
7.84921e-07
-5.79735e-09
7.84045e-07
-4.77028e-09
7.83287e-07
-4.15272e-09
7.82652e-07
-3.54017e-09
7.8208e-07
-3.21698e-09
7.81587e-07
-2.91647e-09
7.81121e-07
-2.78338e-09
-2.7413e-09
1.0069e-06
4.71032e-08
1.01798e-06
3.54951e-08
1.0266e-06
2.26591e-08
1.03224e-06
7.91353e-09
1.03478e-06
-7.97089e-09
1.03411e-06
-2.42886e-08
1.02964e-06
-4.10141e-08
1.02166e-06
-5.71406e-08
1.0109e-06
-7.14855e-08
9.97284e-07
-8.29108e-08
9.8101e-07
-9.07913e-08
9.63881e-07
-9.5311e-08
9.47464e-07
-9.66518e-08
9.31435e-07
-9.47895e-08
9.15101e-07
-9.02337e-08
8.98626e-07
-8.40352e-08
8.82991e-07
-7.7064e-08
8.69067e-07
-7.00265e-08
8.56761e-07
-6.30317e-08
8.45719e-07
-5.60137e-08
8.35476e-07
-4.88655e-08
8.2611e-07
-4.17072e-08
8.17841e-07
-3.50972e-08
8.10839e-07
-2.90472e-08
8.05084e-07
-2.39537e-08
8.00476e-07
-1.94568e-08
7.968e-07
-1.58776e-08
7.93878e-07
-1.2761e-08
7.91504e-07
-1.03918e-08
7.89568e-07
-8.31914e-09
7.87935e-07
-6.84559e-09
7.86578e-07
-5.49861e-09
7.8541e-07
-4.6299e-09
7.84437e-07
-3.79741e-09
7.83588e-07
-3.3034e-09
7.82874e-07
-2.82599e-09
7.82231e-07
-2.57424e-09
7.81676e-07
-2.36123e-09
7.81153e-07
-2.2604e-09
-2.26631e-09
1.00038e-06
3.53844e-08
1.01031e-06
2.55664e-08
1.01809e-06
1.48757e-08
1.02326e-06
2.74288e-09
1.02549e-06
-1.02028e-08
1.02478e-06
-2.35733e-08
1.02106e-06
-3.72973e-08
1.0143e-06
-5.03771e-08
1.00447e-06
-6.16651e-08
9.92281e-07
-7.07164e-08
9.78715e-07
-7.72254e-08
9.64087e-07
-8.06832e-08
9.48403e-07
-8.09682e-08
9.32337e-07
-7.87232e-08
9.168e-07
-7.46972e-08
9.02114e-07
-6.93489e-08
8.88199e-07
-6.31486e-08
8.74724e-07
-5.65514e-08
8.61696e-07
-5.00045e-08
8.49379e-07
-4.36964e-08
8.38197e-07
-3.76836e-08
8.28527e-07
-3.20367e-08
8.2035e-07
-2.69201e-08
8.13516e-07
-2.22136e-08
8.07786e-07
-1.82241e-08
8.03006e-07
-1.46763e-08
7.98994e-07
-1.18661e-08
7.95667e-07
-9.43424e-09
7.92892e-07
-7.61656e-09
7.90616e-07
-6.04295e-09
7.88717e-07
-4.94677e-09
7.87165e-07
-3.94648e-09
7.85851e-07
-3.31623e-09
7.84768e-07
-2.71396e-09
7.8383e-07
-2.36502e-09
7.83044e-07
-2.04064e-09
7.8234e-07
-1.87038e-09
7.81734e-07
-1.75468e-09
7.81164e-07
-1.69044e-09
-1.74891e-09
9.9495e-07
2.46341e-08
1.00403e-06
1.64833e-08
1.0111e-06
7.80926e-09
1.0157e-06
-1.85329e-09
1.0178e-06
-1.23038e-08
1.01725e-06
-2.30251e-08
1.01386e-06
-3.39102e-08
1.00778e-06
-4.4298e-08
9.9936e-07
-5.32433e-08
9.88864e-07
-6.02198e-08
9.76535e-07
-6.48971e-08
9.62905e-07
-6.70526e-08
9.48669e-07
-6.67325e-08
9.34228e-07
-6.42825e-08
9.19658e-07
-6.01266e-08
9.05063e-07
-5.47543e-08
8.90669e-07
-4.87548e-08
8.76797e-07
-4.26787e-08
8.63783e-07
-3.69903e-08
8.518e-07
-3.17135e-08
8.40969e-07
-2.6853e-08
8.31334e-07
-2.24013e-08
8.22863e-07
-1.84495e-08
8.15571e-07
-1.49212e-08
8.09379e-07
-1.20323e-08
8.0422e-07
-9.51759e-09
7.99938e-07
-7.58349e-09
7.96421e-07
-5.91789e-09
7.93507e-07
-4.70224e-09
7.91116e-07
-3.65166e-09
7.89114e-07
-2.945e-09
7.87471e-07
-2.3035e-09
7.86077e-07
-1.92249e-09
7.84927e-07
-1.5633e-09
7.83931e-07
-1.36916e-09
7.83098e-07
-1.2077e-09
7.82352e-07
-1.12481e-09
7.8171e-07
-1.11271e-09
7.81108e-07
-1.08803e-09
-1.20161e-09
9.89871e-07
1.46737e-08
9.9822e-07
8.13355e-09
1.00469e-06
1.33974e-09
1.00893e-06
-6.09294e-09
1.01081e-06
-1.41821e-08
1.01021e-06
-2.24294e-08
1.00713e-06
-3.08269e-08
1.00169e-06
-3.88544e-08
9.9397e-07
-4.55284e-08
9.84172e-07
-5.04213e-08
9.72764e-07
-5.34894e-08
9.60227e-07
-5.45153e-08
9.46802e-07
-5.33081e-08
9.32715e-07
-5.01954e-08
9.18298e-07
-4.5709e-08
9.03881e-07
-4.03378e-08
8.89747e-07
-3.46205e-08
8.76151e-07
-2.90829e-08
8.63261e-07
-2.40998e-08
8.51273e-07
-1.97254e-08
8.40368e-07
-1.59487e-08
8.30665e-07
-1.2698e-08
8.222e-07
-9.98429e-09
8.14972e-07
-7.69294e-09
8.08846e-07
-5.90635e-09
8.03722e-07
-4.39419e-09
7.99437e-07
-3.29786e-09
7.95894e-07
-2.37579e-09
7.92949e-07
-1.75671e-09
7.90532e-07
-1.23439e-09
7.88512e-07
-9.25093e-10
7.86857e-07
-6.48728e-10
7.85456e-07
-5.21407e-10
7.843e-07
-4.07375e-10
7.83301e-07
-3.70067e-10
7.82465e-07
-3.71347e-10
7.81716e-07
-3.76436e-10
7.8107e-07
-4.66607e-10
7.80464e-07
-4.82174e-10
-6.4946e-10
9.81242e-07
5.24287e-09
9.88805e-07
5.70463e-10
9.94449e-07
-4.30454e-09
9.97956e-07
-9.59947e-09
9.99102e-07
-1.53288e-08
9.97814e-07
-2.11413e-08
9.94059e-07
-2.70717e-08
9.8788e-07
-3.2675e-08
9.79464e-07
-3.71124e-08
9.69108e-07
-4.00655e-08
9.57135e-07
-4.15164e-08
9.43875e-07
-4.1255e-08
9.29737e-07
-3.91707e-08
9.15151e-07
-3.56096e-08
9.00488e-07
-3.10458e-08
8.86069e-07
-2.59187e-08
8.72174e-07
-2.07256e-08
8.59047e-07
-1.59554e-08
8.46869e-07
-1.19217e-08
8.35793e-07
-8.64941e-09
8.259e-07
-6.05655e-09
8.17232e-07
-4.02912e-09
8.09756e-07
-2.50875e-09
8.03416e-07
-1.35246e-09
7.98074e-07
-5.64464e-10
7.93645e-07
3.44638e-11
7.89974e-07
3.72884e-10
7.86972e-07
6.26669e-10
7.84493e-07
7.2163e-10
7.82474e-07
7.84964e-10
7.80794e-07
7.54795e-10
7.79424e-07
7.2168e-10
7.78265e-07
6.37054e-10
7.77309e-07
5.49234e-10
7.76481e-07
4.57597e-10
7.75782e-07
3.27743e-10
7.75153e-07
2.52438e-10
7.746e-07
8.6684e-11
7.74075e-07
4.25504e-11
-1.57113e-10
9.39841e-07
-2.34146e-09
9.45106e-07
-4.69422e-09
9.47961e-07
-7.15961e-09
9.48332e-07
-9.97103e-09
9.45914e-07
-1.29104e-08
9.4063e-07
-1.5857e-08
9.32454e-07
-1.8896e-08
9.21441e-07
-2.16626e-08
9.07951e-07
-2.3622e-08
8.9255e-07
-2.46649e-08
8.75814e-07
-2.47804e-08
8.58343e-07
-2.37832e-08
8.40801e-07
-2.16288e-08
8.23808e-07
-1.86166e-08
8.07894e-07
-1.51321e-08
7.93479e-07
-1.15033e-08
7.8081e-07
-8.05746e-09
7.69936e-07
-5.08106e-09
7.60736e-07
-2.72216e-09
7.53053e-07
-9.66036e-10
7.46721e-07
2.75714e-10
7.41577e-07
1.11429e-09
7.37447e-07
1.62147e-09
7.34195e-07
1.89928e-09
7.31638e-07
1.9931e-09
7.2968e-07
1.99241e-09
7.28157e-07
1.89583e-09
7.27008e-07
1.77565e-09
7.26117e-07
1.61246e-09
7.25447e-07
1.45549e-09
7.24917e-07
1.28403e-09
7.24513e-07
1.12644e-09
7.24178e-07
9.71855e-10
7.23904e-07
8.23313e-10
7.23663e-07
6.98491e-10
7.23437e-07
5.54004e-10
7.23223e-07
4.65708e-10
7.22993e-07
3.16668e-10
7.22766e-07
2.69905e-10
1.06814e-10
6.83299e-07
6.78605e-07
6.71445e-07
6.61474e-07
6.48564e-07
6.32707e-07
6.13811e-07
5.92148e-07
5.68526e-07
5.43861e-07
5.19081e-07
4.95298e-07
4.73669e-07
4.55052e-07
4.3992e-07
4.28417e-07
4.20359e-07
4.15278e-07
4.12556e-07
4.1159e-07
4.11866e-07
4.1298e-07
4.14602e-07
4.16501e-07
4.18494e-07
4.20486e-07
4.22382e-07
4.24158e-07
4.2577e-07
4.27226e-07
4.2851e-07
4.29636e-07
4.30608e-07
4.31431e-07
4.3213e-07
4.32684e-07
4.3315e-07
4.33466e-07
4.33736e-07
)
;

boundaryField
{
    inlet
    {
        type            calculated;
        value           nonuniform List<scalar> 
20
(
-1e-06
-1e-06
-1e-06
-1e-06
-1e-06
-1e-06
-1e-06
-1e-06
-1e-06
-1e-06
-1e-06
-1e-06
-1e-06
-1e-06
-1e-06
-1e-06
-1e-06
-1e-06
-1e-06
-1e-06
)
;
    }
    outlet
    {
        type            calculated;
        value           nonuniform List<scalar> 
27
(
7.8076e-07
7.80734e-07
7.80718e-07
7.80704e-07
7.80702e-07
7.80698e-07
7.80704e-07
7.80705e-07
7.80712e-07
7.80713e-07
7.80714e-07
7.80709e-07
7.80698e-07
7.80678e-07
7.80646e-07
7.8056e-07
7.79912e-07
7.73583e-07
7.22502e-07
4.33843e-07
4.03404e-07
6.84752e-07
7.36809e-07
7.4313e-07
7.43651e-07
7.43646e-07
7.43611e-07
)
;
    }
    lowerWall
    {
        type            calculated;
        value           uniform 0;
    }
    upperWall
    {
        type            calculated;
        value           uniform 0;
    }
    defaultFaces
    {
        type            empty;
        value           nonuniform List<scalar> 0();
    }
}


// ************************************************************************* //
