/*--------------------------------*- C++ -*----------------------------------*\
| =========                 |                                                 |
| \\      /  F ield         | OpenFOAM: The Open Source CFD Toolbox           |
|  \\    /   O peration     | Version:  2112                                  |
|   \\  /    A nd           | Website:  www.openfoam.com                      |
|    \\/     M anipulation  |                                                 |
\*---------------------------------------------------------------------------*/
FoamFile
{
    version     2.0;
    format      ascii;
    arch        "LSB;label=32;scalar=64";
    class       volVectorField;
    location    "0.2";
    object      U;
}
// * * * * * * * * * * * * * * * * * * * * * * * * * * * * * * * * * * * * * //

dimensions      [0 1 -1 0 0 0 0];

internalField   nonuniform List<vector> 
1880
(
(0.0990391 0.000605908 0)
(0.0984285 0.00115662 0)
(0.0973583 0.00129639 0)
(0.0959142 0.00133303 0)
(0.0941286 0.00134979 0)
(0.0923824 0.00133768 0)
(0.0907582 0.00140608 0)
(0.0889687 0.0014804 0)
(0.0869773 0.00146357 0)
(0.0853264 0.00130968 0)
(0.083536 0.00130693 0)
(0.081863 0.00131614 0)
(0.0797746 0.00146417 0)
(0.0781892 0.00139627 0)
(0.0758905 0.00144478 0)
(0.0743472 0.00113036 0)
(0.0721147 0.00104007 0)
(0.0710951 0.000660416 0)
(0.0692906 0.000668663 0)
(0.0686998 0.000502487 0)
(0.0669807 0.000538086 0)
(0.0665091 0.000785926 0)
(0.0643828 0.000389453 0)
(0.0638301 0.00171698 0)
(0.0603633 -0.000135762 0)
(0.0604245 0.00370567 0)
(0.0529916 -0.00095657 0)
(0.0558152 0.00642546 0)
(0.0405119 0.00045356 0)
(0.0449066 0.00740652 0)
(0.100013 0.000703691 0)
(0.100304 0.0014109 0)
(0.100647 0.00164239 0)
(0.101028 0.00175375 0)
(0.101124 0.00184799 0)
(0.1012 0.00187443 0)
(0.101235 0.00198415 0)
(0.10129 0.00210771 0)
(0.100919 0.00225604 0)
(0.101186 0.00211249 0)
(0.100618 0.00224006 0)
(0.100948 0.0020386 0)
(0.0996971 0.00246939 0)
(0.100664 0.00214052 0)
(0.0989617 0.00277985 0)
(0.100238 0.00213778 0)
(0.0978612 0.00260654 0)
(0.0992131 0.00171531 0)
(0.0965637 0.00211027 0)
(0.0977854 0.00136403 0)
(0.0950132 0.00210008 0)
(0.0957154 0.00128887 0)
(0.0934558 0.00285372 0)
(0.0921016 0.00169006 0)
(0.0921894 0.00418736 0)
(0.0862638 0.00291698 0)
(0.0897133 0.00653492 0)
(0.0792838 0.00507557 0)
(0.0829703 0.0112965 0)
(0.0714653 0.0110083 0)
(0.100018 0.000251841 0)
(0.100201 0.000675712 0)
(0.100489 0.000949443 0)
(0.100906 0.00114856 0)
(0.101104 0.0012922 0)
(0.101311 0.00136242 0)
(0.101556 0.00146557 0)
(0.101749 0.00160887 0)
(0.101666 0.00175781 0)
(0.102088 0.00174774 0)
(0.102031 0.001869 0)
(0.102395 0.00180073 0)
(0.101788 0.00216117 0)
(0.102589 0.00188308 0)
(0.101919 0.00248767 0)
(0.102772 0.0018578 0)
(0.101826 0.00252817 0)
(0.102058 0.00180696 0)
(0.101539 0.0022475 0)
(0.100418 0.00221359 0)
(0.100832 0.00223385 0)
(0.0982387 0.00286247 0)
(0.0994219 0.00334564 0)
(0.0960323 0.00335257 0)
(0.0970518 0.00574851 0)
(0.0936074 0.0048748 0)
(0.0937335 0.00826257 0)
(0.090708 0.00969735 0)
(0.0890181 0.011786 0)
(0.0878919 0.0165147 0)
(0.100021 0.00023074 0)
(0.100098 0.000641025 0)
(0.100253 0.000939679 0)
(0.100579 0.00116371 0)
(0.100703 0.00133844 0)
(0.100892 0.00142457 0)
(0.101163 0.00152698 0)
(0.101378 0.00163098 0)
(0.101262 0.00181415 0)
(0.101685 0.00182907 0)
(0.101683 0.00201265 0)
(0.102084 0.00189037 0)
(0.101537 0.00226661 0)
(0.102356 0.00193642 0)
(0.101699 0.0026716 0)
(0.102749 0.00199817 0)
(0.101496 0.0031254 0)
(0.102499 0.00202983 0)
(0.101052 0.00347385 0)
(0.10153 0.00226175 0)
(0.100434 0.00393055 0)
(0.099784 0.00296552 0)
(0.0996689 0.00480983 0)
(0.0977068 0.00436808 0)
(0.0982581 0.0064246 0)
(0.095958 0.00675397 0)
(0.095715 0.00926623 0)
(0.0943955 0.0106935 0)
(0.0935475 0.0139531 0)
(0.0915377 0.0165979 0)
(0.100022 0.00014545 0)
(0.100056 0.000419306 0)
(0.100154 0.000644084 0)
(0.100433 0.000836973 0)
(0.100512 0.00100571 0)
(0.10068 0.00111563 0)
(0.100961 0.00121413 0)
(0.10118 0.00131237 0)
(0.101038 0.0014709 0)
(0.101437 0.00154669 0)
(0.10148 0.00171774 0)
(0.101862 0.00169071 0)
(0.101411 0.00196946 0)
(0.102033 0.00181514 0)
(0.101656 0.00231665 0)
(0.102246 0.00206689 0)
(0.101676 0.00271051 0)
(0.101936 0.00255094 0)
(0.101556 0.00300548 0)
(0.101277 0.00331605 0)
(0.101027 0.00356267 0)
(0.100339 0.00410541 0)
(0.100029 0.0051844 0)
(0.0993138 0.00479747 0)
(0.0987441 0.0079512 0)
(0.0980916 0.00667573 0)
(0.0974718 0.0108154 0)
(0.0968694 0.0110985 0)
(0.0963978 0.0148262 0)
(0.0963304 0.0164417 0)
(0.100022 0.000121369 0)
(0.100043 0.000357411 0)
(0.100111 0.000564006 0)
(0.100359 0.000749424 0)
(0.1004 0.000920547 0)
(0.100544 0.00104757 0)
(0.100817 0.00115257 0)
(0.101045 0.00124876 0)
(0.100887 0.00139781 0)
(0.101285 0.00150311 0)
(0.101323 0.00167556 0)
(0.101734 0.00169006 0)
(0.10128 0.00194004 0)
(0.101926 0.00184362 0)
(0.101523 0.00233846 0)
(0.102179 0.00212323 0)
(0.101567 0.00291831 0)
(0.101979 0.00260415 0)
(0.101615 0.00352512 0)
(0.101457 0.00336616 0)
(0.10153 0.00420717 0)
(0.100579 0.00451753 0)
(0.101145 0.00533929 0)
(0.099854 0.00606012 0)
(0.100161 0.00745063 0)
(0.0996421 0.00813618 0)
(0.0989854 0.0106853 0)
(0.0993975 0.0115829 0)
(0.0989998 0.0146845 0)
(0.0989001 0.0167553 0)
(0.100022 9.36925e-05 0)
(0.100031 0.000276614 0)
(0.100079 0.000438919 0)
(0.100307 0.000589824 0)
(0.100326 0.000735043 0)
(0.100452 0.000858496 0)
(0.100721 0.000956362 0)
(0.100954 0.00105388 0)
(0.100801 0.00117882 0)
(0.101189 0.001312 0)
(0.101252 0.00146083 0)
(0.101647 0.00155057 0)
(0.101268 0.00172371 0)
(0.101832 0.00178237 0)
(0.101592 0.00208336 0)
(0.102074 0.00220095 0)
(0.101752 0.00261107 0)
(0.101971 0.00289193 0)
(0.101898 0.00324398 0)
(0.101791 0.00377667 0)
(0.101825 0.00418473 0)
(0.101466 0.00471774 0)
(0.101543 0.00585105 0)
(0.101151 0.00584381 0)
(0.101182 0.00822829 0)
(0.100994 0.00797487 0)
(0.100928 0.0108546 0)
(0.101223 0.011616 0)
(0.101211 0.0143927 0)
(0.101866 0.0157711 0)
(0.100022 7.32697e-05 0)
(0.100026 0.000218988 0)
(0.100066 0.000350751 0)
(0.100282 0.000478149 0)
(0.100291 0.000605669 0)
(0.100407 0.000726919 0)
(0.100676 0.000822069 0)
(0.100909 0.000923239 0)
(0.100767 0.00103363 0)
(0.101152 0.00118324 0)
(0.101236 0.00132158 0)
(0.10163 0.00145418 0)
(0.101294 0.00160047 0)
(0.101845 0.00171871 0)
(0.101673 0.00197448 0)
(0.102132 0.00216539 0)
(0.101929 0.00254893 0)
(0.102098 0.00288897 0)
(0.102263 0.00326001 0)
(0.102026 0.00385546 0)
(0.102473 0.00416659 0)
(0.101909 0.00504541 0)
(0.102445 0.00554882 0)
(0.102047 0.00647129 0)
(0.102251 0.00770127 0)
(0.10245 0.00837424 0)
(0.102419 0.0104858 0)
(0.10292 0.0113769 0)
(0.10348 0.0136301 0)
(0.103861 0.015389 0)
(0.100022 5.49505e-05 0)
(0.100024 0.000166357 0)
(0.10006 0.000266697 0)
(0.10027 0.000367327 0)
(0.100275 0.000471668 0)
(0.100386 0.000581366 0)
(0.10066 0.000664885 0)
(0.100892 0.000763845 0)
(0.100769 0.000856365 0)
(0.101147 0.0010154 0)
(0.101267 0.00113512 0)
(0.101643 0.00130961 0)
(0.101377 0.00141424 0)
(0.101891 0.00161378 0)
(0.101821 0.00176891 0)
(0.102238 0.00210884 0)
(0.102152 0.00232838 0)
(0.102334 0.00287073 0)
(0.102562 0.00310089 0)
(0.102502 0.00379461 0)
(0.102867 0.00418074 0)
(0.10269 0.00483355 0)
(0.103055 0.00570469 0)
(0.103043 0.00616777 0)
(0.103322 0.00766417 0)
(0.103593 0.0081681 0)
(0.103919 0.00995443 0)
(0.104515 0.0109893 0)
(0.105125 0.0128788 0)
(0.105965 0.0141794 0)
(0.100023 3.73321e-05 0)
(0.100024 0.000115555 0)
(0.10006 0.00018505 0)
(0.100269 0.000258231 0)
(0.100277 0.000339052 0)
(0.100386 0.000434677 0)
(0.10067 0.000506473 0)
(0.100902 0.000600459 0)
(0.100802 0.000679331 0)
(0.101173 0.000839316 0)
(0.101335 0.000949367 0)
(0.101697 0.00114614 0)
(0.101497 0.00123653 0)
(0.101987 0.00147091 0)
(0.102005 0.0015861 0)
(0.102396 0.00197746 0)
(0.10242 0.00213702 0)
(0.102584 0.00274937 0)
(0.102952 0.00291222 0)
(0.102898 0.00370002 0)
(0.10341 0.00395355 0)
(0.103309 0.00480403 0)
(0.10376 0.00533569 0)
(0.103943 0.00615819 0)
(0.104263 0.00714993 0)
(0.104718 0.00793527 0)
(0.105243 0.00931852 0)
(0.105793 0.0104003 0)
(0.106783 0.0118139 0)
(0.107559 0.0132956 0)
(0.100023 1.96689e-05 0)
(0.100025 6.42761e-05 0)
(0.100065 0.000102651 0)
(0.100277 0.000147229 0)
(0.100292 0.000202932 0)
(0.100405 0.000281249 0)
(0.100704 0.000339066 0)
(0.100937 0.000423865 0)
(0.100864 0.000488342 0)
(0.101229 0.000642475 0)
(0.101437 0.000741692 0)
(0.101784 0.000950608 0)
(0.101651 0.0010274 0)
(0.102118 0.00128495 0)
(0.102218 0.00136202 0)
(0.1026 0.00178605 0)
(0.102696 0.00189641 0)
(0.102902 0.00253148 0)
(0.103303 0.00269352 0)
(0.10338 0.00342646 0)
(0.103869 0.00377075 0)
(0.103972 0.00446509 0)
(0.104404 0.00509636 0)
(0.104755 0.00578251 0)
(0.105171 0.00669279 0)
(0.105702 0.0074885 0)
(0.106362 0.00857776 0)
(0.107051 0.00963096 0)
(0.108033 0.0108575 0)
(0.109014 0.0119881 0)
(0.100023 1.08926e-06 0)
(0.100027 1.04558e-05 0)
(0.100074 1.66797e-05 0)
(0.100292 3.22145e-05 0)
(0.10032 6.35729e-05 0)
(0.10044 0.000124995 0)
(0.100758 0.000172267 0)
(0.100994 0.000247909 0)
(0.10095 0.000300783 0)
(0.10131 0.00044445 0)
(0.101566 0.000538086 0)
(0.101901 0.000748915 0)
(0.101835 0.000823744 0)
(0.102283 0.00108515 0)
(0.10246 0.00114521 0)
(0.102834 0.00156996 0)
(0.103003 0.00165206 0)
(0.103235 0.00228508 0)
(0.103688 0.00242369 0)
(0.103841 0.00315193 0)
(0.104355 0.00344795 0)
(0.104576 0.00416856 0)
(0.10503 0.00465891 0)
(0.105499 0.00541492 0)
(0.105987 0.00610451 0)
(0.106575 0.0069321 0)
(0.107379 0.00778022 0)
(0.108066 0.00879932 0)
(0.109171 0.0097106 0)
(0.110204 0.0108298 0)
(0.100023 -1.99996e-05 0)
(0.100033 -5.16548e-05 0)
(0.10009 -8.30615e-05 0)
(0.100321 -0.00010255 0)
(0.100367 -0.000102599 0)
(0.100501 -6.57452e-05 0)
(0.100842 -3.53859e-05 0)
(0.101082 2.26291e-05 0)
(0.101067 5.76371e-05 0)
(0.101424 0.000180497 0)
(0.101728 0.000265586 0)
(0.102053 0.000469043 0)
(0.102049 0.000543903 0)
(0.102483 0.000795118 0)
(0.102729 0.000848102 0)
(0.103105 0.00125098 0)
(0.103324 0.00133061 0)
(0.103595 0.00192588 0)
(0.104064 0.00208975 0)
(0.104306 0.0027527 0)
(0.104811 0.00308278 0)
(0.105141 0.00372831 0)
(0.105613 0.00419917 0)
(0.106158 0.00490369 0)
(0.106711 0.0054804 0)
(0.107361 0.00626279 0)
(0.108205 0.00695227 0)
(0.108991 0.00783424 0)
(0.110089 0.0086377 0)
(0.111192 0.00950834 0)
(0.100023 -4.33233e-05 0)
(0.100038 -0.000118696 0)
(0.100109 -0.000185314 0)
(0.100354 -0.000234655 0)
(0.100422 -0.000257975 0)
(0.100574 -0.000234453 0)
(0.10094 -0.000209645 0)
(0.101187 -0.000162559 0)
(0.101202 -0.000138912 0)
(0.101562 -3.02525e-05 0)
(0.101916 5.5501e-05 0)
(0.102237 0.000251057 0)
(0.102291 0.000332339 0)
(0.102718 0.000568265 0)
(0.103031 0.000623834 0)
(0.103415 0.000993702 0)
(0.103683 0.00107504 0)
(0.103991 0.00162165 0)
(0.104474 0.00179057 0)
(0.104781 0.00239598 0)
(0.105279 0.00270612 0)
(0.105679 0.00330499 0)
(0.106167 0.00370214 0)
(0.106754 0.00436605 0)
(0.107362 0.00482319 0)
(0.108038 0.00554273 0)
(0.10893 0.00608066 0)
(0.109753 0.00686998 0)
(0.110862 0.00747861 0)
(0.112009 0.00825361 0)
(0.100023 -7.74327e-05 0)
(0.100053 -0.000219727 0)
(0.10015 -0.000341173 0)
(0.100423 -0.000437176 0)
(0.100526 -0.000496738 0)
(0.100704 -0.000495427 0)
(0.101095 -0.000482627 0)
(0.101348 -0.000458131 0)
(0.101394 -0.000456414 0)
(0.101763 -0.000372227 0)
(0.102158 -0.000293066 0)
(0.102471 -0.000118987 0)
(0.102576 -3.94853e-05 0)
(0.103004 0.000165794 0)
(0.103376 0.000217967 0)
(0.10377 0.000540493 0)
(0.10407 0.000633008 0)
(0.104401 0.00113054 0)
(0.104874 0.00133231 0)
(0.105222 0.00189101 0)
(0.105702 0.00221791 0)
(0.106146 0.00276929 0)
(0.106648 0.00313669 0)
(0.107261 0.00373995 0)
(0.107903 0.00412353 0)
(0.108614 0.00475148 0)
(0.109513 0.00519647 0)
(0.110388 0.00583996 0)
(0.111491 0.00635094 0)
(0.112653 0.00695967 0)
(0.100022 -0.000106319 0)
(0.100069 -0.000297752 0)
(0.100199 -0.000447647 0)
(0.100508 -0.000563572 0)
(0.100656 -0.000635051 0)
(0.100871 -0.000636552 0)
(0.101283 -0.000628777 0)
(0.10154 -0.000627767 0)
(0.101621 -0.00064252 0)
(0.102007 -0.000572943 0)
(0.102441 -0.000494513 0)
(0.102749 -0.000343126 0)
(0.1029 -0.00026602 0)
(0.103337 -8.32802e-05 0)
(0.103772 -1.49318e-05 0)
(0.104194 0.000285277 0)
(0.10454 0.000409402 0)
(0.104903 0.000865047 0)
(0.105371 0.00107955 0)
(0.105739 0.00157031 0)
(0.106188 0.00186643 0)
(0.106636 0.00233821 0)
(0.107132 0.00263854 0)
(0.107733 0.00314896 0)
(0.108392 0.00344414 0)
(0.109107 0.00396606 0)
(0.110008 0.0043046 0)
(0.110903 0.00482897 0)
(0.111999 0.00520958 0)
(0.113161 0.00569892 0)
(0.100022 -0.000199166 0)
(0.100112 -0.000543184 0)
(0.100303 -0.00077914 0)
(0.100665 -0.000941127 0)
(0.100866 -0.00103167 0)
(0.101109 -0.0010331 0)
(0.101526 -0.00103592 0)
(0.101791 -0.00107048 0)
(0.101924 -0.00110566 0)
(0.102335 -0.00104 0)
(0.102784 -0.000950677 0)
(0.103075 -0.000818315 0)
(0.103278 -0.000748345 0)
(0.103756 -0.000606866 0)
(0.10427 -0.000548354 0)
(0.104725 -0.000306039 0)
(0.105084 -0.000166015 0)
(0.105424 0.000259385 0)
(0.105829 0.000524086 0)
(0.106163 0.00100083 0)
(0.106557 0.00131439 0)
(0.106983 0.00175245 0)
(0.107478 0.00202901 0)
(0.108062 0.00246843 0)
(0.108748 0.00270907 0)
(0.109463 0.00312968 0)
(0.110381 0.00339325 0)
(0.111274 0.00379241 0)
(0.112392 0.00407893 0)
(0.11352 0.00444266 0)
(0.100018 -0.000228754 0)
(0.100217 -0.000603929 0)
(0.100545 -0.00083242 0)
(0.101005 -0.000984675 0)
(0.101284 -0.001067 0)
(0.101556 -0.00107142 0)
(0.101953 -0.00110315 0)
(0.102213 -0.00118478 0)
(0.102392 -0.00122644 0)
(0.102819 -0.00114946 0)
(0.103249 -0.00106118 0)
(0.103504 -0.000994429 0)
(0.10371 -0.000972477 0)
(0.104181 -0.000892535 0)
(0.1047 -0.000813126 0)
(0.105166 -0.000556752 0)
(0.105542 -0.000309312 0)
(0.105911 0.000152441 0)
(0.106286 0.000456621 0)
(0.106595 0.000865286 0)
(0.106928 0.00111431 0)
(0.107305 0.00143015 0)
(0.107777 0.00161203 0)
(0.108307 0.00191111 0)
(0.109009 0.0020546 0)
(0.109688 0.00234289 0)
(0.110634 0.00251028 0)
(0.111497 0.00278154 0)
(0.112658 0.00296717 0)
(0.113729 0.00321497 0)
(0.100014 -0.000687879 0)
(0.100321 -0.00136288 0)
(0.100707 -0.00156265 0)
(0.101132 -0.001644 0)
(0.101327 -0.00169238 0)
(0.101465 -0.0016849 0)
(0.101698 -0.00172837 0)
(0.101794 -0.00183523 0)
(0.101791 -0.00186219 0)
(0.101981 -0.0017457 0)
(0.102131 -0.00162735 0)
(0.102151 -0.00156537 0)
(0.10213 -0.00155222 0)
(0.1024 -0.00153919 0)
(0.102599 -0.0015092 0)
(0.102863 -0.00131403 0)
(0.102929 -0.00100228 0)
(0.103237 -0.000525496 0)
(0.103415 -0.000134406 0)
(0.10387 0.000273667 0)
(0.104187 0.000563093 0)
(0.104828 0.000827713 0)
(0.105334 0.000996028 0)
(0.106134 0.00119586 0)
(0.106852 0.00128802 0)
(0.107791 0.0014644 0)
(0.108711 0.00155992 0)
(0.109821 0.00171356 0)
(0.110939 0.00181144 0)
(0.112242 0.00194465 0)
(0.0990393 -0.000601586 0)
(0.098449 -0.00114401 0)
(0.0974223 -0.00127403 0)
(0.096035 -0.00130117 0)
(0.0943419 -0.00130281 0)
(0.0926999 -0.0012831 0)
(0.0912365 -0.00132724 0)
(0.0895981 -0.00139461 0)
(0.087867 -0.00134154 0)
(0.0863977 -0.00119151 0)
(0.0850329 -0.00111832 0)
(0.0835893 -0.00114198 0)
(0.0821426 -0.00118193 0)
(0.0808299 -0.00116622 0)
(0.0794815 -0.00107542 0)
(0.0782659 -0.000871119 0)
(0.0772062 -0.000598901 0)
(0.0766557 -0.000314314 0)
(0.0763212 -8.94012e-05 0)
(0.0764671 9.35615e-05 0)
(0.0766451 0.000212311 0)
(0.0772499 0.000298531 0)
(0.0777303 0.000361819 0)
(0.0786244 0.000408168 0)
(0.0792913 0.000445352 0)
(0.0803765 0.000496943 0)
(0.0812075 0.000522718 0)
(0.0824704 0.000570203 0)
(0.0834469 0.000593996 0)
(0.084897 0.000621327 0)
(0.0234106 0.0113733 0)
(0.0590378 0.0217921 0)
(0.0424509 0.0118302 0)
(0.0850245 0.0356863 9.89745e-22)
(0.060528 0.0310128 8.11477e-22)
(0.0891333 0.0371905 0)
(0.0619716 0.0259772 2.60009e-22)
(0.111238 0.0450639 1.26321e-22)
(0.0933929 0.0498633 5.01313e-22)
(0.129136 0.0459262 0)
(0.0705142 0.0162593 0)
(0.0849688 0.0318496 0)
(0.088383 0.0285577 0)
(0.0908834 0.0309401 0)
(0.0955084 0.0435618 0)
(0.111572 0.059841 1.90803e-22)
(0.105126 0.0411713 7.33506e-23)
(0.115535 0.0358384 -4.45982e-23)
(0.12653 0.0484787 -4.38245e-22)
(0.151289 0.0718595 -5.0871e-22)
(0.0845325 0.023595 0)
(0.0890787 0.0218656 0)
(0.0969226 0.0338165 0)
(0.0942987 0.0308548 0)
(0.0985219 0.0333044 0)
(0.113078 0.0405701 -1.90802e-22)
(0.120726 0.050971 -7.33483e-23)
(0.122626 0.0318571 4.45949e-23)
(0.124854 0.0369802 2.42606e-22)
(0.141274 0.0450294 5.08733e-22)
(0.0935899 0.022498 -4.47971e-22)
(0.0943047 0.0242525 0)
(0.0990807 0.0290709 -3.55113e-22)
(0.102887 0.0323766 -3.03619e-22)
(0.107266 0.0349325 -2.20705e-22)
(0.111308 0.037065 0)
(0.121029 0.0420292 0)
(0.127009 0.0348198 1.00961e-22)
(0.129464 0.0385414 2.51738e-22)
(0.138459 0.0426786 4.24544e-22)
(0.0957497 0.0223222 4.47972e-22)
(0.0990443 0.0219386 0)
(0.101768 0.0285904 3.55114e-22)
(0.105711 0.0278617 3.03619e-22)
(0.109556 0.0318592 2.20705e-22)
(0.115455 0.0310172 0)
(0.121687 0.0376651 0)
(0.127987 0.0301022 -1.00966e-22)
(0.130264 0.0304977 -2.51739e-22)
(0.140564 0.031211 -4.24546e-22)
(0.0999617 0.0203614 0)
(0.101837 0.0217051 -3.30376e-22)
(0.104928 0.0258112 0)
(0.109115 0.0264883 -2.30411e-22)
(0.112865 0.0296987 0)
(0.117445 0.0287564 0)
(0.122585 0.0319291 0)
(0.129134 0.0294344 -1.14305e-22)
(0.132972 0.0302657 0)
(0.138338 0.0286487 0)
(0.102433 0.019754 3.29326e-22)
(0.10464 0.0198619 6.29178e-22)
(0.107641 0.0240625 2.56048e-22)
(0.111262 0.0233172 2.30412e-22)
(0.11455 0.0263623 0)
(0.119261 0.0259451 -6.91917e-23)
(0.123936 0.0282664 0)
(0.129048 0.0243047 1.14305e-22)
(0.132842 0.0246274 0)
(0.138595 0.022959 0)
(0.105048 0.0178621 -3.29327e-22)
(0.107028 0.0187299 -2.98801e-22)
(0.109768 0.0215461 -2.56048e-22)
(0.113295 0.0217902 0)
(0.116408 0.0237835 0)
(0.120418 0.0229123 6.91918e-23)
(0.125062 0.024446 0)
(0.12963 0.0229802 0)
(0.133018 0.0226712 0)
(0.137456 0.0197145 0)
(0.107032 0.0166592 0)
(0.108949 0.0171093 -2.475e-22)
(0.111603 0.0194976 0)
(0.114753 0.0191802 -1.6256e-22)
(0.117844 0.0209627 0)
(0.121495 0.0206158 0)
(0.125312 0.0214046 2.50544e-23)
(0.129289 0.0189937 1.03333e-22)
(0.132961 0.0188101 0)
(0.136804 0.0164445 2.66383e-22)
(0.108783 0.0149368 0)
(0.110658 0.0156019 2.475e-22)
(0.113149 0.0172765 0)
(0.11601 0.0174299 1.6256e-22)
(0.118862 0.018507 0)
(0.12211 0.0179435 0)
(0.125909 0.0184955 -2.50544e-23)
(0.129401 0.017118 -1.03333e-22)
(0.132343 0.0164742 0)
(0.135648 0.0139328 -2.66384e-22)
(0.110246 0.0135064 1.1763e-22)
(0.112009 0.0139744 0)
(0.114324 0.0153227 0)
(0.116974 0.0152473 6.78361e-23)
(0.119742 0.0161258 0)
(0.122703 0.015739 0)
(0.125877 0.0159706 0)
(0.12902 0.01434 -4.40437e-23)
(0.13193 0.0137752 0)
(0.134736 0.0115893 0)
(0.111443 0.0119095 -7.62223e-24)
(0.11316 0.0123906 0)
(0.115345 0.0133674 8.22961e-23)
(0.117749 0.0134274 -4.74221e-24)
(0.120311 0.0139651 0)
(0.123011 0.0135452 0)
(0.125984 0.0135971 -1.08514e-23)
(0.12877 0.012386 4.40438e-23)
(0.131273 0.0116832 -6.94951e-23)
(0.133767 0.00970976 -9.99283e-23)
(0.112455 0.0104358 -6.3358e-24)
(0.114081 0.0108027 0)
(0.116099 0.0115663 -4.91361e-24)
(0.118344 0.0115416 -3.66325e-24)
(0.120759 0.0119399 3.90471e-23)
(0.123249 0.0115386 -1.59913e-23)
(0.125853 0.0114883 1.63392e-24)
(0.128374 0.0103141 -3.59021e-23)
(0.130711 0.00965062 6.42637e-24)
(0.132896 0.00794378 8.9189e-24)
(0.113262 0.00893962 -1.03673e-22)
(0.114826 0.00925954 0)
(0.11673 0.00982254 -7.73826e-23)
(0.118794 0.00982108 -5.94309e-23)
(0.12104 0.0100544 -3.90471e-23)
(0.123341 0.00967387 3.18924e-23)
(0.12573 0.00952101 9.21754e-24)
(0.128013 0.00856673 3.59021e-23)
(0.130124 0.00790659 6.30689e-23)
(0.132103 0.00644795 9.10097e-23)
(0.113919 0.00750237 0)
(0.115417 0.00775123 0)
(0.117195 0.00817143 0)
(0.119128 0.00813847 0)
(0.121227 0.00828641 0)
(0.123365 0.00791583 -1.59011e-23)
(0.125542 0.00773204 0)
(0.127633 0.00688674 0)
(0.129594 0.00628211 0)
(0.131396 0.00504932 0)
(0.114432 0.00609426 0)
(0.115864 0.006287 0)
(0.11756 0.00658869 0)
(0.119356 0.00655838 0)
(0.121327 0.00662111 0)
(0.123315 0.0062902 -8.46224e-24)
(0.125347 0.00606987 0)
(0.127276 0.00537117 0)
(0.129108 0.00482011 0)
(0.130772 0.00380307 0)
(0.114831 0.00471979 0)
(0.116185 0.00485493 0)
(0.117835 0.00505498 3.31809e-23)
(0.119486 0.00501367 0)
(0.121376 0.00502397 1.7937e-23)
(0.123196 0.00472844 8.46225e-24)
(0.125134 0.0045028 0)
(0.126891 0.00392335 -1.12221e-23)
(0.128648 0.00344412 0)
(0.130156 0.00262675 0)
(0.115097 0.0033917 0)
(0.116274 0.00348113 0)
(0.117941 0.00359433 -3.3181e-23)
(0.11935 0.00355445 0)
(0.121228 0.00351114 -1.79371e-23)
(0.122758 0.00326303 0)
(0.124683 0.003034 0)
(0.12613 0.002569 1.12221e-23)
(0.127868 0.00215602 0)
(0.129028 0.00152624 0)
(0.113553 0.00201604 -1.07913e-23)
(0.114328 0.00205562 -9.55478e-24)
(0.115899 0.00207525 -8.11346e-24)
(0.116794 0.00203137 0)
(0.118562 0.00194989 -4.57043e-24)
(0.119468 0.00177146 0)
(0.121273 0.00156265 -1.92167e-25)
(0.121962 0.0012406 0)
(0.123562 0.000911449 4.79308e-24)
(0.123766 0.00049704 7.40591e-24)
(0.0860027 0.000601633 1.07901e-23)
(0.0867742 0.000562535 9.55364e-24)
(0.0879946 0.000505083 8.11244e-24)
(0.0887254 0.000437073 0)
(0.08996 0.000339318 4.56979e-24)
(0.0904807 0.000229602 0)
(0.0915401 8.42885e-05 1.92137e-25)
(0.0915613 -7.36297e-05 0)
(0.0921765 -0.000259701 -4.79223e-24)
(0.0913807 -0.000433955 -7.40454e-24)
(0.00265251 -0.000216358 0)
(-0.00398744 -0.0016891 0)
(-0.0194387 0.00552523 0)
(-0.0446213 0.0108007 0)
(-0.086207 0.0147157 0)
(-0.116675 0.00962707 0)
(-0.129353 0.00357266 0)
(-0.122336 -0.00232275 0)
(-0.107817 -0.00533632 0)
(-0.0855722 -0.00806855 0)
(-0.0585279 -0.00799441 0)
(-0.0343194 -0.00786861 0)
(-0.00974199 -0.00665042 0)
(0.0105027 -0.00538127 0)
(0.0274753 -0.00388228 0)
(0.040328 -0.0024316 0)
(0.0495417 -0.0012182 0)
(0.0556509 -0.000307309 0)
(0.0593622 0.000300116 0)
(0.0613312 0.000646416 0)
(0.0621059 0.000794755 0)
(0.0621269 0.000811511 0)
(0.0617217 0.00074836 0)
(0.0611097 0.000646591 0)
(0.060434 0.000536835 0)
(0.0597761 0.000434998 0)
(0.0591819 0.000347132 0)
(0.0586668 0.000275615 0)
(0.05823 0.000219043 0)
(0.0578699 0.000175195 0)
(0.0575659 0.000140787 0)
(0.0573257 0.000113956 0)
(0.0571148 9.25011e-05 0)
(0.0569608 7.48899e-05 0)
(0.0568137 6.10669e-05 0)
(0.0567213 4.81748e-05 0)
(0.0566213 3.95406e-05 0)
(0.0565708 2.86774e-05 0)
(0.0565138 2.45318e-05 0)
(0.0564819 1.33568e-05 0)
(0.0031451 0.000861686 0)
(-0.00666711 0.0180737 0)
(-0.031002 0.0238797 0)
(-0.0681462 0.0357032 0)
(-0.102072 0.0349962 0)
(-0.125262 0.0229679 0)
(-0.12543 0.00192126 0)
(-0.119362 -0.0123204 0)
(-0.097009 -0.0222846 0)
(-0.0767862 -0.0279854 0)
(-0.0469732 -0.0299907 0)
(-0.0236406 -0.0274706 0)
(0.00112438 -0.0251357 0)
(0.0213093 -0.021389 0)
(0.0388183 -0.0172742 0)
(0.0528682 -0.0131167 0)
(0.0639241 -0.00943956 0)
(0.0724034 -0.00645486 0)
(0.0788133 -0.0041747 0)
(0.0836133 -0.00250656 0)
(0.0871757 -0.00133147 0)
(0.0897941 -0.000536438 0)
(0.0916895 -3.33444e-05 0)
(0.0930365 0.000258736 0)
(0.0939643 0.00039753 0)
(0.0945932 0.000442983 0)
(0.0949965 0.000429244 0)
(0.095271 0.000391598 0)
(0.095428 0.000339856 0)
(0.0955529 0.000290267 0)
(0.0956032 0.000242198 0)
(0.0956743 0.000201542 0)
(0.0956784 0.000165613 0)
(0.0957358 0.000134397 0)
(0.0957201 0.000109877 0)
(0.0957788 8.39018e-05 0)
(0.0957569 6.84619e-05 0)
(0.095821 4.4499e-05 0)
(0.0958034 3.68073e-05 0)
(0.0958688 1.32375e-05 0)
(-0.00195795 0.00339627 0)
(-0.0181413 0.0244139 0)
(-0.0530014 0.0471407 0)
(-0.0635862 0.0556393 0)
(-0.0928488 0.0522837 0)
(-0.0979878 0.0291446 0)
(-0.0977825 0.000503124 0)
(-0.0865673 -0.0227603 0)
(-0.0692142 -0.0371354 0)
(-0.046244 -0.045559 0)
(-0.0229532 -0.0469332 0)
(0.000516993 -0.0436667 0)
(0.0209837 -0.0391111 0)
(0.0374504 -0.0330304 0)
(0.0508894 -0.0267664 0)
(0.0612816 -0.0206723 0)
(0.0693594 -0.0153355 0)
(0.0758469 -0.0110314 0)
(0.0812011 -0.0077689 0)
(0.0856438 -0.00538622 0)
(0.0893033 -0.00367276 0)
(0.0922941 -0.00244416 0)
(0.0947077 -0.00157548 0)
(0.0966363 -0.000964465 0)
(0.0981366 -0.000557455 0)
(0.0993082 -0.000285709 0)
(0.100182 -0.000123141 0)
(0.100866 -2.08065e-05 0)
(0.101353 2.90632e-05 0)
(0.10176 5.73672e-05 0)
(0.102029 6.29631e-05 0)
(0.102291 6.42087e-05 0)
(0.102437 5.56451e-05 0)
(0.102624 4.67834e-05 0)
(0.1027 3.63102e-05 0)
(0.102851 2.21955e-05 0)
(0.102884 1.35408e-05 0)
(0.103018 -4.48622e-06 0)
(0.103027 -9.74722e-06 0)
(0.103155 -3.09671e-05 0)
(-0.00257489 0.0122584 0)
(-0.0110402 0.0536769 0)
(-0.0207215 0.0561534 0)
(-0.037651 0.0644621 0)
(-0.059061 0.0598147 0)
(-0.0559989 0.030133 0)
(-0.0536623 -0.0048033 0)
(-0.0469782 -0.0326945 0)
(-0.0355347 -0.0516579 0)
(-0.0183604 -0.0618517 0)
(0.00309609 -0.0645021 0)
(0.0239724 -0.0597577 0)
(0.0431579 -0.0519282 0)
(0.0579244 -0.0429171 0)
(0.0691449 -0.0340116 0)
(0.0768251 -0.0259328 0)
(0.0812994 -0.0194605 0)
(0.0840376 -0.0145894 0)
(0.0864154 -0.0109226 0)
(0.0889182 -0.00812579 0)
(0.0914425 -0.00598874 0)
(0.0937776 -0.00435856 0)
(0.0957921 -0.00313291 0)
(0.0974708 -0.0022098 0)
(0.0988184 -0.00153853 0)
(0.09991 -0.0010439 0)
(0.100752 -0.000707574 0)
(0.101442 -0.000467725 0)
(0.101953 -0.000316502 0)
(0.102396 -0.000209086 0)
(0.102701 -0.000147942 0)
(0.103 -0.000101307 0)
(0.10318 -7.97336e-05 0)
(0.103398 -6.19736e-05 0)
(0.103499 -5.58851e-05 0)
(0.103673 -5.38827e-05 0)
(0.103724 -5.38607e-05 0)
(0.103877 -6.25058e-05 0)
(0.103895 -6.37579e-05 0)
(0.104039 -8.15762e-05 0)
(-0.0204894 0.0175121 0)
(-0.0195638 0.0391801 0)
(-0.0272012 0.0629272 0)
(-0.020391 0.0768332 0)
(-0.0177034 0.0652109 0)
(-0.00664125 0.0295664 0)
(-0.00181256 -0.00576416 0)
(-0.00125293 -0.0351091 0)
(-4.70343e-05 -0.058263 0)
(0.0103548 -0.0742043 0)
(0.0241929 -0.0778842 0)
(0.0390952 -0.0735687 0)
(0.054238 -0.0640066 0)
(0.0663407 -0.052566 0)
(0.0760403 -0.0411388 0)
(0.0848007 -0.0298625 0)
(0.0907842 -0.0205723 0)
(0.0929985 -0.0146478 0)
(0.0931625 -0.0112941 0)
(0.0932646 -0.00907673 0)
(0.0940506 -0.007244 0)
(0.0953741 -0.00562422 0)
(0.0968534 -0.00425808 0)
(0.0982329 -0.00315037 0)
(0.099383 -0.0023113 0)
(0.100324 -0.00167273 0)
(0.101052 -0.00122101 0)
(0.101657 -0.000882759 0)
(0.102111 -0.000653901 0)
(0.102515 -0.000480126 0)
(0.102799 -0.000369535 0)
(0.103084 -0.000279504 0)
(0.103258 -0.000227994 0)
(0.103472 -0.000182462 0)
(0.103573 -0.00015875 0)
(0.103745 -0.000139039 0)
(0.103797 -0.000129423 0)
(0.103949 -0.000127306 0)
(0.103968 -0.000124333 0)
(0.104112 -0.000136436 0)
(0.0294499 0.0333597 0)
(0.00349531 0.0643495 0)
(0.0174557 0.0601499 0)
(0.0260031 0.0630891 0)
(0.0400476 0.0505403 0)
(0.052252 0.0201047 0)
(0.05728 -0.00977752 0)
(0.0528481 -0.0344385 0)
(0.0524705 -0.0597311 0)
(0.0550498 -0.079934 0)
(0.0602427 -0.0852123 0)
(0.0652392 -0.0805507 0)
(0.0710325 -0.070063 0)
(0.0756802 -0.0573896 0)
(0.0771704 -0.0466489 0)
(0.0804185 -0.036345 0)
(0.0871373 -0.0254158 0)
(0.0935041 -0.016382 0)
(0.0967948 -0.0110772 0)
(0.097554 -0.00864515 0)
(0.0974724 -0.00738839 0)
(0.0976241 -0.006284 0)
(0.0982213 -0.00511771 0)
(0.09908 -0.00396902 0)
(0.0999523 -0.0029926 0)
(0.100737 -0.00220469 0)
(0.101364 -0.00163485 0)
(0.101891 -0.00120747 0)
(0.102287 -0.000917935 0)
(0.102643 -0.000696243 0)
(0.102894 -0.000552144 0)
(0.103152 -0.000430825 0)
(0.10331 -0.000357811 0)
(0.103507 -0.000290264 0)
(0.103601 -0.000252632 0)
(0.103763 -0.000217741 0)
(0.103812 -0.000200013 0)
(0.103956 -0.000188208 0)
(0.103974 -0.000181466 0)
(0.104111 -0.000188617 0)
(-0.0304743 0.000313406 0)
(0.0143975 0.0424012 0)
(0.0288176 0.0430577 0)
(0.0606882 0.0562273 0)
(0.0878766 0.0506425 0)
(0.104764 0.0245582 0)
(0.111445 -0.00407746 0)
(0.105502 -0.0281388 0)
(0.104521 -0.0555052 0)
(0.107954 -0.0783612 0)
(0.104618 -0.0857 0)
(0.0992868 -0.0815101 0)
(0.094805 -0.0712279 0)
(0.0933651 -0.0557951 0)
(0.0888539 -0.0428754 0)
(0.0817535 -0.0356325 0)
(0.0797529 -0.0290955 0)
(0.0840487 -0.0212343 0)
(0.0905306 -0.0141923 0)
(0.0956421 -0.00964982 0)
(0.0984031 -0.0073545 0)
(0.0995135 -0.00619033 0)
(0.0999609 -0.00532395 0)
(0.100334 -0.00441961 0)
(0.100772 -0.00353582 0)
(0.101262 -0.00272587 0)
(0.101712 -0.00208777 0)
(0.102131 -0.00157937 0)
(0.10246 -0.00121916 0)
(0.102769 -0.000935666 0)
(0.102991 -0.000745969 0)
(0.103223 -0.000585653 0)
(0.103366 -0.0004866 0)
(0.103547 -0.000395124 0)
(0.103633 -0.000342644 0)
(0.103783 -0.000292564 0)
(0.103828 -0.000266781 0)
(0.103961 -0.000245627 0)
(0.103979 -0.000235338 0)
(0.104106 -0.000237679 0)
(0.110251 0.0387902 0)
(0.081138 0.0326976 0)
(0.0801132 0.0249957 0)
(0.0896833 0.0199275 0)
(0.109426 0.0157797 0)
(0.132021 0.00351463 0)
(0.142912 -0.0104617 0)
(0.13801 -0.0291788 0)
(0.135093 -0.0591023 0)
(0.137334 -0.0791662 0)
(0.131824 -0.0800458 0)
(0.120465 -0.0735893 0)
(0.108554 -0.0665479 0)
(0.101261 -0.0544571 0)
(0.0981245 -0.0388986 0)
(0.0916451 -0.0293167 0)
(0.0839175 -0.0261447 0)
(0.0808545 -0.0235022 0)
(0.0833562 -0.0190568 0)
(0.0887758 -0.0140985 0)
(0.094217 -0.0100787 0)
(0.0981202 -0.00737101 0)
(0.100301 -0.00567002 0)
(0.101314 -0.00448979 0)
(0.101757 -0.0035829 0)
(0.102033 -0.00280192 0)
(0.102266 -0.00218604 0)
(0.102521 -0.0016839 0)
(0.102742 -0.00132803 0)
(0.102974 -0.00104398 0)
(0.103145 -0.000854858 0)
(0.103334 -0.000687859 0)
(0.103452 -0.000583228 0)
(0.103607 -0.000480468 0)
(0.103681 -0.000420367 0)
(0.103812 -0.000359473 0)
(0.103853 -0.000327987 0)
(0.103972 -0.000298926 0)
(0.103988 -0.000285801 0)
(0.104102 -0.000283675 0)
(0.144334 0.0519617 0)
(0.133713 0.0471226 0)
(0.142588 0.0389048 0)
(0.145715 0.0280127 0)
(0.148073 0.0161606 0)
(0.161482 0.000524233 0)
(0.16783 -0.00798582 0)
(0.166599 -0.021636 0)
(0.161757 -0.0538182 0)
(0.150723 -0.0775402 0)
(0.138529 -0.0757713 0)
(0.125483 -0.064551 0)
(0.113446 -0.0556687 0)
(0.102252 -0.0472211 0)
(0.0967103 -0.0358004 0)
(0.095732 -0.0256468 0)
(0.0944358 -0.0212659 0)
(0.0915925 -0.0206783 0)
(0.08919 -0.0199412 0)
(0.0891228 -0.0175272 0)
(0.0914268 -0.0140223 0)
(0.0948709 -0.0104506 0)
(0.0981103 -0.00755568 0)
(0.100414 -0.00548607 0)
(0.101722 -0.00412029 0)
(0.10236 -0.00317919 0)
(0.102641 -0.0025323 0)
(0.10282 -0.00201219 0)
(0.102954 -0.00162178 0)
(0.103119 -0.00128648 0)
(0.103253 -0.00104839 0)
(0.103416 -0.000836931 0)
(0.103522 -0.000701706 0)
(0.10366 -0.000573813 0)
(0.103728 -0.000498748 0)
(0.103844 -0.000423922 0)
(0.103881 -0.000385231 0)
(0.103984 -0.000347987 0)
(0.103999 -0.00033188 0)
(0.104098 -0.00032536 0)
(0.151244 0.0449636 0)
(0.155943 0.038976 0)
(0.167314 0.0266812 0)
(0.172834 0.0164967 0)
(0.176276 0.00469925 0)
(0.180226 -0.0091926 0)
(0.174652 -0.0123087 0)
(0.178301 -0.0211102 0)
(0.180291 -0.0449837 0)
(0.160116 -0.0638825 0)
(0.138325 -0.0643473 0)
(0.123345 -0.0567124 0)
(0.112996 -0.0502994 0)
(0.105563 -0.0423953 0)
(0.0999155 -0.0338358 0)
(0.098446 -0.0274287 0)
(0.101312 -0.0232799 0)
(0.105296 -0.0199052 0)
(0.106636 -0.0172549 0)
(0.104533 -0.0157241 0)
(0.101313 -0.0145512 0)
(0.0992797 -0.0126975 0)
(0.0989879 -0.010072 0)
(0.0998433 -0.00727519 0)
(0.101011 -0.00499337 0)
(0.101992 -0.00339577 0)
(0.102642 -0.00242058 0)
(0.103042 -0.00181286 0)
(0.103258 -0.00146129 0)
(0.103409 -0.00119821 0)
(0.103496 -0.00102652 0)
(0.103598 -0.000856597 0)
(0.103659 -0.000745462 0)
(0.103755 -0.000624547 0)
(0.103801 -0.000551545 0)
(0.103891 -0.000472228 0)
(0.103918 -0.000430977 0)
(0.104003 -0.000388408 0)
(0.104014 -0.00037053 0)
(0.104096 -0.000360536 0)
(0.149855 0.0387676 0)
(0.156219 0.0312669 0)
(0.165994 0.0235998 0)
(0.171953 0.0162717 0)
(0.176609 0.00777534 0)
(0.174614 0.00153606 0)
(0.168994 -0.00630256 0)
(0.173575 -0.0249281 0)
(0.170824 -0.0408846 0)
(0.152398 -0.0484601 0)
(0.136545 -0.0493012 0)
(0.12789 -0.044537 0)
(0.117833 -0.0405782 0)
(0.110306 -0.0360961 0)
(0.108238 -0.029631 0)
(0.106808 -0.0260132 0)
(0.1041 -0.0260273 0)
(0.103445 -0.0247784 0)
(0.106399 -0.0199662 0)
(0.110227 -0.0140972 0)
(0.111835 -0.0100159 0)
(0.110554 -0.00818675 0)
(0.107864 -0.00742563 0)
(0.105327 -0.00664711 0)
(0.10367 -0.00561673 0)
(0.102923 -0.00445014 0)
(0.102755 -0.00343072 0)
(0.102864 -0.00259533 0)
(0.103051 -0.00200412 0)
(0.103261 -0.00155184 0)
(0.103428 -0.00125355 0)
(0.103586 -0.00100288 0)
(0.103687 -0.000845696 0)
(0.103793 -0.000696131 0)
(0.103847 -0.000608069 0)
(0.103926 -0.000517411 0)
(0.103952 -0.000470627 0)
(0.10402 -0.000422168 0)
(0.10403 -0.000402213 0)
(0.104094 -0.000388962 0)
(0.148561 0.0312504 0)
(0.152745 0.0260778 0)
(0.160194 0.0183168 0)
(0.164609 0.00971845 0)
(0.166324 0.00201134 0)
(0.165586 -0.00197457 0)
(0.168322 -0.00902307 0)
(0.169633 -0.0218661 0)
(0.162521 -0.0318132 0)
(0.150367 -0.0404021 0)
(0.138228 -0.0468419 0)
(0.130878 -0.0444341 0)
(0.123611 -0.0389734 0)
(0.115183 -0.0365266 0)
(0.112979 -0.0321896 0)
(0.115343 -0.0250704 0)
(0.112427 -0.0212385 0)
(0.103404 -0.0218418 0)
(0.0960418 -0.0223109 0)
(0.0945215 -0.019821 0)
(0.0974861 -0.0152472 0)
(0.101861 -0.0104981 0)
(0.105153 -0.00688765 0)
(0.106593 -0.0046364 0)
(0.1066 -0.00340874 0)
(0.105939 -0.00267489 0)
(0.105191 -0.00223099 0)
(0.104624 -0.00187857 0)
(0.104254 -0.00162036 0)
(0.104052 -0.00137068 0)
(0.103943 -0.00118706 0)
(0.103912 -0.000994312 0)
(0.1039 -0.000865017 0)
(0.103929 -0.000724761 0)
(0.103943 -0.000639536 0)
(0.103986 -0.00054657 0)
(0.104 -0.000498256 0)
(0.104044 -0.000446466 0)
(0.10405 -0.000425405 0)
(0.104094 -0.000409823 0)
(0.144356 0.0262792 0)
(0.150429 0.0207716 0)
(0.155177 0.0156019 0)
(0.159032 0.00987453 0)
(0.16074 0.00507096 0)
(0.160635 0.000294213 0)
(0.161572 -0.00925035 0)
(0.159742 -0.0196031 0)
(0.156614 -0.0253337 0)
(0.151617 -0.0304162 0)
(0.139175 -0.0355398 0)
(0.127245 -0.0340876 0)
(0.123166 -0.028279 0)
(0.119293 -0.0271818 0)
(0.112117 -0.0286457 0)
(0.107832 -0.0245374 0)
(0.107455 -0.0163981 0)
(0.106516 -0.01148 0)
(0.102839 -0.0117688 0)
(0.0979337 -0.0138541 0)
(0.0944983 -0.0145143 0)
(0.0937544 -0.0129732 0)
(0.0950713 -0.0101304 0)
(0.0971558 -0.00717557 0)
(0.0991518 -0.00493153 0)
(0.10073 -0.00345925 0)
(0.101846 -0.0026071 0)
(0.102599 -0.00206545 0)
(0.103095 -0.00172919 0)
(0.103427 -0.00144429 0)
(0.103642 -0.0012421 0)
(0.103791 -0.00103638 0)
(0.103881 -0.000898957 0)
(0.103949 -0.000752219 0)
(0.103986 -0.000663285 0)
(0.104022 -0.00056661 0)
(0.104037 -0.000516428 0)
(0.104064 -0.000462108 0)
(0.104069 -0.000440198 0)
(0.104093 -0.000422931 0)
(0.144422 0.0207619 0)
(0.147535 0.0172284 0)
(0.150869 0.012666 0)
(0.15418 0.00615384 0)
(0.154249 0.0013712 0)
(0.156771 -0.00170716 0)
(0.159362 -0.00706757 0)
(0.15471 -0.0170616 0)
(0.148764 -0.0258681 0)
(0.14636 -0.0276703 0)
(0.14041 -0.0281518 0)
(0.129956 -0.0318618 0)
(0.124203 -0.032834 0)
(0.123421 -0.0283807 0)
(0.119366 -0.0238088 0)
(0.112044 -0.0220014 0)
(0.108426 -0.0209902 0)
(0.110948 -0.0194053 0)
(0.11667 -0.0172848 0)
(0.120849 -0.0151222 0)
(0.120759 -0.013293 0)
(0.117313 -0.011529 0)
(0.113017 -0.00963918 0)
(0.109542 -0.0076603 0)
(0.10727 -0.00587913 0)
(0.105943 -0.00442221 0)
(0.105202 -0.00336943 0)
(0.104774 -0.00258544 0)
(0.104512 -0.00205093 0)
(0.104342 -0.00163243 0)
(0.104232 -0.00134984 0)
(0.104162 -0.00109853 0)
(0.104121 -0.000936175 0)
(0.1041 -0.000775537 0)
(0.104091 -0.000679118 0)
(0.104088 -0.000577866 0)
(0.104088 -0.000525345 0)
(0.10409 -0.000469135 0)
(0.104091 -0.00044651 0)
(0.104094 -0.000428146 0)
(0.141626 0.0177697 0)
(0.144585 0.0145584 0)
(0.148133 0.0107535 0)
(0.150202 0.00721428 0)
(0.15109 0.00239819 0)
(0.151716 -0.00348116 0)
(0.152349 -0.00729828 0)
(0.153039 -0.0114327 0)
(0.148446 -0.0188956 0)
(0.1401 -0.0246061 0)
(0.136299 -0.0244427 0)
(0.133997 -0.023155 0)
(0.126836 -0.0243686 0)
(0.119181 -0.0243267 0)
(0.116443 -0.0204585 0)
(0.116649 -0.0159874 0)
(0.115097 -0.0148202 0)
(0.11002 -0.0165941 0)
(0.103943 -0.0176683 0)
(0.100019 -0.0157424 0)
(0.0987385 -0.0116875 0)
(0.099033 -0.00763356 0)
(0.099915 -0.00487774 0)
(0.100871 -0.00338289 0)
(0.10173 -0.00268556 0)
(0.102434 -0.00229476 0)
(0.102985 -0.00205365 0)
(0.103389 -0.00181357 0)
(0.103682 -0.00161556 0)
(0.103875 -0.00139434 0)
(0.104006 -0.0012225 0)
(0.104077 -0.00103188 0)
(0.104121 -0.000901398 0)
(0.104131 -0.000757435 0)
(0.10414 -0.000669018 0)
(0.104129 -0.000571815 0)
(0.104128 -0.000521034 0)
(0.104112 -0.000465723 0)
(0.104111 -0.000443456 0)
(0.104094 -0.000425126 0)
(0.140039 0.014426 0)
(0.142611 0.0116954 0)
(0.144808 0.00863673 0)
(0.146964 0.00439567 0)
(0.148601 0.000778146 0)
(0.14885 -0.00211187 0)
(0.148369 -0.00757127 0)
(0.147529 -0.013351 0)
(0.145553 -0.0156686 0)
(0.14125 -0.0185332 0)
(0.1353 -0.0233184 0)
(0.130672 -0.0241563 0)
(0.12751 -0.0209646 0)
(0.123475 -0.019873 0)
(0.118879 -0.0216458 0)
(0.116197 -0.0213658 0)
(0.116032 -0.0170508 0)
(0.116345 -0.0121701 0)
(0.115001 -0.0103126 0)
(0.112036 -0.0110412 0)
(0.109108 -0.0118958 0)
(0.107208 -0.0115505 0)
(0.106258 -0.0101524 0)
(0.105821 -0.00826882 0)
(0.105581 -0.00644605 0)
(0.105376 -0.00488462 0)
(0.105181 -0.00370693 0)
(0.104979 -0.00281051 0)
(0.104801 -0.00218586 0)
(0.104636 -0.0017039 0)
(0.104513 -0.00137861 0)
(0.104403 -0.00110311 0)
(0.104336 -0.000926783 0)
(0.104269 -0.000761079 0)
(0.104238 -0.000662203 0)
(0.104191 -0.000561663 0)
(0.104178 -0.000509381 0)
(0.104138 -0.000454458 0)
(0.104133 -0.000432211 0)
(0.104095 -0.000414327 0)
(0.138443 0.0122174 0)
(0.14054 0.00997191 0)
(0.142765 0.0073167 0)
(0.144465 0.00433157 0)
(0.145042 0.000839896 0)
(0.145902 -0.00299046 0)
(0.146292 -0.00601695 0)
(0.144293 -0.00958455 0)
(0.141595 -0.0144416 0)
(0.139475 -0.0169491 0)
(0.135708 -0.0168496 0)
(0.130204 -0.01811 0)
(0.126298 -0.0199806 0)
(0.124574 -0.0187481 0)
(0.122065 -0.0152339 0)
(0.117677 -0.0133223 0)
(0.113604 -0.0139432 0)
(0.111559 -0.0149264 0)
(0.111062 -0.0143781 0)
(0.110672 -0.0120845 0)
(0.109589 -0.00910217 0)
(0.108069 -0.00650694 0)
(0.106646 -0.00473036 0)
(0.105597 -0.00361806 0)
(0.104961 -0.00295073 0)
(0.104629 -0.00247273 0)
(0.1045 -0.0021332 0)
(0.104453 -0.00182379 0)
(0.104455 -0.00158306 0)
(0.104443 -0.00134324 0)
(0.10444 -0.00116356 0)
(0.104402 -0.000974787 0)
(0.104379 -0.000846279 0)
(0.104322 -0.000708263 0)
(0.104296 -0.000623212 0)
(0.104235 -0.000531732 0)
(0.104218 -0.000483628 0)
(0.104159 -0.000432546 0)
(0.104152 -0.000411672 0)
(0.104095 -0.000395513 0)
(0.137019 0.00996999 0)
(0.138854 0.00797494 0)
(0.140601 0.00568291 0)
(0.142115 0.00293005 0)
(0.143106 0.000140328 0)
(0.143331 -0.0026842 0)
(0.143022 -0.00611086 0)
(0.14244 -0.0093783 0)
(0.140388 -0.0117358 0)
(0.136827 -0.0142141 0)
(0.133886 -0.0164748 0)
(0.131532 -0.0168349 0)
(0.127835 -0.0160407 0)
(0.123361 -0.0160023 0)
(0.120373 -0.016373 0)
(0.11923 -0.0155553 0)
(0.11838 -0.0132933 0)
(0.116534 -0.0108782 0)
(0.113742 -0.00954644 0)
(0.110931 -0.00922636 0)
(0.108885 -0.00904304 0)
(0.107691 -0.00845377 0)
(0.107048 -0.00748484 0)
(0.10664 -0.00630167 0)
(0.106315 -0.00513861 0)
(0.105997 -0.0040685 0)
(0.105706 -0.00320114 0)
(0.10542 -0.00248657 0)
(0.105184 -0.00195905 0)
(0.104961 -0.00153314 0)
(0.104799 -0.00123831 0)
(0.10464 -0.000987024 0)
(0.104544 -0.000825721 0)
(0.10443 -0.000676077 0)
(0.104378 -0.000586712 0)
(0.104288 -0.000497398 0)
(0.104261 -0.000450647 0)
(0.104182 -0.000403095 0)
(0.104171 -0.000383385 0)
(0.104095 -0.000369429 0)
(0.135796 0.00829192 0)
(0.137406 0.00659939 0)
(0.138948 0.00467658 0)
(0.140201 0.00242528 0)
(0.140886 -4.05271e-05 0)
(0.141303 -0.00262697 0)
(0.141174 -0.00516299 0)
(0.139966 -0.00777323 0)
(0.138284 -0.0103385 0)
(0.136362 -0.0120709 0)
(0.133445 -0.0130266 0)
(0.129962 -0.0139403 0)
(0.127233 -0.0144653 0)
(0.125186 -0.0138455 0)
(0.12271 -0.0124993 0)
(0.119589 -0.0115438 0)
(0.116715 -0.0112242 0)
(0.114742 -0.0109486 0)
(0.11349 -0.0102276 0)
(0.112396 -0.0089417 0)
(0.111125 -0.00737444 0)
(0.109745 -0.00585668 0)
(0.10847 -0.00461679 0)
(0.107415 -0.00365998 0)
(0.106622 -0.00297006 0)
(0.106041 -0.00242883 0)
(0.105647 -0.00203091 0)
(0.105351 -0.00168878 0)
(0.105151 -0.00143039 0)
(0.10497 -0.00119066 0)
(0.104846 -0.00101469 0)
(0.104704 -0.000839283 0)
(0.104617 -0.000720911 0)
(0.104494 -0.000598909 0)
(0.104436 -0.000524064 0)
(0.104329 -0.000446515 0)
(0.104297 -0.00040554 0)
(0.1042 -0.000364323 0)
(0.104188 -0.000346883 0)
(0.104094 -0.000336226 0)
(0.134693 0.00666333 0)
(0.136121 0.00519596 0)
(0.137444 0.00352344 0)
(0.138569 0.00159612 0)
(0.139235 -0.0004531 0)
(0.139459 -0.00259383 0)
(0.139264 -0.00488297 0)
(0.138502 -0.00702959 0)
(0.136976 -0.00886349 0)
(0.134847 -0.0105072 0)
(0.132619 -0.0117307 0)
(0.130321 -0.0121928 0)
(0.127626 -0.0121602 0)
(0.124748 -0.0120839 0)
(0.122253 -0.0119002 0)
(0.120303 -0.011271 0)
(0.118583 -0.0101554 0)
(0.116764 -0.00889797 0)
(0.11479 -0.00785441 0)
(0.112815 -0.00712629 0)
(0.111088 -0.00653591 0)
(0.109734 -0.00589223 0)
(0.108716 -0.00517942 0)
(0.107919 -0.00440757 0)
(0.107283 -0.00367022 0)
(0.106735 -0.00297333 0)
(0.106286 -0.0023917 0)
(0.105883 -0.00188919 0)
(0.105568 -0.001507 0)
(0.105276 -0.00118742 0)
(0.105067 -0.000963494 0)
(0.104858 -0.000769139 0)
(0.10473 -0.000644398 0)
(0.104573 -0.000527747 0)
(0.104498 -0.000458002 0)
(0.10437 -0.000389306 0)
(0.104331 -0.0003531 0)
(0.104217 -0.000318601 0)
(0.104202 -0.000303557 0)
(0.104093 -0.000296754 0)
(0.133745 0.00533073 0)
(0.135051 0.00407212 0)
(0.136224 0.00268435 0)
(0.137188 0.00107572 0)
(0.137756 -0.000667402 0)
(0.137995 -0.0024639 0)
(0.137821 -0.00428748 0)
(0.137017 -0.0060765 0)
(0.135739 -0.00768054 0)
(0.134149 -0.00889124 0)
(0.132122 -0.00971078 0)
(0.129751 -0.0102778 0)
(0.127438 -0.0105026 0)
(0.125318 -0.0102289 0)
(0.123186 -0.00957944 0)
(0.120936 -0.00886383 0)
(0.118715 -0.00827385 0)
(0.116718 -0.00772879 0)
(0.114984 -0.00710482 0)
(0.113445 -0.00632276 0)
(0.112033 -0.00541542 0)
(0.110718 -0.00449403 0)
(0.10954 -0.00367504 0)
(0.108516 -0.0029743 0)
(0.107676 -0.00242415 0)
(0.106984 -0.00196778 0)
(0.106451 -0.0016219 0)
(0.106005 -0.00132539 0)
(0.105675 -0.00110209 0)
(0.105374 -0.000900719 0)
(0.105161 -0.000754865 0)
(0.10494 -0.00061488 0)
(0.104802 -0.000522346 0)
(0.104629 -0.000430615 0)
(0.104546 -0.000375329 0)
(0.104402 -0.000320639 0)
(0.104358 -0.00029169 0)
(0.10423 -0.000265699 0)
(0.104212 -0.000253785 0)
(0.10409 -0.000251599 0)
(0.132913 0.0040767 0)
(0.134121 0.00300597 0)
(0.135173 0.00182865 0)
(0.13604 0.000496088 0)
(0.136562 -0.000934494 0)
(0.136737 -0.00241841 0)
(0.136564 -0.00395596 0)
(0.135935 -0.00540022 0)
(0.134823 -0.00663502 0)
(0.133323 -0.00767309 0)
(0.131569 -0.00844331 0)
(0.129651 -0.0088065 0)
(0.127593 -0.00881045 0)
(0.125443 -0.00862939 0)
(0.123304 -0.00831923 0)
(0.121254 -0.00783475 0)
(0.119329 -0.00715921 0)
(0.117507 -0.00637032 0)
(0.115742 -0.00559314 0)
(0.114035 -0.00489179 0)
(0.112448 -0.00429056 0)
(0.111043 -0.00373889 0)
(0.10986 -0.00322124 0)
(0.108863 -0.00271438 0)
(0.108041 -0.00225755 0)
(0.107338 -0.00183163 0)
(0.10677 -0.00148036 0)
(0.106271 -0.00117243 0)
(0.105887 -0.000938909 0)
(0.105533 -0.000740268 0)
(0.105282 -0.000602316 0)
(0.105028 -0.000479954 0)
(0.104871 -0.000402497 0)
(0.104677 -0.000329283 0)
(0.104585 -0.000286289 0)
(0.104427 -0.000245577 0)
(0.104378 -0.000224111 0)
(0.104238 -0.00020734 0)
(0.104219 -0.000198867 0)
(0.104086 -0.00020175 0)
(0.1322 0.00297689 0)
(0.133344 0.0020819 0)
(0.134314 0.00111978 0)
(0.135091 3.88888e-05 0)
(0.135556 -0.00113478 0)
(0.135717 -0.00233885 0)
(0.135563 -0.003554 0)
(0.134982 -0.00472159 0)
(0.134002 -0.00574374 0)
(0.132739 -0.00652569 0)
(0.131208 -0.00703803 0)
(0.129418 -0.00731429 0)
(0.127503 -0.00736039 0)
(0.125581 -0.00714738 0)
(0.123652 -0.00670256 0)
(0.121686 -0.00611688 0)
(0.11972 -0.00548869 0)
(0.117812 -0.0048929 0)
(0.116008 -0.00433662 0)
(0.114328 -0.0037947 0)
(0.112799 -0.0032572 0)
(0.11143 -0.00272108 0)
(0.110228 -0.00223411 0)
(0.109174 -0.0018033 0)
(0.108286 -0.00145691 0)
(0.107523 -0.00116264 0)
(0.106912 -0.000939243 0)
(0.106382 -0.000747812 0)
(0.105977 -0.000606415 0)
(0.105606 -0.000481509 0)
(0.105342 -0.000394583 0)
(0.105073 -0.000313749 0)
(0.104907 -0.00026359 0)
(0.104701 -0.000215478 0)
(0.104603 -0.000188209 0)
(0.104435 -0.000163718 0)
(0.104383 -0.000150922 0)
(0.104235 -0.000144366 0)
(0.104215 -0.000139801 0)
(0.104074 -0.000148187 0)
(0.131519 0.0019421 0)
(0.132618 0.00121281 0)
(0.133524 0.000446958 0)
(0.134233 -0.000410388 0)
(0.134657 -0.00133936 0)
(0.134786 -0.00228867 0)
(0.134619 -0.00325533 0)
(0.134096 -0.00417278 0)
(0.133224 -0.00494116 0)
(0.132054 -0.00552711 0)
(0.130618 -0.00592294 0)
(0.128976 -0.00608365 0)
(0.127212 -0.00598917 0)
(0.125373 -0.00569661 0)
(0.123466 -0.00527814 0)
(0.121519 -0.00477405 0)
(0.119584 -0.00421678 0)
(0.117715 -0.00364567 0)
(0.115939 -0.00309713 0)
(0.114268 -0.00259204 0)
(0.112732 -0.00214425 0)
(0.111349 -0.00175342 0)
(0.11014 -0.00142849 0)
(0.10909 -0.00114555 0)
(0.108211 -0.000914225 0)
(0.107455 -0.000710493 0)
(0.106847 -0.000554283 0)
(0.106314 -0.000420312 0)
(0.105905 -0.000325218 0)
(0.105529 -0.000244629 0)
(0.105263 -0.000192817 0)
(0.104991 -0.000146445 0)
(0.104825 -0.000120844 0)
(0.104617 -9.71877e-05 0)
(0.10452 -8.56395e-05 0)
(0.10435 -7.77874e-05 0)
(0.104299 -7.3969e-05 0)
(0.104149 -7.80568e-05 0)
(0.10413 -7.75985e-05 0)
(0.103987 -9.19976e-05 0)
(0.130341 0.000971445 0)
(0.131403 0.000395176 0)
(0.132244 -0.00018639 0)
(0.13285 -0.000822242 0)
(0.133167 -0.00151365 0)
(0.133191 -0.00221818 0)
(0.132914 -0.0029343 0)
(0.132288 -0.00361553 0)
(0.131318 -0.00417552 0)
(0.130062 -0.0045762 0)
(0.128559 -0.00480083 0)
(0.126843 -0.00482186 0)
(0.124983 -0.00463968 0)
(0.123054 -0.00429026 0)
(0.121096 -0.00381534 0)
(0.119138 -0.00326185 0)
(0.117226 -0.00268959 0)
(0.115405 -0.00215692 0)
(0.113705 -0.00170277 0)
(0.112143 -0.00132883 0)
(0.110737 -0.00102342 0)
(0.109492 -0.000771943 0)
(0.108418 -0.000571138 0)
(0.107494 -0.000405607 0)
(0.106726 -0.000282241 0)
(0.106069 -0.000182707 0)
(0.105546 -0.000116567 0)
(0.105091 -6.2992e-05 0)
(0.104748 -3.18964e-05 0)
(0.10443 -6.34871e-06 0)
(0.104213 4.68118e-06 0)
(0.103982 1.43136e-05 0)
(0.103851 1.45839e-05 0)
(0.103673 1.40824e-05 0)
(0.103599 1.01698e-05 0)
(0.103451 2.17909e-06 0)
(0.103416 -2.60896e-06 0)
(0.103282 -1.66135e-05 0)
(0.103271 -2.01201e-05 0)
(0.103143 -3.8651e-05 0)
(0.12488 0.000107343 0)
(0.12571 -0.000271435 0)
(0.126262 -0.000651623 0)
(0.126494 -0.00106904 0)
(0.12636 -0.00151621 0)
(0.125866 -0.00196449 0)
(0.125001 -0.00242531 0)
(0.123743 -0.00286436 0)
(0.122115 -0.00320524 0)
(0.120178 -0.00342424 0)
(0.118002 -0.00352509 0)
(0.11568 -0.00348214 0)
(0.113317 -0.00327354 0)
(0.111 -0.0029258 0)
(0.108794 -0.00248906 0)
(0.106755 -0.00200798 0)
(0.104933 -0.00152729 0)
(0.103353 -0.00109025 0)
(0.102008 -0.000724204 0)
(0.100879 -0.000433371 0)
(0.0999421 -0.000211912 0)
(0.0991765 -5.08495e-05 0)
(0.098561 5.84909e-05 0)
(0.0980707 0.000129779 0)
(0.0976905 0.000168651 0)
(0.0973889 0.000190066 0)
(0.0971681 0.000193615 0)
(0.0969839 0.00019145 0)
(0.0968642 0.00017944 0)
(0.0967465 0.00016656 0)
(0.0966892 0.000149338 0)
(0.0966047 0.000132918 0)
(0.0965855 0.000115459 0)
(0.096514 9.81271e-05 0)
(0.0965168 8.34323e-05 0)
(0.0964476 6.50689e-05 0)
(0.0964607 5.45338e-05 0)
(0.0963893 3.47299e-05 0)
(0.0964023 2.90725e-05 0)
(0.0963306 7.94046e-06 0)
(0.0912828 -0.000588379 0)
(0.0908506 -0.000687904 0)
(0.0900946 -0.000798379 0)
(0.0889649 -0.000936653 0)
(0.0874366 -0.00107542 0)
(0.0855292 -0.00120894 0)
(0.083223 -0.00134643 0)
(0.0805177 -0.00145249 0)
(0.0774918 -0.0014958 0)
(0.0742496 -0.00148084 0)
(0.0709047 -0.00140088 0)
(0.0676125 -0.00123961 0)
(0.0645486 -0.00101147 0)
(0.0618482 -0.000754314 0)
(0.0595909 -0.000497528 0)
(0.0578144 -0.000260804 0)
(0.0565158 -6.24125e-05 0)
(0.0556496 8.55907e-05 0)
(0.0551397 0.000183207 0)
(0.054903 0.000240224 0)
(0.0548641 0.000267581 0)
(0.0549633 0.000273457 0)
(0.0551508 0.000265224 0)
(0.0553908 0.000248742 0)
(0.0556534 0.000227894 0)
(0.0559226 0.00020557 0)
(0.056184 0.000182913 0)
(0.0564299 0.000161441 0)
(0.0566588 0.000141054 0)
(0.0568611 0.000122834 0)
(0.0570496 0.000105932 0)
(0.0572037 9.09937e-05 0)
(0.0573533 7.76605e-05 0)
(0.0574618 6.53716e-05 0)
(0.0575771 5.51905e-05 0)
(0.0576458 4.47053e-05 0)
(0.0577295 3.76388e-05 0)
(0.0577675 2.77004e-05 0)
(0.0578172 2.41237e-05 0)
(0.0578411 1.31545e-05 0)
)
;

boundaryField
{
    inlet
    {
        type            fixedValue;
        value           uniform (0.1 0 0);
    }
    outlet
    {
        type            zeroGradient;
    }
    lowerWall
    {
        type            noSlip;
    }
    upperWall
    {
        type            noSlip;
    }
    defaultFaces
    {
        type            empty;
    }
}


// ************************************************************************* //
