/*--------------------------------*- C++ -*----------------------------------*\
| =========                 |                                                 |
| \\      /  F ield         | OpenFOAM: The Open Source CFD Toolbox           |
|  \\    /   O peration     | Version:  2112                                  |
|   \\  /    A nd           | Website:  www.openfoam.com                      |
|    \\/     M anipulation  |                                                 |
\*---------------------------------------------------------------------------*/
FoamFile
{
    version     2.0;
    format      ascii;
    arch        "LSB;label=32;scalar=64";
    class       surfaceScalarField;
    location    "0.25";
    object      phi;
}
// * * * * * * * * * * * * * * * * * * * * * * * * * * * * * * * * * * * * * //

dimensions      [0 3 -1 0 0 0 0];

oriented        oriented;

internalField   nonuniform List<scalar> 
3653
(
9.9264e-07
7.36042e-09
9.79271e-07
1.33685e-08
9.6389e-07
1.53813e-08
9.4848e-07
1.54101e-08
9.32153e-07
1.63267e-08
9.15672e-07
1.64812e-08
8.97314e-07
1.83574e-08
8.80243e-07
1.70713e-08
8.61377e-07
1.88663e-08
8.44411e-07
1.69655e-08
8.24613e-07
1.9798e-08
8.06867e-07
1.77467e-08
7.86254e-07
2.06124e-08
7.68273e-07
1.79812e-08
7.48288e-07
1.99853e-08
7.29755e-07
1.8533e-08
7.07351e-07
2.24036e-08
6.86855e-07
2.0496e-08
6.63195e-07
2.366e-08
6.43605e-07
1.95904e-08
6.22875e-07
2.073e-08
6.03262e-07
1.96131e-08
5.85874e-07
1.73879e-08
5.61747e-07
2.41264e-08
5.41451e-07
2.02963e-08
5.07493e-07
3.39585e-08
4.74388e-07
3.31048e-08
4.21088e-07
5.33002e-08
3.61761e-07
5.9327e-08
8.90522e-08
2.72709e-07
1.00296e-06
4.39648e-09
1.00647e-06
9.86463e-09
1.00891e-06
1.2938e-08
1.01028e-06
1.40387e-08
1.01115e-06
1.54617e-08
1.01182e-06
1.58064e-08
1.01175e-06
1.84291e-08
1.01152e-06
1.72978e-08
1.00969e-06
2.07012e-08
1.00879e-06
1.78677e-08
1.00571e-06
2.28704e-08
1.0043e-06
1.91599e-08
9.99867e-07
2.50467e-08
9.96272e-07
2.15761e-08
9.91102e-07
2.51549e-08
9.86133e-07
2.35026e-08
9.8039e-07
2.81463e-08
9.75237e-07
2.56486e-08
9.64885e-07
3.40129e-08
9.60437e-07
2.40378e-08
9.43659e-07
3.75081e-08
9.38117e-07
2.51556e-08
9.17569e-07
3.79354e-08
9.06732e-07
3.49639e-08
8.8206e-07
4.49682e-08
8.65258e-07
5.076e-08
8.26545e-07
7.18179e-08
8.04423e-07
7.54224e-08
7.41891e-07
1.21859e-07
1.27751e-07
7.03192e-07
1.00177e-06
2.6249e-09
1.00487e-06
6.76867e-09
1.00776e-06
1.00414e-08
1.01001e-06
1.17951e-08
1.01194e-06
1.3526e-08
1.01378e-06
1.39729e-08
1.01575e-06
1.64602e-08
1.01749e-06
1.55566e-08
1.01865e-06
1.95361e-08
1.02002e-06
1.64957e-08
1.02016e-06
2.27382e-08
1.02198e-06
1.73338e-08
1.02127e-06
2.57551e-08
1.02276e-06
2.00865e-08
1.02052e-06
2.73972e-08
1.02055e-06
2.34706e-08
1.01872e-06
2.99806e-08
1.01734e-06
2.70288e-08
1.0155e-06
3.58566e-08
1.01097e-06
2.85651e-08
1.00655e-06
4.1927e-08
9.97555e-07
3.41495e-08
9.89519e-07
4.59717e-08
9.74746e-07
4.97362e-08
9.63447e-07
5.62679e-08
9.45742e-07
6.8465e-08
9.23767e-07
9.37924e-08
9.13292e-07
8.58982e-08
8.81338e-07
1.53812e-07
1.47671e-07
8.61418e-07
1.00081e-06
1.81393e-09
1.00256e-06
5.02118e-09
1.00461e-06
7.98904e-09
1.00658e-06
9.82486e-09
1.00835e-06
1.17594e-08
1.01003e-06
1.22877e-08
1.01186e-06
1.46318e-08
1.0134e-06
1.40218e-08
1.01511e-06
1.78268e-08
1.01617e-06
1.54345e-08
1.01775e-06
2.11514e-08
1.01853e-06
1.65531e-08
1.01991e-06
2.4382e-08
1.02042e-06
1.95781e-08
1.02037e-06
2.74439e-08
1.02054e-06
2.3296e-08
1.01966e-06
3.0865e-08
1.02007e-06
2.66149e-08
1.01825e-06
3.76767e-08
1.01674e-06
3.00747e-08
1.01243e-06
4.62433e-08
1.00789e-06
3.86831e-08
9.99082e-07
5.47833e-08
9.93727e-07
5.50906e-08
9.79265e-07
7.07303e-08
9.7315e-07
7.45802e-08
9.60359e-07
1.06583e-07
9.45005e-07
1.01252e-07
9.44068e-07
1.54749e-07
1.62665e-07
9.29074e-07
1.00041e-06
1.4054e-09
1.00154e-06
3.89322e-09
1.00318e-06
6.34311e-09
1.00485e-06
8.15269e-09
1.0066e-06
1.00163e-08
1.00809e-06
1.07921e-08
1.0099e-06
1.28204e-08
1.01122e-06
1.27072e-08
1.01313e-06
1.5918e-08
1.01405e-06
1.45159e-08
1.01602e-06
1.91802e-08
1.01629e-06
1.62767e-08
1.01845e-06
2.2228e-08
1.01801e-06
2.00141e-08
1.02006e-06
2.53942e-08
1.01857e-06
2.47887e-08
1.02027e-06
2.91594e-08
1.01817e-06
2.87171e-08
1.01887e-06
3.69821e-08
1.01646e-06
3.24837e-08
1.01419e-06
4.85089e-08
1.01126e-06
4.16182e-08
1.00565e-06
6.03936e-08
1.00111e-06
5.96228e-08
9.94064e-07
7.77817e-08
9.87807e-07
8.08368e-08
9.8185e-07
1.1254e-07
9.75204e-07
1.07898e-07
9.73209e-07
1.56744e-07
1.61364e-07
9.74511e-07
1.00033e-06
1.07519e-09
1.00114e-06
3.08396e-09
1.00241e-06
5.07228e-09
1.0038e-06
6.75927e-09
1.0054e-06
8.41952e-09
1.0068e-06
9.39061e-09
1.00856e-06
1.10621e-08
1.00981e-06
1.14594e-08
1.01172e-06
1.40064e-08
1.01268e-06
1.3559e-08
1.0147e-06
1.71593e-08
1.01526e-06
1.5716e-08
1.01714e-06
2.0342e-08
1.01761e-06
1.95442e-08
1.01882e-06
2.41897e-08
1.0191e-06
2.45074e-08
1.01962e-06
2.86423e-08
1.01918e-06
2.91585e-08
1.01975e-06
3.64065e-08
1.01753e-06
3.47071e-08
1.01776e-06
4.82747e-08
1.01438e-06
4.49986e-08
1.01236e-06
6.24136e-08
1.00933e-06
6.26531e-08
1.00599e-06
8.11181e-08
1.00194e-06
8.48916e-08
1.0022e-06
1.12285e-07
9.97191e-07
1.12902e-07
1.00163e-06
1.52303e-07
1.59864e-07
1.00313e-06
1.00024e-06
8.36671e-10
1.00085e-06
2.46919e-09
1.00189e-06
4.03177e-09
1.00309e-06
5.55863e-09
1.00459e-06
6.92744e-09
1.00593e-06
8.04224e-09
1.00768e-06
9.31473e-09
1.00895e-06
1.01878e-08
1.01093e-06
1.20304e-08
1.01191e-06
1.25826e-08
1.01417e-06
1.49001e-08
1.01463e-06
1.52466e-08
1.0171e-06
1.78746e-08
1.01715e-06
1.94971e-08
1.01949e-06
2.18489e-08
1.01934e-06
2.46616e-08
1.02086e-06
2.71177e-08
1.02068e-06
2.93425e-08
1.02136e-06
3.5725e-08
1.02098e-06
3.50874e-08
1.02106e-06
4.81908e-08
1.01992e-06
4.61356e-08
1.01971e-06
6.26286e-08
1.01808e-06
6.42806e-08
1.01786e-06
8.13444e-08
1.01675e-06
8.59963e-08
1.01858e-06
1.10459e-07
1.01854e-06
1.12938e-07
1.025e-06
1.45846e-07
1.5415e-07
1.03071e-06
1.0002e-06
6.35535e-10
1.00073e-06
1.94325e-09
1.00165e-06
3.10445e-09
1.00277e-06
4.44698e-09
1.00418e-06
5.51766e-09
1.00553e-06
6.69143e-09
1.00723e-06
7.60703e-09
1.00863e-06
8.79003e-09
1.01056e-06
1.00994e-08
1.01182e-06
1.13236e-08
1.01392e-06
1.27984e-08
1.01498e-06
1.41867e-08
1.01712e-06
1.57417e-08
1.01813e-06
1.84817e-08
1.01999e-06
1.99929e-08
1.02091e-06
2.37387e-08
1.02243e-06
2.55959e-08
1.0228e-06
2.89791e-08
1.02459e-06
3.39266e-08
1.02407e-06
3.56144e-08
1.02619e-06
4.60659e-08
1.02554e-06
4.6784e-08
1.02726e-06
6.09087e-08
1.02733e-06
6.42165e-08
1.02954e-06
7.91362e-08
1.02988e-06
8.56562e-08
1.03506e-06
1.05273e-07
1.03683e-06
1.11164e-07
1.0455e-06
1.37176e-07
1.46878e-07
1.05278e-06
1.00018e-06
4.51514e-10
1.00068e-06
1.44808e-09
1.00153e-06
2.24865e-09
1.00261e-06
3.37051e-09
1.00399e-06
4.14362e-09
1.00537e-06
5.30324e-09
1.00708e-06
5.89685e-09
1.0086e-06
7.27757e-09
1.01058e-06
8.11457e-09
1.01202e-06
9.88819e-09
1.01422e-06
1.05914e-08
1.01552e-06
1.28896e-08
1.01785e-06
1.34086e-08
1.01916e-06
1.71753e-08
1.02131e-06
1.78432e-08
1.02277e-06
2.22793e-08
1.02442e-06
2.39431e-08
1.0259e-06
2.75034e-08
1.02755e-06
3.22773e-08
1.02865e-06
3.45114e-08
1.03105e-06
4.36698e-08
1.03177e-06
4.60639e-08
1.03492e-06
5.77541e-08
1.03626e-06
6.28729e-08
1.04e-06
7.54022e-08
1.04286e-06
8.27979e-08
1.04879e-06
9.93367e-08
1.05347e-06
1.06487e-07
1.06331e-06
1.27337e-07
1.3736e-07
1.07283e-06
1.00018e-06
2.73528e-10
1.00067e-06
9.53786e-10
1.00151e-06
1.40722e-09
1.00261e-06
2.27639e-09
1.00398e-06
2.76763e-09
1.00545e-06
3.83488e-09
1.00718e-06
4.16895e-09
1.00886e-06
5.59667e-09
1.01087e-06
6.10918e-09
1.0126e-06
8.15836e-09
1.01478e-06
8.40473e-09
1.01653e-06
1.11409e-08
1.01884e-06
1.1102e-08
1.02072e-06
1.52909e-08
1.02299e-06
1.55795e-08
1.02494e-06
2.0326e-08
1.02715e-06
2.1731e-08
1.02888e-06
2.57753e-08
1.03153e-06
2.9628e-08
1.033e-06
3.30385e-08
1.03639e-06
4.02843e-08
1.0382e-06
4.42499e-08
1.04223e-06
5.37275e-08
1.045e-06
6.00973e-08
1.0501e-06
7.0302e-08
1.05424e-06
7.86652e-08
1.06168e-06
9.1896e-08
1.06801e-06
1.00154e-07
1.07875e-06
1.16592e-07
1.26917e-07
1.0892e-06
1.00018e-06
9.09123e-11
1.0007e-06
4.31597e-10
1.00157e-06
5.39485e-10
1.00273e-06
1.11885e-09
1.00415e-06
1.34335e-09
1.00573e-06
2.25828e-09
1.00752e-06
2.3776e-09
1.00937e-06
3.75033e-09
1.01145e-06
4.02309e-09
1.01343e-06
6.18094e-09
1.01571e-06
6.12463e-09
1.0178e-06
9.05203e-09
1.02022e-06
8.68497e-09
1.02256e-06
1.29504e-08
1.02498e-06
1.31543e-08
1.02754e-06
1.7768e-08
1.02997e-06
1.93068e-08
1.0325e-06
2.32415e-08
1.03539e-06
2.6736e-08
1.03784e-06
3.05871e-08
1.04168e-06
3.64454e-08
1.04453e-06
4.14037e-08
1.04926e-06
4.89909e-08
1.05334e-06
5.60185e-08
1.05905e-06
6.45967e-08
1.06489e-06
7.28229e-08
1.07283e-06
8.39585e-08
1.08072e-06
9.22678e-08
1.09191e-06
1.05397e-07
1.15166e-07
1.10366e-06
1.0002e-06
-1.05795e-10
1.00077e-06
-1.44651e-10
1.0017e-06
-3.88216e-10
1.00296e-06
-1.39096e-10
1.00447e-06
-1.69847e-10
1.00618e-06
5.47011e-10
1.00807e-06
4.89694e-10
1.01009e-06
1.72831e-09
1.01228e-06
1.83955e-09
1.01452e-06
3.94155e-09
1.01691e-06
3.73379e-09
1.01933e-06
6.62512e-09
1.0219e-06
6.12264e-09
1.02462e-06
1.02282e-08
1.02735e-06
1.0419e-08
1.03027e-06
1.48471e-08
1.03321e-06
1.63695e-08
1.03613e-06
2.0325e-08
1.0396e-06
2.32593e-08
1.04269e-06
2.74975e-08
1.04699e-06
3.21509e-08
1.0508e-06
3.7591e-08
1.05603e-06
4.3761e-08
1.06109e-06
5.09609e-08
1.06757e-06
5.8119e-08
1.07428e-06
6.61089e-08
1.08289e-06
7.53475e-08
1.09174e-06
8.34245e-08
1.10332e-06
9.38136e-08
1.03012e-07
1.11547e-06
1.00023e-06
-3.35045e-10
1.00089e-06
-8.08482e-10
1.00195e-06
-1.44962e-09
1.00337e-06
-1.55353e-09
1.00502e-06
-1.82324e-09
1.0069e-06
-1.32959e-09
1.00891e-06
-1.52563e-09
1.01112e-06
-4.73099e-10
1.01341e-06
-4.56902e-10
1.01591e-06
1.44431e-09
1.01843e-06
1.20931e-09
1.02118e-06
3.87801e-09
1.02389e-06
3.41677e-09
1.02699e-06
7.12204e-09
1.02997e-06
7.44305e-09
1.03334e-06
1.14717e-08
1.03662e-06
1.3096e-08
1.04009e-06
1.68579e-08
1.04391e-06
1.94312e-08
1.04766e-06
2.37459e-08
1.0523e-06
2.75176e-08
1.05686e-06
3.30338e-08
1.06242e-06
3.81978e-08
1.06833e-06
4.5052e-08
1.07514e-06
5.13041e-08
1.08267e-06
5.85836e-08
1.09162e-06
6.63988e-08
1.10117e-06
7.38657e-08
1.11282e-06
8.21643e-08
9.03058e-08
1.12553e-06
1.00026e-06
-5.9558e-10
1.00103e-06
-1.58062e-09
1.00225e-06
-2.66696e-09
1.00386e-06
-3.16124e-09
1.00568e-06
-3.64498e-09
1.00774e-06
-3.39384e-09
1.0099e-06
-3.68656e-09
1.01231e-06
-2.87671e-09
1.01477e-06
-2.92364e-09
1.01752e-06
-1.30496e-09
1.02025e-06
-1.51671e-09
1.02326e-06
8.68024e-10
1.02622e-06
4.58366e-10
1.02962e-06
3.7234e-09
1.03295e-06
4.11501e-09
1.03664e-06
7.77684e-09
1.04033e-06
9.40274e-09
1.04422e-06
1.2971e-08
1.04846e-06
1.51931e-08
1.05278e-06
1.9427e-08
1.05773e-06
2.25616e-08
1.06288e-06
2.78848e-08
1.06877e-06
3.23095e-08
1.07513e-06
3.86888e-08
1.08232e-06
4.41147e-08
1.09021e-06
5.06949e-08
1.0994e-06
5.72068e-08
1.10933e-06
6.39398e-08
1.12102e-06
7.04785e-08
7.76006e-08
1.13372e-06
1.00038e-06
-9.75054e-10
1.00139e-06
-2.59467e-09
1.00291e-06
-4.18269e-09
1.0048e-06
-5.04738e-09
1.00684e-06
-5.69367e-09
1.00911e-06
-5.65972e-09
1.01146e-06
-6.03664e-09
1.01404e-06
-5.45758e-09
1.01669e-06
-5.57376e-09
1.01966e-06
-4.26935e-09
1.02258e-06
-4.44198e-09
1.02581e-06
-2.36397e-09
1.02896e-06
-2.69266e-09
1.03263e-06
5.23656e-11
1.03621e-06
5.39163e-10
1.04025e-06
3.7382e-09
1.0443e-06
5.35006e-09
1.04869e-06
8.58446e-09
1.0533e-06
1.05837e-08
1.05811e-06
1.46128e-08
1.06327e-06
1.74065e-08
1.06876e-06
2.23937e-08
1.07471e-06
2.63625e-08
1.08131e-06
3.20833e-08
1.08856e-06
3.68686e-08
1.09664e-06
4.26122e-08
1.10587e-06
4.79776e-08
1.11599e-06
5.38157e-08
1.12754e-06
5.89271e-08
6.48045e-08
1.14034e-06
1.00046e-06
-1.43822e-09
1.00183e-06
-3.95913e-09
1.00377e-06
-6.12153e-09
1.00601e-06
-7.28848e-09
1.0083e-06
-7.98988e-09
1.01079e-06
-8.1414e-09
1.01333e-06
-8.58162e-09
1.01614e-06
-8.26802e-09
1.019e-06
-8.42975e-09
1.0222e-06
-7.46962e-09
1.02529e-06
-7.53552e-09
1.02878e-06
-5.85223e-09
1.0322e-06
-6.11604e-09
1.03622e-06
-3.96466e-09
1.04009e-06
-3.33631e-09
1.04436e-06
-5.24029e-10
1.04876e-06
9.48898e-10
1.05357e-06
3.77525e-09
1.05863e-06
5.52384e-09
1.06394e-06
9.2985e-09
1.06942e-06
1.19316e-08
1.07517e-06
1.66411e-08
1.08119e-06
2.03429e-08
1.08777e-06
2.55057e-08
1.09492e-06
2.97107e-08
1.10289e-06
3.46494e-08
1.11191e-06
3.89557e-08
1.12193e-06
4.37918e-08
1.13324e-06
4.7615e-08
5.23441e-08
1.14571e-06
1.00089e-06
-2.32426e-09
1.00287e-06
-5.93846e-09
1.0053e-06
-8.5513e-09
1.00785e-06
-9.84e-09
1.01033e-06
-1.04756e-08
1.01302e-06
-1.08333e-08
1.01584e-06
-1.14004e-08
1.01891e-06
-1.13357e-08
1.02194e-06
-1.14554e-08
1.0253e-06
-1.08336e-08
1.02862e-06
-1.08554e-08
1.03242e-06
-9.65111e-09
1.03618e-06
-9.87305e-09
1.0403e-06
-8.0932e-09
1.04426e-06
-7.2964e-09
1.04866e-06
-4.92023e-09
1.05352e-06
-3.90804e-09
1.05906e-06
-1.76465e-09
1.06465e-06
-7.11886e-11
1.07043e-06
3.51914e-09
1.07594e-06
6.42645e-09
1.08151e-06
1.10707e-08
1.08707e-06
1.4776e-08
1.09319e-06
1.9395e-08
1.09986e-06
2.30339e-08
1.1075e-06
2.70158e-08
1.1162e-06
3.02473e-08
1.12605e-06
3.39423e-08
1.13711e-06
3.65555e-08
3.9913e-08
1.14954e-06
1.00186e-06
-4.18176e-09
1.00524e-06
-9.32333e-09
1.00853e-06
-1.18426e-08
1.01144e-06
-1.27422e-08
1.01414e-06
-1.31782e-08
1.01709e-06
-1.37839e-08
1.02022e-06
-1.45324e-08
1.02348e-06
-1.45946e-08
1.02653e-06
-1.45026e-08
1.02977e-06
-1.40809e-08
1.03294e-06
-1.40242e-08
1.03672e-06
-1.34272e-08
1.04044e-06
-1.35983e-08
1.04447e-06
-1.21199e-08
1.04813e-06
-1.09531e-08
1.05233e-06
-9.11886e-09
1.05699e-06
-8.57193e-09
1.06257e-06
-7.34892e-09
1.06836e-06
-5.86091e-09
1.07443e-06
-2.54181e-09
1.08022e-06
6.27246e-10
1.08592e-06
5.37355e-09
1.09145e-06
9.2483e-09
1.09737e-06
1.34759e-08
1.10377e-06
1.66286e-08
1.11113e-06
1.96581e-08
1.11952e-06
2.18558e-08
1.12917e-06
2.42978e-08
1.13993e-06
2.57896e-08
2.79664e-08
1.15188e-06
1.00304e-06
-7.21835e-09
1.00685e-06
-1.31412e-08
1.00975e-06
-1.47346e-08
1.01181e-06
-1.48033e-08
1.01362e-06
-1.4994e-08
1.01541e-06
-1.55725e-08
1.01698e-06
-1.60955e-08
1.01819e-06
-1.58137e-08
1.01908e-06
-1.5388e-08
1.02003e-06
-1.50265e-08
1.02091e-06
-1.49052e-08
1.02209e-06
-1.46063e-08
1.02283e-06
-1.43461e-08
1.02371e-06
-1.29973e-08
1.02453e-06
-1.1777e-08
1.02637e-06
-1.09537e-08
1.02879e-06
-1.09972e-08
1.0319e-06
-1.0455e-08
1.03505e-06
-9.00981e-09
1.03882e-06
-6.31722e-09
1.04281e-06
-3.35856e-09
1.04789e-06
2.96512e-10
1.05386e-06
3.27261e-09
1.06115e-06
6.18726e-09
1.06952e-06
8.25889e-09
1.07913e-06
1.00491e-08
1.08974e-06
1.12441e-08
1.10159e-06
1.24523e-08
1.11433e-06
1.30449e-08
1.38843e-08
1.12841e-06
9.92782e-07
9.7964e-07
9.64906e-07
9.50103e-07
9.35108e-07
9.19536e-07
9.03441e-07
8.87627e-07
8.72239e-07
8.57212e-07
8.42307e-07
8.27701e-07
8.13355e-07
8.00357e-07
7.8858e-07
7.77627e-07
7.66629e-07
7.56174e-07
7.47165e-07
7.40847e-07
7.37489e-07
7.37785e-07
7.41058e-07
7.47245e-07
7.55504e-07
7.65553e-07
7.76797e-07
7.8925e-07
8.02295e-07
8.16179e-07
3.75961e-07
-1.03253e-07
4.68591e-07
-9.26296e-08
5.25152e-07
-5.65613e-08
5.81454e-07
-5.63016e-08
6.25095e-07
-4.36411e-08
6.76704e-07
-5.16091e-08
7.35831e-07
-5.91267e-08
7.77792e-07
-4.19612e-08
8.27557e-07
-4.97649e-08
-7.97597e-08
9.07316e-07
7.57165e-07
-1.57226e-07
7.88736e-07
-1.242e-07
8.19552e-07
-8.73778e-08
8.72057e-07
-1.08806e-07
8.97538e-07
-6.91222e-08
9.02608e-07
-5.66793e-08
9.25995e-07
-8.25139e-08
9.83265e-07
-9.92313e-08
1.05592e-06
-1.22415e-07
-9.34005e-08
1.06956e-06
8.77349e-07
-1.73156e-07
8.89554e-07
-1.36404e-07
8.88012e-07
-8.5836e-08
9.15904e-07
-1.36699e-07
9.40675e-07
-9.38936e-08
9.64478e-07
-8.0482e-08
9.59191e-07
-7.72269e-08
9.79064e-07
-1.19104e-07
1.02183e-06
-1.6518e-07
-1.85489e-07
1.11392e-06
9.18689e-07
-1.62771e-07
9.34423e-07
-1.52139e-07
9.58837e-07
-1.1025e-07
9.55509e-07
-1.3337e-07
9.63641e-07
-1.02026e-07
9.86705e-07
-1.03546e-07
1.01425e-06
-1.04769e-07
1.02838e-06
-1.33241e-07
1.03593e-06
-1.72724e-07
-2.10673e-07
1.06111e-06
9.69903e-07
-1.58163e-07
9.70245e-07
-1.52481e-07
9.74215e-07
-1.1422e-07
9.79451e-07
-1.38606e-07
9.87052e-07
-1.09627e-07
1.00495e-06
-1.21446e-07
1.01507e-06
-1.14884e-07
1.03046e-06
-1.48633e-07
1.04128e-06
-1.83549e-07
-2.24479e-07
1.05509e-06
9.98881e-07
-1.53913e-07
9.9723e-07
-1.5083e-07
1.00583e-06
-1.22819e-07
1.0052e-06
-1.37977e-07
1.01236e-06
-1.16784e-07
1.0192e-06
-1.28288e-07
1.03254e-06
-1.28223e-07
1.04564e-06
-1.61731e-07
1.04317e-06
-1.81083e-07
-2.21283e-07
1.03997e-06
1.02523e-06
-1.48426e-07
1.0224e-06
-1.48007e-07
1.02345e-06
-1.23864e-07
1.02233e-06
-1.36859e-07
1.02674e-06
-1.2119e-07
1.03213e-06
-1.33678e-07
1.03854e-06
-1.34634e-07
1.04257e-06
-1.65762e-07
1.04223e-06
-1.80742e-07
-2.23596e-07
1.04454e-06
1.04757e-06
-1.43222e-07
1.04164e-06
-1.42077e-07
1.04258e-06
-1.24799e-07
1.0395e-06
-1.33781e-07
1.04154e-06
-1.23227e-07
1.04354e-06
-1.35681e-07
1.04629e-06
-1.37388e-07
1.04557e-06
-1.65034e-07
1.04256e-06
-1.77735e-07
-2.17256e-07
1.03622e-06
1.06589e-06
-1.36279e-07
1.05929e-06
-1.3548e-07
1.05661e-06
-1.22117e-07
1.05236e-06
-1.29535e-07
1.05146e-06
-1.22322e-07
1.04943e-06
-1.33657e-07
1.04814e-06
-1.36096e-07
1.04544e-06
-1.62331e-07
1.04123e-06
-1.73526e-07
-2.07346e-07
1.03132e-06
1.08158e-06
-1.28667e-07
1.0735e-06
-1.27398e-07
1.06907e-06
-1.17686e-07
1.06285e-06
-1.23312e-07
1.05956e-06
-1.19031e-07
1.05581e-06
-1.29915e-07
1.05241e-06
-1.32691e-07
1.04446e-06
-1.54377e-07
1.03649e-06
-1.65558e-07
-1.96026e-07
1.02517e-06
1.09448e-06
-1.19486e-07
1.08536e-06
-1.18278e-07
1.07873e-06
-1.11055e-07
1.07141e-06
-1.15992e-07
1.0656e-06
-1.13216e-07
1.05845e-06
-1.2277e-07
1.05198e-06
-1.26222e-07
1.04332e-06
-1.4572e-07
1.03381e-06
-1.5604e-07
-1.81735e-07
1.01952e-06
1.10527e-06
-1.09285e-07
1.09514e-06
-1.08146e-07
1.08686e-06
-1.02775e-07
1.07763e-06
-1.06767e-07
1.06995e-06
-1.0553e-07
1.06133e-06
-1.14154e-07
1.05295e-06
-1.17839e-07
1.04125e-06
-1.34017e-07
1.02917e-06
-1.43968e-07
-1.66215e-07
1.01365e-06
1.11411e-06
-9.78656e-08
1.10293e-06
-9.69672e-08
1.09305e-06
-9.28892e-08
1.08271e-06
-9.64358e-08
1.07311e-06
-9.59294e-08
1.06238e-06
-1.0342e-07
1.0519e-06
-1.07362e-07
1.03918e-06
-1.21298e-07
1.02552e-06
-1.30304e-07
-1.49109e-07
1.00841e-06
1.12136e-06
-8.55051e-08
1.1092e-06
-8.48115e-08
1.09807e-06
-8.1755e-08
1.08633e-06
-8.4695e-08
1.07526e-06
-8.48621e-08
1.06324e-06
-9.13988e-08
1.05121e-06
-9.53322e-08
1.03684e-06
-1.06924e-07
1.02161e-06
-1.15079e-07
-1.30952e-07
1.00346e-06
1.12706e-06
-7.22271e-08
1.11402e-06
-7.17696e-08
1.10176e-06
-6.94988e-08
1.08904e-06
-7.19661e-08
1.07669e-06
-7.25168e-08
1.06336e-06
-7.80637e-08
1.04989e-06
-8.18711e-08
1.03453e-06
-9.15607e-08
1.01817e-06
-9.8716e-08
-1.11867e-07
9.99082e-07
1.13165e-06
-5.81704e-08
1.11773e-06
-5.78556e-08
1.10457e-06
-5.6331e-08
1.09088e-06
-5.82748e-08
1.07751e-06
-5.91479e-08
1.06319e-06
-6.37472e-08
1.04864e-06
-6.73244e-08
1.03229e-06
-7.52118e-08
1.01497e-06
-8.1394e-08
-9.20413e-08
9.95146e-07
1.1348e-06
-4.34267e-08
1.1202e-06
-4.32599e-08
1.10628e-06
-4.24104e-08
1.09185e-06
-4.38419e-08
1.07766e-06
-4.49539e-08
1.06246e-06
-4.85478e-08
1.04697e-06
-5.18341e-08
1.02978e-06
-5.80217e-08
1.01164e-06
-6.32601e-08
-7.14712e-08
9.91074e-07
1.13615e-06
-2.76932e-08
1.12051e-06
-2.76234e-08
1.10558e-06
-2.74833e-08
1.09018e-06
-2.84419e-08
1.07499e-06
-2.9756e-08
1.05871e-06
-3.22684e-08
1.04205e-06
-3.51817e-08
1.02358e-06
-3.95459e-08
1.00412e-06
-4.38045e-08
-4.94576e-08
9.82108e-07
1.11084e-06
-1.01175e-08
1.09367e-06
-1.04558e-08
1.07698e-06
-1.07895e-08
1.06e-06
-1.14669e-08
1.04285e-06
-1.26025e-08
1.02466e-06
-1.40799e-08
1.00558e-06
-1.61023e-08
9.84525e-07
-1.849e-08
9.6195e-07
-2.12293e-08
-2.40652e-08
9.36558e-07
8.06061e-07
7.95606e-07
7.84816e-07
7.73349e-07
7.60747e-07
7.46667e-07
7.30564e-07
7.12074e-07
6.90845e-07
6.6678e-07
3.00395e-08
-3.00395e-08
-1.03092e-08
4.03487e-08
-1.29692e-07
1.19382e-07
-3.8195e-07
2.52258e-07
-6.46052e-07
2.64102e-07
-8.08729e-07
1.62677e-07
-9.09661e-07
1.00932e-07
-9.29822e-07
2.01608e-08
-8.82723e-07
-4.70988e-08
-7.79574e-07
-1.03149e-07
-6.30177e-07
-1.49396e-07
-4.46623e-07
-1.83554e-07
-2.5719e-07
-1.89433e-07
-8.37384e-08
-1.73451e-07
6.85492e-08
-1.52288e-07
1.92384e-07
-1.23835e-07
2.87749e-07
-9.53644e-08
3.56526e-07
-6.87776e-08
4.02454e-07
-4.59273e-08
4.298e-07
-2.73462e-08
4.43082e-07
-1.32822e-08
4.46505e-07
-3.4224e-09
4.43597e-07
2.90759e-09
4.36872e-07
6.7246e-09
4.28249e-07
8.6229e-09
4.19049e-07
9.20046e-09
4.10164e-07
8.88496e-09
4.02102e-07
8.06158e-09
3.95099e-07
7.00297e-09
3.89192e-07
5.90729e-09
3.84296e-07
4.89587e-09
3.80311e-07
3.98503e-09
3.77061e-07
3.25036e-09
3.74466e-07
2.59465e-09
3.72345e-07
2.12125e-09
3.70697e-07
1.64756e-09
3.69331e-07
1.36656e-09
3.68337e-07
9.9364e-10
3.67476e-07
8.60774e-10
5.398e-10
2.61492e-08
-5.61888e-08
-4.79152e-08
1.14413e-07
-2.84975e-07
3.56442e-07
-5.43612e-07
5.10895e-07
-7.22494e-07
4.42984e-07
-8.45712e-07
2.85895e-07
-9.06733e-07
1.61954e-07
-9.05475e-07
1.89022e-08
-8.3776e-07
-1.14813e-07
-7.16313e-07
-2.24597e-07
-5.5474e-07
-3.10969e-07
-3.72725e-07
-3.65569e-07
-1.79501e-07
-3.82657e-07
-8.30119e-10
-3.52122e-07
1.58376e-07
-3.11493e-07
2.88353e-07
-2.53812e-07
3.91116e-07
-1.98128e-07
4.69209e-07
-1.46871e-07
5.26505e-07
-1.03224e-07
5.67942e-07
-6.87832e-08
5.983e-07
-4.36397e-08
6.20992e-07
-2.61147e-08
6.38136e-07
-1.42359e-08
6.51026e-07
-6.16615e-09
6.60502e-07
-8.53016e-10
6.67148e-07
2.55487e-09
6.71545e-07
4.48756e-09
6.74156e-07
5.45067e-09
6.75446e-07
5.71322e-09
6.75809e-07
5.54447e-09
6.75573e-07
5.13132e-09
6.75015e-07
4.54379e-09
6.74282e-07
3.98279e-09
6.73544e-07
3.33308e-09
6.72814e-07
2.85069e-09
6.72214e-07
2.24822e-09
6.71671e-07
1.90937e-09
6.71301e-07
1.36377e-09
6.70976e-07
1.18546e-09
6.90019e-10
-8.50843e-08
2.88956e-08
-2.5277e-07
2.82099e-07
-3.97875e-07
5.01547e-07
-5.03495e-07
6.16515e-07
-6.0286e-07
5.4235e-07
-6.87623e-07
3.70658e-07
-7.21311e-07
1.95641e-07
-7.02845e-07
4.35817e-10
-6.25591e-07
-1.92067e-07
-5.10334e-07
-3.39853e-07
-3.68466e-07
-4.52837e-07
-2.07035e-07
-5.27e-07
-4.49891e-08
-5.44703e-07
1.14134e-07
-5.11245e-07
2.51279e-07
-4.48638e-07
3.65127e-07
-3.6766e-07
4.5605e-07
-2.89051e-07
5.2636e-07
-2.17181e-07
5.76393e-07
-1.53257e-07
6.09208e-07
-1.01597e-07
6.31169e-07
-6.56012e-08
6.48176e-07
-4.3121e-08
6.63403e-07
-2.94637e-08
6.77593e-07
-2.0356e-08
6.90588e-07
-1.38475e-08
7.0197e-07
-8.82766e-09
7.11496e-07
-5.03867e-09
7.19108e-07
-2.16052e-09
7.24985e-07
-1.63921e-10
7.293e-07
1.22958e-09
7.32386e-07
2.04494e-09
7.34528e-07
2.40214e-09
7.35986e-07
2.52437e-09
7.36971e-07
2.34843e-09
7.37637e-07
2.1841e-09
7.38114e-07
1.77195e-09
7.38464e-07
1.55906e-09
7.38769e-07
1.05863e-09
7.39036e-07
9.18467e-10
3.8024e-10
-3.55282e-08
6.44238e-08
-1.328e-07
3.79371e-07
-2.01296e-07
5.70043e-07
-2.89455e-07
7.04674e-07
-3.76969e-07
6.29864e-07
-4.43045e-07
4.36733e-07
-4.48151e-07
2.00747e-07
-3.98547e-07
-4.9168e-08
-3.01794e-07
-2.8882e-07
-1.84893e-07
-4.56754e-07
-7.54007e-08
-5.6233e-07
3.82439e-08
-6.40645e-07
1.56202e-07
-6.62661e-07
2.6591e-07
-6.20953e-07
3.62856e-07
-5.45585e-07
4.4287e-07
-4.47674e-07
5.0671e-07
-3.52891e-07
5.64108e-07
-2.74579e-07
6.15236e-07
-2.04384e-07
6.52427e-07
-1.38789e-07
6.73435e-07
-8.66093e-08
6.8351e-07
-5.31959e-08
6.8962e-07
-3.55739e-08
6.95889e-07
-2.66245e-08
7.03363e-07
-2.13214e-08
7.11422e-07
-1.68872e-08
7.19203e-07
-1.28191e-08
7.26032e-07
-8.9902e-09
7.31664e-07
-5.79598e-09
7.36099e-07
-3.20532e-09
7.39499e-07
-1.35538e-09
7.42045e-07
-1.43069e-10
7.43948e-07
6.20619e-10
7.45355e-07
9.41534e-10
7.46425e-07
1.11493e-09
7.47245e-07
9.51699e-10
7.47907e-07
8.96715e-10
7.48465e-07
5.01058e-10
7.48961e-07
4.21934e-10
-1.05705e-10
-4.22533e-08
1.06677e-07
-5.70585e-08
3.94176e-07
-6.29018e-08
5.75886e-07
-5.94948e-08
7.01266e-07
-8.40213e-08
6.54391e-07
-1.02911e-07
4.55623e-07
-8.1855e-08
1.79691e-07
-1.45164e-08
-1.16507e-07
8.20761e-08
-3.85412e-07
1.86966e-07
-5.61644e-07
2.70055e-07
-6.4542e-07
3.32844e-07
-7.03433e-07
3.94674e-07
-7.24492e-07
4.52784e-07
-6.79063e-07
5.01845e-07
-5.94646e-07
5.42839e-07
-4.88668e-07
5.64078e-07
-3.7413e-07
5.76402e-07
-2.86903e-07
6.00664e-07
-2.28646e-07
6.37169e-07
-1.75294e-07
6.72064e-07
-1.21505e-07
6.95436e-07
-7.65677e-08
7.07244e-07
-4.73819e-08
7.12532e-07
-3.19124e-08
7.16083e-07
-2.48724e-08
7.2011e-07
-2.09139e-08
7.24891e-07
-1.76002e-08
7.29803e-07
-1.39018e-08
7.34294e-07
-1.0287e-08
7.38033e-07
-6.94434e-09
7.40994e-07
-4.31707e-09
7.43233e-07
-2.38167e-09
7.44943e-07
-1.08913e-09
7.46235e-07
-3.50344e-10
7.4725e-07
9.94612e-11
7.4806e-07
1.42348e-10
7.48745e-07
2.10846e-10
7.49336e-07
-8.97553e-11
7.49875e-07
-1.17325e-10
-6.34774e-10
9.38479e-08
1.28291e-08
1.39261e-07
3.48763e-07
2.21019e-07
4.94128e-07
2.53769e-07
6.68517e-07
2.61546e-07
6.46614e-07
2.74453e-07
4.42716e-07
2.93027e-07
1.61117e-07
3.28486e-07
-1.51965e-07
3.86207e-07
-4.43134e-07
4.5623e-07
-6.31666e-07
5.17641e-07
-7.06831e-07
5.43144e-07
-7.28936e-07
5.57705e-07
-7.39053e-07
5.74922e-07
-6.96281e-07
5.90226e-07
-6.0995e-07
6.16353e-07
-5.14795e-07
6.36505e-07
-3.94281e-07
6.26585e-07
-2.76984e-07
6.06284e-07
-2.08345e-07
6.05839e-07
-1.74849e-07
6.29609e-07
-1.45274e-07
6.6314e-07
-1.10099e-07
6.92376e-07
-7.66184e-08
7.11627e-07
-5.1163e-08
7.22144e-07
-3.539e-08
7.27618e-07
-2.63879e-08
7.31155e-07
-2.1137e-08
7.34205e-07
-1.6952e-08
7.37147e-07
-1.3229e-08
7.39827e-07
-9.6236e-09
7.42123e-07
-6.61381e-09
7.43962e-07
-4.21985e-09
7.4542e-07
-2.54764e-09
7.4655e-07
-1.48018e-09
7.47463e-07
-8.13826e-10
7.48191e-07
-5.85367e-10
7.4881e-07
-4.08654e-10
7.49349e-07
-6.27979e-10
7.4985e-07
-6.18545e-10
-1.13918e-09
-1.24676e-07
1.37505e-07
5.94952e-08
1.64592e-07
2.70041e-07
2.83583e-07
4.78097e-07
4.60461e-07
5.80981e-07
5.43729e-07
6.29464e-07
3.94233e-07
6.40089e-07
1.50492e-07
6.36967e-07
-1.48844e-07
6.40371e-07
-4.46537e-07
6.57045e-07
-6.4834e-07
6.89572e-07
-7.39358e-07
7.09969e-07
-7.49332e-07
6.91131e-07
-7.20215e-07
6.60643e-07
-6.65793e-07
6.31107e-07
-5.80413e-07
6.16133e-07
-4.99821e-07
6.32835e-07
-4.10983e-07
6.49923e-07
-2.94072e-07
6.38665e-07
-1.97087e-07
6.15467e-07
-1.51651e-07
6.08033e-07
-1.3784e-07
6.23806e-07
-1.25871e-07
6.53156e-07
-1.05969e-07
6.83703e-07
-8.17102e-08
7.07903e-07
-5.95898e-08
7.23752e-07
-4.22371e-08
7.32836e-07
-3.02201e-08
7.37692e-07
-2.18081e-08
7.40456e-07
-1.59939e-08
7.42291e-07
-1.14583e-08
7.43737e-07
-8.05992e-09
7.44925e-07
-5.40737e-09
7.45936e-07
-3.55851e-09
7.46772e-07
-2.31689e-09
7.47493e-07
-1.53498e-09
7.48115e-07
-1.20699e-09
7.48679e-07
-9.72075e-10
7.49199e-07
-1.14887e-09
7.49688e-07
-1.10726e-09
-1.62161e-09
6.7358e-07
3.71242e-07
5.25069e-07
3.13103e-07
5.0718e-07
3.01471e-07
6.20563e-07
3.47078e-07
7.58572e-07
4.0572e-07
8.59565e-07
2.93241e-07
9.03467e-07
1.0659e-07
9.0931e-07
-1.54688e-07
9.05618e-07
-4.42845e-07
8.99355e-07
-6.42077e-07
8.94934e-07
-7.34938e-07
8.98602e-07
-7.53e-07
8.77264e-07
-6.98877e-07
8.2335e-07
-6.11879e-07
7.63144e-07
-5.20208e-07
7.03354e-07
-4.4003e-07
6.67095e-07
-3.74724e-07
6.70393e-07
-2.9737e-07
6.86007e-07
-2.12701e-07
6.87804e-07
-1.53448e-07
6.78494e-07
-1.28531e-07
6.72924e-07
-1.20301e-07
6.79826e-07
-1.12871e-07
6.98106e-07
-9.99897e-08
7.21568e-07
-8.30516e-08
7.43759e-07
-6.44281e-08
7.6082e-07
-4.7282e-08
7.71866e-07
-3.2854e-08
7.78073e-07
-2.22006e-08
7.81176e-07
-1.45611e-08
7.82718e-07
-9.60224e-09
7.83589e-07
-6.27856e-09
7.84248e-07
-4.21672e-09
7.84815e-07
-2.88467e-09
7.85352e-07
-2.07147e-09
7.85832e-07
-1.68708e-09
7.86283e-07
-1.42355e-09
7.86699e-07
-1.56411e-09
7.8711e-07
-1.51822e-09
-2.05858e-09
1.03746e-06
4.03341e-07
9.89733e-07
3.60827e-07
9.55187e-07
3.36017e-07
9.64323e-07
3.37943e-07
1.02712e-06
3.42925e-07
1.09839e-06
2.21972e-07
1.13324e-06
7.17353e-08
1.15174e-06
-1.73182e-07
1.1598e-06
-4.50912e-07
1.14096e-06
-6.23239e-07
1.08419e-06
-6.7816e-07
1.00033e-06
-6.69147e-07
9.23663e-07
-6.22206e-07
8.58895e-07
-5.47111e-07
8.06694e-07
-4.68007e-07
7.63225e-07
-3.96561e-07
7.22458e-07
-3.33957e-07
6.98552e-07
-2.73464e-07
7.01935e-07
-2.16085e-07
7.22059e-07
-1.73572e-07
7.41441e-07
-1.47912e-07
7.49312e-07
-1.28172e-07
7.45969e-07
-1.09528e-07
7.39592e-07
-9.3613e-08
7.38188e-07
-8.16477e-08
7.4387e-07
-7.01097e-08
7.54059e-07
-5.74719e-08
7.64821e-07
-4.36152e-08
7.73458e-07
-3.08375e-08
7.7912e-07
-2.0223e-08
7.8228e-07
-1.27631e-08
7.83798e-07
-7.79585e-09
7.84505e-07
-4.92433e-09
7.84893e-07
-3.27278e-09
7.85237e-07
-2.41465e-09
7.856e-07
-2.0506e-09
7.86004e-07
-1.82778e-09
7.86426e-07
-1.98561e-09
7.86845e-07
-1.9379e-09
-2.47013e-09
1.11465e-06
4.02613e-07
1.12733e-06
3.48147e-07
1.18133e-06
2.82013e-07
1.22017e-06
2.99104e-07
1.28513e-06
2.7796e-07
1.3319e-06
1.75205e-07
1.33872e-06
6.49184e-08
1.33461e-06
-1.6907e-07
1.30492e-06
-4.21228e-07
1.2356e-06
-5.53914e-07
1.1444e-06
-5.86966e-07
1.02657e-06
-5.51317e-07
9.07353e-07
-5.02985e-07
8.33742e-07
-4.735e-07
7.96198e-07
-4.30464e-07
7.71849e-07
-3.72212e-07
7.58746e-07
-3.20854e-07
7.54084e-07
-2.68801e-07
7.51596e-07
-2.13598e-07
7.52697e-07
-1.74672e-07
7.64003e-07
-1.59218e-07
7.84471e-07
-1.48641e-07
8.03013e-07
-1.28069e-07
8.09195e-07
-9.97945e-08
8.02393e-07
-7.48457e-08
7.90098e-07
-5.78155e-08
7.80039e-07
-4.74125e-08
7.75362e-07
-3.89389e-08
7.7535e-07
-3.08249e-08
7.7767e-07
-2.25432e-08
7.80397e-07
-1.54902e-08
7.82652e-07
-1.00509e-08
7.84226e-07
-6.49816e-09
7.85203e-07
-4.24948e-09
7.85797e-07
-3.00849e-09
7.8616e-07
-2.41405e-09
7.8643e-07
-2.09772e-09
7.86659e-07
-2.21431e-09
7.86898e-07
-2.17724e-09
-2.75964e-09
1.09546e-06
3.68268e-07
1.14924e-06
2.94361e-07
1.20127e-06
2.29981e-07
1.25588e-06
2.44495e-07
1.33093e-06
2.02911e-07
1.37266e-06
1.33482e-07
1.39075e-06
4.68269e-08
1.37742e-06
-1.55739e-07
1.30203e-06
-3.45839e-07
1.18579e-06
-4.37678e-07
1.07553e-06
-4.76707e-07
1.00164e-06
-4.77429e-07
9.42622e-07
-4.43964e-07
8.9007e-07
-4.20948e-07
8.53259e-07
-3.93652e-07
8.19987e-07
-3.3894e-07
7.9197e-07
-2.92836e-07
7.88797e-07
-2.65628e-07
8.01194e-07
-2.25995e-07
7.99284e-07
-1.72763e-07
7.77058e-07
-1.36992e-07
7.56142e-07
-1.27725e-07
7.547e-07
-1.26628e-07
7.71241e-07
-1.16335e-07
7.9241e-07
-9.60145e-08
8.06432e-07
-7.18374e-08
8.09567e-07
-5.05475e-08
8.0486e-07
-3.42324e-08
7.97371e-07
-2.33357e-08
7.90791e-07
-1.59627e-08
7.86638e-07
-1.13378e-08
7.84613e-07
-8.02532e-09
7.83978e-07
-5.86341e-09
7.84072e-07
-4.34413e-09
7.84498e-07
-3.43424e-09
7.85015e-07
-2.93054e-09
7.8553e-07
-2.61302e-09
7.85995e-07
-2.67908e-09
7.86406e-07
-2.58844e-09
-3.09191e-09
1.10409e-06
3.19265e-07
1.1463e-06
2.52153e-07
1.17705e-06
1.99235e-07
1.23262e-06
1.88918e-07
1.28641e-06
1.49121e-07
1.32149e-06
9.84091e-08
1.35227e-06
1.60483e-08
1.3234e-06
-1.2687e-07
1.2591e-06
-2.81543e-07
1.18507e-06
-3.63646e-07
1.0897e-06
-3.81337e-07
1.01472e-06
-4.02453e-07
9.79666e-07
-4.08907e-07
9.39583e-07
-3.80865e-07
8.92048e-07
-3.46117e-07
8.58159e-07
-3.05051e-07
8.27608e-07
-2.62286e-07
8.01095e-07
-2.39114e-07
7.96068e-07
-2.20969e-07
8.03661e-07
-1.80356e-07
7.96414e-07
-1.29744e-07
7.67474e-07
-9.87852e-08
7.34853e-07
-9.40072e-08
7.17725e-07
-9.92073e-08
7.21437e-07
-9.97259e-08
7.39193e-07
-8.95937e-08
7.60552e-07
-7.1906e-08
7.77874e-07
-5.15543e-08
7.88348e-07
-3.38097e-08
7.92608e-07
-2.02232e-08
7.92927e-07
-1.16565e-08
7.91578e-07
-6.67638e-09
7.89956e-07
-4.24112e-09
7.88629e-07
-3.01697e-09
7.87725e-07
-2.53122e-09
7.8717e-07
-2.37551e-09
7.86875e-07
-2.3172e-09
7.86741e-07
-2.54504e-09
7.86723e-07
-2.5711e-09
-3.19099e-09
1.09506e-06
2.64176e-07
1.13108e-06
2.16132e-07
1.15916e-06
1.71162e-07
1.19958e-06
1.48498e-07
1.23333e-06
1.15373e-07
1.26754e-06
6.41945e-08
1.28728e-06
-3.68937e-09
1.26282e-06
-1.02413e-07
1.2091e-06
-2.27825e-07
1.15711e-06
-3.11652e-07
1.09968e-06
-3.2391e-07
1.02659e-06
-3.2936e-07
9.64982e-07
-3.473e-07
9.18698e-07
-3.34581e-07
8.749e-07
-3.0232e-07
8.50203e-07
-2.80354e-07
8.44686e-07
-2.56769e-07
8.27865e-07
-2.22293e-07
7.95039e-07
-1.88142e-07
7.72951e-07
-1.58268e-07
7.75278e-07
-1.32072e-07
7.89402e-07
-1.12909e-07
7.96877e-07
-1.01483e-07
7.90329e-07
-9.26592e-08
7.74826e-07
-8.42225e-08
7.6025e-07
-7.50182e-08
7.52976e-07
-6.46319e-08
7.5356e-07
-5.21385e-08
7.58726e-07
-3.89749e-08
7.65249e-07
-2.67463e-08
7.71215e-07
-1.76229e-08
7.75864e-07
-1.13252e-08
7.79221e-07
-7.59825e-09
7.81547e-07
-5.34296e-09
7.83151e-07
-4.13549e-09
7.84257e-07
-3.48141e-09
7.85036e-07
-3.09567e-09
7.85583e-07
-3.0926e-09
7.85982e-07
-2.97028e-09
-3.42685e-09
1.08796e-06
2.20755e-07
1.1167e-06
1.87394e-07
1.14211e-06
1.45749e-07
1.16934e-06
1.21267e-07
1.19313e-06
9.15851e-08
1.21705e-06
4.0273e-08
1.23658e-06
-2.32165e-08
1.22913e-06
-9.49608e-08
1.17685e-06
-1.75552e-07
1.11367e-06
-2.48472e-07
1.07864e-06
-2.88874e-07
1.04272e-06
-2.93441e-07
9.85989e-07
-2.90571e-07
9.4079e-07
-2.89382e-07
9.13438e-07
-2.74968e-07
8.8458e-07
-2.51496e-07
8.59383e-07
-2.31572e-07
8.4668e-07
-2.0959e-07
8.362e-07
-1.77663e-07
8.2054e-07
-1.42608e-07
8.07974e-07
-1.19506e-07
8.08682e-07
-1.13617e-07
8.23112e-07
-1.15913e-07
8.42198e-07
-1.11745e-07
8.54965e-07
-9.69887e-08
8.5539e-07
-7.54439e-08
8.44744e-07
-5.39862e-08
8.29054e-07
-3.64478e-08
8.14253e-07
-2.41744e-08
8.03258e-07
-1.57507e-08
7.96197e-07
-1.05618e-08
7.92062e-07
-7.1901e-09
7.89737e-07
-5.27405e-09
7.88424e-07
-4.02913e-09
7.87642e-07
-3.35435e-09
7.87143e-07
-2.98231e-09
7.86813e-07
-2.76568e-09
7.86584e-07
-2.8635e-09
7.86441e-07
-2.82721e-09
-3.37655e-09
1.07261e-06
1.84364e-07
1.10123e-06
1.58774e-07
1.12189e-06
1.25087e-07
1.1441e-06
9.90571e-08
1.16708e-06
6.86115e-08
1.1793e-06
2.80492e-08
1.18413e-06
-2.80458e-08
1.18413e-06
-9.49584e-08
1.15965e-06
-1.51074e-07
1.10801e-06
-1.96835e-07
1.0589e-06
-2.39765e-07
1.02511e-06
-2.59644e-07
9.88032e-07
-2.53498e-07
9.48059e-07
-2.49409e-07
9.22241e-07
-2.4915e-07
9.0111e-07
-2.30364e-07
8.68254e-07
-1.98717e-07
8.36365e-07
-1.77701e-07
8.26186e-07
-1.67484e-07
8.33094e-07
-1.49516e-07
8.33717e-07
-1.20129e-07
8.13837e-07
-9.37366e-08
7.80742e-07
-8.2818e-08
7.52445e-07
-8.3448e-08
7.38863e-07
-8.34067e-08
7.38434e-07
-7.50147e-08
7.45173e-07
-6.07258e-08
7.53904e-07
-4.51789e-08
7.62018e-07
-3.22877e-08
7.68653e-07
-2.23864e-08
7.73755e-07
-1.56636e-08
7.77528e-07
-1.09632e-08
7.80252e-07
-7.99787e-09
7.82177e-07
-5.95457e-09
7.8352e-07
-4.69674e-09
7.8444e-07
-3.90303e-09
7.85062e-07
-3.38708e-09
7.85464e-07
-3.26545e-09
7.85717e-07
-3.07988e-09
-3.4543e-09
1.061e-06
1.5468e-07
1.08631e-06
1.33462e-07
1.10465e-06
1.06751e-07
1.1231e-06
8.06089e-08
1.14101e-06
5.06976e-08
1.15469e-06
1.43724e-08
1.15579e-06
-2.9151e-08
1.14131e-06
-8.04763e-08
1.12436e-06
-1.3412e-07
1.10114e-06
-1.73621e-07
1.05774e-06
-1.9636e-07
1.01454e-06
-2.16441e-07
9.90331e-07
-2.29293e-07
9.64262e-07
-2.23339e-07
9.25197e-07
-2.10085e-07
8.95467e-07
-2.00634e-07
8.84773e-07
-1.88023e-07
8.74614e-07
-1.67542e-07
8.53865e-07
-1.46735e-07
8.34534e-07
-1.30185e-07
8.29567e-07
-1.15162e-07
8.3597e-07
-1.00139e-07
8.41244e-07
-8.80924e-08
8.36823e-07
-7.90266e-08
8.2458e-07
-7.11641e-08
8.10934e-07
-6.13688e-08
8.00549e-07
-5.03406e-08
7.94398e-07
-3.90281e-08
7.91335e-07
-2.92249e-08
7.89971e-07
-2.10218e-08
7.89298e-07
-1.49912e-08
7.88844e-07
-1.0509e-08
7.88407e-07
-7.56114e-09
7.87968e-07
-5.51468e-09
7.87527e-07
-4.25663e-09
7.87115e-07
-3.49104e-09
7.86747e-07
-3.01885e-09
7.86424e-07
-2.94176e-09
7.86158e-07
-2.81476e-09
-3.25676e-09
1.05079e-06
1.29053e-07
1.0722e-06
1.1206e-07
1.09027e-06
8.86741e-08
1.10554e-06
6.53419e-08
1.1171e-06
3.91401e-08
1.12676e-06
4.70742e-09
1.13075e-06
-3.31344e-08
1.12179e-06
-7.15172e-08
1.10004e-06
-1.12376e-07
1.07564e-06
-1.49216e-07
1.05167e-06
-1.72394e-07
1.02022e-06
-1.84986e-07
9.85356e-07
-1.94432e-07
9.58809e-07
-1.96793e-07
9.37175e-07
-1.88451e-07
9.12917e-07
-1.76377e-07
8.90887e-07
-1.65993e-07
8.7633e-07
-1.52985e-07
8.63937e-07
-1.34342e-07
8.47771e-07
-1.14018e-07
8.31162e-07
-9.8553e-08
8.19596e-07
-8.85732e-08
8.13789e-07
-8.22855e-08
8.10296e-07
-7.55332e-08
8.05664e-07
-6.65319e-08
7.99571e-07
-5.52768e-08
7.93377e-07
-4.41462e-08
7.88406e-07
-3.40566e-08
7.85209e-07
-2.60286e-08
7.83655e-07
-1.94677e-08
7.8325e-07
-1.45856e-08
7.83489e-07
-1.07489e-08
7.83987e-07
-8.05821e-09
7.84518e-07
-6.04643e-09
7.84965e-07
-4.70364e-09
7.85297e-07
-3.82243e-09
7.85503e-07
-3.22485e-09
7.856e-07
-3.03908e-09
7.85604e-07
-2.81877e-09
-3.1321e-09
1.04067e-06
1.07896e-07
1.06012e-06
9.26143e-08
1.07556e-06
7.3237e-08
1.08913e-06
5.17714e-08
1.10081e-06
2.74536e-08
1.10589e-06
-3.69002e-10
1.10497e-06
-3.22141e-08
1.10049e-06
-6.7034e-08
1.08639e-06
-9.82788e-08
1.06238e-06
-1.25205e-07
1.03856e-06
-1.48579e-07
1.01666e-06
-1.63085e-07
9.89782e-07
-1.67552e-07
9.61404e-07
-1.68415e-07
9.40096e-07
-1.67143e-07
9.22762e-07
-1.59043e-07
9.01497e-07
-1.44727e-07
8.78814e-07
-1.30303e-07
8.63476e-07
-1.19004e-07
8.57776e-07
-1.08318e-07
8.54887e-07
-9.56634e-08
8.47855e-07
-8.1542e-08
8.35062e-07
-6.94917e-08
8.20346e-07
-6.08176e-08
8.08113e-07
-5.42991e-08
8.00136e-07
-4.72991e-08
7.95754e-07
-3.97643e-08
7.93563e-07
-3.18661e-08
7.92359e-07
-2.48245e-08
7.91519e-07
-1.86272e-08
7.90742e-07
-1.38092e-08
7.89989e-07
-9.99536e-09
7.89238e-07
-7.30724e-09
7.88536e-07
-5.345e-09
7.87883e-07
-4.04996e-09
7.87299e-07
-3.23878e-09
7.86778e-07
-2.70383e-09
7.86316e-07
-2.5771e-09
7.85913e-07
-2.41589e-09
-2.78722e-09
1.03257e-06
8.89831e-08
1.04938e-06
7.58044e-08
1.06357e-06
5.90482e-08
1.07504e-06
4.02947e-08
1.08341e-06
1.90903e-08
1.08876e-06
-5.72408e-09
1.08878e-06
-3.22302e-08
1.08111e-06
-5.93649e-08
1.06939e-06
-8.65561e-08
1.0542e-06
-1.10016e-07
1.0324e-06
-1.26778e-07
1.00839e-06
-1.39083e-07
9.88245e-07
-1.47404e-07
9.68286e-07
-1.48456e-07
9.44401e-07
-1.43258e-07
9.21933e-07
-1.36574e-07
9.06481e-07
-1.29275e-07
8.9488e-07
-1.18701e-07
8.8088e-07
-1.05005e-07
8.6355e-07
-9.09877e-08
8.47546e-07
-7.96597e-08
8.36635e-07
-7.06306e-08
8.3032e-07
-6.31772e-08
8.25386e-07
-5.58832e-08
8.19478e-07
-4.83907e-08
8.12552e-07
-4.03735e-08
8.05607e-07
-3.2819e-08
7.99599e-07
-2.58587e-08
7.94948e-07
-2.01735e-08
7.91675e-07
-1.53545e-08
7.89521e-07
-1.16549e-08
7.88189e-07
-8.66272e-09
7.87374e-07
-6.49233e-09
7.86879e-07
-4.85003e-09
7.8654e-07
-3.71171e-09
7.86289e-07
-2.98709e-09
7.86053e-07
-2.46832e-09
7.8582e-07
-2.34346e-09
7.85556e-07
-2.15246e-09
-2.45995e-09
1.02488e-06
7.25217e-08
1.03991e-06
6.07674e-08
1.0525e-06
4.6463e-08
1.0627e-06
3.00873e-08
1.07019e-06
1.16027e-08
1.07354e-06
-9.07127e-09
1.0728e-06
-3.14867e-08
1.06791e-06
-5.44763e-08
1.05731e-06
-7.59553e-08
1.04228e-06
-9.49908e-08
1.02615e-06
-1.10642e-07
1.00805e-06
-1.20988e-07
9.86739e-07
-1.26091e-07
9.66014e-07
-1.27732e-07
9.48733e-07
-1.25977e-07
9.32085e-07
-1.19926e-07
9.13485e-07
-1.10675e-07
8.95124e-07
-1.00341e-07
8.8047e-07
-9.03505e-08
8.69993e-07
-8.05109e-08
8.61064e-07
-7.07306e-08
8.51266e-07
-6.0833e-08
8.40095e-07
-5.20056e-08
8.28674e-07
-4.44622e-08
8.18593e-07
-3.831e-08
8.10693e-07
-3.24733e-08
8.04893e-07
-2.70188e-08
8.00728e-07
-2.16936e-08
7.97627e-07
-1.70731e-08
7.95242e-07
-1.29696e-08
7.93307e-07
-9.71926e-09
7.91725e-07
-7.08074e-09
7.9039e-07
-5.15737e-09
7.89281e-07
-3.74118e-09
7.88334e-07
-2.76448e-09
7.87535e-07
-2.18817e-09
7.86842e-07
-1.77525e-09
7.86238e-07
-1.73975e-09
7.85702e-07
-1.61664e-09
-1.98134e-09
1.01838e-06
5.75978e-08
1.03179e-06
4.73614e-08
1.04311e-06
3.51403e-08
1.05205e-06
2.11467e-08
1.05826e-06
5.38808e-09
1.06134e-06
-1.21491e-08
1.06057e-06
-3.07176e-08
1.05554e-06
-4.94426e-08
1.04704e-06
-6.74518e-08
1.03521e-06
-8.31616e-08
1.01999e-06
-9.54241e-08
1.0033e-06
-1.04298e-07
9.86779e-07
-1.09571e-07
9.69553e-07
-1.10506e-07
9.51117e-07
-1.07541e-07
9.3335e-07
-1.02159e-07
9.17909e-07
-9.52345e-08
9.04064e-07
-8.64959e-08
8.90282e-07
-7.65685e-08
8.76148e-07
-6.63768e-08
8.62522e-07
-5.71051e-08
8.50655e-07
-4.89657e-08
8.4077e-07
-4.21199e-08
8.32356e-07
-3.60487e-08
8.246e-07
-3.05534e-08
8.17324e-07
-2.51981e-08
8.10678e-07
-2.03728e-08
8.04925e-07
-1.59402e-08
8.00164e-07
-1.23122e-08
7.96416e-07
-9.22104e-09
7.93543e-07
-6.84641e-09
7.91409e-07
-4.94702e-09
7.89817e-07
-3.56493e-09
7.88645e-07
-2.56933e-09
7.87743e-07
-1.86306e-09
7.87047e-07
-1.49212e-09
7.8646e-07
-1.1881e-09
7.85957e-07
-1.23694e-09
7.85476e-07
-1.13563e-09
-1.49281e-09
1.0126e-06
4.4082e-08
1.02472e-06
3.52383e-08
1.03495e-06
2.49143e-08
1.04298e-06
1.31171e-08
1.04846e-06
-9.77187e-11
1.05085e-06
-1.45378e-08
1.05009e-06
-2.99601e-08
1.046e-06
-4.53493e-08
1.0384e-06
-5.98534e-08
1.02793e-06
-7.26926e-08
1.01557e-06
-8.30645e-08
1.00144e-06
-9.01693e-08
9.85682e-07
-9.38087e-08
9.69504e-07
-9.4328e-08
9.5393e-07
-9.19666e-08
9.38577e-07
-8.68058e-08
9.2288e-07
-7.95373e-08
9.07313e-07
-7.09289e-08
8.92763e-07
-6.20181e-08
8.79648e-07
-5.32627e-08
8.67787e-07
-4.52437e-08
8.56619e-07
-3.77982e-08
8.45816e-07
-3.1317e-08
8.35466e-07
-2.56987e-08
8.25963e-07
-2.10496e-08
8.17793e-07
-1.70283e-08
8.11053e-07
-1.36332e-08
8.05668e-07
-1.05551e-08
8.01368e-07
-8.01149e-09
7.97958e-07
-5.81199e-09
7.95214e-07
-4.10166e-09
7.93024e-07
-2.75708e-09
7.91244e-07
-1.78544e-09
7.89812e-07
-1.13712e-09
7.88627e-07
-6.78171e-10
7.87653e-07
-5.17743e-10
7.86825e-07
-3.60154e-10
7.86113e-07
-5.24704e-10
7.85479e-07
-5.02195e-10
-9.16294e-10
1.00761e-06
3.16156e-08
1.01871e-06
2.41441e-08
1.02807e-06
1.55543e-08
1.03531e-06
5.87278e-09
1.04007e-06
-4.85898e-09
1.04224e-06
-1.67086e-08
1.0415e-06
-2.92121e-08
1.03775e-06
-4.1599e-08
1.03128e-06
-5.33886e-08
1.02236e-06
-6.37678e-08
1.01115e-06
-7.18575e-08
9.98338e-07
-7.73593e-08
9.84745e-07
-8.02153e-08
9.70472e-07
-8.00547e-08
9.55421e-07
-7.69155e-08
9.40019e-07
-7.14038e-08
9.24964e-07
-6.44825e-08
9.10542e-07
-5.65067e-08
8.96551e-07
-4.80276e-08
8.82893e-07
-3.96048e-08
8.69674e-07
-3.20242e-08
8.57317e-07
-2.54416e-08
8.46118e-07
-2.01181e-08
8.36156e-07
-1.57362e-08
8.27393e-07
-1.22866e-08
8.19699e-07
-9.33414e-09
8.12958e-07
-6.8924e-09
8.07184e-07
-4.78104e-09
8.02335e-07
-3.16249e-09
7.98389e-07
-1.86637e-09
7.95221e-07
-9.33131e-10
7.92728e-07
-2.64999e-10
7.90768e-07
1.74589e-10
7.89273e-07
3.58701e-10
7.88092e-07
5.02333e-10
7.87164e-07
4.10195e-10
7.86391e-07
4.12876e-10
7.85738e-07
1.28044e-10
7.8514e-07
9.63645e-11
-3.45998e-10
1.0027e-06
1.99851e-08
1.01296e-06
1.38886e-08
1.02152e-06
6.99546e-09
1.02811e-06
-7.21492e-10
1.03234e-06
-9.08634e-09
1.03409e-06
-1.84548e-08
1.03324e-06
-2.83623e-08
1.02975e-06
-3.81084e-08
1.02366e-06
-4.73021e-08
1.01528e-06
-5.53921e-08
1.00506e-06
-6.16377e-08
9.93271e-07
-6.5567e-08
9.80082e-07
-6.70256e-08
9.65896e-07
-6.58693e-08
9.51221e-07
-6.22401e-08
9.36359e-07
-5.65415e-08
9.21326e-07
-4.94503e-08
9.0631e-07
-4.149e-08
8.91636e-07
-3.33542e-08
8.77676e-07
-2.56445e-08
8.64697e-07
-1.9045e-08
8.52794e-07
-1.35387e-08
8.41894e-07
-9.21809e-09
8.32012e-07
-5.85399e-09
8.23142e-07
-3.41672e-09
8.1544e-07
-1.63198e-09
8.0896e-07
-4.12573e-10
8.03657e-07
5.21726e-10
7.99335e-07
1.15922e-09
7.95878e-07
1.59061e-09
7.93106e-07
1.83914e-09
7.90925e-07
1.91635e-09
7.89176e-07
1.92314e-09
7.87776e-07
1.75867e-09
7.86629e-07
1.64907e-09
7.85706e-07
1.33336e-09
7.84925e-07
1.19385e-09
7.8427e-07
7.82904e-10
7.83683e-07
6.83703e-10
2.04267e-10
9.93189e-07
8.90405e-09
1.00266e-06
4.41709e-09
1.01022e-06
-5.65975e-10
1.01573e-06
-6.23188e-09
1.01894e-06
-1.22973e-08
1.0196e-06
-1.91093e-08
1.01755e-06
-2.63109e-08
1.01277e-06
-3.33304e-08
1.00542e-06
-3.99485e-08
9.95709e-07
-4.56859e-08
9.83877e-07
-4.98059e-08
9.70204e-07
-5.18935e-08
9.552e-07
-5.20219e-08
9.39284e-07
-4.99533e-08
9.22763e-07
-4.57191e-08
9.0608e-07
-3.98581e-08
8.89704e-07
-3.30746e-08
8.74082e-07
-2.58677e-08
8.59508e-07
-1.87802e-08
8.46203e-07
-1.23403e-08
8.34187e-07
-7.02823e-09
8.23536e-07
-2.888e-09
8.14269e-07
4.85746e-11
8.06301e-07
2.11475e-09
7.9957e-07
3.31341e-09
7.9397e-07
3.96849e-09
7.89291e-07
4.26662e-09
7.85462e-07
4.34994e-09
7.82383e-07
4.23847e-09
7.79964e-07
4.00978e-09
7.78085e-07
3.71814e-09
7.76658e-07
3.34341e-09
7.75575e-07
3.00635e-09
7.74761e-07
2.57239e-09
7.74145e-07
2.26526e-09
7.73659e-07
1.81944e-09
7.73265e-07
1.5881e-09
7.72906e-07
1.14169e-09
7.72578e-07
1.01174e-09
5.70314e-10
9.45778e-07
-3.16151e-10
9.52812e-07
-2.61636e-09
9.57491e-07
-5.24494e-09
9.59478e-07
-8.21953e-09
9.5867e-07
-1.14891e-08
9.54677e-07
-1.51167e-08
9.47258e-07
-1.88915e-08
9.36478e-07
-2.25503e-08
9.22475e-07
-2.59457e-08
9.05515e-07
-2.87261e-08
8.86166e-07
-3.0457e-08
8.65174e-07
-3.09016e-08
8.4312e-07
-2.99672e-08
8.20779e-07
-2.76129e-08
7.99093e-07
-2.40332e-08
7.78842e-07
-1.96063e-08
7.60532e-07
-1.47648e-08
7.4459e-07
-9.9259e-09
7.31315e-07
-5.50523e-09
7.20798e-07
-1.82369e-09
7.12842e-07
9.28248e-10
7.07106e-07
2.84819e-09
7.03084e-07
4.07033e-09
7.00463e-07
4.73569e-09
6.98821e-07
4.95537e-09
6.97891e-07
4.89839e-09
6.97511e-07
4.64722e-09
6.97565e-07
4.29549e-09
6.97908e-07
3.89587e-09
6.98436e-07
3.4815e-09
6.99068e-07
3.08595e-09
6.99726e-07
2.68593e-09
7.00387e-07
2.34495e-09
7.0098e-07
1.97958e-09
7.01533e-07
1.71153e-09
7.01972e-07
1.38088e-09
7.02366e-07
1.19427e-09
7.0262e-07
8.87258e-10
7.02843e-07
7.88733e-10
4.95237e-10
6.66464e-07
6.63847e-07
6.58602e-07
6.50383e-07
6.38894e-07
6.23777e-07
6.04886e-07
5.82335e-07
5.5639e-07
5.27664e-07
4.97207e-07
4.66305e-07
4.36338e-07
4.08725e-07
3.84692e-07
3.65085e-07
3.50321e-07
3.40395e-07
3.34889e-07
3.33066e-07
3.33994e-07
3.36842e-07
3.40913e-07
3.45648e-07
3.50604e-07
3.55502e-07
3.60149e-07
3.64445e-07
3.68341e-07
3.71822e-07
3.74908e-07
3.77594e-07
3.79939e-07
3.81919e-07
3.8363e-07
3.85011e-07
3.86205e-07
3.87092e-07
3.87881e-07
)
;

boundaryField
{
    inlet
    {
        type            calculated;
        value           nonuniform List<scalar> 
20
(
-1e-06
-1e-06
-1e-06
-1e-06
-1e-06
-1e-06
-1e-06
-1e-06
-1e-06
-1e-06
-1e-06
-1e-06
-1e-06
-1e-06
-1e-06
-1e-06
-1e-06
-1e-06
-1e-06
-1e-06
)
;
    }
    outlet
    {
        type            calculated;
        value           nonuniform List<scalar> 
27
(
7.87547e-07
7.87257e-07
7.87188e-07
7.86738e-07
7.86822e-07
7.86218e-07
7.86391e-07
7.85794e-07
7.85961e-07
7.85479e-07
7.85568e-07
7.85229e-07
7.85223e-07
7.84988e-07
7.84903e-07
7.8457e-07
7.83133e-07
7.72212e-07
7.02918e-07
3.88376e-07
3.66937e-07
6.70826e-07
7.39346e-07
7.49447e-07
7.50405e-07
7.50354e-07
7.50171e-07
)
;
    }
    lowerWall
    {
        type            calculated;
        value           uniform 0;
    }
    upperWall
    {
        type            calculated;
        value           uniform 0;
    }
    defaultFaces
    {
        type            empty;
        value           nonuniform List<scalar> 0();
    }
}


// ************************************************************************* //
