/*--------------------------------*- C++ -*----------------------------------*\
| =========                 |                                                 |
| \\      /  F ield         | OpenFOAM: The Open Source CFD Toolbox           |
|  \\    /   O peration     | Version:  2112                                  |
|   \\  /    A nd           | Website:  www.openfoam.com                      |
|    \\/     M anipulation  |                                                 |
\*---------------------------------------------------------------------------*/
FoamFile
{
    version     2.0;
    format      ascii;
    arch        "LSB;label=32;scalar=64";
    class       volVectorField;
    location    "0.25";
    object      U;
}
// * * * * * * * * * * * * * * * * * * * * * * * * * * * * * * * * * * * * * //

dimensions      [0 1 -1 0 0 0 0];

internalField   nonuniform List<vector> 
1880
(
(0.099013 0.000609729 0)
(0.0984401 0.00114826 0)
(0.0973702 0.00131889 0)
(0.095864 0.00130731 0)
(0.0941298 0.0013428 0)
(0.0925069 0.00137578 0)
(0.0905388 0.00146343 0)
(0.0889551 0.00138296 0)
(0.0869889 0.0014152 0)
(0.0854322 0.00136572 0)
(0.0832606 0.00146119 0)
(0.0818178 0.00138489 0)
(0.0794335 0.00140887 0)
(0.0779402 0.00128517 0)
(0.0755509 0.00130493 0)
(0.0742213 0.00140625 0)
(0.0715652 0.00144336 0)
(0.0700386 0.00159464 0)
(0.067085 0.00117055 0)
(0.0657259 0.00148998 0)
(0.0627749 0.000497991 0)
(0.0619555 0.00171755 0)
(0.0585132 -0.000210613 0)
(0.0588363 0.0025887 0)
(0.0532432 -0.000458067 0)
(0.0552705 0.00336497 0)
(0.0460935 0.00095316 0)
(0.048772 0.00322561 0)
(0.03575 0.00407889 0)
(0.0373204 0.00577674 0)
(0.0999665 0.000710721 0)
(0.100351 0.00139363 0)
(0.100616 0.00168141 0)
(0.101052 0.00171998 0)
(0.100983 0.00185794 0)
(0.101473 0.0018576 0)
(0.100866 0.0021476 0)
(0.1016 0.00198411 0)
(0.100574 0.00231224 0)
(0.10153 0.00199276 0)
(0.099964 0.00245458 0)
(0.101336 0.00211788 0)
(0.0994435 0.00266841 0)
(0.100629 0.00226636 0)
(0.098511 0.00266428 0)
(0.0996441 0.00225267 0)
(0.0976483 0.00300259 0)
(0.0982545 0.00244421 0)
(0.0968813 0.00350898 0)
(0.0958795 0.00237146 0)
(0.0963163 0.00359259 0)
(0.0923467 0.00219067 0)
(0.0950893 0.00363541 0)
(0.0888658 0.00230582 0)
(0.0916783 0.00443466 0)
(0.0857562 0.00357327 0)
(0.0861167 0.00551774 0)
(0.0804118 0.00765771 0)
(0.0795386 0.00774984 0)
(0.0697766 0.0119785 0)
(0.099975 0.00025329 0)
(0.100237 0.000668335 0)
(0.100484 0.000975097 0)
(0.100883 0.00114503 0)
(0.10102 0.00129337 0)
(0.101509 0.00135559 0)
(0.101269 0.00159068 0)
(0.101936 0.00151754 0)
(0.101545 0.00187334 0)
(0.102256 0.00161392 0)
(0.101578 0.00216249 0)
(0.102459 0.0017499 0)
(0.102021 0.00237897 0)
(0.102205 0.00209063 0)
(0.102282 0.00238582 0)
(0.101654 0.00248117 0)
(0.102582 0.00263701 0)
(0.101052 0.0027402 0)
(0.102406 0.00335328 0)
(0.100554 0.00249045 0)
(0.101669 0.00398191 0)
(0.0995462 0.00280451 0)
(0.100026 0.00400164 0)
(0.0977666 0.00457253 0)
(0.0972679 0.0045869 0)
(0.0954791 0.00635114 0)
(0.0937781 0.0087845 0)
(0.0914216 0.00705752 0)
(0.0914006 0.0161365 0)
(0.0854966 0.0130377 0)
(0.0999735 0.000235448 0)
(0.100137 0.000627828 0)
(0.10025 0.000971236 0)
(0.100535 0.00115873 0)
(0.100641 0.00136136 0)
(0.101094 0.00139517 0)
(0.100881 0.00165605 0)
(0.101508 0.00155227 0)
(0.1012 0.00198812 0)
(0.101901 0.00164974 0)
(0.101192 0.00234529 0)
(0.102285 0.00168563 0)
(0.101558 0.00273155 0)
(0.102367 0.00188939 0)
(0.101709 0.00306336 0)
(0.10213 0.00218065 0)
(0.10217 0.00332935 0)
(0.101634 0.002621 0)
(0.102418 0.00375373 0)
(0.101156 0.00317598 0)
(0.102093 0.00431012 0)
(0.100596 0.0039889 0)
(0.100712 0.00508836 0)
(0.0994313 0.00536413 0)
(0.0990492 0.00654567 0)
(0.097125 0.00735973 0)
(0.0974615 0.00981058 0)
(0.0948221 0.0101627 0)
(0.0946469 0.0146925 0)
(0.0938794 0.0166449 0)
(0.0999727 0.000148741 0)
(0.100096 0.000410847 0)
(0.100157 0.000665108 0)
(0.100376 0.000843617 0)
(0.100468 0.00102819 0)
(0.10088 0.0010974 0)
(0.100704 0.00130647 0)
(0.101234 0.00128358 0)
(0.10109 0.00161182 0)
(0.101573 0.00146335 0)
(0.101177 0.00191872 0)
(0.10184 0.00164934 0)
(0.101644 0.00217949 0)
(0.101911 0.00204832 0)
(0.101807 0.00244936 0)
(0.101907 0.00249793 0)
(0.102053 0.00287022 0)
(0.101839 0.00271844 0)
(0.101925 0.00381855 0)
(0.101701 0.0028439 0)
(0.101644 0.00499327 0)
(0.101237 0.00372395 0)
(0.100958 0.00590714 0)
(0.100346 0.00563605 0)
(0.0998037 0.00756456 0)
(0.0992765 0.00753094 0)
(0.09836 0.0114049 0)
(0.0982994 0.0100816 0)
(0.0970025 0.0160837 0)
(0.0976074 0.015897 0)
(0.0999714 0.00012466 0)
(0.100084 0.000351116 0)
(0.100115 0.000579341 0)
(0.1003 0.000759158 0)
(0.100358 0.000945378 0)
(0.100758 0.0010332 0)
(0.10056 0.00122922 0)
(0.101087 0.0012334 0)
(0.100947 0.00154361 0)
(0.101447 0.00141669 0)
(0.101038 0.00188723 0)
(0.101721 0.00158609 0)
(0.10153 0.00223494 0)
(0.101803 0.00193421 0)
(0.101788 0.00260074 0)
(0.101747 0.00244324 0)
(0.102244 0.00293012 0)
(0.101622 0.00300285 0)
(0.102247 0.00354116 0)
(0.101651 0.00361993 0)
(0.101859 0.00466372 0)
(0.101758 0.00454218 0)
(0.101189 0.00613568 0)
(0.101299 0.00620414 0)
(0.100808 0.00794853 0)
(0.100366 0.00854439 0)
(0.100362 0.011057 0)
(0.100058 0.0114113 0)
(0.0997047 0.0153271 0)
(0.100333 0.0164318 0)
(0.0999713 9.51331e-05 0)
(0.100073 0.000275055 0)
(0.100088 0.000447478 0)
(0.100244 0.00060667 0)
(0.100292 0.000754301 0)
(0.100663 0.000860909 0)
(0.100485 0.00100089 0)
(0.100963 0.00107471 0)
(0.100905 0.00127632 0)
(0.101315 0.0013088 0)
(0.101049 0.00156286 0)
(0.101579 0.001568 0)
(0.101567 0.0018548 0)
(0.101737 0.00198211 0)
(0.101793 0.00225441 0)
(0.101874 0.0024548 0)
(0.102167 0.00281565 0)
(0.10196 0.00282145 0)
(0.102213 0.00374297 0)
(0.102026 0.00331838 0)
(0.102168 0.0049657 0)
(0.102135 0.00447447 0)
(0.101902 0.00629415 0)
(0.102098 0.00634799 0)
(0.101714 0.00822002 0)
(0.101882 0.00844535 0)
(0.101775 0.0113581 0)
(0.101961 0.0112043 0)
(0.101991 0.0151139 0)
(0.102827 0.0156329 0)
(0.0999717 7.36867e-05 0)
(0.100067 0.00022027 0)
(0.100077 0.000354698 0)
(0.100218 0.00049771 0)
(0.100262 0.000621099 0)
(0.100618 0.000736373 0)
(0.10045 0.000849205 0)
(0.100908 0.000951224 0)
(0.100885 0.00111625 0)
(0.101271 0.00119653 0)
(0.101068 0.00140095 0)
(0.10154 0.00146992 0)
(0.101645 0.00170134 0)
(0.101707 0.0019046 0)
(0.101965 0.00209621 0)
(0.101866 0.00246173 0)
(0.10244 0.00258761 0)
(0.102067 0.00302161 0)
(0.102506 0.00338554 0)
(0.102381 0.00366127 0)
(0.102502 0.00465732 0)
(0.102739 0.00470366 0)
(0.102568 0.00621107 0)
(0.102809 0.00646309 0)
(0.102924 0.00801793 0)
(0.102929 0.00872899 0)
(0.10332 0.010717 0)
(0.103652 0.0113804 0)
(0.103961 0.0141266 0)
(0.104873 0.0152265 0)
(0.0999729 5.43228e-05 0)
(0.100063 0.000169844 0)
(0.100075 0.000266662 0)
(0.100202 0.000390234 0)
(0.100256 0.000481111 0)
(0.100589 0.000600362 0)
(0.10045 0.000672592 0)
(0.100876 0.000807069 0)
(0.100907 0.000906846 0)
(0.101254 0.00106814 0)
(0.101122 0.00116182 0)
(0.101559 0.00136383 0)
(0.10172 0.00145083 0)
(0.101803 0.00178713 0)
(0.102049 0.00189977 0)
(0.102083 0.00227968 0)
(0.102561 0.00252026 0)
(0.102403 0.00277 0)
(0.102751 0.00337716 0)
(0.10278 0.00345867 0)
(0.102991 0.00452562 0)
(0.103256 0.00464951 0)
(0.103282 0.00594253 0)
(0.103652 0.0063669 0)
(0.103845 0.00778983 0)
(0.104138 0.00839258 0)
(0.104659 0.0103301 0)
(0.105128 0.01089 0)
(0.10573 0.0133153 0)
(0.106737 0.0142112 0)
(0.0999745 3.6173e-05 0)
(0.10006 0.000120201 0)
(0.100079 0.00018233 0)
(0.100196 0.000282145 0)
(0.100265 0.000345023 0)
(0.100582 0.000457392 0)
(0.100474 0.000503283 0)
(0.100875 0.000645408 0)
(0.100955 0.000712029 0)
(0.101272 0.000905974 0)
(0.101208 0.00095058 0)
(0.101608 0.00120862 0)
(0.101852 0.00122339 0)
(0.1019 0.00163911 0)
(0.102234 0.00166057 0)
(0.102264 0.00216178 0)
(0.102805 0.00226034 0)
(0.102719 0.00271033 0)
(0.103056 0.00307123 0)
(0.103237 0.00341908 0)
(0.103464 0.0041974 0)
(0.103806 0.00454051 0)
(0.104048 0.00558729 0)
(0.104342 0.0061949 0)
(0.104862 0.0072687 0)
(0.105182 0.00816325 0)
(0.105847 0.00954901 0)
(0.106507 0.0104171 0)
(0.107262 0.0122067 0)
(0.108282 0.0133128 0)
(0.0999763 1.81927e-05 0)
(0.100058 6.95852e-05 0)
(0.100089 9.77213e-05 0)
(0.100198 0.000171023 0)
(0.100289 0.000205816 0)
(0.100592 0.000306052 0)
(0.10052 0.000326456 0)
(0.100899 0.000468838 0)
(0.101029 0.000504238 0)
(0.101325 0.000719094 0)
(0.101313 0.000723487 0)
(0.101707 0.00101171 0)
(0.101988 0.000988428 0)
(0.10207 0.00141037 0)
(0.102402 0.00144427 0)
(0.102529 0.00189402 0)
(0.103039 0.00207037 0)
(0.103082 0.00243416 0)
(0.103402 0.00283573 0)
(0.103682 0.00317614 0)
(0.103977 0.0038396 0)
(0.104373 0.0042941 0)
(0.104722 0.00514165 0)
(0.105115 0.00580878 0)
(0.105711 0.00678063 0)
(0.106174 0.00757462 0)
(0.106931 0.00883788 0)
(0.1077 0.00964753 0)
(0.108565 0.0111452 0)
(0.109661 0.01212 0)
(0.0999783 -4.56441e-07 0)
(0.100058 1.59881e-05 0)
(0.100102 1.0429e-05 0)
(0.100207 5.443e-05 0)
(0.100325 6.53465e-05 0)
(0.100618 0.000149301 0)
(0.100585 0.000153301 0)
(0.100945 0.000286624 0)
(0.101126 0.000305679 0)
(0.101402 0.000522918 0)
(0.101444 0.000507172 0)
(0.101829 0.000804629 0)
(0.102157 0.00075455 0)
(0.102259 0.00118375 0)
(0.102612 0.00119232 0)
(0.102804 0.00165894 0)
(0.103312 0.00179697 0)
(0.103456 0.00220786 0)
(0.103773 0.00251391 0)
(0.104137 0.00293341 0)
(0.104502 0.0034458 0)
(0.104917 0.00398097 0)
(0.105412 0.00464795 0)
(0.105813 0.00539228 0)
(0.106521 0.00614049 0)
(0.10709 0.00699891 0)
(0.107877 0.00798271 0)
(0.108752 0.00883301 0)
(0.109713 0.00997659 0)
(0.11081 0.0109626 0)
(0.0999803 -2.15693e-05 0)
(0.10006 -4.61637e-05 0)
(0.100122 -9.02925e-05 0)
(0.10023 -8.37517e-05 0)
(0.100379 -0.000101089 0)
(0.100669 -4.33262e-05 0)
(0.100677 -5.8812e-05 0)
(0.101025 5.24836e-05 0)
(0.101252 5.55453e-05 0)
(0.101514 0.000256363 0)
(0.1016 0.000231053 0)
(0.101992 0.000510185 0)
(0.10235 0.000459825 0)
(0.102489 0.000850266 0)
(0.102843 0.000879515 0)
(0.103112 0.00129811 0)
(0.103612 0.00146311 0)
(0.103845 0.00184356 0)
(0.104175 0.00212284 0)
(0.104601 0.00255129 0)
(0.10502 0.00296846 0)
(0.10548 0.00352094 0)
(0.10603 0.00408967 0)
(0.106503 0.00478806 0)
(0.107244 0.00547911 0)
(0.107897 0.00623291 0)
(0.108723 0.00710027 0)
(0.10966 0.00787837 0)
(0.110666 0.00881577 0)
(0.111801 0.00967672 0)
(0.0999821 -4.48833e-05 0)
(0.100063 -0.000112675 0)
(0.100143 -0.000194136 0)
(0.100258 -0.000219819 0)
(0.100441 -0.00025495 0)
(0.100732 -0.000214701 0)
(0.100783 -0.000237711 0)
(0.101124 -0.000142316 0)
(0.101396 -0.000142631 0)
(0.101649 3.98457e-05 0)
(0.101779 1.73923e-05 0)
(0.102182 0.000276094 0)
(0.102571 0.000232981 0)
(0.102746 0.000585519 0)
(0.103107 0.000619872 0)
(0.103444 0.00100716 0)
(0.103944 0.00116713 0)
(0.104251 0.0015389 0)
(0.104606 0.00177501 0)
(0.105076 0.00221066 0)
(0.105559 0.00254763 0)
(0.106043 0.00309835 0)
(0.106648 0.00356211 0)
(0.107169 0.00423522 0)
(0.107924 0.00480194 0)
(0.108646 0.00550438 0)
(0.109481 0.0062082 0)
(0.110446 0.00692436 0)
(0.111501 0.00765089 0)
(0.11263 0.00842617 0)
(0.0999843 -7.91687e-05 0)
(0.100075 -0.000212727 0)
(0.100186 -0.000351941 0)
(0.100323 -0.000426751 0)
(0.100549 -0.000489803 0)
(0.100849 -0.000479661 0)
(0.100944 -0.00051591 0)
(0.101285 -0.000447584 0)
(0.101591 -0.00045642 0)
(0.101837 -0.000310273 0)
(0.102007 -0.000330447 0)
(0.102427 -0.000109587 0)
(0.102838 -0.000146408 0)
(0.103043 0.000145724 0)
(0.103405 0.000190778 0)
(0.103801 0.0005337 0)
(0.104308 0.000698793 0)
(0.104679 0.00103935 0)
(0.105071 0.00124694 0)
(0.105581 0.00165702 0)
(0.106107 0.00194666 0)
(0.106616 0.00246011 0)
(0.10723 0.00288225 0)
(0.107784 0.00348813 0)
(0.108531 0.0040109 0)
(0.109279 0.0046339 0)
(0.110123 0.00523741 0)
(0.111098 0.00587718 0)
(0.112167 0.00646361 0)
(0.113306 0.00711592 0)
(0.099986 -0.000107757 0)
(0.100088 -0.000289981 0)
(0.100235 -0.000461995 0)
(0.100408 -0.000557272 0)
(0.100682 -0.000622678 0)
(0.100999 -0.000627223 0)
(0.101141 -0.000666885 0)
(0.101486 -0.000621356 0)
(0.101821 -0.000635868 0)
(0.102063 -0.000523816 0)
(0.102275 -0.000538216 0)
(0.102714 -0.000348942 0)
(0.103147 -0.000377279 0)
(0.103388 -0.000133158 0)
(0.103766 -7.70215e-05 0)
(0.104212 0.000227095 0)
(0.104727 0.000385045 0)
(0.105145 0.000694528 0)
(0.105585 0.000889402 0)
(0.106134 0.00128819 0)
(0.106714 0.00155809 0)
(0.107247 0.00204301 0)
(0.107869 0.00241471 0)
(0.108439 0.00295202 0)
(0.109164 0.00338737 0)
(0.109906 0.00391318 0)
(0.110744 0.00438487 0)
(0.111682 0.00491483 0)
(0.112761 0.0053506 0)
(0.113873 0.00587803 0)
(0.0999885 -0.000200284 0)
(0.100128 -0.000534817 0)
(0.100339 -0.000799052 0)
(0.10057 -0.000936489 0)
(0.100888 -0.00101029 0)
(0.101218 -0.00103471 0)
(0.101401 -0.00108247 0)
(0.101754 -0.00106359 0)
(0.102106 -0.0010805 0)
(0.102347 -0.00099783 0)
(0.102603 -0.000996232 0)
(0.10307 -0.000846321 0)
(0.103525 -0.00087152 0)
(0.103795 -0.000680085 0)
(0.104172 -0.000607648 0)
(0.104642 -0.000338216 0)
(0.105171 -0.000203939 0)
(0.105647 4.35227e-05 0)
(0.106171 0.000194884 0)
(0.106758 0.000546822 0)
(0.107381 0.000802208 0)
(0.10789 0.00125802 0)
(0.108486 0.00162748 0)
(0.108998 0.00212341 0)
(0.109688 0.00253075 0)
(0.11036 0.00299711 0)
(0.111204 0.00339249 0)
(0.112081 0.00384037 0)
(0.113186 0.00417836 0)
(0.114254 0.00459138 0)
(0.0999899 -0.000229366 0)
(0.10023 -0.000597121 0)
(0.100581 -0.000852109 0)
(0.100925 -0.000978525 0)
(0.101298 -0.00103802 0)
(0.101644 -0.00108946 0)
(0.101854 -0.00115629 0)
(0.102205 -0.00116283 0)
(0.102545 -0.00117108 0)
(0.102792 -0.00113329 0)
(0.103055 -0.00114156 0)
(0.103522 -0.00105192 0)
(0.103936 -0.00106887 0)
(0.104221 -0.000907212 0)
(0.104575 -0.000824098 0)
(0.105034 -0.000624822 0)
(0.105515 -0.000557607 0)
(0.105978 -0.000381273 0)
(0.106535 -0.000206129 0)
(0.107132 0.000179819 0)
(0.107812 0.000512403 0)
(0.108317 0.00098906 0)
(0.108942 0.00136007 0)
(0.109413 0.00178689 0)
(0.110114 0.00210418 0)
(0.110707 0.00243121 0)
(0.111581 0.00268041 0)
(0.112367 0.00297064 0)
(0.113511 0.0031583 0)
(0.114505 0.0034276 0)
(0.0999901 -0.000690344 0)
(0.100329 -0.00135576 0)
(0.10074 -0.00158374 0)
(0.101063 -0.00162688 0)
(0.101337 -0.00165406 0)
(0.101557 -0.00172043 0)
(0.101614 -0.00179972 0)
(0.10179 -0.00180213 0)
(0.101881 -0.0017723 0)
(0.101951 -0.00172204 0)
(0.101959 -0.00170306 0)
(0.102242 -0.00167567 0)
(0.10227 -0.00169511 0)
(0.102346 -0.00155776 0)
(0.102309 -0.00140313 0)
(0.102601 -0.00123196 0)
(0.102736 -0.00119233 0)
(0.103082 -0.00112799 0)
(0.103297 -0.00100615 0)
(0.103744 -0.000715345 0)
(0.104083 -0.000401434 0)
(0.104574 4.90262e-05 0)
(0.105069 0.000448696 0)
(0.105769 0.000865731 0)
(0.106515 0.0011827 0)
(0.107448 0.00146682 0)
(0.108426 0.00166141 0)
(0.109578 0.00186298 0)
(0.110783 0.0019698 0)
(0.112131 0.00212304 0)
(0.0990214 -0.000602814 0)
(0.098454 -0.00114115 0)
(0.0974539 -0.00128918 0)
(0.0959675 -0.00128004 0)
(0.0943853 -0.00128288 0)
(0.0927957 -0.00133187 0)
(0.0911037 -0.00136402 0)
(0.0895337 -0.00131413 0)
(0.0880126 -0.00126607 0)
(0.0864669 -0.00125174 0)
(0.0849394 -0.00124462 0)
(0.0835573 -0.0012054 0)
(0.0820369 -0.00113418 0)
(0.0806538 -0.00101219 0)
(0.079368 -0.000929122 0)
(0.0783726 -0.000931976 0)
(0.0771904 -0.000975754 0)
(0.0761715 -0.000928332 0)
(0.0750595 -0.000760154 0)
(0.07441 -0.000517358 0)
(0.073799 -0.000248922 0)
(0.0737838 1.68068e-05 0)
(0.0738269 0.00021969 0)
(0.0744545 0.000386525 0)
(0.0750366 0.000482333 0)
(0.0761181 0.000556271 0)
(0.0770144 0.000602189 0)
(0.0783891 0.000646529 0)
(0.0794682 0.000665834 0)
(0.0810538 0.000691759 0)
(0.0178759 0.00281997 0)
(0.0578852 0.0225092 0)
(0.0396141 0.0201226 0)
(0.0726471 0.0296972 8.49376e-22)
(0.0553944 0.0225495 6.90794e-22)
(0.0857755 0.034162 0)
(0.0739619 0.0348338 2.67759e-22)
(0.102806 0.048413 -3.96783e-23)
(0.0927869 0.040617 7.57617e-22)
(0.120148 0.0392921 0)
(0.0715165 0.0186335 0)
(0.081393 0.0242344 0)
(0.0818827 0.0253064 0)
(0.0936338 0.0369818 0)
(0.098131 0.0406888 0)
(0.104662 0.0448776 1.58367e-22)
(0.10667 0.0379363 4.14826e-23)
(0.115487 0.0456967 -1.09724e-22)
(0.130434 0.0540082 -5.9816e-22)
(0.143458 0.0681155 -5.26539e-22)
(0.0861567 0.0199788 0)
(0.0910063 0.0273435 0)
(0.0937484 0.0355092 0)
(0.0973465 0.0267606 0)
(0.103929 0.0358231 0)
(0.110127 0.0399505 -1.58366e-22)
(0.114991 0.0444121 -4.14827e-23)
(0.118773 0.0389665 1.09726e-22)
(0.125552 0.0357128 3.16001e-22)
(0.142059 0.0413247 5.26637e-22)
(0.092287 0.0209385 -4.00627e-22)
(0.0937114 0.0231874 0)
(0.10067 0.0291937 -3.09469e-22)
(0.104657 0.0304621 -2.48691e-22)
(0.10621 0.0336619 -1.80509e-22)
(0.112017 0.0372024 0)
(0.119215 0.0385819 0)
(0.125839 0.0395731 1.49115e-22)
(0.131271 0.0385166 3.05147e-22)
(0.138695 0.0385718 4.4724e-22)
(0.0967832 0.0215207 4.00629e-22)
(0.0998253 0.022811 0)
(0.102191 0.0289799 3.0947e-22)
(0.107025 0.0267924 2.48692e-22)
(0.109117 0.031253 1.8051e-22)
(0.115047 0.0321239 0)
(0.120765 0.0355177 0)
(0.12605 0.0334392 -1.49114e-22)
(0.132479 0.0311708 -3.05149e-22)
(0.139018 0.0292372 -4.47244e-22)
(0.10019 0.0202064 0)
(0.102514 0.0217743 -2.85343e-22)
(0.105721 0.0254241 0)
(0.109904 0.0258182 -1.82132e-22)
(0.112543 0.0289989 0)
(0.117219 0.0295286 0)
(0.122369 0.031517 0)
(0.128238 0.0307819 -1.59764e-22)
(0.134145 0.0305311 0)
(0.137182 0.0277121 0)
(0.102912 0.0195226 2.84198e-22)
(0.105472 0.0200868 5.38655e-22)
(0.108068 0.0239934 2.10076e-22)
(0.111696 0.0233267 1.82132e-22)
(0.114562 0.026312 0)
(0.118956 0.026589 -2.5287e-23)
(0.123907 0.0280856 0)
(0.128767 0.025733 1.59764e-22)
(0.133261 0.0257059 0)
(0.137676 0.0230992 0)
(0.105501 0.0179926 -2.84199e-22)
(0.107624 0.0188344 -2.53311e-22)
(0.11028 0.021487 -2.10077e-22)
(0.113656 0.0217024 0)
(0.116607 0.0237394 0)
(0.120433 0.0234929 2.52871e-23)
(0.124985 0.0248442 0)
(0.129385 0.0238263 0)
(0.13341 0.0235688 0)
(0.137244 0.0202078 0)
(0.107538 0.0167428 0)
(0.109609 0.0172682 -2.0271e-22)
(0.112081 0.0195523 0)
(0.115114 0.0194244 -1.16984e-22)
(0.118074 0.0212681 0)
(0.12157 0.0211389 0)
(0.125431 0.0219314 7.04829e-23)
(0.129465 0.0198798 1.50341e-22)
(0.133335 0.0199413 0)
(0.136863 0.0175619 3.13326e-22)
(0.109346 0.0151521 0)
(0.111215 0.0157495 2.0271e-22)
(0.11363 0.0174582 0)
(0.116407 0.0176366 1.16984e-22)
(0.119212 0.018809 0)
(0.122425 0.018423 0)
(0.126141 0.01918 -7.0483e-23)
(0.129671 0.0179731 -1.50341e-22)
(0.132778 0.0175645 0)
(0.136007 0.0150009 -3.13326e-22)
(0.110825 0.0136919 9.5667e-23)
(0.112601 0.014179 0)
(0.114852 0.015541 0)
(0.117444 0.0155389 4.52574e-23)
(0.120166 0.0165877 0)
(0.12308 0.0162689 0)
(0.126238 0.0166472 0)
(0.129496 0.0151708 -6.81471e-23)
(0.132572 0.0148762 0)
(0.135418 0.012827 0)
(0.112075 0.0121407 -7.51316e-24)
(0.113748 0.012603 0)
(0.115897 0.0136443 5.99932e-23)
(0.11829 0.0137387 -4.73002e-24)
(0.1208 0.0144087 0)
(0.123539 0.0140329 0)
(0.126524 0.0143147 -3.43586e-23)
(0.12938 0.0132143 6.81472e-23)
(0.132024 0.012716 -9.48135e-23)
(0.134621 0.0108289 -1.26053e-22)
(0.113103 0.0106536 -6.23523e-24)
(0.114706 0.0110255 0)
(0.116706 0.01186 -4.87496e-24)
(0.11895 0.011864 -3.69381e-24)
(0.121344 0.0124036 1.62034e-23)
(0.123859 0.0120661 7.19818e-24)
(0.1265 0.0121548 1.34374e-24)
(0.129125 0.0110858 -6.05713e-23)
(0.131625 0.010612 6.03405e-24)
(0.133955 0.00901233 8.3327e-24)
(0.11395 0.00917145 -8.1919e-23)
(0.115492 0.00949259 0)
(0.117374 0.0101296 -5.51184e-23)
(0.119471 0.0101462 -3.68337e-23)
(0.121696 0.0105026 -1.62034e-23)
(0.124048 0.0101623 -1.46517e-23)
(0.126509 0.0101586 3.30149e-23)
(0.128881 0.00928241 6.05714e-23)
(0.131142 0.0087772 8.87797e-23)
(0.133285 0.00738395 1.1772e-22)
(0.114628 0.00771971 0)
(0.116117 0.00796573 0)
(0.11789 0.00846952 0)
(0.119855 0.00845233 0)
(0.121962 0.00869881 0)
(0.124148 0.00838834 7.45355e-24)
(0.126405 0.00830049 0)
(0.128599 0.00752273 0)
(0.130714 0.00704462 0)
(0.132688 0.00586766 0)
(0.115187 0.00632205 0)
(0.116614 0.00651407 0)
(0.118302 0.00688304 0)
(0.120135 0.00686216 0)
(0.122129 0.00700646 0)
(0.124164 0.00671641 3.35262e-24)
(0.126289 0.00657739 0)
(0.128323 0.00592543 0)
(0.130301 0.00547492 0)
(0.132135 0.00448764 0)
(0.115606 0.00492154 0)
(0.116948 0.00505602 0)
(0.118611 0.00531736 2.20103e-23)
(0.120287 0.00528796 0)
(0.122225 0.00535452 6.32579e-24)
(0.124082 0.00510046 -3.35263e-24)
(0.126121 0.00493201 0)
(0.12798 0.00438312 -2.39114e-23)
(0.129883 0.00397946 0)
(0.131547 0.00317864 0)
(0.115898 0.00362035 0)
(0.117023 0.00369738 0)
(0.118713 0.00384895 -2.20104e-23)
(0.120109 0.00380986 0)
(0.122056 0.00380249 -6.32581e-24)
(0.123592 0.00358008 0)
(0.125629 0.00338595 0)
(0.127142 0.00293566 2.39115e-23)
(0.129032 0.00256853 0)
(0.130302 0.00193959 0)
(0.113539 0.00220186 -8.07587e-24)
(0.11427 0.00222627 -6.79742e-24)
(0.115926 0.00226843 -5.3119e-24)
(0.116789 0.00222849 0)
(0.118668 0.00216445 -1.65678e-24)
(0.119554 0.00200326 0)
(0.121497 0.00181349 2.87521e-24)
(0.122208 0.00150092 0)
(0.123978 0.00119712 8.10317e-24)
(0.124234 0.000779494 1.08767e-23)
(0.0822687 0.00066844 8.07496e-24)
(0.083062 0.000621542 6.79659e-24)
(0.0844062 0.000568307 5.31123e-24)
(0.0851781 0.000502142 0)
(0.086573 0.000412577 1.65654e-24)
(0.0871547 0.000308359 0)
(0.0884085 0.000167272 -2.87476e-24)
(0.0885302 1.74606e-05 0)
(0.0893877 -0.000165714 -8.10172e-24)
(0.0887117 -0.000342415 -1.08747e-23)
(0.00492333 0.002943 0)
(0.00322554 0.00115303 0)
(-0.00584242 0.00619725 0)
(-0.0291174 0.0118661 0)
(-0.0799824 0.0166697 0)
(-0.104609 0.00971521 0)
(-0.123834 0.0068897 0)
(-0.130343 0.00235576 0)
(-0.128001 -0.000794489 0)
(-0.11683 -0.00409689 0)
(-0.098917 -0.00627333 0)
(-0.0753784 -0.00854373 0)
(-0.0483833 -0.00808134 0)
(-0.0237768 -0.00746323 0)
(-0.000111132 -0.00635541 0)
(0.0188421 -0.0048839 0)
(0.0342652 -0.00341218 0)
(0.0456459 -0.00202467 0)
(0.0536271 -0.000849478 0)
(0.0587258 6.34721e-05 0)
(0.0615321 0.000691263 0)
(0.0626103 0.00105297 0)
(0.0625364 0.00121101 0)
(0.0617723 0.00121336 0)
(0.0606366 0.00111331 0)
(0.059348 0.000962956 0)
(0.0580538 0.000795143 0)
(0.0568564 0.000632706 0)
(0.0557905 0.000490732 0)
(0.054892 0.000374814 0)
(0.0541274 0.000284849 0)
(0.0535187 0.00021654 0)
(0.0530007 0.000166639 0)
(0.0526081 0.000128332 0)
(0.0522639 0.000101303 0)
(0.0520155 7.76483e-05 0)
(0.0517946 6.29705e-05 0)
(0.0516329 4.55897e-05 0)
(0.0515144 3.93524e-05 0)
(0.0513834 2.49111e-05 0)
(0.00417693 -0.00945897 0)
(0.00290545 0.00638735 0)
(-0.0155789 0.0180022 0)
(-0.0624191 0.0391191 0)
(-0.0929791 0.0350648 0)
(-0.113014 0.0218017 0)
(-0.124249 0.0126076 0)
(-0.129343 0.00136177 0)
(-0.121959 -0.00898806 0)
(-0.110378 -0.0170554 0)
(-0.0877783 -0.0240327 0)
(-0.0654956 -0.0282179 0)
(-0.03769 -0.0299439 0)
(-0.0122676 -0.0268725 0)
(0.0120045 -0.0239239 0)
(0.0317212 -0.0196041 0)
(0.0480658 -0.0154157 0)
(0.0606631 -0.0115417 0)
(0.0700835 -0.008201 0)
(0.0769631 -0.00544306 0)
(0.0819696 -0.00329287 0)
(0.0856416 -0.00171419 0)
(0.0883667 -0.000613521 0)
(0.0904284 0.000127162 0)
(0.0919507 0.00059201 0)
(0.093072 0.000849962 0)
(0.093808 0.000952824 0)
(0.0942988 0.000952897 0)
(0.0945289 0.000887431 0)
(0.0946563 0.000789519 0)
(0.0946196 0.000682129 0)
(0.0945876 0.000572359 0)
(0.0944514 0.000478403 0)
(0.0943813 0.000387476 0)
(0.0942352 0.000321085 0)
(0.0941767 0.000250324 0)
(0.0940609 0.000209124 0)
(0.0940223 0.000151837 0)
(0.0939559 0.000131574 0)
(0.093923 8.26008e-05 0)
(0.000758046 -0.000982176 0)
(-0.0241758 0.0173651 0)
(-0.04528 0.0514179 0)
(-0.0644657 0.0604139 0)
(-0.0797975 0.0512406 0)
(-0.0919661 0.0339985 0)
(-0.100706 0.018894 0)
(-0.100774 0.00221029 0)
(-0.0941677 -0.0148457 0)
(-0.0786817 -0.0289469 0)
(-0.06245 -0.0394916 0)
(-0.0390725 -0.0461442 0)
(-0.0177928 -0.0474551 0)
(0.00525798 -0.04433 0)
(0.0260486 -0.0388098 0)
(0.0434486 -0.0315359 0)
(0.0577386 -0.0244505 0)
(0.0691064 -0.0179952 0)
(0.0776136 -0.0125798 0)
(0.0833746 -0.00843962 0)
(0.0870899 -0.00555097 0)
(0.0897169 -0.00359861 0)
(0.0918951 -0.00228916 0)
(0.0939566 -0.00138518 0)
(0.0958513 -0.000761077 0)
(0.0975868 -0.00032384 0)
(0.0990273 -2.97179e-05 0)
(0.100253 0.000167065 0)
(0.101154 0.000284776 0)
(0.101892 0.00034547 0)
(0.102357 0.000366059 0)
(0.102754 0.000354139 0)
(0.102947 0.00033244 0)
(0.10316 0.000290483 0)
(0.103216 0.000258233 0)
(0.103345 0.000206631 0)
(0.103345 0.000178824 0)
(0.103442 0.000125631 0)
(0.103427 0.000109297 0)
(0.103512 5.71678e-05 0)
(0.00328891 0.00632446 0)
(-0.0128688 0.039322 0)
(-0.0227867 0.0514415 0)
(-0.034593 0.0646765 0)
(-0.0490284 0.0559999 0)
(-0.0588859 0.0383843 0)
(-0.065384 0.0187991 0)
(-0.0599184 -0.00219173 0)
(-0.0496514 -0.0249109 0)
(-0.0332034 -0.0407994 0)
(-0.0175299 -0.0528561 0)
(-0.00294452 -0.0609627 0)
(0.0141861 -0.0628338 0)
(0.0294948 -0.0588442 0)
(0.0440182 -0.0516377 0)
(0.056521 -0.0426181 0)
(0.0663263 -0.0339263 0)
(0.0746639 -0.0258627 0)
(0.0826318 -0.0182871 0)
(0.0892216 -0.011888 0)
(0.0933117 -0.00749253 0)
(0.09527 -0.00495132 0)
(0.0961802 -0.00356172 0)
(0.0969771 -0.00268042 0)
(0.0979229 -0.00202294 0)
(0.0990671 -0.00146321 0)
(0.100179 -0.000998326 0)
(0.101248 -0.00061342 0)
(0.102088 -0.000321408 0)
(0.102826 -0.000108221 0)
(0.103322 3.40797e-05 0)
(0.103775 0.000119325 0)
(0.104028 0.000167446 0)
(0.104306 0.000176135 0)
(0.104416 0.0001768 0)
(0.104604 0.000146446 0)
(0.104642 0.000131436 0)
(0.104789 8.45732e-05 0)
(0.104794 7.28799e-05 0)
(0.104925 1.82242e-05 0)
(-0.00928261 0.0071801 0)
(-0.00292525 0.0347093 0)
(-0.0118992 0.0601118 0)
(-0.00642583 0.0738985 0)
(-0.0113316 0.06861 0)
(-0.01346 0.047928 0)
(-0.0157845 0.0206604 0)
(-0.00764903 -0.00794517 0)
(0.00399445 -0.0335121 0)
(0.0200969 -0.0508448 0)
(0.0330449 -0.0604297 0)
(0.0436155 -0.0683132 0)
(0.0510441 -0.0709493 0)
(0.0593674 -0.0663154 0)
(0.0662707 -0.0578699 0)
(0.0730616 -0.0470528 0)
(0.0777258 -0.0368779 0)
(0.0792574 -0.0294282 0)
(0.0814788 -0.0230007 0)
(0.0863138 -0.0162152 0)
(0.0919375 -0.0100818 0)
(0.096207 -0.00585408 0)
(0.0985065 -0.0036554 0)
(0.0995161 -0.00271121 0)
(0.0999998 -0.00228902 0)
(0.100526 -0.00194613 0)
(0.101135 -0.00158279 0)
(0.10187 -0.00118932 0)
(0.102511 -0.00083461 0)
(0.103129 -0.000532329 0)
(0.103553 -0.000307126 0)
(0.103956 -0.000149269 0)
(0.104177 -4.6647e-05 0)
(0.104433 7.36103e-06 0)
(0.104533 4.09968e-05 0)
(0.104717 3.97601e-05 0)
(0.104756 4.50272e-05 0)
(0.104909 1.43355e-05 0)
(0.104917 1.1276e-05 0)
(0.105058 -3.9182e-05 0)
(0.0118427 0.0135576 0)
(0.0152891 0.0467096 0)
(0.02519 0.0563349 0)
(0.0359041 0.0684419 0)
(0.0328314 0.0616178 0)
(0.0379023 0.0414081 0)
(0.0384857 0.0140345 0)
(0.0431847 -0.0162773 0)
(0.0511474 -0.0440627 0)
(0.05905 -0.0608873 0)
(0.0696705 -0.0676139 0)
(0.0765692 -0.0716385 0)
(0.0771187 -0.0745056 0)
(0.078847 -0.0705772 0)
(0.0808081 -0.0622697 0)
(0.0832763 -0.0514632 0)
(0.0881879 -0.0380682 0)
(0.0891174 -0.0277517 0)
(0.0856423 -0.0225882 0)
(0.0836599 -0.0188629 0)
(0.0857778 -0.0142914 0)
(0.0904424 -0.00953319 0)
(0.0951739 -0.00588305 0)
(0.0986309 -0.00371003 0)
(0.100588 -0.00269592 0)
(0.101604 -0.00223404 0)
(0.102138 -0.00193454 0)
(0.102606 -0.00158982 0)
(0.102997 -0.00122129 0)
(0.103433 -0.000852835 0)
(0.103746 -0.000549761 0)
(0.104076 -0.000319133 0)
(0.104257 -0.000164121 0)
(0.104484 -7.26288e-05 0)
(0.104569 -1.89738e-05 0)
(0.104738 -8.98631e-06 0)
(0.10477 -5.47328e-07 0)
(0.104912 -3.07582e-05 0)
(0.104917 -3.38452e-05 0)
(0.105051 -8.77438e-05 0)
(-0.0399734 -0.0110077 0)
(0.0035888 0.018829 0)
(0.0147281 0.0428588 0)
(0.0586484 0.0660012 0)
(0.0725611 0.0699091 0)
(0.0864693 0.0494703 0)
(0.0887031 0.0196204 0)
(0.0900645 -0.0128234 0)
(0.0911663 -0.043218 0)
(0.0910567 -0.0640627 0)
(0.0936515 -0.0725211 0)
(0.100691 -0.0731462 0)
(0.0997958 -0.0724193 0)
(0.0937199 -0.0681773 0)
(0.0898963 -0.0599395 0)
(0.0855271 -0.0522263 0)
(0.0859985 -0.0415757 0)
(0.0904358 -0.0281905 0)
(0.09096 -0.0191672 0)
(0.0873694 -0.0159816 0)
(0.0846478 -0.0146825 0)
(0.0854704 -0.0124668 0)
(0.0890985 -0.00944269 0)
(0.0936887 -0.00654143 0)
(0.0976797 -0.0044132 0)
(0.100502 -0.00307554 0)
(0.102143 -0.00231739 0)
(0.103059 -0.0018181 0)
(0.10351 -0.00143908 0)
(0.103838 -0.00108574 0)
(0.104024 -0.000787829 0)
(0.104244 -0.000540204 0)
(0.104354 -0.000359969 0)
(0.104528 -0.000235985 0)
(0.104585 -0.000153291 0)
(0.10473 -0.000115544 0)
(0.104755 -8.65543e-05 0)
(0.104889 -9.97248e-05 0)
(0.104896 -9.3049e-05 0)
(0.105025 -0.000141436 0)
(0.114869 0.0381452 0)
(0.0730009 0.0179239 0)
(0.0625047 0.015614 0)
(0.0741283 0.0273905 0)
(0.0889248 0.0401749 0)
(0.109593 0.0306912 0)
(0.118041 0.0112385 0)
(0.121935 -0.0162385 0)
(0.123493 -0.0461556 0)
(0.121357 -0.0665231 0)
(0.119492 -0.076322 0)
(0.120441 -0.0773337 0)
(0.120702 -0.071624 0)
(0.113282 -0.0643113 0)
(0.10511 -0.0549863 0)
(0.0971705 -0.0464933 0)
(0.0893965 -0.0399093 0)
(0.0877663 -0.0305896 0)
(0.0904788 -0.0203593 0)
(0.0920175 -0.0142572 0)
(0.0910755 -0.0127004 0)
(0.0896505 -0.0125985 0)
(0.089648 -0.0117544 0)
(0.0915249 -0.00984652 0)
(0.0945544 -0.00755894 0)
(0.0978152 -0.00543152 0)
(0.100499 -0.00378297 0)
(0.102386 -0.00258459 0)
(0.103455 -0.00177742 0)
(0.104046 -0.00120411 0)
(0.104284 -0.000811217 0)
(0.104458 -0.000522991 0)
(0.104514 -0.000332154 0)
(0.104634 -0.000209227 0)
(0.104663 -0.000138463 0)
(0.104778 -0.00011344 0)
(0.104788 -9.86083e-05 0)
(0.104899 -0.00012305 0)
(0.104897 -0.000124148 0)
(0.105007 -0.000181816 0)
(0.144405 0.0391418 0)
(0.134931 0.0397389 0)
(0.130393 0.0412558 0)
(0.126633 0.0397556 0)
(0.127376 0.0392306 0)
(0.142247 0.0263934 0)
(0.148705 0.00926023 0)
(0.152938 -0.0156314 0)
(0.157252 -0.0432101 0)
(0.155523 -0.0612826 0)
(0.150361 -0.069196 0)
(0.140033 -0.071526 0)
(0.127778 -0.0667299 0)
(0.118045 -0.0576586 0)
(0.109951 -0.0493976 0)
(0.104251 -0.0415576 0)
(0.0985315 -0.0346641 0)
(0.0934467 -0.0284115 0)
(0.092227 -0.0218762 0)
(0.0945131 -0.0163074 0)
(0.0977539 -0.0129128 0)
(0.0997757 -0.0112981 0)
(0.0998642 -0.0106085 0)
(0.0989049 -0.00998283 0)
(0.0982262 -0.00895409 0)
(0.0985764 -0.0073899 0)
(0.0997624 -0.00561249 0)
(0.101307 -0.00393238 0)
(0.102641 -0.00263336 0)
(0.103621 -0.00170861 0)
(0.104154 -0.00112445 0)
(0.104465 -0.000754688 0)
(0.104559 -0.000535147 0)
(0.104656 -0.000390295 0)
(0.104661 -0.000295598 0)
(0.104748 -0.000240682 0)
(0.104755 -0.000199369 0)
(0.104857 -0.000200272 0)
(0.104863 -0.000186824 0)
(0.104968 -0.000233126 0)
(0.152777 0.0400011 0)
(0.147849 0.0357684 0)
(0.154481 0.0289419 0)
(0.158946 0.0294996 0)
(0.163596 0.0303476 0)
(0.175784 0.0192581 0)
(0.177215 0.0058524 0)
(0.178926 -0.0176133 0)
(0.179886 -0.0448159 0)
(0.171448 -0.0612014 0)
(0.159614 -0.0649724 0)
(0.146605 -0.0615849 0)
(0.127938 -0.0573888 0)
(0.113797 -0.0517106 0)
(0.107679 -0.0444341 0)
(0.103878 -0.0381989 0)
(0.101353 -0.0326104 0)
(0.100437 -0.0265835 0)
(0.100094 -0.0214645 0)
(0.0998532 -0.0185361 0)
(0.100564 -0.0168503 0)
(0.102947 -0.0145716 0)
(0.106059 -0.0115547 0)
(0.107973 -0.00890867 0)
(0.107743 -0.00741287 0)
(0.106158 -0.00664955 0)
(0.104478 -0.0059356 0)
(0.103504 -0.00486797 0)
(0.103253 -0.00359908 0)
(0.103508 -0.00236301 0)
(0.103871 -0.00142012 0)
(0.104243 -0.000781288 0)
(0.104471 -0.000422113 0)
(0.104664 -0.00023789 0)
(0.10473 -0.000163875 0)
(0.104823 -0.000149187 0)
(0.104826 -0.00014964 0)
(0.104896 -0.00018362 0)
(0.104886 -0.000191372 0)
(0.104959 -0.000256793 0)
(0.145185 0.0401224 0)
(0.148982 0.0325391 0)
(0.158118 0.0257984 0)
(0.161038 0.0291836 0)
(0.171662 0.0255795 0)
(0.180837 0.0163239 0)
(0.183133 0.00753937 0)
(0.187362 -0.0154111 0)
(0.182297 -0.0382767 0)
(0.167683 -0.0485991 0)
(0.149898 -0.0523098 0)
(0.137719 -0.0490872 0)
(0.130124 -0.0437381 0)
(0.121459 -0.0430289 0)
(0.115397 -0.0411707 0)
(0.111468 -0.0356657 0)
(0.106608 -0.031126 0)
(0.104075 -0.0269605 0)
(0.105792 -0.0211157 0)
(0.107464 -0.0162388 0)
(0.105387 -0.0148984 0)
(0.101597 -0.0151296 0)
(0.0998671 -0.0140345 0)
(0.101283 -0.0110749 0)
(0.104316 -0.00764781 0)
(0.106951 -0.00499006 0)
(0.10806 -0.00352045 0)
(0.107787 -0.00283209 0)
(0.106801 -0.00247223 0)
(0.105804 -0.00208946 0)
(0.105068 -0.00167978 0)
(0.104702 -0.00125815 0)
(0.104532 -0.000913797 0)
(0.104537 -0.00064601 0)
(0.104556 -0.000467115 0)
(0.104651 -0.000358118 0)
(0.104692 -0.000289713 0)
(0.104789 -0.000275123 0)
(0.104812 -0.000255599 0)
(0.104899 -0.000300407 0)
(0.143866 0.0340001 0)
(0.151675 0.0268644 0)
(0.154817 0.0210807 0)
(0.158243 0.02074 0)
(0.168502 0.0157891 0)
(0.172918 0.0108403 0)
(0.17855 0.00211975 0)
(0.180984 -0.0150946 0)
(0.173239 -0.0313134 0)
(0.164681 -0.0397423 0)
(0.152752 -0.0436681 0)
(0.138626 -0.0464063 0)
(0.132714 -0.0446413 0)
(0.128863 -0.0407943 0)
(0.121321 -0.0376262 0)
(0.115945 -0.0324519 0)
(0.112418 -0.0278428 0)
(0.107858 -0.0266026 0)
(0.105353 -0.0245323 0)
(0.106614 -0.0187165 0)
(0.107503 -0.0127853 0)
(0.104666 -0.0105928 0)
(0.099746 -0.0115203 0)
(0.0960819 -0.0125091 0)
(0.0952966 -0.0118605 0)
(0.0970663 -0.00960538 0)
(0.0999907 -0.00675464 0)
(0.102762 -0.00415467 0)
(0.104636 -0.00230909 0)
(0.105567 -0.00117511 0)
(0.105778 -0.000596084 0)
(0.105661 -0.000316498 0)
(0.10542 -0.000219087 0)
(0.105232 -0.000184053 0)
(0.105068 -0.000185165 0)
(0.104993 -0.000198582 0)
(0.104921 -0.000208981 0)
(0.104915 -0.000241757 0)
(0.104886 -0.000248414 0)
(0.10491 -0.000311818 0)
(0.142206 0.029379 0)
(0.150037 0.0237577 0)
(0.152079 0.0188213 0)
(0.156321 0.0167233 0)
(0.161823 0.0135072 0)
(0.165937 0.00832276 0)
(0.171181 0.000870083 0)
(0.171766 -0.0110843 0)
(0.16581 -0.025706 0)
(0.158136 -0.0334867 0)
(0.151737 -0.0329258 0)
(0.142335 -0.0340184 0)
(0.132095 -0.0369978 0)
(0.125565 -0.0353436 0)
(0.119168 -0.0315969 0)
(0.113682 -0.0284071 0)
(0.112705 -0.0242889 0)
(0.112253 -0.0207405 0)
(0.108136 -0.0191432 0)
(0.10352 -0.0169578 0)
(0.102391 -0.0129267 0)
(0.10418 -0.0089772 0)
(0.106154 -0.00700465 0)
(0.10624 -0.00690989 0)
(0.104423 -0.00758875 0)
(0.102091 -0.00786983 0)
(0.100552 -0.00730903 0)
(0.100204 -0.00595226 0)
(0.100715 -0.00433045 0)
(0.101592 -0.00284314 0)
(0.102463 -0.00176637 0)
(0.103187 -0.00106046 0)
(0.103708 -0.000670431 0)
(0.104085 -0.000456494 0)
(0.104329 -0.0003543 0)
(0.104513 -0.000305729 0)
(0.104623 -0.000279124 0)
(0.104722 -0.00028751 0)
(0.104766 -0.000280832 0)
(0.104829 -0.000333446 0)
(0.14283 0.0237037 0)
(0.147569 0.0197442 0)
(0.150234 0.0155189 0)
(0.15365 0.01291 0)
(0.156826 0.00953149 0)
(0.160436 0.00440099 0)
(0.163706 -0.00160755 0)
(0.165748 -0.00959971 0)
(0.162477 -0.0202076 0)
(0.152535 -0.0288581 0)
(0.145587 -0.0317635 0)
(0.142813 -0.0318 0)
(0.13582 -0.0323437 0)
(0.127474 -0.0313415 0)
(0.123341 -0.0285347 0)
(0.119918 -0.0274806 0)
(0.115634 -0.0272078 0)
(0.11325 -0.0240332 0)
(0.112285 -0.0187574 0)
(0.110454 -0.0148062 0)
(0.108115 -0.0135997 0)
(0.107139 -0.0138307 0)
(0.108351 -0.0136102 0)
(0.111021 -0.0120272 0)
(0.113513 -0.00971285 0)
(0.114486 -0.007554 0)
(0.113612 -0.00590984 0)
(0.111592 -0.00454239 0)
(0.109413 -0.00339445 0)
(0.10767 -0.00241044 0)
(0.106504 -0.00166929 0)
(0.105803 -0.00112754 0)
(0.105407 -0.000783586 0)
(0.105186 -0.000557566 0)
(0.105057 -0.00042751 0)
(0.104979 -0.000353416 0)
(0.104925 -0.0003103 0)
(0.104891 -0.00030777 0)
(0.104866 -0.000296445 0)
(0.104852 -0.000344283 0)
(0.14098 0.0202142 0)
(0.145142 0.0175859 0)
(0.148257 0.0135323 0)
(0.150254 0.0111867 0)
(0.153732 0.0085393 0)
(0.156807 0.0034498 0)
(0.157411 -0.00322496 0)
(0.158312 -0.00978375 0)
(0.157896 -0.0152881 0)
(0.152229 -0.0211845 0)
(0.14414 -0.0264076 0)
(0.138988 -0.027116 0)
(0.134947 -0.02578 0)
(0.128858 -0.0266269 0)
(0.123984 -0.0266747 0)
(0.121769 -0.0230303 0)
(0.118287 -0.0192329 0)
(0.11299 -0.0179855 0)
(0.109815 -0.0169154 0)
(0.110299 -0.0138108 0)
(0.111704 -0.0102001 0)
(0.110498 -0.00860136 0)
(0.106318 -0.00920247 0)
(0.101707 -0.00996654 0)
(0.0988903 -0.00939013 0)
(0.0981418 -0.00738755 0)
(0.0987493 -0.00494438 0)
(0.0999025 -0.00288014 0)
(0.101088 -0.00157686 0)
(0.10208 -0.000856857 0)
(0.102868 -0.000537844 0)
(0.103448 -0.000386608 0)
(0.103881 -0.000334253 0)
(0.104178 -0.000300461 0)
(0.104397 -0.00028716 0)
(0.104537 -0.000279436 0)
(0.104644 -0.000272345 0)
(0.104703 -0.000288387 0)
(0.10475 -0.000286137 0)
(0.104772 -0.000339045 0)
(0.13982 0.0167509 0)
(0.143402 0.0142374 0)
(0.145927 0.0115367 0)
(0.148016 0.00866169 0)
(0.150625 0.00520924 0)
(0.153048 0.00212524 0)
(0.154696 -0.00248553 0)
(0.153615 -0.00939214 0)
(0.151113 -0.0151355 0)
(0.149427 -0.0181958 0)
(0.144994 -0.0213721 0)
(0.137702 -0.0246728 0)
(0.133336 -0.0248443 0)
(0.131098 -0.0231179 0)
(0.126153 -0.0229277 0)
(0.120477 -0.022783 0)
(0.118143 -0.0202375 0)
(0.117593 -0.0172467 0)
(0.115426 -0.0163008 0)
(0.112073 -0.0160094 0)
(0.11029 -0.0139699 0)
(0.110782 -0.0104238 0)
(0.112032 -0.00764491 0)
(0.112212 -0.00675511 0)
(0.110897 -0.00709582 0)
(0.108922 -0.00734459 0)
(0.107248 -0.00693855 0)
(0.106168 -0.00592133 0)
(0.105624 -0.00468311 0)
(0.105366 -0.0034612 0)
(0.105269 -0.00246802 0)
(0.105194 -0.00170525 0)
(0.105152 -0.00118391 0)
(0.10508 -0.000825028 0)
(0.105037 -0.000599405 0)
(0.104964 -0.000459111 0)
(0.104929 -0.000372282 0)
(0.104865 -0.000339676 0)
(0.104846 -0.000312101 0)
(0.104795 -0.00034385 0)
(0.138865 0.0140939 0)
(0.141595 0.0123551 0)
(0.143981 0.00972624 0)
(0.146158 0.00735488 0)
(0.147916 0.00478188 0)
(0.149532 0.000657959 0)
(0.150838 -0.00345782 0)
(0.150818 -0.00691496 0)
(0.1487 -0.0119563 0)
(0.145251 -0.0167515 0)
(0.142217 -0.0181122 0)
(0.138764 -0.0188097 0)
(0.133764 -0.0210899 0)
(0.129333 -0.0215749 0)
(0.126481 -0.0191823 0)
(0.123415 -0.0175264 0)
(0.119914 -0.0176396 0)
(0.117492 -0.0165947 0)
(0.116056 -0.0133117 0)
(0.114194 -0.0100462 0)
(0.111756 -0.0088798 0)
(0.109736 -0.00934248 0)
(0.108684 -0.00980293 0)
(0.108228 -0.00912402 0)
(0.107774 -0.00736427 0)
(0.107024 -0.00521615 0)
(0.106158 -0.0034073 0)
(0.105368 -0.0021268 0)
(0.104836 -0.0013644 0)
(0.104521 -0.0009066 0)
(0.104428 -0.000660718 0)
(0.104417 -0.000499532 0)
(0.104498 -0.000410145 0)
(0.104552 -0.000342399 0)
(0.104643 -0.000303022 0)
(0.104672 -0.000279342 0)
(0.104733 -0.000262678 0)
(0.104727 -0.000272511 0)
(0.104759 -0.000267746 0)
(0.10473 -0.000315164 0)
(0.137733 0.0117503 0)
(0.140126 0.0100582 0)
(0.142268 0.00799038 0)
(0.143985 0.00569558 0)
(0.145858 0.00305241 0)
(0.147288 0.000296433 0)
(0.147506 -0.003248 0)
(0.147326 -0.00744531 0)
(0.146473 -0.0105921 0)
(0.143706 -0.0132197 0)
(0.140137 -0.0163816 0)
(0.137315 -0.0180705 0)
(0.134195 -0.017693 0)
(0.130037 -0.0177387 0)
(0.126504 -0.0184392 0)
(0.124262 -0.0175933 0)
(0.121793 -0.0152903 0)
(0.11849 -0.013661 0)
(0.115697 -0.0132841 0)
(0.114434 -0.0127224 0)
(0.114188 -0.0109895 0)
(0.113698 -0.00856916 0)
(0.112317 -0.00670005 0)
(0.110295 -0.00587051 0)
(0.108398 -0.0057294 0)
(0.107034 -0.00558658 0)
(0.106274 -0.00517494 0)
(0.105873 -0.00446436 0)
(0.1057 -0.00365276 0)
(0.105562 -0.00283025 0)
(0.105483 -0.00212749 0)
(0.10536 -0.00154597 0)
(0.105287 -0.00111724 0)
(0.105162 -0.000799908 0)
(0.105103 -0.000584742 0)
(0.104989 -0.000443864 0)
(0.10495 -0.000350913 0)
(0.104849 -0.000311963 0)
(0.104831 -0.000279972 0)
(0.104742 -0.000304322 0)
(0.136806 0.00978297 0)
(0.138853 0.00839379 0)
(0.140732 0.00658106 0)
(0.142389 0.00459058 0)
(0.143754 0.00235805 0)
(0.144826 -0.000384666 0)
(0.145457 -0.00327358 0)
(0.144999 -0.00610435 0)
(0.143617 -0.00924113 0)
(0.142003 -0.0119178 0)
(0.13956 -0.0134187 0)
(0.136145 -0.0146874 0)
(0.133129 -0.0159041 0)
(0.130696 -0.0159146 0)
(0.127682 -0.0149531 0)
(0.124232 -0.0142807 0)
(0.121619 -0.0138453 0)
(0.12004 -0.0126701 0)
(0.118507 -0.0107355 0)
(0.116309 -0.00895749 0)
(0.113892 -0.0080062 0)
(0.112028 -0.00757835 0)
(0.110985 -0.00716179 0)
(0.110348 -0.00638881 0)
(0.109686 -0.00530635 0)
(0.108793 -0.00408471 0)
(0.107846 -0.00299244 0)
(0.106942 -0.00210721 0)
(0.10625 -0.00148668 0)
(0.105706 -0.00104267 0)
(0.105383 -0.000756383 0)
(0.105134 -0.000551609 0)
(0.105032 -0.000423024 0)
(0.104918 -0.000330969 0)
(0.104903 -0.000273491 0)
(0.104828 -0.000241114 0)
(0.104839 -0.000217907 0)
(0.104765 -0.000224286 0)
(0.104778 -0.000217387 0)
(0.104696 -0.000259232 0)
(0.135902 0.00801063 0)
(0.13772 0.00674358 0)
(0.139397 0.00519952 0)
(0.140832 0.00343737 0)
(0.142101 0.00145074 0)
(0.14299 -0.000763795 0)
(0.143227 -0.00323321 0)
(0.142978 -0.00581538 0)
(0.142079 -0.00812611 0)
(0.140248 -0.0101856 0)
(0.138079 -0.0119917 0)
(0.135916 -0.0130811 0)
(0.133225 -0.0134967 0)
(0.130162 -0.0137311 0)
(0.127598 -0.0136844 0)
(0.125499 -0.0129808 0)
(0.123133 -0.0118625 0)
(0.120457 -0.0108432 0)
(0.118154 -0.0100541 0)
(0.116548 -0.00917024 0)
(0.115384 -0.00800417 0)
(0.114181 -0.00666435 0)
(0.112772 -0.00551266 0)
(0.111196 -0.00472063 0)
(0.109733 -0.00423638 0)
(0.108507 -0.00382355 0)
(0.107628 -0.00339958 0)
(0.106964 -0.00290246 0)
(0.106523 -0.00240202 0)
(0.106143 -0.00190191 0)
(0.105893 -0.00146763 0)
(0.105631 -0.00109286 0)
(0.105476 -0.000803891 0)
(0.105276 -0.000582283 0)
(0.105184 -0.000424469 0)
(0.105024 -0.000322077 0)
(0.104975 -0.000250233 0)
(0.104838 -0.000225735 0)
(0.104819 -0.00020081 0)
(0.104696 -0.000227742 0)
(0.135105 0.00646305 0)
(0.136746 0.00536605 0)
(0.138252 0.00404473 0)
(0.13954 0.00253783 0)
(0.140601 0.000834421 0)
(0.141357 -0.00109063 0)
(0.141625 -0.00312216 0)
(0.141292 -0.00516607 0)
(0.140432 -0.00717065 0)
(0.139124 -0.00889311 0)
(0.137271 -0.0101881 0)
(0.135025 -0.0111706 0)
(0.132797 -0.0117816 0)
(0.130582 -0.011829 0)
(0.128135 -0.0114655 0)
(0.125606 -0.0109712 0)
(0.123359 -0.010334 0)
(0.121428 -0.00937239 0)
(0.11962 -0.00817633 0)
(0.117745 -0.00700053 0)
(0.115859 -0.00609366 0)
(0.11411 -0.00540666 0)
(0.112673 -0.00482724 0)
(0.11147 -0.00420153 0)
(0.110433 -0.00351734 0)
(0.109414 -0.00279562 0)
(0.1085 -0.0021403 0)
(0.107644 -0.00156981 0)
(0.106971 -0.00113593 0)
(0.106377 -0.00080019 0)
(0.105976 -0.000568263 0)
(0.105612 -0.000398933 0)
(0.105411 -0.000288425 0)
(0.105188 -0.000213583 0)
(0.105102 -0.000165056 0)
(0.104947 -0.000143577 0)
(0.104919 -0.000125544 0)
(0.104791 -0.000137578 0)
(0.104788 -0.000132621 0)
(0.104664 -0.00017267 0)
(0.134385 0.00503977 0)
(0.135895 0.00408258 0)
(0.137261 0.00295606 0)
(0.138419 0.00166853 0)
(0.139368 0.000237502 0)
(0.140004 -0.00135809 0)
(0.140184 -0.00306491 0)
(0.139932 -0.00477114 0)
(0.139221 -0.006365 0)
(0.13799 -0.00779164 0)
(0.136419 -0.00894905 0)
(0.134661 -0.00970168 0)
(0.132643 -0.0100912 0)
(0.130419 -0.0102163 0)
(0.128258 -0.0100283 0)
(0.126226 -0.00946545 0)
(0.12416 -0.00867075 0)
(0.122002 -0.00781882 0)
(0.119942 -0.00699945 0)
(0.11809 -0.00617164 0)
(0.116458 -0.00532134 0)
(0.114927 -0.00444566 0)
(0.113474 -0.00365861 0)
(0.112037 -0.00301003 0)
(0.110715 -0.00253931 0)
(0.109505 -0.00215796 0)
(0.108534 -0.00183428 0)
(0.107707 -0.00151747 0)
(0.107101 -0.00123213 0)
(0.106563 -0.000960483 0)
(0.106197 -0.000729388 0)
(0.105833 -0.000531349 0)
(0.105618 -0.000377348 0)
(0.105359 -0.000263502 0)
(0.10524 -0.000179547 0)
(0.105043 -0.000133306 0)
(0.104985 -9.62526e-05 0)
(0.104821 -9.77452e-05 0)
(0.1048 -8.65896e-05 0)
(0.104653 -0.000122657 0)
(0.133747 0.00375905 0)
(0.135162 0.00294337 0)
(0.136421 0.00200203 0)
(0.137477 0.00092944 0)
(0.138314 -0.000261002 0)
(0.138868 -0.00158522 0)
(0.139032 -0.00297269 0)
(0.13878 -0.00435218 0)
(0.138143 -0.00566966 0)
(0.137132 -0.00681308 0)
(0.135761 -0.00770355 0)
(0.134112 -0.00834163 0)
(0.132324 -0.00868927 0)
(0.130452 -0.00867818 0)
(0.128477 -0.00835812 0)
(0.126415 -0.00785252 0)
(0.124359 -0.00721459 0)
(0.122367 -0.00640786 0)
(0.120469 -0.00548602 0)
(0.11862 -0.00455549 0)
(0.116827 -0.00374504 0)
(0.115085 -0.00307631 0)
(0.113509 -0.00254901 0)
(0.112079 -0.00209782 0)
(0.110854 -0.00169281 0)
(0.10974 -0.00130121 0)
(0.108806 -0.000961417 0)
(0.107945 -0.000665327 0)
(0.107272 -0.000438108 0)
(0.106654 -0.000261942 0)
(0.106224 -0.000141733 0)
(0.105809 -6.07341e-05 0)
(0.105565 -9.9904e-06 0)
(0.105288 1.40532e-05 0)
(0.105168 2.86715e-05 0)
(0.104972 1.82505e-05 0)
(0.104924 1.62184e-05 0)
(0.104765 -1.44595e-05 0)
(0.104754 -1.88543e-05 0)
(0.104608 -6.32491e-05 0)
(0.133099 0.00255723 0)
(0.134448 0.00188313 0)
(0.135622 0.00111811 0)
(0.13659 0.000254752 0)
(0.137341 -0.000703945 0)
(0.137811 -0.00176765 0)
(0.137923 -0.00289396 0)
(0.137683 -0.00400237 0)
(0.137091 -0.00504099 0)
(0.136122 -0.00596404 0)
(0.134846 -0.00669731 0)
(0.133368 -0.00715961 0)
(0.131694 -0.00734299 0)
(0.129826 -0.00727927 0)
(0.127864 -0.00697309 0)
(0.125892 -0.00643053 0)
(0.123905 -0.00571224 0)
(0.121877 -0.00489867 0)
(0.11987 -0.00408785 0)
(0.117933 -0.00332749 0)
(0.116134 -0.00265022 0)
(0.114455 -0.00203641 0)
(0.11294 -0.00151591 0)
(0.111536 -0.00108822 0)
(0.110304 -0.000771518 0)
(0.109172 -0.000538913 0)
(0.108248 -0.000377319 0)
(0.107436 -0.000250822 0)
(0.106834 -0.00015826 0)
(0.106286 -8.20139e-05 0)
(0.105919 -2.36457e-05 0)
(0.105549 1.89852e-05 0)
(0.105341 5.27159e-05 0)
(0.105082 6.77781e-05 0)
(0.104972 8.23226e-05 0)
(0.104778 7.19239e-05 0)
(0.104729 7.304e-05 0)
(0.10457 4.28647e-05 0)
(0.104557 3.97676e-05 0)
(0.104416 -4.33309e-06 0)
(0.131813 0.00141435 0)
(0.133109 0.00086845 0)
(0.134201 0.000258418 0)
(0.135056 -0.000406666 0)
(0.135656 -0.0011311 0)
(0.135962 -0.00194342 0)
(0.13592 -0.00280113 0)
(0.135507 -0.00364083 0)
(0.134725 -0.00444234 0)
(0.133587 -0.0051439 0)
(0.132133 -0.00565629 0)
(0.130409 -0.00596892 0)
(0.128467 -0.00607356 0)
(0.126378 -0.00590995 0)
(0.124201 -0.00547077 0)
(0.121976 -0.00484032 0)
(0.119757 -0.00411581 0)
(0.1176 -0.00333679 0)
(0.115569 -0.00254747 0)
(0.113693 -0.00180399 0)
(0.112003 -0.00117258 0)
(0.11047 -0.000673113 0)
(0.109142 -0.000316066 0)
(0.107973 -6.99039e-05 0)
(0.10701 8.68242e-05 0)
(0.106169 0.000202688 0)
(0.105514 0.000286381 0)
(0.104924 0.000344903 0)
(0.104501 0.000372886 0)
(0.104102 0.000378699 0)
(0.10386 0.000367819 0)
(0.103601 0.000340486 0)
(0.103484 0.000310437 0)
(0.103312 0.000265669 0)
(0.103272 0.000232114 0)
(0.103147 0.000183052 0)
(0.103146 0.00015675 0)
(0.103043 0.000107993 0)
(0.103053 9.30983e-05 0)
(0.102958 4.40973e-05 0)
(0.125556 0.000410574 0)
(0.126609 4.65739e-05 0)
(0.127382 -0.000359988 0)
(0.127843 -0.000807547 0)
(0.127951 -0.00128738 0)
(0.127658 -0.00182362 0)
(0.126933 -0.00239346 0)
(0.125754 -0.00294822 0)
(0.124117 -0.00346489 0)
(0.122047 -0.00391346 0)
(0.119599 -0.00424147 0)
(0.116868 -0.00440968 0)
(0.113953 -0.00439025 0)
(0.110958 -0.00417676 0)
(0.108 -0.0037876 0)
(0.105192 -0.00325281 0)
(0.102612 -0.0026192 0)
(0.100316 -0.00194509 0)
(0.098354 -0.00129547 0)
(0.0967565 -0.000725585 0)
(0.0955199 -0.000270313 0)
(0.0946015 7.74498e-05 0)
(0.0939591 0.000324287 0)
(0.0935128 0.00048424 0)
(0.0932451 0.000570366 0)
(0.0930666 0.00060098 0)
(0.0930016 0.000586241 0)
(0.092963 0.000548542 0)
(0.0930188 0.000500715 0)
(0.093053 0.000450031 0)
(0.0931665 0.000402309 0)
(0.0932207 0.000353177 0)
(0.0933492 0.000313082 0)
(0.0933955 0.000267452 0)
(0.0935138 0.000236245 0)
(0.0935424 0.000192597 0)
(0.0936351 0.000169973 0)
(0.0936492 0.000126793 0)
(0.0937037 0.000113971 0)
(0.0937158 7.19598e-05 0)
(0.088905 -0.00048017 0)
(0.0887533 -0.000589322 0)
(0.0882363 -0.000713617 0)
(0.0873492 -0.000856993 0)
(0.0860573 -0.00102724 0)
(0.0843025 -0.00121899 0)
(0.0820564 -0.00140138 0)
(0.0793142 -0.00156886 0)
(0.0760837 -0.0017175 0)
(0.0724152 -0.00181027 0)
(0.0684238 -0.00181757 0)
(0.064271 -0.00173252 0)
(0.0601476 -0.00155408 0)
(0.0562595 -0.00128444 0)
(0.052788 -0.000953171 0)
(0.0498668 -0.000605744 0)
(0.047576 -0.000278367 0)
(0.0459424 4.77899e-06 0)
(0.0449313 0.000225646 0)
(0.0444628 0.000376479 0)
(0.0444178 0.000464723 0)
(0.0446822 0.000501549 0)
(0.0451515 0.000497026 0)
(0.0457469 0.000467898 0)
(0.0463999 0.000424733 0)
(0.0470613 0.000376977 0)
(0.0477039 0.000334313 0)
(0.0482993 0.000297949 0)
(0.048853 0.000264202 0)
(0.0493386 0.000231542 0)
(0.0497872 0.000200421 0)
(0.0501606 0.000170455 0)
(0.0505103 0.00014379 0)
(0.0507835 0.000118365 0)
(0.0510456 9.80619e-05 0)
(0.0512369 7.75829e-05 0)
(0.0514201 6.4548e-05 0)
(0.0515547 4.7596e-05 0)
(0.051658 4.15736e-05 0)
(0.0517725 2.62466e-05 0)
)
;

boundaryField
{
    inlet
    {
        type            fixedValue;
        value           uniform (0.1 0 0);
    }
    outlet
    {
        type            zeroGradient;
    }
    lowerWall
    {
        type            noSlip;
    }
    upperWall
    {
        type            noSlip;
    }
    defaultFaces
    {
        type            empty;
    }
}


// ************************************************************************* //
