/*--------------------------------*- C++ -*----------------------------------*\
| =========                 |                                                 |
| \\      /  F ield         | OpenFOAM: The Open Source CFD Toolbox           |
|  \\    /   O peration     | Version:  2112                                  |
|   \\  /    A nd           | Website:  www.openfoam.com                      |
|    \\/     M anipulation  |                                                 |
\*---------------------------------------------------------------------------*/
FoamFile
{
    version     2.0;
    format      ascii;
    arch        "LSB;label=32;scalar=64";
    class       volVectorField;
    location    "0.48";
    object      U;
}
// * * * * * * * * * * * * * * * * * * * * * * * * * * * * * * * * * * * * * //

dimensions      [0 1 -1 0 0 0 0];

internalField   nonuniform List<vector> 
1880
(
(0.0989242 0.000560675 0)
(0.0984811 0.00118707 0)
(0.0972069 0.00126474 0)
(0.0959665 0.0013752 0)
(0.0940156 0.00132871 0)
(0.0924955 0.00141564 0)
(0.0905062 0.00140317 0)
(0.0888883 0.00146034 0)
(0.0869027 0.0014231 0)
(0.0852417 0.0014465 0)
(0.0831143 0.0013931 0)
(0.0815299 0.00145692 0)
(0.0791192 0.00138899 0)
(0.0776883 0.00144274 0)
(0.0749086 0.00143408 0)
(0.0736149 0.00149846 0)
(0.0703837 0.00148269 0)
(0.0691648 0.00159308 0)
(0.0654305 0.00159003 0)
(0.0640553 0.00180377 0)
(0.0598685 0.00181603 0)
(0.0579417 0.00203995 0)
(0.0534319 0.00216492 0)
(0.0504045 0.00255114 0)
(0.0453547 0.00273397 0)
(0.0409295 0.00308737 0)
(0.0350442 0.00372049 0)
(0.0284401 0.00392148 0)
(0.0221151 0.00474955 0)
(0.0114306 0.00281195 0)
(0.100288 0.000837331 0)
(0.0998024 0.00127698 0)
(0.101041 0.00176224 0)
(0.100507 0.00165451 0)
(0.101442 0.00192281 0)
(0.100868 0.0018914 0)
(0.101494 0.0020461 0)
(0.100729 0.00219205 0)
(0.101426 0.00206985 0)
(0.10036 0.00246329 0)
(0.101013 0.002154 0)
(0.0999881 0.00252662 0)
(0.100182 0.00246896 0)
(0.0993373 0.00255552 0)
(0.0993206 0.00277291 0)
(0.097868 0.00287254 0)
(0.0985576 0.00292076 0)
(0.0958401 0.00334523 0)
(0.0971053 0.00345273 0)
(0.0936006 0.00364571 0)
(0.094831 0.00430945 0)
(0.0904979 0.00445423 0)
(0.0921326 0.00491941 0)
(0.0858522 0.0060901 0)
(0.0884487 0.00608726 0)
(0.0799027 0.00767893 0)
(0.083148 0.0082877 0)
(0.0711608 0.00968493 0)
(0.0767872 0.0112485 0)
(0.0579445 0.0111079 0)
(0.100293 0.000468174 0)
(0.0998645 0.000549768 0)
(0.100769 0.000955034 0)
(0.100559 0.00117851 0)
(0.101283 0.00127565 0)
(0.101082 0.00132891 0)
(0.101714 0.00179437 0)
(0.101227 0.00130035 0)
(0.102206 0.00218196 0)
(0.101223 0.00157937 0)
(0.102539 0.00226509 0)
(0.101378 0.00190638 0)
(0.102449 0.00264926 0)
(0.101577 0.00183212 0)
(0.102331 0.00343999 0)
(0.101162 0.00202436 0)
(0.102549 0.00371082 0)
(0.100169 0.00304413 0)
(0.102428 0.00399546 0)
(0.0993454 0.00371641 0)
(0.101561 0.00559769 0)
(0.0982159 0.00398922 0)
(0.100583 0.00736009 0)
(0.0960331 0.00576581 0)
(0.0996199 0.00895801 0)
(0.0930535 0.0079817 0)
(0.0976506 0.0122713 0)
(0.0897018 0.0103147 0)
(0.094031 0.0159355 0)
(0.0852356 0.0145451 0)
(0.100229 0.000416036 0)
(0.0998879 0.000503592 0)
(0.100473 0.0010302 0)
(0.100291 0.00113584 0)
(0.100927 0.00143634 0)
(0.100606 0.00135446 0)
(0.1014 0.00187348 0)
(0.100842 0.00140569 0)
(0.101764 0.00220777 0)
(0.101108 0.00171047 0)
(0.102017 0.00231901 0)
(0.101301 0.00210581 0)
(0.102233 0.00267874 0)
(0.101417 0.00216042 0)
(0.102302 0.0034638 0)
(0.101451 0.00243246 0)
(0.102349 0.00382119 0)
(0.101087 0.00358421 0)
(0.102556 0.00408013 0)
(0.100369 0.00456691 0)
(0.102523 0.00551416 0)
(0.0999003 0.00529924 0)
(0.101705 0.00721918 0)
(0.0994922 0.00722412 0)
(0.10105 0.00902393 0)
(0.0982525 0.00977597 0)
(0.100467 0.0118608 0)
(0.0973537 0.0132104 0)
(0.0986809 0.0155336 0)
(0.096314 0.0173983 0)
(0.100084 0.000390603 0)
(0.0999817 0.000227582 0)
(0.100256 0.000813403 0)
(0.100318 0.000675694 0)
(0.100597 0.00129141 0)
(0.100657 0.000772219 0)
(0.100949 0.00185362 0)
(0.100996 0.000810899 0)
(0.101238 0.00216766 0)
(0.101326 0.00121662 0)
(0.101458 0.00224917 0)
(0.101554 0.00167189 0)
(0.101695 0.00266856 0)
(0.101706 0.00178222 0)
(0.101826 0.00343202 0)
(0.101844 0.00218682 0)
(0.101872 0.00387567 0)
(0.101783 0.00323855 0)
(0.101987 0.00444619 0)
(0.101458 0.00409982 0)
(0.102051 0.0059863 0)
(0.101263 0.00499701 0)
(0.101595 0.00769181 0)
(0.101273 0.0069225 0)
(0.101182 0.00964901 0)
(0.101029 0.00938158 0)
(0.10093 0.0126124 0)
(0.100902 0.0126872 0)
(0.100752 0.0163023 0)
(0.100843 0.0170505 0)
(0.100011 0.000306069 0)
(0.100082 0.000178398 0)
(0.100135 0.000744592 0)
(0.100333 0.000598126 0)
(0.100437 0.00118948 0)
(0.100602 0.000784223 0)
(0.100718 0.00169433 0)
(0.100991 0.00087705 0)
(0.100945 0.00202412 0)
(0.101379 0.00124308 0)
(0.1012 0.00215161 0)
(0.101565 0.00173563 0)
(0.101535 0.00252375 0)
(0.101747 0.00198119 0)
(0.101692 0.00321263 0)
(0.101995 0.00247773 0)
(0.101807 0.00368389 0)
(0.102048 0.00352311 0)
(0.10203 0.00434246 0)
(0.101927 0.0044276 0)
(0.102169 0.0057788 0)
(0.102028 0.00556107 0)
(0.10193 0.00736695 0)
(0.102273 0.00746944 0)
(0.101961 0.00938103 0)
(0.102235 0.00989018 0)
(0.102223 0.0120712 0)
(0.102626 0.0132272 0)
(0.102637 0.0156364 0)
(0.1031 0.0172101 0)
(0.0999927 0.000300757 0)
(0.100087 6.68845e-05 0)
(0.100064 0.000666297 0)
(0.100325 0.000376289 0)
(0.100318 0.00106003 0)
(0.100582 0.000537037 0)
(0.100591 0.00150584 0)
(0.100946 0.000695381 0)
(0.100847 0.00178927 0)
(0.101353 0.00107286 0)
(0.101115 0.00196094 0)
(0.10159 0.00152555 0)
(0.101479 0.00237886 0)
(0.10182 0.001821 0)
(0.101705 0.00302923 0)
(0.10214 0.00236349 0)
(0.10189 0.00358675 0)
(0.102351 0.00329998 0)
(0.102163 0.00439487 0)
(0.102447 0.00417522 0)
(0.102436 0.00579631 0)
(0.102708 0.00538736 0)
(0.102491 0.00734702 0)
(0.103147 0.00722945 0)
(0.102773 0.00935912 0)
(0.103499 0.00950269 0)
(0.103381 0.011984 0)
(0.104145 0.012584 0)
(0.104311 0.0153467 0)
(0.105227 0.0162503 0)
(0.0999818 0.000226385 0)
(0.100102 4.16053e-05 0)
(0.100056 0.000554187 0)
(0.100286 0.000304006 0)
(0.100309 0.000881423 0)
(0.100519 0.000490912 0)
(0.100572 0.0012573 0)
(0.100881 0.000687391 0)
(0.100839 0.00153388 0)
(0.1013 0.00104125 0)
(0.101156 0.00173968 0)
(0.101568 0.00147652 0)
(0.10156 0.00215653 0)
(0.101869 0.00181576 0)
(0.101849 0.00277141 0)
(0.102247 0.00238778 0)
(0.102153 0.00335209 0)
(0.102557 0.00328308 0)
(0.102518 0.00420056 0)
(0.102852 0.00417843 0)
(0.102893 0.00549874 0)
(0.103297 0.00544732 0)
(0.103212 0.00699822 0)
(0.103861 0.00718403 0)
(0.10383 0.00894506 0)
(0.10447 0.00938753 0)
(0.104678 0.0113219 0)
(0.105475 0.0122669 0)
(0.10598 0.0144434 0)
(0.10684 0.0156218 0)
(0.0999882 0.000191385 0)
(0.100093 1.40801e-05 0)
(0.100046 0.000447442 0)
(0.100263 0.000219662 0)
(0.100294 0.000709424 0)
(0.100489 0.000388999 0)
(0.100584 0.00101724 0)
(0.100834 0.000598867 0)
(0.100886 0.0012776 0)
(0.101275 0.000919415 0)
(0.101229 0.00152181 0)
(0.101603 0.00131362 0)
(0.101664 0.0019396 0)
(0.101969 0.00168221 0)
(0.102025 0.00251543 0)
(0.102408 0.0022505 0)
(0.102431 0.00313363 0)
(0.102825 0.00307495 0)
(0.102892 0.0040073 0)
(0.103278 0.00395944 0)
(0.103409 0.00522434 0)
(0.103869 0.00522596 0)
(0.103947 0.00664993 0)
(0.104615 0.00687403 0)
(0.104779 0.00850129 0)
(0.105481 0.00891835 0)
(0.105886 0.0107282 0)
(0.106749 0.011537 0)
(0.107424 0.0135847 0)
(0.108481 0.0145302 0)
(0.0999912 0.000135702 0)
(0.100081 1.48498e-06 0)
(0.100071 0.000323544 0)
(0.100231 0.000165783 0)
(0.10032 0.00051027 0)
(0.100471 0.000325691 0)
(0.100618 0.000752698 0)
(0.100828 0.000528437 0)
(0.100947 0.00100343 0)
(0.101284 0.000808639 0)
(0.101335 0.00126783 0)
(0.101657 0.00116979 0)
(0.101812 0.00167312 0)
(0.102089 0.00155561 0)
(0.102241 0.00220516 0)
(0.102593 0.0021219 0)
(0.102746 0.00282352 0)
(0.103112 0.0028962 0)
(0.103295 0.00368347 0)
(0.103714 0.00376844 0)
(0.103943 0.00481509 0)
(0.104434 0.00498835 0)
(0.104685 0.00617369 0)
(0.105327 0.00653366 0)
(0.10572 0.00788244 0)
(0.106424 0.00845161 0)
(0.107014 0.00992993 0)
(0.107914 0.0107897 0)
(0.108792 0.0125058 0)
(0.109865 0.0135139 0)
(0.0999933 9.02379e-05 0)
(0.100075 -1.02344e-05 0)
(0.100082 0.000203129 0)
(0.10022 9.57783e-05 0)
(0.100341 0.000328424 0)
(0.100476 0.0002181 0)
(0.100669 0.000515726 0)
(0.100849 0.000397964 0)
(0.101026 0.000744804 0)
(0.101336 0.000644694 0)
(0.101449 0.0010081 0)
(0.101761 0.000975378 0)
(0.101973 0.00139136 0)
(0.102247 0.00135939 0)
(0.102474 0.00188638 0)
(0.102815 0.00189769 0)
(0.103065 0.00249593 0)
(0.103435 0.00261798 0)
(0.103703 0.00331919 0)
(0.104158 0.00346368 0)
(0.104485 0.00435686 0)
(0.104992 0.00462142 0)
(0.10539 0.00562555 0)
(0.106048 0.00605232 0)
(0.106584 0.00720723 0)
(0.107322 0.00779708 0)
(0.108052 0.00907601 0)
(0.109011 0.00987908 0)
(0.10998 0.011375 0)
(0.111144 0.0122809 0)
(0.0999964 4.4077e-05 0)
(0.100064 -2.93703e-05 0)
(0.100106 7.68399e-05 0)
(0.100219 2.31229e-05 0)
(0.100374 0.000140703 0)
(0.100508 0.000109181 0)
(0.100726 0.000284453 0)
(0.100908 0.000258165 0)
(0.101119 0.000498233 0)
(0.101417 0.000474211 0)
(0.101588 0.000748128 0)
(0.101885 0.000782076 0)
(0.102158 0.0010992 0)
(0.102432 0.00115769 0)
(0.102718 0.00155327 0)
(0.103067 0.00166261 0)
(0.103393 0.00213987 0)
(0.103774 0.00232767 0)
(0.104117 0.00291357 0)
(0.104606 0.00313476 0)
(0.10502 0.00386032 0)
(0.105543 0.00420625 0)
(0.106066 0.00503432 0)
(0.106741 0.00552014 0)
(0.107394 0.00647133 0)
(0.108172 0.00709299 0)
(0.109003 0.00816181 0)
(0.110002 0.00893284 0)
(0.11107 0.0101746 0)
(0.112266 0.0110563 0)
(0.0999972 2.9063e-06 0)
(0.100062 -6.59954e-05 0)
(0.100127 -4.79682e-05 0)
(0.100238 -9.04904e-05 0)
(0.100418 -5.13913e-05 0)
(0.100565 -6.2388e-05 0)
(0.100807 3.62079e-05 0)
(0.101001 4.33221e-05 0)
(0.101236 0.000211947 0)
(0.10154 0.000223722 0)
(0.101746 0.000428903 0)
(0.102046 0.000498574 0)
(0.102366 0.000744304 0)
(0.102645 0.000848138 0)
(0.102982 0.00115908 0)
(0.103349 0.00131237 0)
(0.103727 0.00170932 0)
(0.104135 0.00192345 0)
(0.104537 0.00242188 0)
(0.105055 0.00268405 0)
(0.10555 0.00327699 0)
(0.106088 0.00366143 0)
(0.106704 0.00435072 0)
(0.107417 0.00484939 0)
(0.10815 0.0056501 0)
(0.108965 0.00624721 0)
(0.109873 0.00715185 0)
(0.110916 0.00786237 0)
(0.112041 0.00890405 0)
(0.113273 0.009709 0)
(0.0999993 -3.56822e-05 0)
(0.100058 -0.000113968 0)
(0.10015 -0.000171776 0)
(0.100267 -0.000207117 0)
(0.100467 -0.000225448 0)
(0.100641 -0.000217618 0)
(0.100898 -0.000166792 0)
(0.101116 -0.000136656 0)
(0.101372 -1.28992e-05 0)
(0.101684 2.68437e-05 0)
(0.101929 0.000175473 0)
(0.102234 0.000277657 0)
(0.102595 0.000459357 0)
(0.102891 0.000596179 0)
(0.103265 0.000835636 0)
(0.103659 0.00101276 0)
(0.104081 0.00133692 0)
(0.104512 0.00156605 0)
(0.10497 0.00197669 0)
(0.105514 0.0022656 0)
(0.106075 0.00273881 0)
(0.106635 0.00313218 0)
(0.107323 0.00370434 0)
(0.108074 0.00419402 0)
(0.108863 0.00485803 0)
(0.109714 0.00541968 0)
(0.110686 0.00617121 0)
(0.111756 0.00682361 0)
(0.112931 0.0076711 0)
(0.114176 0.0084051 0)
(0.100001 -7.86527e-05 0)
(0.100066 -0.000206535 0)
(0.10019 -0.000339069 0)
(0.100336 -0.000407962 0)
(0.100563 -0.000471324 0)
(0.100771 -0.000477688 0)
(0.101048 -0.000462751 0)
(0.101289 -0.000435628 0)
(0.101563 -0.000354469 0)
(0.101881 -0.000311001 0)
(0.102157 -0.000213094 0)
(0.102467 -0.000108751 0)
(0.10286 2.661e-05 0)
(0.103171 0.000162933 0)
(0.103576 0.00035502 0)
(0.103996 0.000528742 0)
(0.104453 0.000799255 0)
(0.104904 0.00102337 0)
(0.105416 0.00136557 0)
(0.105976 0.00165728 0)
(0.106594 0.00203982 0)
(0.10718 0.00241619 0)
(0.107921 0.00290019 0)
(0.108704 0.00335483 0)
(0.109543 0.00390937 0)
(0.110416 0.0044209 0)
(0.111442 0.00504642 0)
(0.112529 0.00563171 0)
(0.11374 0.00632544 0)
(0.114995 0.00696914 0)
(0.100004 -0.00011302 0)
(0.100075 -0.000280526 0)
(0.100239 -0.000455997 0)
(0.100421 -0.000535482 0)
(0.100688 -0.000613356 0)
(0.100933 -0.000622975 0)
(0.101236 -0.000625246 0)
(0.101493 -0.000604308 0)
(0.101795 -0.000556301 0)
(0.102111 -0.000512137 0)
(0.102428 -0.000454698 0)
(0.102744 -0.000350119 0)
(0.103171 -0.000245508 0)
(0.103502 -0.000115376 0)
(0.103945 4.39285e-05 0)
(0.104382 0.000207231 0)
(0.104882 0.000427226 0)
(0.105339 0.000642935 0)
(0.105911 0.000918213 0)
(0.106478 0.00119747 0)
(0.107153 0.00149885 0)
(0.107756 0.00184027 0)
(0.108548 0.00224583 0)
(0.109338 0.00265451 0)
(0.110232 0.00310564 0)
(0.111113 0.00355784 0)
(0.112204 0.00406335 0)
(0.11328 0.00457283 0)
(0.114533 0.00512405 0)
(0.115753 0.00568133 0)
(0.100011 -0.000207294 0)
(0.100109 -0.00052652 0)
(0.100345 -0.000794584 0)
(0.100576 -0.000915444 0)
(0.100896 -0.00100867 0)
(0.101163 -0.00103028 0)
(0.101497 -0.00104612 0)
(0.101751 -0.00103941 0)
(0.102095 -0.00101875 0)
(0.102398 -0.000982974 0)
(0.102766 -0.000948198 0)
(0.103076 -0.000850406 0)
(0.103545 -0.000765948 0)
(0.103874 -0.00065873 0)
(0.104365 -0.00052718 0)
(0.104789 -0.000387576 0)
(0.105342 -0.00021597 0)
(0.105781 -2.58419e-05 0)
(0.106421 0.000188286 0)
(0.106966 0.000435064 0)
(0.107708 0.000676304 0)
(0.108305 0.000977342 0)
(0.109166 0.00131765 0)
(0.109921 0.0016661 0)
(0.110893 0.00202988 0)
(0.111744 0.00242665 0)
(0.112922 0.00283978 0)
(0.113948 0.00327523 0)
(0.115285 0.00371347 0)
(0.116447 0.00416772 0)
(0.100009 -0.000235067 0)
(0.100212 -0.000592018 0)
(0.100585 -0.000847185 0)
(0.100927 -0.000960475 0)
(0.101309 -0.00104864 0)
(0.101603 -0.00108359 0)
(0.101946 -0.00111671 0)
(0.102195 -0.00113745 0)
(0.102551 -0.001144 0)
(0.102841 -0.00112558 0)
(0.10322 -0.00111527 0)
(0.103515 -0.00103953 0)
(0.103968 -0.000983962 0)
(0.104285 -0.000910091 0)
(0.104764 -0.000808443 0)
(0.105156 -0.000699019 0)
(0.105691 -0.000571266 0)
(0.106104 -0.000401194 0)
(0.106742 -0.000235142 0)
(0.107258 -2.96787e-05 0)
(0.108 0.000158971 0)
(0.108571 0.000422577 0)
(0.109438 0.000709863 0)
(0.110147 0.000992967 0)
(0.11116 0.00126612 0)
(0.111987 0.00158706 0)
(0.113207 0.00190911 0)
(0.114184 0.00226601 0)
(0.115565 0.00261936 0)
(0.116676 0.00298727 0)
(0.0999836 -0.000692357 0)
(0.100339 -0.00135618 0)
(0.100718 -0.0015726 0)
(0.101093 -0.00161508 0)
(0.101331 -0.00167146 0)
(0.101553 -0.00171789 0)
(0.101664 -0.00175421 0)
(0.101808 -0.00176985 0)
(0.1019 -0.00176877 0)
(0.102034 -0.00174105 0)
(0.10209 -0.0017124 0)
(0.102219 -0.00163917 0)
(0.102309 -0.00159571 0)
(0.10244 -0.00153627 0)
(0.102522 -0.00145093 0)
(0.102712 -0.00135188 0)
(0.102852 -0.00125361 0)
(0.103099 -0.00111791 0)
(0.103325 -0.000998471 0)
(0.103659 -0.000841987 0)
(0.103999 -0.000689398 0)
(0.104464 -0.000483028 0)
(0.104973 -0.000285892 0)
(0.105582 -8.59308e-05 0)
(0.106264 0.000102498 0)
(0.107059 0.000345802 0)
(0.107992 0.000584505 0)
(0.109016 0.0008475 0)
(0.110199 0.00108902 0)
(0.111438 0.00133236 0)
(0.0990147 -0.000603499 0)
(0.0984627 -0.0011433 0)
(0.0974226 -0.00127584 0)
(0.0960218 -0.00128381 0)
(0.094369 -0.0013021 0)
(0.0927838 -0.00131449 0)
(0.0911487 -0.00132844 0)
(0.0896102 -0.00132615 0)
(0.0880176 -0.00129486 0)
(0.0865415 -0.00125228 0)
(0.0849921 -0.00121202 0)
(0.0835968 -0.00116705 0)
(0.0821382 -0.00112269 0)
(0.0808441 -0.00106036 0)
(0.0794974 -0.00100237 0)
(0.078371 -0.000959318 0)
(0.0771498 -0.000899678 0)
(0.0762027 -0.000808221 0)
(0.0751799 -0.000727288 0)
(0.074467 -0.000665412 0)
(0.0736324 -0.000597983 0)
(0.0731822 -0.000500043 0)
(0.0726211 -0.000383997 0)
(0.0725071 -0.000277459 0)
(0.0722285 -0.000179988 0)
(0.0724418 -9.02742e-05 0)
(0.0724669 1.12384e-05 0)
(0.0730491 0.000125153 0)
(0.0734182 0.00025295 0)
(0.0744023 0.000350314 0)
(0.0097271 -0.000800852 0)
(0.0378923 0.0127842 0)
(0.0282649 0.0102511 0)
(0.0599767 0.02352 8.21925e-22)
(0.0434023 0.0193733 6.6123e-22)
(0.079264 0.0327787 0)
(0.0568074 0.026406 2.50182e-22)
(0.0986478 0.0399452 2.44249e-23)
(0.0722789 0.0338319 6.9966e-22)
(0.123564 0.0431674 0)
(0.0666334 0.0128708 0)
(0.0702041 0.0196522 0)
(0.0793921 0.022786 0)
(0.0865382 0.032001 0)
(0.0897045 0.0303965 0)
(0.100462 0.0409524 1.69776e-22)
(0.102433 0.0388362 4.22261e-23)
(0.117958 0.0496595 -8.52762e-23)
(0.117123 0.0443406 -5.26124e-22)
(0.138048 0.051212 -4.76333e-22)
(0.0877868 0.0199216 0)
(0.0896621 0.022436 0)
(0.0948637 0.0278313 0)
(0.0989116 0.0309213 0)
(0.104132 0.0371126 0)
(0.108903 0.0350263 -1.69776e-22)
(0.112933 0.0396469 -4.22258e-23)
(0.12315 0.0398401 8.52749e-23)
(0.128413 0.0452259 2.74077e-22)
(0.140165 0.0387713 4.76344e-22)
(0.0963751 0.0203822 -3.59525e-22)
(0.098541 0.0250759 0)
(0.101599 0.0260625 -2.89126e-22)
(0.104393 0.0293986 -2.40946e-22)
(0.109414 0.0332384 -1.6839e-22)
(0.114548 0.0361349 0)
(0.117876 0.037278 0)
(0.124828 0.0361716 1.33815e-22)
(0.130774 0.0403364 2.70906e-22)
(0.140339 0.0381879 4.1917e-22)
(0.100288 0.0211166 3.59525e-22)
(0.102795 0.0225749 0)
(0.105546 0.0272647 2.89126e-22)
(0.108249 0.0274451 2.40947e-22)
(0.111845 0.0318864 1.68391e-22)
(0.116786 0.0314332 0)
(0.120837 0.0352421 0)
(0.126802 0.0319893 -1.33816e-22)
(0.131296 0.035451 -2.70906e-22)
(0.139146 0.0320271 -4.19172e-22)
(0.103436 0.0200244 0)
(0.105062 0.0221764 -2.61255e-22)
(0.10798 0.0248665 0)
(0.110975 0.0254956 -1.68559e-22)
(0.114281 0.0286628 0)
(0.118644 0.0293938 0)
(0.12275 0.0321272 0)
(0.127793 0.0293597 -1.53348e-22)
(0.132473 0.0314687 0)
(0.138342 0.0294158 0)
(0.105424 0.0195054 2.56647e-22)
(0.107536 0.0201419 4.91569e-22)
(0.110164 0.0235641 1.89053e-22)
(0.113181 0.0237362 1.68559e-22)
(0.11597 0.0265911 0)
(0.120094 0.0261097 -1.52195e-23)
(0.124171 0.0289672 0)
(0.128903 0.0266676 1.53348e-22)
(0.132849 0.0277771 0)
(0.137968 0.0258526 0)
(0.107569 0.0180562 -2.56647e-22)
(0.109479 0.0190222 -2.30313e-22)
(0.111889 0.0214942 -1.89053e-22)
(0.114958 0.0216925 0)
(0.117836 0.0239689 0)
(0.121453 0.0238305 1.52196e-23)
(0.125174 0.025786 0)
(0.129569 0.0242022 0)
(0.133242 0.0246596 0)
(0.137518 0.0230958 0)
(0.109287 0.0168875 0)
(0.111231 0.0173633 -1.79951e-22)
(0.113593 0.0196397 0)
(0.116479 0.0197914 -9.74813e-23)
(0.119161 0.0217353 0)
(0.122575 0.0213276 0)
(0.126051 0.022872 8.17292e-23)
(0.130027 0.0217028 1.60694e-22)
(0.133539 0.0219536 0)
(0.137301 0.020344 3.30758e-22)
(0.110877 0.0153591 0)
(0.112763 0.015901 1.79952e-22)
(0.114987 0.0177336 0)
(0.11772 0.0178304 9.74814e-23)
(0.120398 0.0193398 0)
(0.123516 0.0191379 0)
(0.126721 0.0202577 -8.17294e-23)
(0.130378 0.0192578 -1.60695e-22)
(0.133695 0.0193183 0)
(0.137013 0.017904 -3.30759e-22)
(0.112271 0.0139022 8.37909e-23)
(0.114081 0.0142953 0)
(0.116249 0.0158231 0)
(0.118842 0.0159371 3.36593e-23)
(0.121376 0.017174 0)
(0.124267 0.016905 0)
(0.127308 0.0177468 0)
(0.130682 0.0169486 -8.0111e-23)
(0.133749 0.0170182 0)
(0.136757 0.0156146 0)
(0.113482 0.0123664 -7.68e-24)
(0.115249 0.012753 0)
(0.11732 0.0139958 4.75377e-23)
(0.11975 0.014075 -5.72894e-24)
(0.122207 0.0150514 0)
(0.124933 0.0148663 0)
(0.127761 0.0154941 -4.75353e-23)
(0.130837 0.0147451 8.01111e-23)
(0.133729 0.0147587 -1.13094e-22)
(0.136582 0.0135045 -1.48051e-22)
(0.114564 0.0108017 -6.5539e-24)
(0.116277 0.0111317 0)
(0.118275 0.0121493 -5.64593e-24)
(0.120581 0.0122418 -4.73387e-24)
(0.12292 0.0130053 2.22783e-24)
(0.125485 0.0128004 2.16017e-23)
(0.128158 0.0132982 -9.9125e-25)
(0.131016 0.0126679 -7.84377e-23)
(0.133713 0.0126282 3.01831e-24)
(0.136356 0.0114978 4.96102e-24)
(0.115507 0.00929691 -6.95572e-23)
(0.117177 0.00960629 0)
(0.119094 0.0104317 -4.18919e-23)
(0.121281 0.0105069 -2.31966e-23)
(0.12353 0.0111167 -2.22783e-24)
(0.12596 0.0109506 -4.51969e-23)
(0.128464 0.0113055 4.85266e-23)
(0.131128 0.0107368 7.84378e-23)
(0.133671 0.010682 1.10076e-22)
(0.136166 0.00970221 1.4309e-22)
(0.116376 0.00769559 0)
(0.118007 0.00797128 0)
(0.119865 0.00863861 0)
(0.12194 0.0087193 0)
(0.124094 0.00918715 0)
(0.126405 0.00903315 2.35952e-23)
(0.128788 0.0092971 0)
(0.131266 0.00882493 0)
(0.13366 0.00872867 0)
(0.136012 0.007888 0)
(0.117174 0.00626946 0)
(0.118737 0.00652122 0)
(0.120563 0.0070566 0)
(0.122517 0.00713233 0)
(0.12462 0.00749516 0)
(0.126788 0.0073713 1.30439e-23)
(0.12907 0.00754779 0)
(0.131371 0.00714883 0)
(0.13366 0.00704332 0)
(0.135858 0.00634131 0)
(0.117969 0.00463039 0)
(0.119391 0.00484933 0)
(0.121245 0.00526633 1.36488e-23)
(0.122992 0.00534769 0)
(0.125096 0.00562592 -3.26732e-24)
(0.127038 0.0055363 -1.30439e-23)
(0.129291 0.00565468 0)
(0.131318 0.0053375 -3.67939e-23)
(0.133549 0.00521747 0)
(0.135487 0.00464658 0)
(0.118272 0.00333815 0)
(0.119321 0.00351944 0)
(0.121229 0.00381653 -1.36489e-23)
(0.122539 0.00388616 0)
(0.124689 0.00407596 3.26734e-24)
(0.126141 0.00401932 0)
(0.128419 0.00407911 0)
(0.129906 0.00383566 3.67941e-23)
(0.132158 0.00370823 0)
(0.133527 0.0032648 0)
(0.112875 0.0015425 -6.03678e-24)
(0.113246 0.00166888 -4.63409e-24)
(0.114982 0.00186339 -3.0067e-24)
(0.115542 0.00194984 0)
(0.117583 0.00208518 1.00202e-24)
(0.118265 0.00207548 0)
(0.120489 0.00209374 6.03194e-24)
(0.121117 0.00193845 0)
(0.123331 0.00182281 1.20391e-23)
(0.123688 0.00153827 1.53705e-23)
(0.0751163 0.000406807 6.03609e-24)
(0.0752411 0.000406653 4.63351e-24)
(0.0762837 0.000402116 3.0063e-24)
(0.0765596 0.000381275 0)
(0.0778592 0.000371949 -1.00187e-24)
(0.0781671 0.000341819 0)
(0.0796141 0.00030509 -6.03096e-24)
(0.0797659 0.000246298 0)
(0.0811789 0.000171044 -1.20369e-23)
(0.0808852 7.41363e-05 -1.53676e-23)
(0.0113945 -0.0073247 0)
(0.0248691 -0.00274144 0)
(0.021973 0.00779375 0)
(0.0183006 0.000365077 0)
(0.0241102 -0.000965526 0)
(0.00132287 0.0129658 0)
(-0.0522396 0.0184481 0)
(-0.083098 0.0121836 0)
(-0.109452 0.00924024 0)
(-0.122568 0.0054932 0)
(-0.130384 0.00293405 0)
(-0.129999 0.000538864 0)
(-0.125774 -0.00126927 0)
(-0.117218 -0.0025288 0)
(-0.105614 -0.00364948 0)
(-0.0928178 -0.00449592 0)
(-0.0751818 -0.00512414 0)
(-0.0588313 -0.00553534 0)
(-0.0403282 -0.00561398 0)
(-0.0207814 -0.00590353 0)
(-0.00311371 -0.00500901 0)
(0.0134602 -0.00433033 0)
(0.0273197 -0.00336424 0)
(0.0388695 -0.00240819 0)
(0.0478407 -0.00150056 0)
(0.0544801 -0.000698922 0)
(0.0589667 -2.9571e-05 0)
(0.0616429 0.000471267 0)
(0.0628172 0.000789502 0)
(0.0630108 0.000988833 0)
(0.062488 0.00116706 0)
(0.0614248 0.00138829 0)
(0.059741 0.0016418 0)
(0.0574585 0.00181568 0)
(0.0546718 0.00181504 0)
(0.0515529 0.00159993 0)
(0.0485977 0.0012357 0)
(0.0456493 0.000831309 0)
(0.0437131 0.000513834 0)
(0.041095 0.000236771 0)
(0.0137488 -0.019764 0)
(0.0137044 -0.00362376 0)
(0.0260279 -0.0031797 0)
(0.0193254 -0.00264515 0)
(-0.015541 0.0150915 0)
(-0.0515906 0.0398148 0)
(-0.0836603 0.0378232 0)
(-0.102016 0.027519 0)
(-0.11934 0.0189929 0)
(-0.125894 0.0103298 0)
(-0.12897 0.00256964 0)
(-0.12521 -0.00376442 0)
(-0.117202 -0.00863689 0)
(-0.107632 -0.012041 0)
(-0.0922612 -0.0145411 0)
(-0.0806896 -0.0174016 0)
(-0.0611394 -0.0195526 0)
(-0.0453005 -0.0202285 0)
(-0.0247021 -0.0214569 0)
(-0.0058981 -0.0211527 0)
(0.0121972 -0.0193843 0)
(0.0288931 -0.0173402 0)
(0.0430865 -0.0146855 0)
(0.0552205 -0.0120291 0)
(0.0651997 -0.0094149 0)
(0.0732917 -0.00701611 0)
(0.0796729 -0.00484549 0)
(0.0844341 -0.00307901 0)
(0.0878517 -0.00169105 0)
(0.0901605 -0.000745816 0)
(0.0918468 -9.05643e-07 0)
(0.0929281 0.000554647 0)
(0.0938059 0.00118081 0)
(0.0942342 0.00170683 0)
(0.0947641 0.00235353 0)
(0.0946037 0.00265305 0)
(0.0947655 0.0029371 0)
(0.0934947 0.00263485 0)
(0.0932977 0.00258217 0)
(0.0908348 0.00189962 0)
(0.0106755 -0.0283834 0)
(-0.00175522 -0.0125301 0)
(0.000642473 0.00496676 0)
(-0.00818048 0.0279176 0)
(-0.0351115 0.0481055 0)
(-0.0574146 0.0612984 0)
(-0.0759594 0.0523207 0)
(-0.0852888 0.0382582 0)
(-0.0966807 0.0266954 0)
(-0.0997888 0.0141043 0)
(-0.0998906 0.0025476 0)
(-0.0949065 -0.00771335 0)
(-0.084826 -0.0145977 0)
(-0.0754642 -0.0203836 0)
(-0.061402 -0.0237409 0)
(-0.0486469 -0.0268636 0)
(-0.0337607 -0.0305268 0)
(-0.0173531 -0.0326638 0)
(-0.000196269 -0.0339176 0)
(0.0165173 -0.0332095 0)
(0.0320749 -0.030588 0)
(0.0460881 -0.0269617 0)
(0.0576682 -0.0227115 0)
(0.0672603 -0.0185915 0)
(0.0749331 -0.0147099 0)
(0.0811819 -0.0112387 0)
(0.0862957 -0.00808114 0)
(0.090412 -0.00545848 0)
(0.0934496 -0.00337735 0)
(0.0957252 -0.00194393 0)
(0.0975226 -0.000876668 0)
(0.0990925 -0.000130686 0)
(0.10055 0.000617584 0)
(0.101728 0.00106343 0)
(0.103158 0.00167188 0)
(0.104042 0.00177936 0)
(0.105625 0.0022569 0)
(0.106217 0.00212109 0)
(0.107421 0.00246695 0)
(0.107536 0.00226073 0)
(0.00456077 -0.0231327 0)
(-0.00567856 0.0059352 0)
(-0.00859906 0.0014443 0)
(-0.020481 0.0279186 0)
(-0.0374159 0.0511892 0)
(-0.0521133 0.066689 0)
(-0.0563002 0.057214 0)
(-0.0622681 0.0430268 0)
(-0.0679816 0.0299491 0)
(-0.0703796 0.0147311 0)
(-0.0677248 -0.000264207 0)
(-0.0623944 -0.014069 0)
(-0.0521082 -0.0229514 0)
(-0.0414219 -0.0290834 0)
(-0.0295059 -0.0335831 0)
(-0.0171951 -0.0371897 0)
(-0.0035331 -0.0417512 0)
(0.0105473 -0.0444969 0)
(0.025489 -0.0456428 0)
(0.0392375 -0.0445527 0)
(0.0517849 -0.0408611 0)
(0.0630688 -0.0356355 0)
(0.0721587 -0.029798 0)
(0.079374 -0.0242421 0)
(0.0848652 -0.0191889 0)
(0.0889988 -0.0149106 0)
(0.0921975 -0.0111946 0)
(0.0950175 -0.00799741 0)
(0.0971956 -0.00536215 0)
(0.0987605 -0.00355769 0)
(0.0998691 -0.00233186 0)
(0.100964 -0.00159307 0)
(0.102399 -0.000670353 0)
(0.103681 -0.000144079 0)
(0.105145 0.000675647 0)
(0.106009 0.000780075 0)
(0.106973 0.00122429 0)
(0.107963 0.00124481 0)
(0.108533 0.00144774 0)
(0.110102 0.00179002 0)
(-0.00589727 -0.0323567 0)
(-0.0204397 -0.00401501 0)
(-0.0277653 0.0139709 0)
(-0.0215249 0.0444151 0)
(-0.0254914 0.0666207 0)
(-0.0268895 0.077819 0)
(-0.0258922 0.0624851 0)
(-0.0295892 0.0466953 0)
(-0.0310271 0.0322511 0)
(-0.032585 0.0151374 0)
(-0.0288692 -0.00301496 0)
(-0.0237283 -0.0193816 0)
(-0.0150035 -0.0303786 0)
(-0.00526447 -0.0370965 0)
(0.00497057 -0.0415153 0)
(0.0160775 -0.045695 0)
(0.0277677 -0.0503346 0)
(0.0395273 -0.0535869 0)
(0.0513574 -0.0545838 0)
(0.0616663 -0.0525825 0)
(0.0696551 -0.0480937 0)
(0.0765706 -0.0417705 0)
(0.0824043 -0.0345347 0)
(0.0869574 -0.0277544 0)
(0.0905442 -0.0216477 0)
(0.0932954 -0.0165098 0)
(0.0951287 -0.0124005 0)
(0.096693 -0.00906283 0)
(0.0982295 -0.00615341 0)
(0.0996127 -0.00397518 0)
(0.100408 -0.00256404 0)
(0.101028 -0.00204242 0)
(0.101727 -0.00139852 0)
(0.103152 -0.000954498 0)
(0.10438 1.50738e-06 0)
(0.106064 0.000507809 0)
(0.106222 0.000934713 0)
(0.107348 0.00110085 0)
(0.10675 0.000999148 0)
(0.107851 0.00119418 0)
(-0.0190711 -0.000177303 0)
(-0.0282537 0.0268366 0)
(-0.0159857 0.0023644 0)
(-0.00844239 0.0347344 0)
(-0.00610919 0.05369 0)
(-0.00175026 0.067452 0)
(0.00569807 0.0574747 0)
(0.0066837 0.0462126 0)
(0.00965896 0.0325863 0)
(0.011384 0.0147384 0)
(0.0165528 -0.005723 0)
(0.0208108 -0.0235764 0)
(0.02617 -0.0362062 0)
(0.0320153 -0.0436718 0)
(0.0391843 -0.048679 0)
(0.0480818 -0.0531967 0)
(0.0578271 -0.0579191 0)
(0.0676892 -0.0612436 0)
(0.0759246 -0.0616921 0)
(0.0825814 -0.0579041 0)
(0.0866858 -0.0514664 0)
(0.0884584 -0.0445418 0)
(0.0898939 -0.0370602 0)
(0.0913174 -0.0298994 0)
(0.0925881 -0.0235536 0)
(0.094107 -0.0180047 0)
(0.0954363 -0.0134489 0)
(0.0964685 -0.0100496 0)
(0.0974543 -0.00735162 0)
(0.0989916 -0.00504414 0)
(0.100103 -0.00327052 0)
(0.101247 -0.00245049 0)
(0.101168 -0.0021254 0)
(0.10241 -0.00198479 0)
(0.102631 -0.00136682 0)
(0.104953 -0.000513346 0)
(0.105079 0.000336574 0)
(0.106395 0.000856636 0)
(0.105733 0.00107102 0)
(0.10553 0.000955091 0)
(-0.0623365 -0.00296442 0)
(0.00582367 -0.00775526 0)
(-0.0397165 -0.00435256 0)
(0.00686109 0.0325903 0)
(0.0220035 0.0607161 0)
(0.0363059 0.0707891 0)
(0.0463662 0.0591269 0)
(0.0483479 0.0449036 0)
(0.0532685 0.0287061 0)
(0.0575447 0.0103271 0)
(0.0625982 -0.0094349 0)
(0.0651942 -0.0262853 0)
(0.0666154 -0.0383315 0)
(0.068436 -0.0468327 0)
(0.0724568 -0.05284 0)
(0.0788101 -0.0584001 0)
(0.0857269 -0.0637382 0)
(0.0923643 -0.0663076 0)
(0.0968025 -0.0653726 0)
(0.0984102 -0.0606546 0)
(0.0989539 -0.0523851 0)
(0.0976669 -0.0437768 0)
(0.0954806 -0.036129 0)
(0.0942064 -0.0292663 0)
(0.0935936 -0.0233664 0)
(0.093698 -0.0183557 0)
(0.094434 -0.0139601 0)
(0.0955712 -0.0103867 0)
(0.0965087 -0.00788234 0)
(0.098233 -0.0058422 0)
(0.0995907 -0.0041993 0)
(0.101796 -0.00284091 0)
(0.101927 -0.00228422 0)
(0.103147 -0.00207144 0)
(0.102441 -0.00185419 0)
(0.103958 -0.00126016 0)
(0.104179 -7.96714e-05 0)
(0.105328 0.000610872 0)
(0.105653 0.00161945 0)
(0.105178 0.00132777 0)
(0.104629 0.0372859 0)
(0.0817782 0.0188162 0)
(0.0419179 0.00239539 0)
(0.0229345 -0.00481476 0)
(0.0343338 0.0271724 0)
(0.0585003 0.0494923 0)
(0.078085 0.0499039 0)
(0.0881757 0.0418787 0)
(0.0962298 0.0279707 0)
(0.100995 0.0104015 0)
(0.104232 -0.0086584 0)
(0.104462 -0.0247205 0)
(0.102783 -0.03724 0)
(0.102453 -0.0474448 0)
(0.104233 -0.0557192 0)
(0.108683 -0.061835 0)
(0.112567 -0.0666512 0)
(0.113153 -0.0690854 0)
(0.11206 -0.066398 0)
(0.10917 -0.0594957 0)
(0.105358 -0.0507957 0)
(0.102092 -0.0420182 0)
(0.0989841 -0.0344581 0)
(0.0967652 -0.0281844 0)
(0.0957235 -0.0227515 0)
(0.0956004 -0.018203 0)
(0.0959693 -0.0145145 0)
(0.096864 -0.0113413 0)
(0.097631 -0.00914751 0)
(0.0991628 -0.00717687 0)
(0.100499 -0.00577969 0)
(0.102866 -0.0040873 0)
(0.103867 -0.00302835 0)
(0.105033 -0.00231737 0)
(0.104669 -0.00185427 0)
(0.104782 -0.00175235 0)
(0.104705 -0.000600044 0)
(0.105212 -0.000220909 0)
(0.105641 0.00116642 0)
(0.106397 0.00129729 0)
(0.135883 0.0424226 0)
(0.134517 0.0331417 0)
(0.121119 0.0328037 0)
(0.108761 0.0349137 0)
(0.0853291 0.0349091 0)
(0.0871832 0.038358 0)
(0.0993806 0.0364777 0)
(0.109669 0.0301284 0)
(0.118895 0.0189063 0)
(0.125088 0.00485185 0)
(0.129287 -0.011076 0)
(0.130426 -0.0258852 0)
(0.130184 -0.0384062 0)
(0.130849 -0.0492131 0)
(0.1327 -0.0578864 0)
(0.134279 -0.0641222 0)
(0.134315 -0.066587 0)
(0.129836 -0.0660163 0)
(0.121355 -0.062986 0)
(0.11386 -0.0559206 0)
(0.108003 -0.0466608 0)
(0.103593 -0.0384315 0)
(0.100917 -0.0319511 0)
(0.0995525 -0.0268998 0)
(0.0989685 -0.0226441 0)
(0.0991362 -0.0186306 0)
(0.10009 -0.0149036 0)
(0.101356 -0.0115392 0)
(0.102189 -0.00953875 0)
(0.102741 -0.00800626 0)
(0.103442 -0.00698523 0)
(0.104622 -0.0053995 0)
(0.105807 -0.00387738 0)
(0.106518 -0.00273983 0)
(0.106635 -0.001676 0)
(0.106748 -0.00132608 0)
(0.106316 -0.000379839 0)
(0.107007 -6.46578e-05 0)
(0.106631 0.000755134 0)
(0.10768 0.000775494 0)
(0.141304 0.0366463 0)
(0.147777 0.0321755 0)
(0.142265 0.0305369 0)
(0.141675 0.028585 0)
(0.136862 0.0344709 0)
(0.136204 0.0366826 0)
(0.140547 0.0329681 0)
(0.14584 0.0253418 0)
(0.151198 0.0147075 0)
(0.155101 0.00240089 0)
(0.158009 -0.0122559 0)
(0.159461 -0.0261133 0)
(0.160103 -0.0377118 0)
(0.159236 -0.048709 0)
(0.156792 -0.0576218 0)
(0.153016 -0.0621198 0)
(0.146118 -0.062732 0)
(0.137114 -0.059734 0)
(0.126445 -0.0547864 0)
(0.116433 -0.0495188 0)
(0.110396 -0.0431195 0)
(0.10748 -0.0366376 0)
(0.105847 -0.0311788 0)
(0.105149 -0.0264272 0)
(0.104908 -0.0222861 0)
(0.104325 -0.0191023 0)
(0.104158 -0.0164107 0)
(0.104948 -0.0131321 0)
(0.106299 -0.0102858 0)
(0.106816 -0.00816056 0)
(0.106702 -0.00718674 0)
(0.106711 -0.00589461 0)
(0.106775 -0.00444169 0)
(0.107205 -0.00297752 0)
(0.106559 -0.00200836 0)
(0.106651 -0.00154507 0)
(0.10657 -0.000789159 0)
(0.107337 -0.000480017 0)
(0.10844 0.000629069 0)
(0.109208 0.000483341 0)
(0.140983 0.0372834 0)
(0.146829 0.0322469 0)
(0.148405 0.032189 0)
(0.151502 0.0331857 0)
(0.154377 0.0361399 0)
(0.158503 0.036705 0)
(0.164352 0.0319694 0)
(0.170496 0.0236584 0)
(0.175527 0.0138139 0)
(0.178265 0.00166819 0)
(0.179933 -0.0123219 0)
(0.179855 -0.0255313 0)
(0.17726 -0.0367496 0)
(0.173121 -0.0458796 0)
(0.166218 -0.0530319 0)
(0.156978 -0.0564409 0)
(0.146533 -0.0554332 0)
(0.135736 -0.052478 0)
(0.127136 -0.0484323 0)
(0.120393 -0.0442005 0)
(0.115048 -0.0399788 0)
(0.112255 -0.0352863 0)
(0.110876 -0.0307719 0)
(0.109736 -0.0267868 0)
(0.109243 -0.0223895 0)
(0.108892 -0.0181248 0)
(0.10781 -0.0152872 0)
(0.106797 -0.0130619 0)
(0.106551 -0.010889 0)
(0.107236 -0.00833826 0)
(0.106746 -0.0069195 0)
(0.106821 -0.0054756 0)
(0.105907 -0.00422193 0)
(0.106441 -0.00255131 0)
(0.106142 -0.00122816 0)
(0.105576 -0.00128411 0)
(0.106092 -0.000855596 0)
(0.105633 -0.00143384 0)
(0.107517 -0.00062437 0)
(0.108981 0.000214241 0)
(0.141863 0.0324342 0)
(0.146556 0.0286145 0)
(0.149365 0.0287899 0)
(0.1531 0.0289537 0)
(0.158103 0.0291844 0)
(0.16343 0.0296685 0)
(0.170468 0.0255867 0)
(0.177277 0.0174681 0)
(0.18178 0.00895572 0)
(0.185265 -0.000580098 0)
(0.186856 -0.0125614 0)
(0.184954 -0.0240076 0)
(0.180117 -0.0333824 0)
(0.172756 -0.0416372 0)
(0.164437 -0.0470772 0)
(0.155094 -0.0487605 0)
(0.145788 -0.0478338 0)
(0.137853 -0.0459065 0)
(0.131179 -0.0436532 0)
(0.126136 -0.0406016 0)
(0.121653 -0.0369709 0)
(0.11748 -0.0331384 0)
(0.114251 -0.0288207 0)
(0.111622 -0.0248587 0)
(0.109278 -0.0215024 0)
(0.108253 -0.0179699 0)
(0.107897 -0.0147973 0)
(0.107521 -0.012037 0)
(0.106558 -0.0103918 0)
(0.106352 -0.00809858 0)
(0.105942 -0.00669639 0)
(0.105915 -0.00515667 0)
(0.105505 -0.00408348 0)
(0.105521 -0.00315624 0)
(0.106296 -0.00137799 0)
(0.106452 -0.00152289 0)
(0.107149 -0.000893816 0)
(0.106881 -0.00159848 0)
(0.10694 -0.00191672 0)
(0.107552 -0.000642645 0)
(0.141565 0.0294117 0)
(0.145329 0.0268132 0)
(0.148495 0.0262055 0)
(0.153115 0.0258201 0)
(0.157807 0.0254848 0)
(0.162157 0.0249972 0)
(0.169076 0.0205186 0)
(0.175386 0.0142082 0)
(0.178952 0.00705233 0)
(0.182089 -0.00207693 0)
(0.183303 -0.0116864 0)
(0.180142 -0.0207287 0)
(0.175228 -0.0286024 0)
(0.169107 -0.0351623 0)
(0.160802 -0.0403531 0)
(0.152707 -0.042567 0)
(0.145534 -0.0422041 0)
(0.138956 -0.0410854 0)
(0.132789 -0.0395414 0)
(0.127006 -0.0371712 0)
(0.122385 -0.033674 0)
(0.118804 -0.0299278 0)
(0.115851 -0.0264077 0)
(0.113737 -0.0228261 0)
(0.111973 -0.0194572 0)
(0.11024 -0.016626 0)
(0.109229 -0.0144024 0)
(0.108768 -0.0118797 0)
(0.1088 -0.00991064 0)
(0.108178 -0.00784858 0)
(0.108074 -0.00651483 0)
(0.107634 -0.00512777 0)
(0.107833 -0.00381143 0)
(0.107938 -0.0030775 0)
(0.107959 -0.00185002 0)
(0.108796 -0.00183694 0)
(0.108574 -0.00114095 0)
(0.109077 -0.0011771 0)
(0.108549 -0.00105926 0)
(0.1077 -0.000222425 0)
(0.141353 0.0259164 0)
(0.144464 0.0242186 0)
(0.147988 0.0227767 0)
(0.152447 0.0223164 0)
(0.156306 0.0220673 0)
(0.160574 0.0203959 0)
(0.165825 0.0159523 0)
(0.17045 0.0107085 0)
(0.174752 0.00443992 0)
(0.177139 -0.00321125 0)
(0.176835 -0.0106116 0)
(0.174472 -0.0178471 0)
(0.170272 -0.0251808 0)
(0.165531 -0.0310883 0)
(0.159456 -0.0351034 0)
(0.152109 -0.0373886 0)
(0.14581 -0.0376329 0)
(0.140188 -0.0368213 0)
(0.13473 -0.0353157 0)
(0.129711 -0.033196 0)
(0.12524 -0.0307711 0)
(0.121823 -0.0279814 0)
(0.119132 -0.0249371 0)
(0.116763 -0.02218 0)
(0.115167 -0.0193186 0)
(0.114175 -0.0163391 0)
(0.113218 -0.0140351 0)
(0.111921 -0.0119716 0)
(0.1112 -0.0101659 0)
(0.110659 -0.00774431 0)
(0.110178 -0.00642912 0)
(0.109594 -0.00514707 0)
(0.109059 -0.00443589 0)
(0.109226 -0.00340303 0)
(0.109192 -0.00211485 0)
(0.108944 -0.00205709 0)
(0.108521 -0.00118234 0)
(0.10787 -0.00165584 0)
(0.107628 -0.000945082 0)
(0.107903 -3.11436e-05 0)
(0.140898 0.0231373 0)
(0.143979 0.0216961 0)
(0.147443 0.0199806 0)
(0.151042 0.019423 0)
(0.154662 0.0190348 0)
(0.158799 0.0171338 0)
(0.162644 0.0130307 0)
(0.166326 0.0077401 0)
(0.170054 0.0022442 0)
(0.171799 -0.00340505 0)
(0.171189 -0.00934797 0)
(0.169462 -0.0154871 0)
(0.166428 -0.0218327 0)
(0.162091 -0.0271771 0)
(0.15721 -0.0302921 0)
(0.151179 -0.0322968 0)
(0.145129 -0.0333458 0)
(0.140163 -0.0328746 0)
(0.135325 -0.0316541 0)
(0.130899 -0.0299977 0)
(0.127079 -0.0278612 0)
(0.12366 -0.0255188 0)
(0.12081 -0.022655 0)
(0.118637 -0.0196882 0)
(0.116298 -0.0172922 0)
(0.114646 -0.0149465 0)
(0.113431 -0.0125559 0)
(0.112523 -0.0102148 0)
(0.111184 -0.0088052 0)
(0.110348 -0.00694099 0)
(0.110063 -0.00554608 0)
(0.109626 -0.00414201 0)
(0.109406 -0.00336626 0)
(0.108311 -0.00302643 0)
(0.108654 -0.00152917 0)
(0.107869 -0.00123734 0)
(0.108046 -0.000264467 0)
(0.107467 -0.000437929 0)
(0.106644 -0.00103126 0)
(0.10726 -0.000403448 0)
(0.140476 0.020283 0)
(0.143469 0.0190093 0)
(0.146487 0.0174412 0)
(0.14951 0.0168217 0)
(0.153055 0.016144 0)
(0.156823 0.0140928 0)
(0.160226 0.0102912 0)
(0.163147 0.00537815 0)
(0.165466 0.000647594 0)
(0.166812 -0.0036214 0)
(0.166645 -0.00839024 0)
(0.165246 -0.0139225 0)
(0.163036 -0.0194099 0)
(0.159203 -0.0240858 0)
(0.15472 -0.0270588 0)
(0.150378 -0.0285245 0)
(0.145373 -0.029449 0)
(0.140496 -0.0295069 0)
(0.136417 -0.0285551 0)
(0.132428 -0.0273156 0)
(0.12886 -0.0254946 0)
(0.125689 -0.0232319 0)
(0.122682 -0.0210653 0)
(0.120395 -0.0187352 0)
(0.11879 -0.0163134 0)
(0.117058 -0.0141328 0)
(0.115479 -0.0123403 0)
(0.114167 -0.0101608 0)
(0.113394 -0.00842857 0)
(0.112067 -0.00684592 0)
(0.111611 -0.00585381 0)
(0.110739 -0.00470136 0)
(0.110726 -0.00350028 0)
(0.109817 -0.00290634 0)
(0.109121 -0.00184341 0)
(0.108905 -0.00161445 0)
(0.108603 -0.000928711 0)
(0.108979 -0.000625669 0)
(0.108936 -0.000804547 0)
(0.108167 -0.000522008 0)
(0.140002 0.0177958 0)
(0.142912 0.0166258 0)
(0.145568 0.0152345 0)
(0.148322 0.0143973 0)
(0.151549 0.0134591 0)
(0.154861 0.0115345 0)
(0.158028 0.00818145 0)
(0.160346 0.00391587 0)
(0.161579 -0.000242554 0)
(0.162422 -0.00398737 0)
(0.162862 -0.00789831 0)
(0.161969 -0.0125403 0)
(0.15992 -0.0172348 0)
(0.156857 -0.0210485 0)
(0.15286 -0.0237807 0)
(0.148963 -0.0253114 0)
(0.145167 -0.0259866 0)
(0.140816 -0.0263031 0)
(0.136919 -0.025712 0)
(0.133549 -0.0244316 0)
(0.130067 -0.0229895 0)
(0.127025 -0.0210857 0)
(0.124563 -0.0187693 0)
(0.122249 -0.0167526 0)
(0.120146 -0.0147925 0)
(0.118394 -0.0125536 0)
(0.116727 -0.0105196 0)
(0.115143 -0.00879599 0)
(0.114164 -0.00739647 0)
(0.113206 -0.00576886 0)
(0.112589 -0.00466996 0)
(0.111296 -0.00354784 0)
(0.110761 -0.00271324 0)
(0.109856 -0.00185146 0)
(0.109697 -0.000871234 0)
(0.109264 -0.000868598 0)
(0.108979 -0.000349518 0)
(0.108634 -0.000691429 0)
(0.108312 -0.000423545 0)
(0.107737 0.000182354 0)
(0.139603 0.0153163 0)
(0.142288 0.0143535 0)
(0.144708 0.0131897 0)
(0.147269 0.0122786 0)
(0.150129 0.0111992 0)
(0.15302 0.00914345 0)
(0.155692 0.00614705 0)
(0.157688 0.00281199 0)
(0.158797 -0.0007369 0)
(0.159124 -0.00432512 0)
(0.159326 -0.00775761 0)
(0.158983 -0.0115026 0)
(0.157258 -0.015447 0)
(0.15457 -0.0187032 0)
(0.151475 -0.0211297 0)
(0.147881 -0.0228304 0)
(0.144526 -0.0233664 0)
(0.141228 -0.0233289 0)
(0.137612 -0.0232277 0)
(0.13428 -0.0223228 0)
(0.131422 -0.0206148 0)
(0.12854 -0.0190014 0)
(0.125965 -0.0173743 0)
(0.123755 -0.0153447 0)
(0.121631 -0.0133745 0)
(0.119629 -0.0115155 0)
(0.118113 -0.00980775 0)
(0.116747 -0.00807586 0)
(0.1155 -0.00678448 0)
(0.114042 -0.00548238 0)
(0.113157 -0.00426243 0)
(0.111956 -0.00317791 0)
(0.111521 -0.00230256 0)
(0.110435 -0.00198404 0)
(0.110282 -0.00132674 0)
(0.109568 -0.00098332 0)
(0.109276 -0.000397595 0)
(0.108757 -8.41259e-05 0)
(0.108172 -9.40495e-05 0)
(0.107727 -6.70302e-05 0)
(0.139193 0.0131733 0)
(0.141633 0.0123625 0)
(0.143949 0.0112765 0)
(0.14627 0.0102895 0)
(0.148861 0.00916621 0)
(0.151481 0.00733489 0)
(0.153612 0.00465956 0)
(0.155128 0.00165593 0)
(0.156283 -0.00117968 0)
(0.156745 -0.00418931 0)
(0.156592 -0.0075965 0)
(0.15609 -0.0108232 0)
(0.154926 -0.0138231 0)
(0.152703 -0.0167516 0)
(0.150093 -0.0188375 0)
(0.147183 -0.02012 0)
(0.144003 -0.0210858 0)
(0.14108 -0.0212671 0)
(0.138316 -0.0205859 0)
(0.135191 -0.0198187 0)
(0.132315 -0.018754 0)
(0.129838 -0.0171488 0)
(0.127418 -0.015348 0)
(0.125009 -0.0135985 0)
(0.123018 -0.0117395 0)
(0.121115 -0.00996068 0)
(0.119423 -0.0084398 0)
(0.117667 -0.00692953 0)
(0.116369 -0.00548984 0)
(0.114824 -0.00413848 0)
(0.1139 -0.00324593 0)
(0.112677 -0.00244343 0)
(0.112154 -0.00169551 0)
(0.111098 -0.00102712 0)
(0.110527 -0.000310954 0)
(0.109637 -0.000176508 0)
(0.109281 0.000208426 0)
(0.108698 0.000122931 0)
(0.108628 0.000335555 0)
(0.10793 0.000514341 0)
(0.13878 0.0111109 0)
(0.141085 0.0103837 0)
(0.143272 0.00949386 0)
(0.145408 0.00854186 0)
(0.147695 0.0072896 0)
(0.149932 0.00558943 0)
(0.151872 0.00342458 0)
(0.153155 0.000850748 0)
(0.153939 -0.00184062 0)
(0.154486 -0.0043971 0)
(0.15458 -0.00709276 0)
(0.153816 -0.0101135 0)
(0.15268 -0.0128402 0)
(0.151076 -0.0150487 0)
(0.14882 -0.0169853 0)
(0.146345 -0.0183172 0)
(0.143914 -0.0188456 0)
(0.141148 -0.0190541 0)
(0.138485 -0.0188094 0)
(0.136003 -0.0179078 0)
(0.133488 -0.0166995 0)
(0.13091 -0.0153368 0)
(0.128584 -0.0136813 0)
(0.126321 -0.0119399 0)
(0.124244 -0.0103635 0)
(0.122241 -0.00876936 0)
(0.120456 -0.00718501 0)
(0.118598 -0.00571057 0)
(0.117149 -0.00455292 0)
(0.115647 -0.00351255 0)
(0.114636 -0.0025442 0)
(0.113193 -0.00173974 0)
(0.112384 -0.00101654 0)
(0.111134 -0.000653641 0)
(0.110738 -0.000167901 0)
(0.109851 9.62881e-06 0)
(0.109545 0.000338031 0)
(0.10878 0.000428743 0)
(0.108452 0.00051057 0)
(0.107776 0.000500657 0)
(0.138457 0.00930235 0)
(0.140588 0.00867546 0)
(0.142633 0.00785818 0)
(0.144657 0.00693026 0)
(0.146726 0.00580723 0)
(0.148623 0.00426232 0)
(0.150264 0.00229628 0)
(0.151458 0.000178674 0)
(0.152204 -0.00207484 0)
(0.152493 -0.00453146 0)
(0.152543 -0.0069441 0)
(0.152097 -0.0092952 0)
(0.15102 -0.0117114 0)
(0.149492 -0.0138373 0)
(0.147789 -0.0153341 0)
(0.145699 -0.0164835 0)
(0.143507 -0.0171964 0)
(0.141284 -0.0172463 0)
(0.138999 -0.016823 0)
(0.136608 -0.0161322 0)
(0.134337 -0.0149503 0)
(0.131969 -0.01349 0)
(0.129674 -0.0119563 0)
(0.127396 -0.0103991 0)
(0.125316 -0.00873101 0)
(0.123132 -0.00716607 0)
(0.121262 -0.00576962 0)
(0.119345 -0.00449509 0)
(0.117848 -0.0033353 0)
(0.116098 -0.00231084 0)
(0.114905 -0.00149131 0)
(0.11343 -0.000834373 0)
(0.112635 -0.000240992 0)
(0.111417 0.000149786 0)
(0.110832 0.000603183 0)
(0.109821 0.000696999 0)
(0.109445 0.000968643 0)
(0.10863 0.000912181 0)
(0.108477 0.0010499 0)
(0.107694 0.00101246 0)
(0.138174 0.00750083 0)
(0.140186 0.00694075 0)
(0.142132 0.00624279 0)
(0.143987 0.00540523 0)
(0.145847 0.00433209 0)
(0.147553 0.00297035 0)
(0.148969 0.00133205 0)
(0.149958 -0.000554243 0)
(0.150671 -0.00253512 0)
(0.150957 -0.00454451 0)
(0.150858 -0.00670502 0)
(0.150393 -0.0088951 0)
(0.149596 -0.0108434 0)
(0.148279 -0.0126312 0)
(0.14676 -0.0141503 0)
(0.145069 -0.015121 0)
(0.143229 -0.0155967 0)
(0.141234 -0.0157252 0)
(0.139294 -0.0153143 0)
(0.13715 -0.0144257 0)
(0.134932 -0.0132493 0)
(0.132633 -0.0118706 0)
(0.130377 -0.0102867 0)
(0.127974 -0.00868081 0)
(0.125732 -0.00714835 0)
(0.123498 -0.00571064 0)
(0.121517 -0.00435801 0)
(0.119448 -0.0031583 0)
(0.11777 -0.0021105 0)
(0.115987 -0.00125752 0)
(0.11473 -0.000496657 0)
(0.113187 2.78295e-05 0)
(0.11227 0.000527171 0)
(0.11098 0.000744835 0)
(0.110409 0.00106502 0)
(0.109398 0.0011006 0)
(0.109035 0.00128027 0)
(0.108207 0.00121393 0)
(0.107995 0.00126197 0)
(0.107269 0.00114316 0)
(0.137935 0.00597554 0)
(0.139853 0.00548607 0)
(0.141696 0.00487614 0)
(0.143443 0.00413045 0)
(0.14514 0.00319305 0)
(0.146629 0.00200069 0)
(0.147901 0.000567551 0)
(0.148796 -0.00103213 0)
(0.149356 -0.00275323 0)
(0.149569 -0.0045772 0)
(0.149511 -0.00642828 0)
(0.149 -0.00829601 0)
(0.148201 -0.0101115 0)
(0.147112 -0.0117059 0)
(0.145805 -0.0129551 0)
(0.144228 -0.0138851 0)
(0.142638 -0.0143501 0)
(0.140859 -0.0143054 0)
(0.138948 -0.0137838 0)
(0.136821 -0.0129067 0)
(0.134633 -0.0116317 0)
(0.132174 -0.0101389 0)
(0.129681 -0.0085308 0)
(0.127081 -0.00697561 0)
(0.124678 -0.00543468 0)
(0.122227 -0.00405401 0)
(0.120089 -0.00278013 0)
(0.117921 -0.00172377 0)
(0.116189 -0.000780642 0)
(0.114356 -5.29391e-05 0)
(0.113049 0.000573759 0)
(0.111546 0.000980223 0)
(0.11064 0.00136769 0)
(0.109465 0.00151276 0)
(0.108891 0.0017365 0)
(0.107992 0.00167966 0)
(0.107657 0.00180381 0)
(0.106956 0.00165214 0)
(0.106818 0.00171091 0)
(0.106213 0.00154057 0)
(0.137501 0.0043131 0)
(0.139364 0.00389299 0)
(0.141143 0.0033814 0)
(0.142787 0.0027579 0)
(0.144345 0.00196359 0)
(0.14569 0.000979362 0)
(0.146787 -0.000190048 0)
(0.14754 -0.00154642 0)
(0.148014 -0.00300609 0)
(0.148092 -0.00454342 0)
(0.147865 -0.00617635 0)
(0.147295 -0.00782347 0)
(0.146426 -0.00937169 0)
(0.145187 -0.0108018 0)
(0.143815 -0.0119742 0)
(0.142181 -0.0127435 0)
(0.140364 -0.0130731 0)
(0.138282 -0.0129358 0)
(0.136081 -0.0122502 0)
(0.133521 -0.0111616 0)
(0.13081 -0.0097815 0)
(0.127872 -0.00825446 0)
(0.124934 -0.00663424 0)
(0.121926 -0.00508759 0)
(0.119181 -0.00361109 0)
(0.116562 -0.0023108 0)
(0.114312 -0.00114355 0)
(0.112179 -0.000231688 0)
(0.110499 0.000555724 0)
(0.108877 0.00110682 0)
(0.10772 0.00160273 0)
(0.106515 0.00184207 0)
(0.105786 0.00210331 0)
(0.104948 0.00210049 0)
(0.104558 0.0022208 0)
(0.104033 0.00207316 0)
(0.103833 0.00211073 0)
(0.103529 0.00189036 0)
(0.103439 0.00187846 0)
(0.103286 0.00164519 0)
(0.135551 0.00296545 0)
(0.137413 0.00260473 0)
(0.139157 0.00218121 0)
(0.140744 0.00165666 0)
(0.142185 0.000991235 0)
(0.14337 0.000166346 0)
(0.144267 -0.000791845 0)
(0.144789 -0.00189822 0)
(0.144955 -0.00310302 0)
(0.144701 -0.00440273 0)
(0.144051 -0.00577361 0)
(0.142929 -0.00717745 0)
(0.141409 -0.00853198 0)
(0.139461 -0.0097594 0)
(0.137171 -0.0107534 0)
(0.134474 -0.0113789 0)
(0.13154 -0.0115501 0)
(0.128219 -0.0111328 0)
(0.12467 -0.0101437 0)
(0.120813 -0.008779 0)
(0.116954 -0.00719721 0)
(0.113015 -0.00560786 0)
(0.109351 -0.00407053 0)
(0.105892 -0.00271685 0)
(0.102974 -0.00148769 0)
(0.1004 -0.000466286 0)
(0.0983912 0.00044474 0)
(0.0966825 0.00110425 0)
(0.0954957 0.00165657 0)
(0.0945523 0.00198771 0)
(0.0940168 0.00230214 0)
(0.0936317 0.00239414 0)
(0.0934988 0.00250701 0)
(0.0935124 0.00239958 0)
(0.093607 0.00240076 0)
(0.0939292 0.00218807 0)
(0.0940946 0.00216621 0)
(0.0946507 0.00190712 0)
(0.094775 0.00188751 0)
(0.0955043 0.00162321 0)
(0.125652 0.00134329 0)
(0.127429 0.00112746 0)
(0.129023 0.000869263 0)
(0.130387 0.000530151 0)
(0.131489 8.27195e-05 0)
(0.132254 -0.000471129 0)
(0.132612 -0.00112634 0)
(0.13246 -0.0018888 0)
(0.13176 -0.00272057 0)
(0.130436 -0.00363584 0)
(0.128428 -0.00461616 0)
(0.125723 -0.00562047 0)
(0.122296 -0.00658736 0)
(0.118166 -0.00747248 0)
(0.113426 -0.00817332 0)
(0.108103 -0.00856468 0)
(0.10246 -0.00855658 0)
(0.0966175 -0.00803737 0)
(0.090799 -0.00699661 0)
(0.0850431 -0.00561712 0)
(0.0797114 -0.00410452 0)
(0.0748354 -0.002627 0)
(0.0708074 -0.00131345 0)
(0.0675192 -0.000239964 0)
(0.0652072 0.000598216 0)
(0.0636065 0.001218 0)
(0.0628391 0.00169166 0)
(0.062566 0.00198601 0)
(0.06286 0.00220928 0)
(0.0634758 0.00230244 0)
(0.0643845 0.00237324 0)
(0.0655303 0.002308 0)
(0.0666967 0.00225926 0)
(0.0681116 0.00207803 0)
(0.06925 0.00197983 0)
(0.0707939 0.00173691 0)
(0.0716977 0.00164603 0)
(0.0733678 0.00138028 0)
(0.0738842 0.00132449 0)
(0.0757334 0.0010742 0)
(0.0820027 9.02475e-06 0)
(0.0828784 -4.25532e-05 0)
(0.0835002 -0.000136925 0)
(0.0838343 -0.000280232 0)
(0.0838101 -0.000470513 0)
(0.0833389 -0.000705358 0)
(0.0823193 -0.000988203 0)
(0.0806388 -0.00131301 0)
(0.0782146 -0.00166852 0)
(0.074948 -0.00204795 0)
(0.0707683 -0.00243462 0)
(0.0656585 -0.00281585 0)
(0.0595959 -0.00314268 0)
(0.0526749 -0.00335831 0)
(0.0449823 -0.00344208 0)
(0.0368499 -0.00325798 0)
(0.0288717 -0.00267348 0)
(0.0215935 -0.00177553 0)
(0.0155707 -0.000745181 0)
(0.0111173 0.000172486 0)
(0.00822444 0.00087071 0)
(0.00669733 0.00128663 0)
(0.00636725 0.00146341 0)
(0.00685671 0.00149169 0)
(0.00798373 0.00141654 0)
(0.00947127 0.00130006 0)
(0.0112829 0.00117775 0)
(0.0131955 0.00105966 0)
(0.0152701 0.0009489 0)
(0.0173077 0.000836089 0)
(0.0193988 0.000734052 0)
(0.0213712 0.000631968 0)
(0.0232878 0.000539977 0)
(0.0250493 0.000447056 0)
(0.0266542 0.000368505 0)
(0.0281573 0.000290605 0)
(0.0293727 0.000235935 0)
(0.0306941 0.000178252 0)
(0.0314178 0.000148748 0)
(0.0327832 0.000118523 0)
)
;

boundaryField
{
    inlet
    {
        type            fixedValue;
        value           uniform (0.1 0 0);
    }
    outlet
    {
        type            zeroGradient;
    }
    lowerWall
    {
        type            noSlip;
    }
    upperWall
    {
        type            noSlip;
    }
    defaultFaces
    {
        type            empty;
    }
}


// ************************************************************************* //
