/*--------------------------------*- C++ -*----------------------------------*\
| =========                 |                                                 |
| \\      /  F ield         | OpenFOAM: The Open Source CFD Toolbox           |
|  \\    /   O peration     | Version:  2112                                  |
|   \\  /    A nd           | Website:  www.openfoam.com                      |
|    \\/     M anipulation  |                                                 |
\*---------------------------------------------------------------------------*/
FoamFile
{
    version     2.0;
    format      ascii;
    arch        "LSB;label=32;scalar=64";
    class       surfaceScalarField;
    location    "0.19";
    object      phi;
}
// * * * * * * * * * * * * * * * * * * * * * * * * * * * * * * * * * * * * * //

dimensions      [0 3 -1 0 0 0 0];

oriented        oriented;

internalField   nonuniform List<scalar> 
3653
(
9.92692e-07
7.30837e-09
9.79187e-07
1.35048e-08
9.6407e-07
1.51171e-08
9.48372e-07
1.56981e-08
9.32368e-07
1.6004e-08
9.15995e-07
1.63723e-08
8.98317e-07
1.76787e-08
8.7987e-07
1.84461e-08
8.61717e-07
1.81539e-08
8.44928e-07
1.67881e-08
8.27194e-07
1.77348e-08
8.09575e-07
1.76185e-08
7.89465e-07
2.01102e-08
7.71437e-07
1.80279e-08
7.51171e-07
2.02663e-08
7.36543e-07
1.46278e-08
7.20276e-07
1.62667e-08
7.10707e-07
9.56904e-09
6.98191e-07
1.25164e-08
6.90206e-07
7.98481e-09
6.77898e-07
1.23074e-08
6.68009e-07
9.88988e-09
6.52086e-07
1.5923e-08
6.36028e-07
1.60571e-08
6.14735e-07
2.12932e-08
5.83628e-07
3.11067e-08
5.54825e-07
2.88031e-08
4.96696e-07
5.8129e-08
4.39571e-07
5.71257e-08
9.45326e-08
3.45038e-07
1.00294e-06
4.36365e-09
1.00649e-06
9.95919e-09
1.00896e-06
1.26522e-08
1.0104e-06
1.42485e-08
1.01126e-06
1.51527e-08
1.01185e-06
1.57774e-08
1.01226e-06
1.72691e-08
1.01199e-06
1.87141e-08
1.01075e-06
1.93929e-08
1.00893e-06
1.86144e-08
1.00693e-06
1.9734e-08
1.00504e-06
1.95075e-08
1.00243e-06
2.27232e-08
1.00015e-06
2.03031e-08
9.95642e-07
2.47754e-08
9.92196e-07
1.80743e-08
9.8526e-07
2.32024e-08
9.80505e-07
1.43235e-08
9.72518e-07
2.05035e-08
9.65252e-07
1.52508e-08
9.56621e-07
2.09385e-08
9.45808e-07
2.0703e-08
9.32863e-07
2.88678e-08
9.21564e-07
2.7357e-08
8.94837e-07
4.80198e-08
8.8673e-07
3.92136e-08
8.39035e-07
7.64981e-08
8.25515e-07
7.16489e-08
7.62819e-07
1.19822e-07
1.388e-07
7.18551e-07
1.00176e-06
2.60415e-09
1.0049e-06
6.81972e-09
1.0078e-06
9.75374e-09
1.01014e-06
1.1907e-08
1.01205e-06
1.32412e-08
1.01387e-06
1.39596e-08
1.0159e-06
1.52326e-08
1.01795e-06
1.66655e-08
1.01948e-06
1.78629e-08
1.0203e-06
1.77931e-08
1.02109e-06
1.89517e-08
1.02186e-06
1.87347e-08
1.02292e-06
2.16655e-08
1.02356e-06
1.96566e-08
1.02357e-06
2.47651e-08
1.02267e-06
1.8975e-08
1.01909e-06
2.67865e-08
1.01591e-06
1.75076e-08
1.0084e-06
2.80124e-08
1.00347e-06
2.01772e-08
9.93799e-07
3.06094e-08
9.86143e-07
2.83594e-08
9.75835e-07
3.91753e-08
9.63538e-07
3.96543e-08
9.5215e-07
5.94072e-08
9.34304e-07
5.70604e-08
9.19913e-07
9.08888e-08
8.95577e-07
9.59846e-08
8.8266e-07
1.32739e-07
1.67438e-07
8.54023e-07
1.00082e-06
1.78584e-09
1.00257e-06
5.07123e-09
1.00461e-06
7.71248e-09
1.00663e-06
9.88547e-09
1.00843e-06
1.14438e-08
1.01006e-06
1.23226e-08
1.01187e-06
1.34301e-08
1.01382e-06
1.47094e-08
1.0155e-06
1.61857e-08
1.01668e-06
1.66113e-08
1.01777e-06
1.78633e-08
1.01887e-06
1.76389e-08
1.02029e-06
2.02388e-08
1.02104e-06
1.89116e-08
1.0219e-06
2.3902e-08
1.02067e-06
2.02041e-08
1.01958e-06
2.78813e-08
1.01546e-06
2.16226e-08
1.01209e-06
3.13819e-08
1.00619e-06
2.60824e-08
1.00041e-06
3.63844e-08
9.93949e-07
3.4823e-08
9.85296e-07
4.78276e-08
9.78094e-07
4.68563e-08
9.67276e-07
7.02252e-08
9.57762e-07
6.65745e-08
9.46618e-07
1.02033e-07
9.363e-07
1.06303e-07
9.23946e-07
1.45093e-07
1.67576e-07
9.23809e-07
1.0004e-06
1.38095e-09
1.00156e-06
3.91959e-09
1.00314e-06
6.13068e-09
1.0049e-06
8.12658e-09
1.00661e-06
9.73276e-09
1.00816e-06
1.07754e-08
1.00978e-06
1.18047e-08
1.0115e-06
1.29929e-08
1.01321e-06
1.44714e-08
1.01449e-06
1.53292e-08
1.01579e-06
1.65622e-08
1.0167e-06
1.67388e-08
1.01805e-06
1.88889e-08
1.01846e-06
1.84996e-08
1.01954e-06
2.28217e-08
1.01856e-06
2.11781e-08
1.01859e-06
2.78587e-08
1.01527e-06
2.49388e-08
1.01403e-06
3.26215e-08
1.00834e-06
3.17722e-08
1.00635e-06
3.83788e-08
9.98498e-07
4.26711e-08
9.95999e-07
5.03259e-08
9.8696e-07
5.58952e-08
9.82821e-07
7.43645e-08
9.75035e-07
7.4361e-08
9.68566e-07
1.08502e-07
9.6413e-07
1.10739e-07
9.61089e-07
1.48133e-07
1.6728e-07
9.61384e-07
1.00032e-06
1.05963e-09
1.00116e-06
3.07969e-09
1.00237e-06
4.91717e-09
1.00384e-06
6.66167e-09
1.00539e-06
8.18085e-09
1.00687e-06
9.29439e-09
1.0084e-06
1.02808e-08
1.00998e-06
1.14131e-08
1.01163e-06
1.28194e-08
1.01298e-06
1.39732e-08
1.01437e-06
1.51785e-08
1.01532e-06
1.57874e-08
1.01667e-06
1.75351e-08
1.01712e-06
1.80503e-08
1.01833e-06
2.1609e-08
1.01772e-06
2.17958e-08
1.01827e-06
2.73038e-08
1.01618e-06
2.70351e-08
1.01534e-06
3.34573e-08
1.01245e-06
3.46654e-08
1.00969e-06
4.11326e-08
1.00663e-06
4.57312e-08
1.0028e-06
5.41634e-08
9.98455e-07
6.02357e-08
9.96313e-07
7.65065e-08
9.89989e-07
8.06847e-08
9.90642e-07
1.07848e-07
9.87309e-07
1.14072e-07
9.89288e-07
1.46154e-07
1.62847e-07
9.93722e-07
1.00022e-06
8.35247e-10
1.00087e-06
2.43164e-09
1.00186e-06
3.92786e-09
1.00312e-06
5.40008e-09
1.00455e-06
6.75652e-09
1.00599e-06
7.85316e-09
1.00749e-06
8.77565e-09
1.00903e-06
9.87513e-09
1.01068e-06
1.11692e-08
1.01212e-06
1.25338e-08
1.01362e-06
1.36832e-08
1.0147e-06
1.47073e-08
1.01613e-06
1.6106e-08
1.01678e-06
1.73927e-08
1.01821e-06
2.01842e-08
1.01803e-06
2.19778e-08
1.01928e-06
2.60535e-08
1.01776e-06
2.85471e-08
1.01859e-06
3.26287e-08
1.01585e-06
3.74071e-08
1.01596e-06
4.10266e-08
1.01285e-06
4.8836e-08
1.01206e-06
5.4953e-08
1.00959e-06
6.27061e-08
1.00854e-06
7.75638e-08
1.00733e-06
8.18901e-08
1.00847e-06
1.06712e-07
1.00913e-06
1.13412e-07
1.01537e-06
1.3991e-07
1.56256e-07
1.02196e-06
1.00019e-06
6.45926e-10
1.00074e-06
1.88165e-09
1.00163e-06
3.03998e-09
1.00278e-06
4.2464e-09
1.00412e-06
5.41264e-09
1.00555e-06
6.43196e-09
1.00706e-06
7.26519e-09
1.00861e-06
8.32046e-09
1.01029e-06
9.49404e-09
1.01183e-06
1.09854e-08
1.01344e-06
1.20805e-08
1.01471e-06
1.34394e-08
1.01624e-06
1.45754e-08
1.01721e-06
1.64178e-08
1.01877e-06
1.86267e-08
1.01928e-06
2.14683e-08
1.02067e-06
2.46575e-08
1.02056e-06
2.86613e-08
1.02133e-06
3.18547e-08
1.02091e-06
3.78346e-08
1.02082e-06
4.11111e-08
1.02039e-06
4.9267e-08
1.02043e-06
5.49105e-08
1.01953e-06
6.36099e-08
1.02178e-06
7.53088e-08
1.02101e-06
8.26652e-08
1.02588e-06
1.01843e-07
1.02879e-06
1.10498e-07
1.03627e-06
1.32432e-07
1.47555e-07
1.04497e-06
1.00018e-06
4.70804e-10
1.00068e-06
1.37269e-09
1.00151e-06
2.21318e-09
1.00261e-06
3.14232e-09
1.00393e-06
4.09967e-09
1.00536e-06
5.00063e-09
1.0069e-06
5.7205e-09
1.00852e-06
6.70811e-09
1.01025e-06
7.76133e-09
1.01192e-06
9.30952e-09
1.01365e-06
1.03548e-08
1.01514e-06
1.19475e-08
1.01683e-06
1.28859e-08
1.01814e-06
1.51085e-08
1.01995e-06
1.68133e-08
1.02097e-06
2.04505e-08
1.02286e-06
2.27658e-08
1.02344e-06
2.80871e-08
1.0251e-06
3.01922e-08
1.0255e-06
3.74334e-08
1.02663e-06
3.99809e-08
1.0275e-06
4.84011e-08
1.02851e-06
5.38972e-08
1.03012e-06
6.20001e-08
1.03261e-06
7.28213e-08
1.03501e-06
8.02661e-08
1.04083e-06
9.60257e-08
1.04548e-06
1.0584e-07
1.05517e-06
1.22746e-07
1.37188e-07
1.06554e-06
1.00017e-06
2.98265e-10
1.00067e-06
8.72927e-10
1.00149e-06
1.39386e-09
1.0026e-06
2.03734e-09
1.00393e-06
2.77039e-09
1.0054e-06
3.52383e-09
1.00701e-06
4.11434e-09
1.00871e-06
5.00566e-09
1.01054e-06
5.93371e-09
1.01238e-06
7.4723e-09
1.01425e-06
8.47783e-09
1.016e-06
1.02042e-08
1.01786e-06
1.10259e-08
1.01954e-06
1.34275e-08
1.02154e-06
1.48081e-08
1.02318e-06
1.88144e-08
1.0253e-06
2.0649e-08
1.02685e-06
2.65369e-08
1.02881e-06
2.82249e-08
1.03046e-06
3.57884e-08
1.03226e-06
3.81742e-08
1.03422e-06
4.64502e-08
1.03674e-06
5.13689e-08
1.03901e-06
5.97366e-08
1.04352e-06
6.83093e-08
1.04701e-06
7.67721e-08
1.05404e-06
8.89974e-08
1.06068e-06
9.91994e-08
1.07082e-06
1.12604e-07
1.25927e-07
1.08209e-06
1.00018e-06
1.18481e-10
1.0007e-06
3.51594e-10
1.00155e-06
5.42503e-10
1.00271e-06
8.84006e-10
1.0041e-06
1.37703e-09
1.00566e-06
1.96313e-09
1.00736e-06
2.41795e-09
1.00918e-06
3.18548e-09
1.01113e-06
3.98105e-09
1.01315e-06
5.45585e-09
1.01519e-06
6.43285e-09
1.01718e-06
8.21179e-09
1.01924e-06
8.96576e-09
1.02127e-06
1.14039e-08
1.02352e-06
1.25517e-08
1.02565e-06
1.66862e-08
1.02811e-06
1.81893e-08
1.03034e-06
2.4306e-08
1.0328e-06
2.577e-08
1.03531e-06
3.3276e-08
1.03777e-06
3.57147e-08
1.04084e-06
4.33776e-08
1.04402e-06
4.81933e-08
1.04781e-06
5.59475e-08
1.05283e-06
6.32805e-08
1.05793e-06
7.16782e-08
1.06563e-06
8.12922e-08
1.07347e-06
9.13681e-08
1.08419e-06
1.01878e-07
1.13573e-07
1.09654e-06
1.0002e-06
-7.83644e-11
1.00077e-06
-2.18869e-10
1.00168e-06
-3.75146e-10
1.00292e-06
-3.5183e-10
1.00442e-06
-1.21016e-10
1.00609e-06
2.87265e-10
1.00791e-06
6.06265e-10
1.00986e-06
1.22701e-09
1.01197e-06
1.87597e-09
1.01418e-06
3.24293e-09
1.01642e-06
4.19727e-09
1.01867e-06
5.96187e-09
1.02094e-06
6.68964e-09
1.02331e-06
9.04228e-09
1.0258e-06
1.00536e-08
1.02841e-06
1.40776e-08
1.03116e-06
1.54377e-08
1.03402e-06
2.14476e-08
1.03688e-06
2.2909e-08
1.04007e-06
3.00874e-08
1.04322e-06
3.25691e-08
1.04689e-06
3.97088e-08
1.05102e-06
4.40564e-08
1.05548e-06
5.14867e-08
1.06138e-06
5.73892e-08
1.06747e-06
6.55872e-08
1.07562e-06
7.31398e-08
1.08449e-06
8.24959e-08
1.09556e-06
9.08122e-08
1.01069e-07
1.10806e-06
1.00023e-06
-3.07012e-10
1.00089e-06
-8.79385e-10
1.00194e-06
-1.42287e-09
1.00333e-06
-1.74505e-09
1.00498e-06
-1.77216e-09
1.0068e-06
-1.53222e-09
1.00875e-06
-1.34508e-09
1.01087e-06
-8.94172e-10
1.01315e-06
-3.96084e-10
1.01556e-06
8.26153e-10
1.01799e-06
1.76698e-09
1.02049e-06
3.4617e-09
1.02299e-06
4.1915e-09
1.02566e-06
6.37269e-09
1.02839e-06
7.31931e-09
1.03139e-06
1.10817e-08
1.0344e-06
1.24261e-08
1.03774e-06
1.81122e-08
1.04094e-06
1.97115e-08
1.04467e-06
2.63546e-08
1.04827e-06
2.89648e-08
1.05258e-06
3.53982e-08
1.05721e-06
3.94252e-08
1.06248e-06
4.62161e-08
1.0688e-06
5.10769e-08
1.07571e-06
5.86713e-08
1.08422e-06
6.46308e-08
1.09376e-06
7.29621e-08
1.10492e-06
7.96511e-08
8.81613e-08
1.11782e-06
1.00026e-06
-5.69935e-10
1.00103e-06
-1.64981e-09
1.00223e-06
-2.62183e-09
1.00381e-06
-3.31972e-09
1.00565e-06
-3.6134e-09
1.00763e-06
-3.51875e-09
1.00974e-06
-3.44854e-09
1.01205e-06
-3.20823e-09
1.01455e-06
-2.8959e-09
1.01719e-06
-1.81371e-09
1.01984e-06
-8.84645e-10
1.02261e-06
6.93791e-10
1.02538e-06
1.42366e-09
1.02837e-06
3.38171e-09
1.03141e-06
4.28183e-09
1.03477e-06
7.71984e-09
1.03806e-06
9.13965e-09
1.04173e-06
1.4436e-08
1.0452e-06
1.62399e-08
1.04925e-06
2.2312e-08
1.05323e-06
2.49848e-08
1.05787e-06
3.07522e-08
1.06293e-06
3.43693e-08
1.06867e-06
4.04779e-08
1.07532e-06
4.44257e-08
1.08279e-06
5.1197e-08
1.09152e-06
5.58999e-08
1.10143e-06
6.30584e-08
1.11276e-06
6.83185e-08
7.54134e-08
1.12551e-06
1.00038e-06
-9.52762e-10
1.0014e-06
-2.66199e-09
1.00288e-06
-4.10646e-09
1.00474e-06
-5.18312e-09
1.00683e-06
-5.69717e-09
1.00899e-06
-5.68652e-09
1.01129e-06
-5.7405e-09
1.01384e-06
-5.75732e-09
1.01656e-06
-5.61644e-09
1.01938e-06
-4.64181e-09
1.02222e-06
-3.71621e-09
1.02522e-06
-2.31506e-09
1.02828e-06
-1.63252e-09
1.03155e-06
1.0765e-10
1.03482e-06
1.01965e-09
1.0384e-06
4.13694e-09
1.04178e-06
5.75647e-09
1.04559e-06
1.06275e-08
1.04916e-06
1.26668e-08
1.05336e-06
1.8113e-08
1.05756e-06
2.07927e-08
1.06247e-06
2.58424e-08
1.06779e-06
2.90464e-08
1.07391e-06
3.43567e-08
1.08079e-06
3.75424e-08
1.08866e-06
4.33282e-08
1.09754e-06
4.70175e-08
1.1077e-06
5.28997e-08
1.11898e-06
5.70445e-08
6.26519e-08
1.13174e-06
1.00047e-06
-1.42537e-09
1.00183e-06
-4.01521e-09
1.00372e-06
-6.00347e-09
1.00595e-06
-7.40889e-09
1.00829e-06
-8.03522e-09
1.01064e-06
-8.0384e-09
1.01316e-06
-8.26082e-09
1.016e-06
-8.59606e-09
1.01896e-06
-8.58e-09
1.02196e-06
-7.6442e-09
1.02498e-06
-6.72853e-09
1.02825e-06
-5.59191e-09
1.03163e-06
-5.01409e-09
1.03534e-06
-3.60091e-09
1.03898e-06
-2.61707e-09
1.0429e-06
2.11674e-10
1.0465e-06
2.15709e-09
1.05036e-06
6.77367e-09
1.05391e-06
9.11934e-09
1.05798e-06
1.40392e-08
1.06213e-06
1.66455e-08
1.06698e-06
2.09855e-08
1.07233e-06
2.37045e-08
1.07855e-06
2.8127e-08
1.08551e-06
3.05836e-08
1.09355e-06
3.52913e-08
1.1025e-06
3.80682e-08
1.1127e-06
4.27043e-08
1.12395e-06
4.5788e-08
5.01292e-08
1.13647e-06
1.00089e-06
-2.31785e-09
1.00286e-06
-5.98646e-09
1.00527e-06
-8.4066e-09
1.00782e-06
-9.95893e-09
1.01033e-06
-1.0551e-08
1.01288e-06
-1.05808e-08
1.01572e-06
-1.11101e-08
1.01893e-06
-1.17989e-08
1.02209e-06
-1.17413e-08
1.02514e-06
-1.07e-08
1.02831e-06
-9.89527e-09
1.03199e-06
-9.26637e-09
1.03593e-06
-8.95636e-09
1.04016e-06
-7.83261e-09
1.04414e-06
-6.59958e-09
1.04801e-06
-3.65936e-09
1.05123e-06
-1.05531e-09
1.0546e-06
3.40392e-09
1.05767e-06
6.04114e-09
1.06139e-06
1.03205e-08
1.06537e-06
1.26679e-08
1.07018e-06
1.61727e-08
1.07557e-06
1.83177e-08
1.08195e-06
2.17431e-08
1.08903e-06
2.35108e-08
1.09722e-06
2.70954e-08
1.10622e-06
2.90657e-08
1.11646e-06
3.24715e-08
1.12759e-06
3.46504e-08
3.77054e-08
1.14002e-06
1.00185e-06
-4.16945e-09
1.00525e-06
-9.38375e-09
1.00855e-06
-1.17091e-08
1.01147e-06
-1.28779e-08
1.01417e-06
-1.32528e-08
1.01699e-06
-1.34012e-08
1.02019e-06
-1.43049e-08
1.02363e-06
-1.52393e-08
1.02679e-06
-1.49061e-08
1.02971e-06
-1.36164e-08
1.03277e-06
-1.29528e-08
1.03638e-06
-1.28773e-08
1.04031e-06
-1.28896e-08
1.04464e-06
-1.21624e-08
1.04878e-06
-1.07387e-08
1.05279e-06
-7.67174e-09
1.05597e-06
-4.22926e-09
1.05909e-06
2.83447e-10
1.06171e-06
3.41276e-09
1.06493e-06
7.10645e-09
1.06842e-06
9.17826e-09
1.0729e-06
1.16907e-08
1.07801e-06
1.32118e-08
1.08433e-06
1.54196e-08
1.09133e-06
1.6508e-08
1.09957e-06
1.88546e-08
1.10861e-06
2.00297e-08
1.11887e-06
2.22099e-08
1.12996e-06
2.35615e-08
2.55668e-08
1.1421e-06
1.00303e-06
-7.20186e-09
1.00685e-06
-1.32042e-08
1.00977e-06
-1.46215e-08
1.01187e-06
-1.49787e-08
1.01361e-06
-1.4996e-08
1.01535e-06
-1.51398e-08
1.0171e-06
-1.60611e-08
1.01849e-06
-1.6624e-08
1.01925e-06
-1.56692e-08
1.01987e-06
-1.42308e-08
1.0208e-06
-1.38911e-08
1.02216e-06
-1.42319e-08
1.02369e-06
-1.44155e-08
1.02538e-06
-1.38532e-08
1.027e-06
-1.23659e-08
1.02882e-06
-9.48778e-09
1.03062e-06
-6.02867e-09
1.03322e-06
-2.31395e-09
1.03624e-06
3.89634e-10
1.04048e-06
2.86927e-09
1.04525e-06
4.40244e-09
1.05111e-06
5.83457e-09
1.05753e-06
6.7919e-09
1.06512e-06
7.82398e-09
1.07318e-06
8.44993e-09
1.08248e-06
9.56132e-09
1.09239e-06
1.01128e-08
1.10347e-06
1.11315e-08
1.11536e-06
1.16702e-08
1.24303e-08
1.1285e-06
9.92798e-07
9.79594e-07
9.64972e-07
9.49994e-07
9.34998e-07
9.19858e-07
9.03797e-07
8.87173e-07
8.71504e-07
8.57273e-07
8.43382e-07
8.2915e-07
8.14734e-07
8.00881e-07
7.88515e-07
7.79027e-07
7.72999e-07
7.70685e-07
7.71074e-07
7.73944e-07
7.78346e-07
7.84181e-07
7.90973e-07
7.98797e-07
8.07246e-07
8.16808e-07
8.26921e-07
8.38052e-07
8.49722e-07
8.62153e-07
4.16466e-07
-7.14281e-08
5.01116e-07
-8.46498e-08
6.19872e-07
-1.18756e-07
6.52883e-07
-3.30112e-08
6.234e-07
2.94835e-08
6.66741e-07
-4.33412e-08
7.72889e-07
-1.06148e-07
8.36764e-07
-6.38753e-08
8.00868e-07
3.58961e-08
-1.00129e-07
9.00997e-07
7.91867e-07
-1.44744e-07
8.21577e-07
-1.1436e-07
8.22581e-07
-1.1976e-07
8.73173e-07
-8.36027e-08
9.09018e-07
-6.36214e-09
8.99617e-07
-3.39401e-08
9.36367e-07
-1.42898e-07
1.03318e-06
-1.60684e-07
1.06922e-06
-1.52662e-10
-7.58976e-08
1.04499e-06
8.64561e-07
-1.55283e-07
8.91762e-07
-1.4156e-07
8.66733e-07
-9.47317e-08
8.9263e-07
-1.095e-07
9.577e-07
-7.14318e-08
9.93712e-07
-6.99515e-08
9.56834e-07
-1.06021e-07
9.88948e-07
-1.92799e-07
1.05027e-06
-6.14779e-08
-1.50344e-07
1.12472e-06
9.23958e-07
-1.55432e-07
9.29332e-07
-1.46934e-07
9.42121e-07
-1.07521e-07
9.50289e-07
-1.17669e-07
9.67493e-07
-8.86358e-08
1.00275e-06
-1.0521e-07
1.01326e-06
-1.16526e-07
1.00187e-06
-1.81414e-07
1.05218e-06
-1.11786e-07
-1.96406e-07
1.09824e-06
9.60217e-07
-1.54265e-07
9.61852e-07
-1.48569e-07
9.64735e-07
-1.10403e-07
9.78247e-07
-1.31181e-07
9.91228e-07
-1.01617e-07
1.01344e-06
-1.27426e-07
1.01776e-06
-1.20839e-07
1.02068e-06
-1.84339e-07
1.06187e-06
-1.52969e-07
-2.1776e-07
1.08322e-06
9.91952e-07
-1.52495e-07
9.90112e-07
-1.46729e-07
9.99446e-07
-1.19737e-07
1.00388e-06
-1.35619e-07
1.01395e-06
-1.11684e-07
1.0236e-06
-1.37074e-07
1.03859e-06
-1.35834e-07
1.03344e-06
-1.79186e-07
1.04892e-06
-1.68453e-07
-2.31825e-07
1.06299e-06
1.01751e-06
-1.48044e-07
1.01608e-06
-1.45299e-07
1.01868e-06
-1.2234e-07
1.02034e-06
-1.37278e-07
1.02783e-06
-1.19168e-07
1.03146e-06
-1.4071e-07
1.03823e-06
-1.42601e-07
1.03951e-06
-1.80463e-07
1.05314e-06
-1.82087e-07
-2.36126e-07
1.05744e-06
1.04091e-06
-1.43985e-07
1.03593e-06
-1.40319e-07
1.03799e-06
-1.24393e-07
1.03606e-06
-1.35353e-07
1.04126e-06
-1.2437e-07
1.0429e-06
-1.42348e-07
1.04567e-06
-1.45374e-07
1.04095e-06
-1.7574e-07
1.04462e-06
-1.85761e-07
-2.32225e-07
1.04072e-06
1.05872e-06
-1.37165e-07
1.05339e-06
-1.3499e-07
1.05211e-06
-1.23119e-07
1.04867e-06
-1.31908e-07
1.04877e-06
-1.24474e-07
1.04584e-06
-1.39412e-07
1.04585e-06
-1.45384e-07
1.04238e-06
-1.72272e-07
1.03975e-06
-1.83135e-07
-2.22842e-07
1.03037e-06
1.07492e-06
-1.30004e-07
1.06757e-06
-1.27638e-07
1.06377e-06
-1.19318e-07
1.05783e-06
-1.25964e-07
1.05621e-06
-1.22855e-07
1.05205e-06
-1.35249e-07
1.04762e-06
-1.40953e-07
1.03932e-06
-1.63978e-07
1.03317e-06
-1.76981e-07
-2.10393e-07
1.02072e-06
1.08729e-06
-1.20753e-07
1.07895e-06
-1.19293e-07
1.07292e-06
-1.1329e-07
1.0658e-06
-1.18845e-07
1.06023e-06
-1.17283e-07
1.05299e-06
-1.28009e-07
1.04657e-06
-1.34533e-07
1.03716e-06
-1.54569e-07
1.02674e-06
-1.66563e-07
-1.95044e-07
1.01139e-06
1.09806e-06
-1.10753e-07
1.08826e-06
-1.09486e-07
1.08023e-06
-1.05263e-07
1.07111e-06
-1.09727e-07
1.06375e-06
-1.09926e-07
1.05489e-06
-1.19143e-07
1.04567e-06
-1.25318e-07
1.03354e-06
-1.42432e-07
1.02105e-06
-1.54078e-07
-1.77837e-07
1.00384e-06
1.1064e-06
-9.93314e-08
1.09548e-06
-9.8563e-08
1.0858e-06
-9.55797e-08
1.07544e-06
-9.937e-08
1.0657e-06
-1.00187e-07
1.05486e-06
-1.083e-07
1.04377e-06
-1.14234e-07
1.03019e-06
-1.28846e-07
1.01536e-06
-1.39253e-07
-1.59211e-07
9.96735e-07
1.11326e-06
-8.70814e-08
1.1012e-06
-8.65061e-08
1.0901e-06
-8.44835e-08
1.07831e-06
-8.75802e-08
1.06709e-06
-8.89592e-08
1.05474e-06
-9.59528e-08
1.04193e-06
-1.0142e-07
1.02675e-06
-1.13668e-07
1.01052e-06
-1.23022e-07
-1.39483e-07
9.90789e-07
1.1185e-06
-7.38466e-08
1.10552e-06
-7.35198e-08
1.09323e-06
-7.21963e-08
1.0804e-06
-7.4753e-08
1.06773e-06
-7.62818e-08
1.05405e-06
-8.22782e-08
1.03984e-06
-8.72049e-08
1.02357e-06
-9.74075e-08
1.00604e-06
-1.05488e-07
-1.18974e-07
9.85532e-07
1.12251e-06
-5.98864e-08
1.10869e-06
-5.96981e-08
1.09543e-06
-5.89357e-08
1.08164e-06
-6.09563e-08
1.06793e-06
-6.25771e-08
1.05318e-06
-6.75274e-08
1.0379e-06
-7.19235e-08
1.02067e-06
-8.0176e-08
1.00225e-06
-8.70681e-08
-9.78055e-08
9.81078e-07
1.1254e-06
-4.52637e-08
1.11087e-06
-4.51746e-08
1.09682e-06
-4.48868e-08
1.08226e-06
-4.63895e-08
1.06769e-06
-4.80062e-08
1.05205e-06
-5.18959e-08
1.03586e-06
-5.5726e-08
1.01783e-06
-6.2146e-08
9.98598e-07
-6.78395e-08
-7.60202e-08
9.76813e-07
1.12672e-06
-2.98862e-08
1.11134e-06
-2.97932e-08
1.09641e-06
-2.99558e-08
1.08097e-06
-3.09505e-08
1.0655e-06
-3.25388e-08
1.04885e-06
-3.52483e-08
1.03159e-06
-3.84593e-08
1.01239e-06
-4.29521e-08
9.91986e-07
-4.74313e-08
-5.30004e-08
9.68966e-07
1.11072e-06
-1.21035e-08
1.09328e-06
-1.23534e-08
1.0762e-06
-1.28776e-08
1.05885e-06
-1.3601e-08
1.04117e-06
-1.48624e-08
1.02237e-06
-1.64499e-08
1.00252e-06
-1.86022e-08
9.80652e-07
-2.10873e-08
9.57115e-07
-2.38952e-08
-2.66781e-08
9.30793e-07
8.50049e-07
8.37696e-07
8.24818e-07
8.11217e-07
7.96355e-07
7.79905e-07
7.61303e-07
7.40215e-07
7.1632e-07
6.89642e-07
-1.26697e-08
1.26697e-08
-1.04516e-07
9.18463e-08
-2.52025e-07
1.47509e-07
-4.702e-07
2.18175e-07
-6.98938e-07
2.28738e-07
-8.57282e-07
1.58344e-07
-8.82735e-07
2.54528e-08
-7.97687e-07
-8.50475e-08
-6.47622e-07
-1.50066e-07
-4.64197e-07
-1.83424e-07
-2.75671e-07
-1.88527e-07
-1.01766e-07
-1.73905e-07
5.07904e-08
-1.52556e-07
1.76895e-07
-1.26105e-07
2.74004e-07
-9.71082e-08
3.43585e-07
-6.95818e-08
3.9017e-07
-4.65846e-08
4.19071e-07
-2.89013e-08
4.35211e-07
-1.614e-08
4.42649e-07
-7.43825e-09
4.44511e-07
-1.86132e-09
4.43073e-07
1.43771e-09
4.3993e-07
3.14286e-09
4.36122e-07
3.80805e-09
4.3228e-07
3.84177e-09
4.28723e-07
3.55786e-09
4.25611e-07
3.11135e-09
4.2295e-07
2.6614e-09
4.20728e-07
2.22199e-09
4.18874e-07
1.85413e-09
4.17348e-07
1.52577e-09
4.16086e-07
1.26189e-09
4.15055e-07
1.03101e-09
4.14216e-07
8.39242e-10
4.13535e-07
6.81122e-10
4.13009e-07
5.25233e-10
4.12585e-07
4.24637e-10
4.12305e-07
2.79921e-10
4.12075e-07
2.30016e-10
7.6808e-11
-1.71644e-08
2.98341e-08
-1.54639e-07
2.29321e-07
-3.63897e-07
3.56768e-07
-5.92998e-07
4.47276e-07
-7.92066e-07
4.27806e-07
-8.9074e-07
2.57019e-07
-8.69438e-07
4.15055e-09
-7.58233e-07
-1.96253e-07
-5.88044e-07
-3.20255e-07
-3.9759e-07
-3.73878e-07
-2.05206e-07
-3.8091e-07
-3.37344e-08
-3.45377e-07
1.22181e-07
-3.08472e-07
2.53583e-07
-2.57507e-07
3.60749e-07
-2.04274e-07
4.44543e-07
-1.53376e-07
5.08327e-07
-1.10369e-07
5.56264e-07
-7.68381e-08
5.92121e-07
-5.19963e-08
6.18822e-07
-3.41401e-08
6.38531e-07
-2.15695e-08
6.52858e-07
-1.28895e-08
6.631e-07
-7.0988e-09
6.70287e-07
-3.37944e-09
6.75255e-07
-1.12587e-09
6.78621e-07
1.91651e-10
6.80947e-07
7.85413e-10
6.82531e-07
1.07725e-09
6.83655e-07
1.0981e-09
6.84445e-07
1.06429e-09
6.85039e-07
9.31494e-10
6.8548e-07
8.20679e-10
6.85841e-07
6.69812e-10
6.86133e-07
5.47901e-10
6.86392e-07
4.22189e-10
6.8663e-07
2.86839e-10
6.86856e-07
1.98326e-10
6.87093e-07
4.29607e-11
6.87327e-07
-4.16952e-12
-1.88597e-10
-7.94446e-08
1.09279e-07
-2.61462e-07
4.11338e-07
-4.16314e-07
5.11619e-07
-5.56087e-07
5.87049e-07
-6.82903e-07
5.54621e-07
-7.11974e-07
2.8609e-07
-6.64705e-07
-4.31183e-08
-5.40311e-07
-3.20647e-07
-3.71607e-07
-4.88959e-07
-1.95193e-07
-5.50292e-07
-3.20119e-08
-5.44092e-07
1.13351e-07
-4.9074e-07
2.33929e-07
-4.29049e-07
3.34133e-07
-3.57712e-07
4.14838e-07
-2.84979e-07
4.79074e-07
-2.17611e-07
5.30554e-07
-1.61849e-07
5.72205e-07
-1.18489e-07
6.0601e-07
-8.58012e-08
6.33407e-07
-6.15371e-08
6.55526e-07
-4.36892e-08
6.73239e-07
-3.06018e-08
6.87279e-07
-2.11388e-08
6.98227e-07
-1.43275e-08
7.06707e-07
-9.60632e-09
7.13203e-07
-6.30386e-09
7.1818e-07
-4.19152e-09
7.21975e-07
-2.71771e-09
7.24921e-07
-1.84862e-09
7.27204e-07
-1.21881e-09
7.29025e-07
-8.88991e-10
7.30464e-07
-6.18943e-10
7.31653e-07
-5.18965e-10
7.32615e-07
-4.1395e-10
7.33438e-07
-4.01039e-10
7.34125e-07
-3.99974e-10
7.3474e-07
-4.16424e-10
7.35276e-07
-4.92681e-10
7.35782e-07
-5.10799e-10
-6.59863e-10
-8.26904e-08
1.91969e-07
-1.5682e-07
4.85468e-07
-2.40434e-07
5.95233e-07
-3.60197e-07
7.06813e-07
-4.13998e-07
6.08422e-07
-4.01562e-07
2.73653e-07
-3.46453e-07
-9.8227e-08
-2.46301e-07
-4.20799e-07
-1.05799e-07
-6.2946e-07
4.40713e-08
-7.00163e-07
1.89225e-07
-6.89246e-07
3.1455e-07
-6.16065e-07
4.09867e-07
-5.24365e-07
4.8068e-07
-4.28525e-07
5.29333e-07
-3.33632e-07
5.60888e-07
-2.49167e-07
5.84323e-07
-1.85284e-07
6.06246e-07
-1.40411e-07
6.27968e-07
-1.07523e-07
6.4827e-07
-8.18394e-08
6.66046e-07
-6.14651e-08
6.80933e-07
-4.54886e-08
6.931e-07
-3.33063e-08
7.02892e-07
-2.41188e-08
7.10742e-07
-1.74566e-08
7.16974e-07
-1.25356e-08
7.21936e-07
-9.15412e-09
7.25862e-07
-6.64309e-09
7.29007e-07
-4.99444e-09
7.31514e-07
-3.72556e-09
7.33558e-07
-2.93294e-09
7.35203e-07
-2.2638e-09
7.36579e-07
-1.89493e-09
7.377e-07
-1.53539e-09
7.38665e-07
-1.36602e-09
7.39467e-07
-1.20173e-09
7.40184e-07
-1.13302e-09
7.40798e-07
-1.10736e-09
7.41375e-07
-1.08751e-09
-1.18321e-09
-1.57855e-07
3.49825e-07
-2.08548e-07
5.36161e-07
-1.90683e-07
5.77368e-07
-1.35493e-07
6.51623e-07
-7.73044e-08
5.50233e-07
-3.26027e-08
2.28951e-07
-6.32831e-10
-1.30197e-07
2.89623e-08
-4.50394e-07
1.01791e-07
-7.02289e-07
2.11559e-07
-8.09931e-07
3.19273e-07
-7.96959e-07
4.23225e-07
-7.20017e-07
5.07195e-07
-6.08335e-07
5.73029e-07
-4.9436e-07
6.22431e-07
-3.83033e-07
6.4837e-07
-2.75106e-07
6.53862e-07
-1.90777e-07
6.53162e-07
-1.39711e-07
6.56502e-07
-1.10864e-07
6.65329e-07
-9.06655e-08
6.76937e-07
-7.30739e-08
6.88555e-07
-5.71058e-08
6.98732e-07
-4.34839e-08
7.07079e-07
-3.24653e-08
7.13793e-07
-2.41712e-08
7.1916e-07
-1.79023e-08
7.23502e-07
-1.34963e-08
7.27009e-07
-1.01501e-08
7.29886e-07
-7.87095e-09
7.32225e-07
-6.06528e-09
7.34169e-07
-4.87626e-09
7.35754e-07
-3.84883e-09
7.37094e-07
-3.23559e-09
7.38194e-07
-2.63547e-09
7.39147e-07
-2.31821e-09
7.39939e-07
-1.99453e-09
7.4065e-07
-1.84354e-09
7.41259e-07
-1.71613e-09
7.41831e-07
-1.65948e-09
-1.70108e-09
1.449e-07
2.04925e-07
1.16955e-07
5.64105e-07
2.15974e-07
4.78348e-07
2.96871e-07
5.70726e-07
3.65369e-07
4.81735e-07
3.81033e-07
2.13288e-07
3.61978e-07
-1.11142e-07
3.33681e-07
-4.22097e-07
3.41698e-07
-7.10306e-07
3.93615e-07
-8.61848e-07
4.51195e-07
-8.54539e-07
5.03599e-07
-7.72421e-07
5.43766e-07
-6.48502e-07
5.71887e-07
-5.22481e-07
6.09078e-07
-4.20224e-07
6.5414e-07
-3.20168e-07
6.85392e-07
-2.22029e-07
6.94727e-07
-1.49045e-07
6.92233e-07
-1.0837e-07
6.89732e-07
-8.81649e-08
6.91803e-07
-7.51446e-08
6.97509e-07
-6.28118e-08
7.04529e-07
-5.05041e-08
7.11207e-07
-3.91426e-08
7.16904e-07
-2.9869e-08
7.21537e-07
-2.25353e-08
7.25301e-07
-1.72601e-08
7.28354e-07
-1.32028e-08
7.30882e-07
-1.03989e-08
7.32963e-07
-8.1467e-09
7.34717e-07
-6.62985e-09
7.36165e-07
-5.29656e-09
7.37403e-07
-4.47405e-09
7.38428e-07
-3.66018e-09
7.39321e-07
-3.21149e-09
7.40068e-07
-2.74176e-09
7.40741e-07
-2.51578e-09
7.41318e-07
-2.29314e-09
7.41861e-07
-2.20281e-09
-2.1923e-09
-4.21737e-08
2.47099e-07
1.94512e-07
3.2742e-07
4.03235e-07
2.69625e-07
6.14428e-07
3.59533e-07
7.34404e-07
3.6176e-07
7.61492e-07
1.86199e-07
7.31831e-07
-8.14809e-08
7.09479e-07
-3.99745e-07
6.92043e-07
-6.92871e-07
6.74327e-07
-8.44131e-07
6.63894e-07
-8.44106e-07
6.56294e-07
-7.64821e-07
6.4607e-07
-6.38278e-07
6.1508e-07
-4.91491e-07
5.84038e-07
-3.89182e-07
5.89859e-07
-3.25989e-07
6.28393e-07
-2.60562e-07
6.69915e-07
-1.90568e-07
6.95763e-07
-1.34217e-07
7.0608e-07
-9.84822e-08
7.08843e-07
-7.79074e-08
7.10396e-07
-6.43648e-08
7.13056e-07
-5.31647e-08
7.16657e-07
-4.27434e-08
7.20486e-07
-3.36973e-08
7.24017e-07
-2.60666e-08
7.27098e-07
-2.03416e-08
7.29698e-07
-1.58022e-08
7.31905e-07
-1.26062e-08
7.33752e-07
-9.9933e-09
7.35327e-07
-8.20483e-09
7.36638e-07
-6.60809e-09
7.37768e-07
-5.60383e-09
7.38707e-07
-4.59975e-09
7.3953e-07
-4.03382e-09
7.40219e-07
-3.43142e-09
7.40841e-07
-3.1376e-09
7.41375e-07
-2.82719e-09
7.41879e-07
-2.70644e-09
-2.64658e-09
7.24486e-07
4.2361e-07
6.7284e-07
3.79065e-07
6.81479e-07
2.60987e-07
8.22964e-07
2.18048e-07
9.75864e-07
2.0886e-07
1.04065e-06
1.21411e-07
1.02685e-06
-6.7678e-08
1.035e-06
-4.07897e-07
1.04492e-06
-7.02791e-07
9.83163e-07
-7.82372e-07
8.91335e-07
-7.52277e-07
8.17905e-07
-6.91391e-07
7.71594e-07
-5.91968e-07
7.28828e-07
-4.48724e-07
6.67457e-07
-3.27811e-07
6.16167e-07
-2.74699e-07
6.08696e-07
-2.53092e-07
6.40151e-07
-2.22023e-07
6.84401e-07
-1.78467e-07
7.21038e-07
-1.35119e-07
7.43377e-07
-1.00247e-07
7.54006e-07
-7.49934e-08
7.58331e-07
-5.749e-08
7.6047e-07
-4.48825e-08
7.62317e-07
-3.55437e-08
7.64307e-07
-2.80568e-08
7.66371e-07
-2.2406e-08
7.68322e-07
-1.77533e-08
7.70097e-07
-1.4381e-08
7.71645e-07
-1.15412e-08
7.73007e-07
-9.56651e-09
7.74167e-07
-7.76859e-09
7.75186e-07
-6.62277e-09
7.76045e-07
-5.45895e-09
7.76806e-07
-4.79437e-09
7.77449e-07
-4.07423e-09
7.78032e-07
-3.72079e-09
7.78534e-07
-3.32957e-09
7.7901e-07
-3.18161e-09
-3.07468e-09
1.06382e-06
4.04788e-07
1.1015e-06
3.41383e-07
1.10003e-06
2.62457e-07
1.13045e-06
1.8763e-07
1.20713e-06
1.32178e-07
1.24799e-06
8.05462e-08
1.22581e-06
-4.54996e-08
1.19959e-06
-3.81678e-07
1.17756e-06
-6.8076e-07
1.10522e-06
-7.10031e-07
9.83154e-07
-6.3021e-07
8.70995e-07
-5.79232e-07
7.89742e-07
-5.10714e-07
7.45041e-07
-4.04024e-07
7.19193e-07
-3.01963e-07
6.8992e-07
-2.45427e-07
6.61768e-07
-2.2494e-07
6.50834e-07
-2.11089e-07
6.6281e-07
-1.90443e-07
6.89628e-07
-1.61937e-07
7.18895e-07
-1.29514e-07
7.4178e-07
-9.78788e-08
7.55832e-07
-7.15418e-08
7.62865e-07
-5.19147e-08
7.65976e-07
-3.86548e-08
7.67529e-07
-2.96105e-08
7.68753e-07
-2.36295e-08
7.70008e-07
-1.9008e-08
7.7133e-07
-1.57036e-08
7.72605e-07
-1.28163e-08
7.73788e-07
-1.0749e-08
7.74815e-07
-8.79531e-09
7.75717e-07
-7.52522e-09
7.76475e-07
-6.21702e-09
7.77143e-07
-5.4618e-09
7.77705e-07
-4.63623e-09
7.78213e-07
-4.22923e-09
7.7865e-07
-3.7665e-09
7.79063e-07
-3.59453e-09
-3.44514e-09
1.18767e-06
3.41837e-07
1.23514e-06
2.93919e-07
1.26721e-06
2.30379e-07
1.28911e-06
1.65735e-07
1.31013e-06
1.1116e-07
1.3311e-06
5.95754e-08
1.36377e-06
-7.81702e-08
1.32546e-06
-3.43365e-07
1.19835e-06
-5.53657e-07
1.07288e-06
-5.84563e-07
9.65281e-07
-5.22606e-07
8.73919e-07
-4.87869e-07
8.05426e-07
-4.42222e-07
7.61604e-07
-3.60202e-07
7.53723e-07
-2.94081e-07
7.72978e-07
-2.64683e-07
7.89066e-07
-2.41027e-07
7.8226e-07
-2.04284e-07
7.59255e-07
-1.67438e-07
7.39394e-07
-1.42076e-07
7.33015e-07
-1.23134e-07
7.38454e-07
-1.03319e-07
7.48733e-07
-8.18203e-08
7.58246e-07
-6.14276e-08
7.64988e-07
-4.53967e-08
7.69091e-07
-3.37141e-08
7.71419e-07
-2.59574e-08
7.72776e-07
-2.03651e-08
7.7371e-07
-1.66378e-08
7.74474e-07
-1.35797e-08
7.75189e-07
-1.14643e-08
7.75855e-07
-9.46134e-09
7.7649e-07
-8.1598e-09
7.77055e-07
-6.78217e-09
7.77574e-07
-5.98113e-09
7.78023e-07
-5.0848e-09
7.78436e-07
-4.64216e-09
7.78794e-07
-4.12438e-09
7.79134e-07
-3.93472e-09
-3.75047e-09
1.15571e-06
2.84368e-07
1.20565e-06
2.43979e-07
1.24483e-06
1.91202e-07
1.26796e-06
1.42602e-07
1.27483e-06
1.04291e-07
1.29608e-06
3.83261e-08
1.33739e-06
-1.19486e-07
1.29013e-06
-2.96102e-07
1.15127e-06
-4.14792e-07
1.04052e-06
-4.73812e-07
9.70118e-07
-4.52208e-07
8.94893e-07
-4.12645e-07
8.3853e-07
-3.85858e-07
8.122e-07
-3.33873e-07
7.94578e-07
-2.76459e-07
7.86288e-07
-2.56393e-07
8.0017e-07
-2.54908e-07
8.2774e-07
-2.31854e-07
8.45721e-07
-1.85419e-07
8.41348e-07
-1.37703e-07
8.2064e-07
-1.02426e-07
7.96875e-07
-7.95537e-08
7.79317e-07
-6.42625e-08
7.70283e-07
-5.23933e-08
7.67596e-07
-4.27096e-08
7.68021e-07
-3.41393e-08
7.69632e-07
-2.75681e-08
7.71441e-07
-2.21741e-08
7.73079e-07
-1.82757e-08
7.7442e-07
-1.49209e-08
7.75492e-07
-1.25362e-08
7.76323e-07
-1.02928e-08
7.76991e-07
-8.82698e-09
7.77519e-07
-7.31088e-09
7.77967e-07
-6.42842e-09
7.78336e-07
-5.4541e-09
7.78666e-07
-4.97252e-09
7.78948e-07
-4.40634e-09
7.79214e-07
-4.20053e-09
-3.98679e-09
1.12267e-06
2.44921e-07
1.16515e-06
2.01494e-07
1.19438e-06
1.61978e-07
1.21982e-06
1.17156e-07
1.24766e-06
7.64501e-08
1.2809e-06
5.08475e-09
1.2796e-06
-1.18176e-07
1.21605e-06
-2.32561e-07
1.12469e-06
-3.23432e-07
1.05092e-06
-4.00035e-07
9.98204e-07
-3.99496e-07
9.33024e-07
-3.47464e-07
8.78626e-07
-3.31461e-07
8.70627e-07
-3.25874e-07
8.69373e-07
-2.75206e-07
8.26324e-07
-2.13344e-07
7.6142e-07
-1.90004e-07
7.24123e-07
-1.94557e-07
7.29946e-07
-1.91242e-07
7.59379e-07
-1.67136e-07
7.87895e-07
-1.30942e-07
8.03067e-07
-9.4726e-08
8.05089e-07
-6.62842e-08
7.99465e-07
-4.67699e-08
7.92033e-07
-3.52774e-08
7.85954e-07
-2.806e-08
7.81902e-07
-2.3517e-08
7.79535e-07
-1.98069e-08
7.78313e-07
-1.70533e-08
7.7779e-07
-1.43983e-08
7.77678e-07
-1.24243e-08
7.77781e-07
-1.03956e-08
7.77995e-07
-9.04099e-09
7.78239e-07
-7.55513e-09
7.78491e-07
-6.6803e-09
7.7872e-07
-5.68334e-09
7.78937e-07
-5.1893e-09
7.79127e-07
-4.59608e-09
7.79308e-07
-4.38202e-09
-4.14855e-09
1.10859e-06
1.99325e-07
1.1379e-06
1.72178e-07
1.1628e-06
1.37078e-07
1.18591e-06
9.40498e-08
1.2035e-06
5.8862e-08
1.21972e-06
-1.11395e-08
1.21917e-06
-1.17623e-07
1.1883e-06
-2.01689e-07
1.12187e-06
-2.57002e-07
1.03342e-06
-3.11588e-07
9.71241e-07
-3.37319e-07
9.36739e-07
-3.12963e-07
8.91629e-07
-2.86351e-07
8.45603e-07
-2.79848e-07
8.25252e-07
-2.54854e-07
8.14567e-07
-2.02659e-07
7.86413e-07
-1.61849e-07
7.42933e-07
-1.51077e-07
7.05873e-07
-1.54183e-07
6.91005e-07
-1.52268e-07
6.97246e-07
-1.37182e-07
7.13784e-07
-1.11264e-07
7.31637e-07
-8.41367e-08
7.46655e-07
-6.17884e-08
7.57579e-07
-4.62016e-08
7.64998e-07
-3.54781e-08
7.69899e-07
-2.84189e-08
7.73106e-07
-2.30137e-08
7.7521e-07
-1.91574e-08
7.76582e-07
-1.57701e-08
7.77479e-07
-1.33211e-08
7.7806e-07
-1.09767e-08
7.78449e-07
-9.42968e-09
7.78715e-07
-7.82127e-09
7.78914e-07
-6.87952e-09
7.79067e-07
-5.83642e-09
7.79197e-07
-5.31969e-09
7.79306e-07
-4.70414e-09
7.79406e-07
-4.48234e-09
-4.23507e-09
1.08338e-06
1.73383e-07
1.10891e-06
1.46656e-07
1.13379e-06
1.12192e-07
1.15436e-06
7.34867e-08
1.17911e-06
3.41085e-08
1.18477e-06
-1.68017e-08
1.15739e-06
-9.02453e-08
1.13391e-06
-1.78207e-07
1.10931e-06
-2.32398e-07
1.04452e-06
-2.46803e-07
9.74107e-07
-2.66904e-07
9.48353e-07
-2.87209e-07
9.33923e-07
-2.71921e-07
8.87365e-07
-2.33289e-07
8.37191e-07
-2.0468e-07
8.29585e-07
-1.95054e-07
8.63587e-07
-1.9585e-07
9.02932e-07
-1.90422e-07
9.16746e-07
-1.67996e-07
8.99696e-07
-1.35219e-07
8.66726e-07
-1.04213e-07
8.35055e-07
-7.9594e-08
8.12435e-07
-6.15167e-08
7.98749e-07
-4.81017e-08
7.91012e-07
-3.84648e-08
7.86598e-07
-3.10645e-08
7.83913e-07
-2.57342e-08
7.82186e-07
-2.12861e-08
7.81045e-07
-1.80168e-08
7.80317e-07
-1.50418e-08
7.79878e-07
-1.28822e-08
7.7964e-07
-1.07389e-08
7.79526e-07
-9.31563e-09
7.79483e-07
-7.77761e-09
7.79473e-07
-6.86998e-09
7.79478e-07
-5.84154e-09
7.79489e-07
-5.33051e-09
7.795e-07
-4.71519e-09
7.79512e-07
-4.49381e-09
-4.24333e-09
1.06793e-06
1.4618e-07
1.09212e-06
1.22465e-07
1.1094e-06
9.49122e-08
1.12379e-06
5.9091e-08
1.13945e-06
1.84483e-08
1.14943e-06
-2.67795e-08
1.14021e-06
-8.10264e-08
1.10233e-06
-1.40327e-07
1.06118e-06
-1.91249e-07
1.03657e-06
-2.22194e-07
1.00096e-06
-2.31285e-07
9.45243e-07
-2.31497e-07
9.03374e-07
-2.30052e-07
8.89056e-07
-2.18971e-07
8.7925e-07
-1.94874e-07
8.5271e-07
-1.68514e-07
8.10895e-07
-1.54035e-07
7.72708e-07
-1.52235e-07
7.52069e-07
-1.47357e-07
7.47231e-07
-1.30381e-07
7.50065e-07
-1.07047e-07
7.55366e-07
-8.4895e-08
7.60958e-07
-6.7108e-08
7.66056e-07
-5.32e-08
7.70314e-07
-4.27231e-08
7.73638e-07
-3.43886e-08
7.76091e-07
-2.8187e-08
7.77798e-07
-2.29934e-08
7.7891e-07
-1.91284e-08
7.79571e-07
-1.57031e-08
7.79911e-07
-1.32215e-08
7.80043e-07
-1.08711e-08
7.8005e-07
-9.32246e-09
7.79999e-07
-7.72745e-09
7.79922e-07
-6.79223e-09
7.79842e-07
-5.76173e-09
7.79761e-07
-5.24969e-09
7.79687e-07
-4.64136e-09
7.79615e-07
-4.42177e-09
-4.17504e-09
1.05258e-06
1.23969e-07
1.07255e-06
1.02495e-07
1.09137e-06
7.60937e-08
1.10566e-06
4.48021e-08
1.11127e-06
1.28384e-08
1.11281e-06
-2.83222e-08
1.10951e-06
-7.77278e-08
1.08916e-06
-1.19975e-07
1.05284e-06
-1.54926e-07
1.01715e-06
-1.86509e-07
9.89556e-07
-2.03689e-07
9.59406e-07
-2.01347e-07
9.22937e-07
-1.93583e-07
8.944e-07
-1.90434e-07
8.83727e-07
-1.84201e-07
8.82792e-07
-1.67579e-07
8.75709e-07
-1.46953e-07
8.55416e-07
-1.31941e-07
8.30716e-07
-1.22658e-07
8.1183e-07
-1.11495e-07
8.01264e-07
-9.64812e-08
7.96293e-07
-7.99239e-08
7.93726e-07
-6.45412e-08
7.91836e-07
-5.131e-08
7.90013e-07
-4.08999e-08
7.88209e-07
-3.25842e-08
7.86495e-07
-2.6473e-08
7.84991e-07
-2.149e-08
7.83737e-07
-1.78738e-08
7.82758e-07
-1.47245e-08
7.82012e-07
-1.24749e-08
7.81463e-07
-1.03226e-08
7.81043e-07
-8.90277e-09
7.80724e-07
-7.40775e-09
7.80458e-07
-6.52642e-09
7.80241e-07
-5.54435e-09
7.80046e-07
-5.05492e-09
7.79878e-07
-4.47378e-09
7.7972e-07
-4.26318e-09
-4.03036e-09
1.04065e-06
1.04039e-07
1.05822e-06
8.49256e-08
1.07205e-06
6.22618e-08
1.08213e-06
3.47175e-08
1.09096e-06
4.01366e-09
1.09172e-06
-2.9085e-08
1.0796e-06
-6.56093e-08
1.06449e-06
-1.04859e-07
1.04575e-06
-1.36191e-07
1.01341e-06
-1.54164e-07
9.77556e-07
-1.67838e-07
9.55087e-07
-1.78878e-07
9.39166e-07
-1.77662e-07
9.12718e-07
-1.63987e-07
8.78548e-07
-1.50031e-07
8.52886e-07
-1.41917e-07
8.41725e-07
-1.35791e-07
8.38138e-07
-1.28355e-07
8.31968e-07
-1.16487e-07
8.21173e-07
-1.007e-07
8.08949e-07
-8.42572e-08
7.98583e-07
-6.95578e-08
7.91414e-07
-5.73725e-08
7.87207e-07
-4.7103e-08
7.85067e-07
-3.87596e-08
7.8411e-07
-3.16276e-08
7.83694e-07
-2.6057e-08
7.83454e-07
-2.12502e-08
7.83201e-07
-1.76206e-08
7.82885e-07
-1.44081e-08
7.82495e-07
-1.20848e-08
7.82079e-07
-9.90743e-09
7.81655e-07
-8.47872e-09
7.81268e-07
-7.02052e-09
7.80908e-07
-6.1659e-09
7.80595e-07
-5.23214e-09
7.80307e-07
-4.76661e-09
7.80056e-07
-4.22273e-09
7.79817e-07
-4.02411e-09
-3.81292e-09
1.02887e-06
8.65628e-08
1.04434e-06
6.94552e-08
1.0573e-06
4.93051e-08
1.06623e-06
2.57817e-08
1.07024e-06
1.08306e-11
1.07009e-06
-2.89426e-08
1.06483e-06
-6.03429e-08
1.04869e-06
-8.87206e-08
1.02638e-06
-1.13884e-07
1.00707e-06
-1.3485e-07
9.85812e-07
-1.46582e-07
9.56042e-07
-1.49108e-07
9.26727e-07
-1.48347e-07
9.09222e-07
-1.46483e-07
9.00365e-07
-1.41174e-07
8.89054e-07
-1.30606e-07
8.70936e-07
-1.17673e-07
8.48838e-07
-1.06257e-07
8.29427e-07
-9.7075e-08
8.16275e-07
-8.75487e-08
8.08595e-07
-7.65764e-08
8.04006e-07
-6.49694e-08
8.00662e-07
-5.40285e-08
7.97732e-07
-4.41731e-08
7.94975e-07
-3.6002e-08
7.9243e-07
-2.90825e-08
7.90135e-07
-2.37628e-08
7.88165e-07
-1.92802e-08
7.86506e-07
-1.59612e-08
7.85164e-07
-1.30658e-08
7.84072e-07
-1.09931e-08
7.83203e-07
-9.03882e-09
7.8248e-07
-7.75585e-09
7.81891e-07
-6.43118e-09
7.81379e-07
-5.65337e-09
7.80949e-07
-4.80262e-09
7.8056e-07
-4.37777e-09
7.80225e-07
-3.88757e-09
7.79908e-07
-3.70675e-09
-3.52611e-09
1.0194e-06
7.10015e-08
1.03273e-06
5.61302e-08
1.04335e-06
3.86862e-08
1.05089e-06
1.82402e-08
1.05489e-06
-3.98495e-09
1.05385e-06
-2.79095e-08
1.04669e-06
-5.31766e-08
1.0357e-06
-7.77305e-08
1.02013e-06
-9.83189e-08
9.98569e-07
-1.13288e-07
9.75944e-07
-1.23958e-07
9.57219e-07
-1.30383e-07
9.39605e-07
-1.30733e-07
9.18738e-07
-1.25615e-07
8.95893e-07
-1.18329e-07
8.76558e-07
-1.1127e-07
8.62943e-07
-1.04058e-07
8.5293e-07
-9.62445e-08
8.43152e-07
-8.72966e-08
8.32432e-07
-7.68289e-08
8.21801e-07
-6.59459e-08
8.12454e-07
-5.56221e-08
8.0497e-07
-4.65445e-08
7.99364e-07
-3.85668e-08
7.95302e-07
-3.19405e-08
7.92381e-07
-2.61617e-08
7.90207e-07
-2.15889e-08
7.88519e-07
-1.75914e-08
7.87113e-07
-1.45558e-08
7.85912e-07
-1.18643e-08
7.84843e-07
-9.92441e-09
7.83918e-07
-8.11407e-09
7.83097e-07
-6.93465e-09
7.82401e-07
-5.73531e-09
7.81783e-07
-5.03547e-09
7.8126e-07
-4.27965e-09
7.80785e-07
-3.90244e-09
7.80375e-07
-3.47732e-09
7.79986e-07
-3.31823e-09
-3.17548e-09
1.01051e-06
5.7229e-08
1.02246e-06
4.41798e-08
1.03198e-06
2.91597e-08
1.03834e-06
1.18842e-08
1.04109e-06
-6.72972e-09
1.04006e-06
-2.68877e-08
1.03471e-06
-4.78236e-08
1.0241e-06
-6.71208e-08
1.00972e-06
-8.3934e-08
9.93961e-07
-9.75332e-08
9.76429e-07
-1.06426e-07
9.56245e-07
-1.10199e-07
9.35902e-07
-1.1039e-07
9.18431e-07
-1.08144e-07
9.03864e-07
-1.03763e-07
8.89803e-07
-9.72087e-08
8.74932e-07
-8.91879e-08
8.5961e-07
-8.0922e-08
8.45035e-07
-7.27218e-08
8.32772e-07
-6.45655e-08
8.23138e-07
-5.63118e-08
8.15652e-07
-4.81361e-08
8.09649e-07
-4.05419e-08
8.04674e-07
-3.35922e-08
8.00446e-07
-2.77119e-08
7.96856e-07
-2.25723e-08
7.938e-07
-1.85329e-08
7.91252e-07
-1.50427e-08
7.89123e-07
-1.24271e-08
7.87382e-07
-1.01231e-08
7.85931e-07
-8.47335e-09
7.84743e-07
-6.92607e-09
7.8373e-07
-5.9221e-09
7.82891e-07
-4.8966e-09
7.82158e-07
-4.30168e-09
7.81541e-07
-3.66326e-09
7.80984e-07
-3.34525e-09
7.80505e-07
-2.99782e-09
7.80051e-07
-2.8651e-09
-2.76724e-09
1.00321e-06
4.4806e-08
1.01379e-06
3.36034e-08
1.02203e-06
2.09168e-08
1.02756e-06
6.35076e-09
1.03005e-06
-9.21229e-09
1.02882e-06
-2.56617e-08
1.02366e-06
-4.26647e-08
1.01519e-06
-5.86502e-08
1.00355e-06
-7.22914e-08
9.88785e-07
-8.27686e-08
9.7231e-07
-8.99508e-08
9.55913e-07
-9.38022e-08
9.39738e-07
-9.42155e-08
9.23195e-07
-9.16e-08
9.06379e-07
-8.69471e-08
8.90185e-07
-8.10149e-08
8.75547e-07
-7.45497e-08
8.62449e-07
-6.78245e-08
8.50638e-07
-6.09105e-08
8.39758e-07
-5.36856e-08
8.29812e-07
-4.63655e-08
8.21024e-07
-3.93484e-08
8.13529e-07
-3.30471e-08
8.07342e-07
-2.74052e-08
8.02319e-07
-2.26886e-08
7.98286e-07
-1.85396e-08
7.95013e-07
-1.52596e-08
7.92346e-07
-1.23753e-08
7.90117e-07
-1.01988e-08
7.88263e-07
-8.26842e-09
7.86683e-07
-6.89405e-09
7.85368e-07
-5.61113e-09
7.84236e-07
-4.78985e-09
7.83293e-07
-3.95408e-09
7.82468e-07
-3.47604e-09
7.81774e-07
-2.96942e-09
7.81147e-07
-2.71864e-09
7.80608e-07
-2.45887e-09
7.801e-07
-2.35632e-09
-2.309e-09
9.96753e-07
3.35848e-08
1.00631e-06
2.40483e-08
1.01376e-06
1.34611e-08
1.01865e-06
1.46713e-09
1.02064e-06
-1.12057e-08
1.01962e-06
-2.46416e-08
1.01534e-06
-3.8379e-08
1.00774e-06
-5.10537e-08
9.97272e-07
-6.18247e-08
9.84843e-07
-7.03399e-08
9.70993e-07
-7.61002e-08
9.55839e-07
-7.86486e-08
9.39953e-07
-7.8329e-08
9.24247e-07
-7.5894e-08
9.09165e-07
-7.18655e-08
8.94774e-07
-6.66234e-08
8.80854e-07
-6.06297e-08
8.67373e-07
-5.43436e-08
8.54579e-07
-4.81165e-08
8.42858e-07
-4.19648e-08
8.32597e-07
-3.61051e-08
8.23852e-07
-3.06032e-08
8.16456e-07
-2.5651e-08
8.10231e-07
-2.11799e-08
8.04976e-07
-1.74333e-08
8.00575e-07
-1.41388e-08
7.96879e-07
-1.15633e-08
7.93816e-07
-9.31229e-09
7.91257e-07
-7.64014e-09
7.89148e-07
-6.15941e-09
7.87374e-07
-5.11987e-09
7.8591e-07
-4.14728e-09
7.84658e-07
-3.5378e-09
7.8362e-07
-2.91614e-09
7.82714e-07
-2.57016e-09
7.81954e-07
-2.20967e-09
7.8127e-07
-2.03395e-09
7.80681e-07
-1.87059e-09
7.80127e-07
-1.80178e-09
-1.80941e-09
9.91406e-07
2.32574e-08
1.00012e-06
1.53299e-08
1.00686e-06
6.72789e-09
1.01119e-06
-2.86244e-09
1.01304e-06
-1.30601e-08
1.01208e-06
-2.36779e-08
1.00819e-06
-3.449e-08
1.00165e-06
-4.45121e-08
9.92722e-07
-5.28996e-08
9.81654e-07
-5.92723e-08
9.68895e-07
-6.33408e-08
9.55159e-07
-6.49128e-08
9.40957e-07
-6.41268e-08
9.26459e-07
-6.13959e-08
9.11797e-07
-5.72042e-08
8.97228e-07
-5.20543e-08
8.83057e-07
-4.64586e-08
8.69608e-07
-4.08939e-08
8.57102e-07
-3.56108e-08
8.45716e-07
-3.0579e-08
8.35519e-07
-2.59081e-08
8.26532e-07
-2.16162e-08
8.18726e-07
-1.78454e-08
8.12074e-07
-1.45278e-08
8.06458e-07
-1.1817e-08
8.0178e-07
-9.46045e-09
7.97871e-07
-7.65423e-09
7.94634e-07
-6.07573e-09
7.91926e-07
-4.93226e-09
7.89687e-07
-3.9204e-09
7.878e-07
-3.23276e-09
7.86242e-07
-2.58883e-09
7.84909e-07
-2.2052e-09
7.83805e-07
-1.81192e-09
7.82842e-07
-1.6075e-09
7.82035e-07
-1.4027e-09
7.81309e-07
-1.30743e-09
7.80685e-07
-1.24661e-09
7.80097e-07
-1.21413e-09
-1.27969e-09
9.86404e-07
1.36665e-08
9.94431e-07
7.30286e-09
1.0006e-06
5.55619e-10
1.00455e-06
-6.80633e-09
1.00614e-06
-1.46511e-08
1.00522e-06
-2.27575e-08
1.00176e-06
-3.10304e-08
9.95851e-07
-3.86055e-08
9.87633e-07
-4.46813e-08
9.77451e-07
-4.909e-08
9.65809e-07
-5.16995e-08
9.53074e-07
-5.21779e-08
9.3948e-07
-5.05322e-08
9.25336e-07
-4.72525e-08
9.10982e-07
-4.28493e-08
8.96722e-07
-3.77945e-08
8.82841e-07
-3.25782e-08
8.69571e-07
-2.76236e-08
8.5711e-07
-2.31502e-08
8.45682e-07
-1.91506e-08
8.35417e-07
-1.56431e-08
8.26394e-07
-1.25932e-08
8.18584e-07
-1.00351e-08
8.1193e-07
-7.87434e-09
8.06289e-07
-6.17581e-09
8.01567e-07
-4.7379e-09
7.97604e-07
-3.69118e-09
7.94316e-07
-2.78793e-09
7.91565e-07
-2.18143e-09
7.89291e-07
-1.64657e-09
7.87377e-07
-1.31841e-09
7.85797e-07
-1.00927e-09
7.84448e-07
-8.55737e-10
7.8333e-07
-6.93948e-10
7.82356e-07
-6.33486e-10
7.81538e-07
-5.85283e-10
7.80802e-07
-5.71541e-10
7.80169e-07
-6.13227e-10
7.79573e-07
-6.1768e-10
-7.40187e-10
9.78053e-07
4.57956e-09
9.85305e-07
5.03199e-11
9.90674e-07
-4.81295e-09
9.93916e-07
-1.00481e-08
9.94814e-07
-1.55492e-08
9.93259e-07
-2.12022e-08
9.89203e-07
-2.69751e-08
9.82741e-07
-3.2143e-08
9.741e-07
-3.60409e-08
9.63574e-07
-3.85634e-08
9.51499e-07
-3.96246e-08
9.38254e-07
-3.89329e-08
9.24262e-07
-3.65398e-08
9.09903e-07
-3.28943e-08
8.95523e-07
-2.84686e-08
8.81432e-07
-2.37035e-08
8.67911e-07
-1.90577e-08
8.55196e-07
-1.49082e-08
8.43465e-07
-1.14191e-08
8.32864e-07
-8.54984e-09
8.23458e-07
-6.23751e-09
8.15266e-07
-4.40048e-09
8.08227e-07
-2.99665e-09
8.02269e-07
-1.91577e-09
7.97247e-07
-1.15427e-09
7.93077e-07
-5.6745e-10
7.89598e-07
-2.13031e-10
7.86731e-07
7.98749e-11
7.84342e-07
2.07537e-10
7.82377e-07
3.18393e-10
7.80726e-07
3.31809e-10
7.79368e-07
3.48893e-10
7.78208e-07
3.04411e-10
7.77246e-07
2.6826e-10
7.76406e-07
2.06353e-10
7.75695e-07
1.25319e-10
7.75052e-07
7.16725e-11
7.74491e-07
-5.24199e-11
7.73959e-07
-8.52632e-11
-2.46549e-10
9.38058e-07
-2.68558e-09
9.43076e-07
-4.96771e-09
9.4571e-07
-7.44636e-09
9.45867e-07
-1.02057e-08
9.43302e-07
-1.29842e-08
9.37937e-07
-1.58371e-08
9.2971e-07
-1.87478e-08
9.1876e-07
-2.11937e-08
9.05526e-07
-2.28069e-08
8.90568e-07
-2.3605e-08
8.74423e-07
-2.348e-08
8.577e-07
-2.22093e-08
8.41042e-07
-1.98824e-08
8.25027e-07
-1.68785e-08
8.10117e-07
-1.35586e-08
7.96636e-07
-1.02227e-08
7.84739e-07
-7.1608e-09
7.74421e-07
-4.58987e-09
7.65589e-07
-2.58726e-09
7.58135e-07
-1.09619e-09
7.51933e-07
-3.58647e-11
7.46844e-07
6.89123e-10
7.42709e-07
1.1378e-09
7.394e-07
1.39327e-09
7.3675e-07
1.49556e-09
7.34667e-07
1.51645e-09
7.32999e-07
1.45484e-09
7.31702e-07
1.37704e-09
7.30656e-07
1.2528e-09
7.29837e-07
1.13807e-09
7.29165e-07
1.00344e-09
7.2863e-07
8.83966e-10
7.28174e-07
7.59895e-10
7.27797e-07
6.45323e-10
7.27461e-07
5.42357e-10
7.27159e-07
4.27961e-10
7.26876e-07
3.54097e-10
7.26593e-07
2.31105e-10
7.26315e-07
1.92003e-10
5.09058e-11
6.86956e-07
6.81989e-07
6.74542e-07
6.64337e-07
6.51353e-07
6.35515e-07
6.16768e-07
5.95574e-07
5.72767e-07
5.49162e-07
5.25682e-07
5.03473e-07
4.8359e-07
4.66712e-07
4.53153e-07
4.42931e-07
4.3577e-07
4.3118e-07
4.28593e-07
4.27497e-07
4.27461e-07
4.2815e-07
4.29288e-07
4.30681e-07
4.32176e-07
4.33693e-07
4.35148e-07
4.36525e-07
4.37778e-07
4.38916e-07
4.39919e-07
4.40803e-07
4.41563e-07
4.42208e-07
4.42751e-07
4.43179e-07
4.43533e-07
4.43764e-07
4.43956e-07
)
;

boundaryField
{
    inlet
    {
        type            calculated;
        value           nonuniform List<scalar> 
20
(
-1e-06
-1e-06
-1e-06
-1e-06
-1e-06
-1e-06
-1e-06
-1e-06
-1e-06
-1e-06
-1e-06
-1e-06
-1e-06
-1e-06
-1e-06
-1e-06
-1e-06
-1e-06
-1e-06
-1e-06
)
;
    }
    outlet
    {
        type            calculated;
        value           nonuniform List<scalar> 
27
(
7.79438e-07
7.79433e-07
7.79439e-07
7.7945e-07
7.7947e-07
7.79492e-07
7.7952e-07
7.79547e-07
7.79575e-07
7.796e-07
7.79621e-07
7.79636e-07
7.79643e-07
7.79641e-07
7.79627e-07
7.79567e-07
7.79033e-07
7.73465e-07
7.26018e-07
4.44007e-07
4.11998e-07
6.87593e-07
7.36253e-07
7.41898e-07
7.42349e-07
7.42352e-07
7.42333e-07
)
;
    }
    lowerWall
    {
        type            calculated;
        value           uniform 0;
    }
    upperWall
    {
        type            calculated;
        value           uniform 0;
    }
    defaultFaces
    {
        type            empty;
        value           nonuniform List<scalar> 0();
    }
}


// ************************************************************************* //
