/*--------------------------------*- C++ -*----------------------------------*\
| =========                 |                                                 |
| \\      /  F ield         | OpenFOAM: The Open Source CFD Toolbox           |
|  \\    /   O peration     | Version:  2112                                  |
|   \\  /    A nd           | Website:  www.openfoam.com                      |
|    \\/     M anipulation  |                                                 |
\*---------------------------------------------------------------------------*/
FoamFile
{
    version     2.0;
    format      ascii;
    arch        "LSB;label=32;scalar=64";
    class       surfaceScalarField;
    location    "0.31";
    object      phi;
}
// * * * * * * * * * * * * * * * * * * * * * * * * * * * * * * * * * * * * * //

dimensions      [0 3 -1 0 0 0 0];

oriented        oriented;

internalField   nonuniform List<scalar> 
3653
(
9.92376e-07
7.6239e-09
9.79436e-07
1.294e-08
9.63595e-07
1.58416e-08
9.48673e-07
1.4922e-08
9.31673e-07
1.69997e-08
9.15579e-07
1.60939e-08
8.97218e-07
1.83615e-08
8.79964e-07
1.72535e-08
8.61193e-07
1.87715e-08
8.43476e-07
1.77167e-08
8.23819e-07
1.96566e-08
8.05551e-07
1.82682e-08
7.85296e-07
2.02546e-08
7.67029e-07
1.82671e-08
7.45142e-07
2.18874e-08
7.24898e-07
2.02444e-08
7.02499e-07
2.23989e-08
6.80458e-07
2.20407e-08
6.57429e-07
2.30286e-08
6.31573e-07
2.58566e-08
6.06375e-07
2.51981e-08
5.74493e-07
3.18819e-08
5.48084e-07
2.64088e-08
5.11446e-07
3.66377e-08
4.81881e-07
2.95649e-08
4.43306e-07
3.85749e-08
4.00443e-07
4.28638e-08
3.51865e-07
4.85773e-08
2.92764e-07
5.91015e-08
8.54291e-08
2.07335e-07
1.00291e-06
4.71269e-09
1.0066e-06
9.25251e-09
1.00862e-06
1.38207e-08
1.01061e-06
1.29295e-08
1.0108e-06
1.68077e-08
1.01213e-06
1.47728e-08
1.01129e-06
1.91998e-08
1.01131e-06
1.7226e-08
1.00952e-06
2.05609e-08
1.0082e-06
1.90371e-08
1.00548e-06
2.23769e-08
1.00328e-06
2.04748e-08
9.97748e-07
2.57843e-08
9.96153e-07
1.98616e-08
9.87941e-07
3.00994e-08
9.85903e-07
2.22828e-08
9.75982e-07
3.23194e-08
9.69657e-07
2.83662e-08
9.59397e-07
3.32892e-08
9.50395e-07
3.48581e-08
9.36006e-07
3.95872e-08
9.28672e-07
3.92156e-08
9.04593e-07
5.04883e-08
8.94723e-07
4.65072e-08
8.64815e-07
5.94735e-08
8.43174e-07
6.02153e-08
8.07201e-07
7.88366e-08
7.78347e-07
7.74315e-08
7.11652e-07
1.25796e-07
1.15395e-07
6.81687e-07
1.00175e-06
2.96425e-09
1.00491e-06
6.08632e-09
1.0076e-06
1.11402e-08
1.01017e-06
1.03527e-08
1.01153e-06
1.54503e-08
1.01417e-06
1.21294e-08
1.01497e-06
1.83992e-08
1.01778e-06
1.4418e-08
1.01788e-06
2.0459e-08
1.01988e-06
1.70355e-08
1.02002e-06
2.22396e-08
1.02102e-06
1.94812e-08
1.02102e-06
2.57826e-08
1.02058e-06
2.02971e-08
1.0202e-06
3.04775e-08
1.01888e-06
2.36084e-08
1.01801e-06
3.3188e-08
1.01486e-06
3.15133e-08
1.01338e-06
3.47731e-08
1.00808e-06
4.01596e-08
1.00336e-06
4.43063e-08
9.99867e-07
4.27069e-08
9.86977e-07
6.33775e-08
9.85629e-07
4.78559e-08
9.66716e-07
7.83865e-08
9.56066e-07
7.08646e-08
9.3804e-07
9.68631e-08
9.17227e-07
9.82444e-08
8.92596e-07
1.50427e-07
1.4022e-07
8.67771e-07
1.00082e-06
2.14161e-09
1.00252e-06
4.39181e-09
1.00466e-06
8.99874e-09
1.00646e-06
8.55374e-09
1.00836e-06
1.35507e-08
1.00991e-06
1.05717e-08
1.01164e-06
1.66691e-08
1.01333e-06
1.27374e-08
1.01458e-06
1.9209e-08
1.01626e-06
1.53476e-08
1.01702e-06
2.14793e-08
1.01867e-06
1.78326e-08
1.01891e-06
2.5546e-08
1.01966e-06
1.95468e-08
1.01973e-06
3.04098e-08
1.02012e-06
2.32165e-08
1.01911e-06
3.41926e-08
1.01992e-06
3.07121e-08
1.01593e-06
3.87572e-08
1.01735e-06
3.87446e-08
1.01125e-06
5.04045e-08
1.01083e-06
4.31255e-08
1.0063e-06
6.79087e-08
1.00023e-06
5.39262e-08
9.95206e-07
8.34089e-08
9.86645e-07
7.94258e-08
9.75858e-07
1.07649e-07
9.64922e-07
1.0918e-07
9.60412e-07
1.54938e-07
1.61927e-07
9.38705e-07
1.00047e-06
1.67392e-09
1.00147e-06
3.38884e-09
1.00329e-06
7.178e-09
1.00467e-06
7.17719e-09
1.00676e-06
1.14561e-08
1.00779e-06
9.54676e-09
1.01007e-06
1.4387e-08
1.01079e-06
1.20214e-08
1.01321e-06
1.67819e-08
1.01354e-06
1.50166e-08
1.01591e-06
1.9109e-08
1.01606e-06
1.76873e-08
1.01801e-06
2.35929e-08
1.01804e-06
1.95171e-08
1.01893e-06
2.95255e-08
1.01939e-06
2.27532e-08
1.01901e-06
3.4569e-08
1.01964e-06
3.00823e-08
1.01806e-06
4.03373e-08
1.01821e-06
3.8597e-08
1.01563e-06
5.29886e-08
1.01463e-06
4.41237e-08
1.01159e-06
7.09428e-08
1.00842e-06
5.71017e-08
1.0051e-06
8.67273e-08
9.99976e-07
8.45503e-08
9.96037e-07
1.11588e-07
9.90213e-07
1.15005e-07
9.88299e-07
1.56852e-07
1.61017e-07
9.89209e-07
1.00042e-06
1.2527e-09
1.00106e-06
2.75388e-09
1.00255e-06
5.68815e-09
1.00362e-06
6.10821e-09
1.00557e-06
9.49872e-09
1.00657e-06
8.55034e-09
1.00864e-06
1.23136e-08
1.00964e-06
1.10187e-08
1.0116e-06
1.48312e-08
1.01264e-06
1.39675e-08
1.0144e-06
1.73583e-08
1.01527e-06
1.68089e-08
1.0171e-06
2.17691e-08
1.01724e-06
1.93744e-08
1.01911e-06
2.76604e-08
1.01893e-06
2.29253e-08
1.01991e-06
3.35922e-08
1.02031e-06
2.96843e-08
1.01996e-06
4.06826e-08
1.0199e-06
3.86645e-08
1.02001e-06
5.28724e-08
1.01733e-06
4.68061e-08
1.01867e-06
6.96031e-08
1.01488e-06
6.0888e-08
1.01491e-06
8.66965e-08
1.01255e-06
8.69122e-08
1.01222e-06
1.11921e-07
1.00956e-06
1.17662e-07
1.0142e-06
1.52211e-07
1.61549e-07
1.01367e-06
1.00034e-06
9.1645e-10
1.00076e-06
2.32728e-09
1.00205e-06
4.40359e-09
1.00288e-06
5.27844e-09
1.00482e-06
7.55128e-09
1.00562e-06
7.75902e-09
1.00796e-06
9.96963e-09
1.00862e-06
1.03576e-08
1.01111e-06
1.2346e-08
1.01178e-06
1.32918e-08
1.01402e-06
1.51156e-08
1.01491e-06
1.59256e-08
1.01683e-06
1.98509e-08
1.01771e-06
1.84855e-08
1.01925e-06
2.61216e-08
1.01998e-06
2.21998e-08
1.02124e-06
3.23303e-08
1.02186e-06
2.90691e-08
1.0227e-06
3.98422e-08
1.02306e-06
3.82996e-08
1.02393e-06
5.20071e-08
1.02305e-06
4.76808e-08
1.02475e-06
6.79046e-08
1.02303e-06
6.26114e-08
1.02474e-06
8.49872e-08
1.02467e-06
8.69809e-08
1.02649e-06
1.10102e-07
1.02824e-06
1.15905e-07
1.03424e-06
1.46217e-07
1.55732e-07
1.04006e-06
1.00028e-06
6.34635e-10
1.00066e-06
1.94677e-09
1.00177e-06
3.2998e-09
1.00262e-06
4.42012e-09
1.00433e-06
5.84929e-09
1.00536e-06
6.72648e-09
1.00739e-06
7.93951e-09
1.00852e-06
9.22789e-09
1.01064e-06
1.02284e-08
1.01186e-06
1.20702e-08
1.01395e-06
1.30234e-08
1.01512e-06
1.47553e-08
1.01742e-06
1.75552e-08
1.0182e-06
1.76978e-08
1.02066e-06
2.36649e-08
1.0212e-06
2.16644e-08
1.0234e-06
3.01283e-08
1.02417e-06
2.82976e-08
1.02613e-06
3.78866e-08
1.02655e-06
3.78698e-08
1.0292e-06
4.93611e-08
1.02861e-06
4.82671e-08
1.03202e-06
6.44965e-08
1.03163e-06
6.30067e-08
1.03507e-06
8.15482e-08
1.03651e-06
8.55333e-08
1.04136e-06
1.0526e-07
1.04446e-06
1.12805e-07
1.05317e-06
1.37502e-07
1.48534e-07
1.06037e-06
1.00025e-06
3.83774e-10
1.00062e-06
1.57508e-09
1.00164e-06
2.28519e-09
1.00249e-06
3.57024e-09
1.00414e-06
4.19982e-09
1.00523e-06
5.63728e-09
1.00726e-06
5.90166e-09
1.00853e-06
7.9651e-09
1.01068e-06
8.0784e-09
1.01218e-06
1.05667e-08
1.01419e-06
1.1009e-08
1.01593e-06
1.30174e-08
1.01801e-06
1.54805e-08
1.0196e-06
1.61002e-08
1.02199e-06
2.12793e-08
1.02318e-06
2.04766e-08
1.02584e-06
2.74653e-08
1.02697e-06
2.71732e-08
1.0297e-06
3.51498e-08
1.03099e-06
3.65856e-08
1.03404e-06
4.6307e-08
1.03504e-06
4.72673e-08
1.03895e-06
6.05843e-08
1.04024e-06
6.17152e-08
1.04477e-06
7.70221e-08
1.04809e-06
8.22123e-08
1.0542e-06
9.91491e-08
1.05974e-06
1.0727e-07
1.06953e-06
1.27712e-07
1.38738e-07
1.07932e-06
1.00022e-06
1.63948e-10
1.00064e-06
1.15428e-09
1.00158e-06
1.34686e-09
1.00254e-06
2.60651e-09
1.00408e-06
2.66237e-09
1.00539e-06
4.32504e-09
1.00731e-06
3.98164e-09
1.00888e-06
6.39463e-09
1.01098e-06
5.97961e-09
1.01276e-06
8.78934e-09
1.01494e-06
8.82392e-09
1.01681e-06
1.11502e-08
1.01932e-06
1.29763e-08
1.02104e-06
1.43795e-08
1.02391e-06
1.84094e-08
1.02545e-06
1.89343e-08
1.02854e-06
2.43719e-08
1.03024e-06
2.54704e-08
1.03362e-06
3.17724e-08
1.03549e-06
3.47142e-08
1.03942e-06
4.2377e-08
1.04138e-06
4.53133e-08
1.04605e-06
5.59099e-08
1.04873e-06
5.90415e-08
1.05431e-06
7.14396e-08
1.05887e-06
7.76514e-08
1.06645e-06
9.15683e-08
1.07334e-06
1.00384e-07
1.0842e-06
1.1685e-07
1.27884e-07
1.09505e-06
1.00021e-06
-4.23891e-11
1.00069e-06
6.72495e-10
1.00162e-06
4.16904e-10
1.0027e-06
1.52763e-09
1.00422e-06
1.13434e-09
1.00572e-06
2.82563e-09
1.00763e-06
2.07996e-09
1.00947e-06
4.5551e-09
1.01155e-06
3.89709e-09
1.01368e-06
6.65935e-09
1.01586e-06
6.64133e-09
1.01817e-06
8.84527e-09
1.02071e-06
1.04305e-08
1.02295e-06
1.21386e-08
1.02599e-06
1.53756e-08
1.02808e-06
1.6845e-08
1.03149e-06
2.09601e-08
1.03383e-06
2.31247e-08
1.03753e-06
2.8073e-08
1.04041e-06
3.18336e-08
1.04459e-06
3.81965e-08
1.04782e-06
4.20837e-08
1.05295e-06
5.07878e-08
1.0569e-06
5.50913e-08
1.06318e-06
6.51542e-08
1.06904e-06
7.17935e-08
1.07729e-06
8.33197e-08
1.08559e-06
9.20818e-08
1.09691e-06
1.05528e-07
1.15795e-07
1.109e-06
1.0002e-06
-2.39749e-10
1.00077e-06
9.6868e-11
1.00172e-06
-5.34326e-10
1.00296e-06
2.93349e-10
1.00452e-06
-4.2594e-10
1.00621e-06
1.12985e-09
1.00816e-06
1.30324e-10
1.01021e-06
2.50667e-09
1.01241e-06
1.69564e-09
1.01473e-06
4.3395e-09
1.01716e-06
4.21898e-09
1.01964e-06
6.36287e-09
1.0225e-06
7.56615e-09
1.02504e-06
9.60168e-09
1.02833e-06
1.20851e-08
1.03094e-06
1.42317e-08
1.03459e-06
1.73119e-08
1.03758e-06
2.01364e-08
1.04167e-06
2.39809e-08
1.04525e-06
2.82533e-08
1.04995e-06
3.34966e-08
1.0541e-06
3.79321e-08
1.05973e-06
4.51575e-08
1.06474e-06
5.00896e-08
1.07164e-06
5.82524e-08
1.07839e-06
6.5044e-08
1.08727e-06
7.44379e-08
1.09647e-06
8.28782e-08
1.10823e-06
9.37754e-08
1.03284e-07
1.12074e-06
1.00022e-06
-4.60757e-10
1.0009e-06
-5.82592e-10
1.00196e-06
-1.5973e-09
1.00339e-06
-1.12901e-09
1.00506e-06
-2.09804e-09
1.00697e-06
-7.87111e-10
1.00898e-06
-1.87193e-09
1.01127e-06
2.16321e-10
1.01354e-06
-5.76076e-10
1.01614e-06
1.73721e-09
1.01868e-06
1.67784e-09
1.02148e-06
3.56289e-09
1.02451e-06
4.53395e-09
1.02744e-06
6.67891e-09
1.03092e-06
8.60498e-09
1.03404e-06
1.11051e-08
1.03792e-06
1.3439e-08
1.04154e-06
1.65131e-08
1.04586e-06
1.96603e-08
1.05022e-06
2.38926e-08
1.05528e-06
2.84412e-08
1.06026e-06
3.29507e-08
1.06635e-06
3.90631e-08
1.07223e-06
4.42155e-08
1.07954e-06
5.09391e-08
1.08711e-06
5.74781e-08
1.09628e-06
6.52657e-08
1.10618e-06
7.29814e-08
1.11799e-06
8.19591e-08
9.02711e-08
1.131e-06
1.00024e-06
-6.99311e-10
1.00105e-06
-1.39673e-09
1.00225e-06
-2.78978e-09
1.0039e-06
-2.78116e-09
1.0057e-06
-3.905e-09
1.00784e-06
-2.92459e-09
1.00995e-06
-3.98496e-09
1.01248e-06
-2.30489e-09
1.01493e-06
-3.03074e-09
1.01772e-06
-1.05347e-09
1.02052e-06
-1.11851e-09
1.02356e-06
5.1781e-10
1.02684e-06
1.25474e-09
1.03009e-06
3.43404e-09
1.03377e-06
4.91714e-09
1.03737e-06
7.50722e-09
1.04151e-06
9.30627e-09
1.04563e-06
1.23874e-08
1.05031e-06
1.49806e-08
1.05522e-06
1.89856e-08
1.06073e-06
2.29269e-08
1.06634e-06
2.7339e-08
1.07286e-06
3.25453e-08
1.0794e-06
3.7676e-08
1.0871e-06
4.3237e-08
1.09522e-06
4.93625e-08
1.10464e-06
5.58413e-08
1.11492e-06
6.27024e-08
1.12682e-06
7.00613e-08
7.73964e-08
1.13969e-06
1.00036e-06
-1.05731e-09
1.00142e-06
-2.45937e-09
1.00291e-06
-4.27806e-09
1.00484e-06
-4.71532e-09
1.00688e-06
-5.93923e-09
1.00921e-06
-5.25312e-09
1.01151e-06
-6.28575e-09
1.01419e-06
-4.98966e-09
1.01684e-06
-5.68033e-09
1.01982e-06
-4.03182e-09
1.02282e-06
-4.11954e-09
1.0261e-06
-2.75822e-09
1.02953e-06
-2.18157e-09
1.03306e-06
-9.1052e-11
1.03694e-06
1.03806e-09
1.04099e-06
3.45418e-09
1.04536e-06
4.93898e-09
1.04993e-06
7.81394e-09
1.05486e-06
1.00478e-08
1.06026e-06
1.35931e-08
1.06615e-06
1.70316e-08
1.07233e-06
2.11588e-08
1.07927e-06
2.5602e-08
1.08645e-06
3.04997e-08
1.09444e-06
3.52478e-08
1.10297e-06
4.08294e-08
1.11244e-06
4.63718e-08
1.1228e-06
5.23439e-08
1.13445e-06
5.8409e-08
6.44801e-08
1.14737e-06
1.00043e-06
-1.49131e-09
1.00186e-06
-3.88599e-09
1.00376e-06
-6.17704e-09
1.00607e-06
-7.02133e-09
1.00833e-06
-8.20486e-09
1.01089e-06
-7.8083e-09
1.01336e-06
-8.75952e-09
1.01627e-06
-7.90272e-09
1.01912e-06
-8.52654e-09
1.02232e-06
-7.23301e-09
1.02555e-06
-7.34991e-09
1.02909e-06
-6.29511e-09
1.03272e-06
-5.80881e-09
1.03656e-06
-3.9339e-09
1.04065e-06
-3.05213e-09
1.04505e-06
-9.51517e-10
1.04975e-06
2.44407e-10
1.0547e-06
2.86217e-09
1.05999e-06
4.75812e-09
1.06576e-06
7.82629e-09
1.07198e-06
1.08125e-08
1.07856e-06
1.457e-08
1.08586e-06
1.83101e-08
1.09353e-06
2.28295e-08
1.10184e-06
2.69376e-08
1.11066e-06
3.201e-08
1.12019e-06
3.68416e-08
1.13053e-06
4.20044e-08
1.14192e-06
4.70123e-08
5.22312e-08
1.15417e-06
1.00086e-06
-2.3471e-09
1.0029e-06
-5.92842e-09
1.00529e-06
-8.56543e-09
1.0079e-06
-9.63809e-09
1.01036e-06
-1.0666e-08
1.01313e-06
-1.05724e-08
1.01586e-06
-1.14882e-08
1.01899e-06
-1.10306e-08
1.02204e-06
-1.1583e-08
1.02543e-06
-1.06182e-08
1.02892e-06
-1.08422e-08
1.03269e-06
-1.00665e-08
1.03644e-06
-9.5544e-09
1.04042e-06
-7.92183e-09
1.04473e-06
-7.35704e-09
1.04949e-06
-5.71682e-09
1.05441e-06
-4.67342e-09
1.05966e-06
-2.38576e-09
1.0651e-06
-6.86143e-10
1.07108e-06
1.85244e-09
1.07755e-06
4.33879e-09
1.08465e-06
7.46684e-09
1.09248e-06
1.0484e-08
1.1008e-06
1.45143e-08
1.10947e-06
1.82661e-08
1.11844e-06
2.30388e-08
1.12775e-06
2.75351e-08
1.13763e-06
3.21205e-08
1.14837e-06
3.62693e-08
4.03074e-08
1.1603e-06
1.00183e-06
-4.17353e-09
1.00526e-06
-9.36341e-09
1.00851e-06
-1.18168e-08
1.01148e-06
-1.26096e-08
1.01416e-06
-1.33389e-08
1.01722e-06
-1.36401e-08
1.02021e-06
-1.44726e-08
1.02354e-06
-1.43613e-08
1.0266e-06
-1.46417e-08
1.02995e-06
-1.39669e-08
1.03331e-06
-1.42098e-08
1.03702e-06
-1.37668e-08
1.04053e-06
-1.30725e-08
1.04438e-06
-1.17637e-08
1.04842e-06
-1.14042e-08
1.05303e-06
-1.03205e-08
1.05782e-06
-9.46738e-09
1.06303e-06
-7.59586e-09
1.06844e-06
-6.09346e-09
1.07423e-06
-3.93991e-09
1.08048e-06
-1.91103e-09
1.08757e-06
3.77496e-10
1.09543e-06
2.62259e-09
1.10401e-06
5.93615e-09
1.11301e-06
9.26743e-09
1.12232e-06
1.37214e-08
1.13196e-06
1.79013e-08
1.14201e-06
2.20647e-08
1.1527e-06
2.55853e-08
2.89588e-08
1.16405e-06
1.00303e-06
-7.2036e-09
1.00686e-06
-1.31901e-08
1.00972e-06
-1.46826e-08
1.01184e-06
-1.47309e-08
1.01365e-06
-1.51418e-08
1.01552e-06
-1.55104e-08
1.01694e-06
-1.58957e-08
1.01831e-06
-1.57308e-08
1.01921e-06
-1.55457e-08
1.02033e-06
-1.50859e-08
1.02121e-06
-1.50863e-08
1.02202e-06
-1.45798e-08
1.02261e-06
-1.36587e-08
1.02374e-06
-1.28928e-08
1.02513e-06
-1.27978e-08
1.02694e-06
-1.21295e-08
1.02859e-06
-1.11164e-08
1.0306e-06
-9.60334e-09
1.033e-06
-8.49538e-09
1.0363e-06
-7.2375e-09
1.0406e-06
-6.21767e-09
1.046e-06
-5.01547e-09
1.05218e-06
-3.55653e-09
1.05922e-06
-1.10771e-09
1.0669e-06
1.58523e-09
1.07573e-06
4.89464e-09
1.08577e-06
7.85919e-09
1.0972e-06
1.06344e-08
1.11005e-06
1.27324e-08
1.45014e-08
1.12451e-06
9.92796e-07
9.79606e-07
9.64924e-07
9.50193e-07
9.35051e-07
9.19541e-07
9.03645e-07
8.87914e-07
8.72368e-07
8.57282e-07
8.42196e-07
8.27616e-07
8.13958e-07
8.01065e-07
7.88267e-07
7.76137e-07
7.65021e-07
7.55418e-07
7.46922e-07
7.39685e-07
7.33467e-07
7.28452e-07
7.24895e-07
7.23787e-07
7.25373e-07
7.30267e-07
7.38126e-07
7.48761e-07
7.61493e-07
7.75995e-07
3.11031e-07
-1.03696e-07
4.21603e-07
-1.10572e-07
4.99339e-07
-7.77363e-08
5.57723e-07
-5.83835e-08
6.11295e-07
-5.35723e-08
6.34905e-07
-2.36103e-08
6.76025e-07
-4.11196e-08
7.25627e-07
-4.96026e-08
7.86226e-07
-6.05984e-08
-1.20235e-07
9.06461e-07
7.40029e-07
-1.62039e-07
7.68541e-07
-1.39083e-07
8.05914e-07
-1.1511e-07
8.4376e-07
-9.62292e-08
8.77705e-07
-8.75173e-08
9.03333e-07
-4.92383e-08
9.28805e-07
-6.65911e-08
9.59247e-07
-8.00452e-08
1.02176e-06
-1.23115e-07
-1.6048e-07
1.06201e-06
8.81767e-07
-1.76035e-07
8.891e-07
-1.46417e-07
8.97131e-07
-1.23141e-07
9.20106e-07
-1.19204e-07
9.21687e-07
-8.90979e-08
9.56055e-07
-8.36059e-08
9.74566e-07
-8.51025e-08
1.00305e-06
-1.08533e-07
1.00375e-06
-1.23807e-07
-2.29326e-07
1.07259e-06
9.37578e-07
-1.74908e-07
9.47493e-07
-1.56332e-07
9.50685e-07
-1.26333e-07
9.53885e-07
-1.22404e-07
9.62336e-07
-9.75493e-08
9.83742e-07
-1.05012e-07
1.01539e-06
-1.16748e-07
1.03294e-06
-1.26088e-07
1.03344e-06
-1.24303e-07
-2.48961e-07
1.05307e-06
9.78751e-07
-1.64449e-07
9.76029e-07
-1.5361e-07
9.76967e-07
-1.27271e-07
9.8681e-07
-1.32247e-07
9.93727e-07
-1.04466e-07
1.01132e-06
-1.22605e-07
1.01293e-06
-1.18358e-07
1.0276e-06
-1.40757e-07
1.0492e-06
-1.45906e-07
-2.58074e-07
1.05831e-06
1.00839e-06
-1.5917e-07
1.00646e-06
-1.51681e-07
1.00657e-06
-1.27376e-07
1.00716e-06
-1.32837e-07
1.01558e-06
-1.12886e-07
1.02277e-06
-1.29799e-07
1.03173e-06
-1.2732e-07
1.04412e-06
-1.53144e-07
1.05781e-06
-1.59597e-07
-2.40864e-07
1.0406e-06
1.03228e-06
-1.51397e-07
1.02808e-06
-1.47474e-07
1.02691e-06
-1.26209e-07
1.02858e-06
-1.34508e-07
1.03223e-06
-1.1654e-07
1.0368e-06
-1.34364e-07
1.04049e-06
-1.31012e-07
1.04438e-06
-1.57034e-07
1.04978e-06
-1.64996e-07
-2.28884e-07
1.0378e-06
1.05352e-06
-1.44551e-07
1.04789e-06
-1.41843e-07
1.04631e-06
-1.24626e-07
1.04361e-06
-1.31812e-07
1.04592e-06
-1.18847e-07
1.04601e-06
-1.34453e-07
1.04844e-06
-1.33446e-07
1.04876e-06
-1.57352e-07
1.05032e-06
-1.66552e-07
-2.15394e-07
1.03683e-06
1.07147e-06
-1.36695e-07
1.06472e-06
-1.35092e-07
1.06092e-06
-1.20827e-07
1.05706e-06
-1.2795e-07
1.05646e-06
-1.18252e-07
1.05405e-06
-1.32042e-07
1.05232e-06
-1.3172e-07
1.04849e-06
-1.53517e-07
1.04611e-06
-1.64177e-07
-2.0281e-07
1.03353e-06
1.08675e-06
-1.28391e-07
1.07866e-06
-1.27005e-07
1.07382e-06
-1.1599e-07
1.06763e-06
-1.21753e-07
1.0645e-06
-1.15125e-07
1.05918e-06
-1.26727e-07
1.05593e-06
-1.28467e-07
1.04997e-06
-1.47553e-07
1.04285e-06
-1.57064e-07
-1.88891e-07
1.02894e-06
1.09969e-06
-1.19078e-07
1.09063e-06
-1.17952e-07
1.08382e-06
-1.09173e-07
1.07629e-06
-1.1423e-07
1.07105e-06
-1.09879e-07
1.06388e-06
-1.19558e-07
1.05712e-06
-1.21708e-07
1.04844e-06
-1.38876e-07
1.03987e-06
-1.48488e-07
-1.74757e-07
1.02573e-06
1.11058e-06
-1.08922e-07
1.10044e-06
-1.07817e-07
1.09238e-06
-1.01109e-07
1.08317e-06
-1.05024e-07
1.07563e-06
-1.02336e-07
1.06674e-06
-1.10671e-07
1.05854e-06
-1.13509e-07
1.04788e-06
-1.28217e-07
1.03627e-06
-1.36876e-07
-1.59135e-07
1.02065e-06
1.11982e-06
-9.77343e-08
1.1087e-06
-9.66971e-08
1.09899e-06
-9.14033e-08
1.08864e-06
-9.46717e-08
1.07942e-06
-9.31139e-08
1.06888e-06
-1.00137e-07
1.0584e-06
-1.03028e-07
1.04612e-06
-1.15938e-07
1.03324e-06
-1.23996e-07
-1.42595e-07
1.0167e-06
1.12761e-06
-8.56491e-08
1.11551e-06
-8.46e-08
1.10461e-06
-8.04972e-08
1.09295e-06
-8.30153e-08
1.08205e-06
-8.22117e-08
1.07017e-06
-8.82574e-08
1.05841e-06
-9.12658e-08
1.04463e-06
-1.02161e-07
1.03001e-06
-1.09379e-07
-1.25033e-07
1.01245e-06
1.1342e-06
-7.24813e-08
1.1211e-06
-7.15001e-08
1.1089e-06
-6.82932e-08
1.09618e-06
-7.02942e-08
1.08398e-06
-7.00107e-08
1.07085e-06
-7.51272e-08
1.05765e-06
-7.80678e-08
1.04276e-06
-8.72695e-08
1.02709e-06
-9.37119e-08
-1.06657e-07
1.00871e-06
1.1401e-06
-5.84069e-08
1.12598e-06
-5.73818e-08
1.11267e-06
-5.49887e-08
1.09888e-06
-5.64971e-08
1.08551e-06
-5.66406e-08
1.07128e-06
-6.08995e-08
1.05702e-06
-6.38125e-08
1.0411e-06
-7.13484e-08
1.0244e-06
-7.70069e-08
-8.75185e-08
1.00526e-06
1.14482e-06
-4.29344e-08
1.12949e-06
-4.20512e-08
1.11504e-06
-4.0537e-08
1.10023e-06
-4.16836e-08
1.08589e-06
-4.22999e-08
1.07069e-06
-4.57018e-08
1.05545e-06
-4.8577e-08
1.03864e-06
-5.45353e-08
1.02112e-06
-5.94882e-08
-6.76357e-08
1.00124e-06
1.14711e-06
-2.59988e-08
1.13032e-06
-2.5263e-08
1.1145e-06
-2.47179e-08
1.09843e-06
-2.56094e-08
1.08286e-06
-2.67324e-08
1.06641e-06
-2.9251e-08
1.04988e-06
-3.20453e-08
1.03169e-06
-3.63441e-08
1.01271e-06
-4.05096e-08
-4.61914e-08
9.91265e-07
1.10694e-06
-8.42835e-09
1.09006e-06
-8.38438e-09
1.07388e-06
-8.53736e-09
1.05749e-06
-9.21962e-09
1.04106e-06
-1.03031e-08
1.02363e-06
-1.18161e-08
1.00538e-06
-1.37985e-08
9.85217e-07
-1.6181e-08
9.63563e-07
-1.88553e-08
-2.17305e-08
9.39102e-07
7.67566e-07
7.59182e-07
7.50645e-07
7.41425e-07
7.31122e-07
7.19306e-07
7.05507e-07
6.89326e-07
6.70471e-07
6.48741e-07
6.2641e-08
-6.2641e-08
4.47105e-08
1.79305e-08
-1.85719e-08
6.32824e-08
-2.10014e-07
1.91442e-07
-4.8946e-07
2.79446e-07
-7.39023e-07
2.49563e-07
-9.1043e-07
1.71407e-07
-9.765e-07
6.60709e-08
-9.69007e-07
-7.49381e-09
-9.04806e-07
-6.42004e-08
-8.06572e-07
-9.82341e-08
-6.74433e-07
-1.32139e-07
-5.22845e-07
-1.51588e-07
-3.51914e-07
-1.7093e-07
-1.79896e-07
-1.72018e-07
-2.59774e-08
-1.53919e-07
1.08265e-07
-1.34243e-07
2.17838e-07
-1.09573e-07
3.03962e-07
-8.61232e-08
3.68346e-07
-6.43839e-08
4.13416e-07
-4.50709e-08
4.41491e-07
-2.80749e-08
4.55073e-07
-1.3582e-08
4.57053e-07
-1.97926e-09
4.50795e-07
6.25776e-09
4.39268e-07
1.15271e-08
4.25161e-07
1.41064e-08
4.10468e-07
1.46934e-08
3.96464e-07
1.40036e-08
3.83957e-07
1.2507e-08
3.73202e-07
1.07555e-08
3.64294e-07
8.9078e-09
3.56993e-07
7.30133e-09
3.51196e-07
5.79661e-09
3.46508e-07
4.68842e-09
3.4289e-07
3.61797e-09
3.39919e-07
2.97051e-09
3.37714e-07
2.20521e-09
3.35798e-07
1.91579e-09
1.35594e-09
6.42337e-08
-1.26875e-07
3.71511e-08
4.50131e-08
-1.5809e-07
2.58523e-07
-4.27044e-07
4.60396e-07
-6.44817e-07
4.97219e-07
-8.16132e-07
4.20878e-07
-9.18687e-07
2.73961e-07
-9.48027e-07
9.54106e-08
-9.12656e-07
-4.28643e-08
-8.31294e-07
-1.45563e-07
-7.24443e-07
-2.05085e-07
-5.91186e-07
-2.65396e-07
-4.36811e-07
-3.05963e-07
-2.6518e-07
-3.42562e-07
-9.41603e-08
-3.43037e-07
6.33754e-08
-3.11455e-07
1.99436e-07
-2.70304e-07
3.1348e-07
-2.23617e-07
4.06957e-07
-1.796e-07
4.82005e-07
-1.39432e-07
5.4128e-07
-1.04346e-07
5.86661e-07
-7.34557e-08
6.19319e-07
-4.62397e-08
6.40861e-07
-2.35218e-08
6.53752e-07
-6.63339e-09
6.6099e-07
4.28983e-09
6.64947e-07
1.01489e-08
6.67109e-07
1.25313e-08
6.68167e-07
1.29462e-08
6.6854e-07
1.21342e-08
6.68302e-07
1.09927e-08
6.67644e-07
9.56647e-09
6.66519e-07
8.42577e-09
6.65178e-07
7.13742e-09
6.63554e-07
6.31277e-09
6.61971e-07
5.20147e-09
6.60289e-07
4.65203e-09
6.58855e-07
3.63918e-09
6.57423e-07
3.34785e-09
2.45085e-09
-5.71272e-08
-6.97475e-08
-1.9643e-07
1.84316e-07
-3.37526e-07
3.99619e-07
-4.54957e-07
5.77827e-07
-5.56095e-07
5.98357e-07
-6.42835e-07
5.07618e-07
-7.01638e-07
3.32764e-07
-7.09129e-07
1.02902e-07
-6.68912e-07
-8.30815e-08
-5.93762e-07
-2.20713e-07
-4.99589e-07
-2.99257e-07
-3.90565e-07
-3.74421e-07
-2.58108e-07
-4.3842e-07
-1.07655e-07
-4.93015e-07
4.35115e-08
-4.94204e-07
1.81658e-07
-4.49601e-07
2.9398e-07
-3.82626e-07
3.86579e-07
-3.16216e-07
4.63075e-07
-2.56096e-07
5.24102e-07
-2.00459e-07
5.73185e-07
-1.53429e-07
6.14803e-07
-1.15074e-07
6.4989e-07
-8.13269e-08
6.76533e-07
-5.01641e-08
6.94024e-07
-2.41246e-08
7.04391e-07
-6.077e-09
7.1071e-07
3.82987e-09
7.15518e-07
7.723e-09
7.20083e-07
8.38163e-09
7.2472e-07
7.49715e-09
7.2919e-07
6.52222e-09
7.33246e-07
5.51028e-09
7.3658e-07
5.09212e-09
7.39162e-07
4.55503e-09
7.40918e-07
4.55748e-09
7.42056e-07
4.06332e-09
7.42612e-07
4.0959e-09
7.42858e-07
3.39294e-09
7.42836e-07
3.36968e-09
2.5531e-09
-3.8854e-08
-3.08935e-08
-1.10195e-07
2.55658e-07
-1.78916e-07
4.6834e-07
-2.79303e-07
6.78214e-07
-3.38506e-07
6.5756e-07
-3.90548e-07
5.5966e-07
-4.21032e-07
3.63247e-07
-4.25333e-07
1.07204e-07
-3.92058e-07
-1.16357e-07
-3.30173e-07
-2.82598e-07
-2.53514e-07
-3.75916e-07
-1.66774e-07
-4.61161e-07
-5.92391e-08
-5.45955e-07
6.39052e-08
-6.16159e-07
1.95517e-07
-6.25816e-07
3.14668e-07
-5.68752e-07
4.04058e-07
-4.72016e-07
4.6934e-07
-3.81498e-07
5.25435e-07
-3.12191e-07
5.71864e-07
-2.46888e-07
6.0413e-07
-1.85695e-07
6.28309e-07
-1.39252e-07
6.53257e-07
-1.06275e-07
6.802e-07
-7.71077e-08
7.04458e-07
-4.83826e-08
7.21859e-07
-2.34778e-08
7.31905e-07
-6.21613e-09
7.36788e-07
2.84041e-09
7.39278e-07
5.89131e-09
7.41323e-07
5.45195e-09
7.43682e-07
4.16314e-09
7.46391e-07
2.80135e-09
7.49154e-07
2.32984e-09
7.51669e-07
2.03919e-09
7.53729e-07
2.49767e-09
7.55304e-07
2.48871e-09
7.56399e-07
3.00107e-09
7.57133e-07
2.65824e-09
7.57618e-07
2.88477e-09
2.19866e-09
-4.35171e-08
1.26236e-08
-1.47526e-07
3.59666e-07
-1.34591e-07
4.55405e-07
-1.05165e-07
6.48789e-07
-8.35411e-08
6.35936e-07
-8.71826e-08
5.63302e-07
-8.96469e-08
3.65711e-07
-8.19867e-08
9.95434e-08
-5.56943e-08
-1.42649e-07
-1.00327e-08
-3.28259e-07
4.62142e-08
-4.32163e-07
1.03817e-07
-5.18764e-07
1.75842e-07
-6.17979e-07
2.6425e-07
-7.04567e-07
3.53176e-07
-7.14743e-07
4.37689e-07
-6.53264e-07
5.05616e-07
-5.39943e-07
5.4288e-07
-4.18762e-07
5.68855e-07
-3.38166e-07
6.01862e-07
-2.79895e-07
6.30629e-07
-2.14462e-07
6.43387e-07
-1.5201e-07
6.47902e-07
-1.1079e-07
6.5735e-07
-8.65552e-08
6.75821e-07
-6.68545e-08
6.98592e-07
-4.62483e-08
7.19229e-07
-2.68532e-08
7.34132e-07
-1.20627e-08
7.43098e-07
-3.07423e-09
7.47801e-07
7.48577e-10
7.50305e-07
1.65945e-09
7.52018e-07
1.08753e-09
7.53574e-07
7.74731e-10
7.55103e-07
5.0977e-10
7.56479e-07
1.12207e-09
7.57633e-07
1.33482e-09
7.58473e-07
2.16103e-09
7.59089e-07
2.04186e-09
7.59486e-07
2.4878e-09
1.88125e-09
9.36624e-09
3.25733e-09
2.59451e-08
3.43087e-07
1.03775e-07
3.77575e-07
1.28692e-07
6.23871e-07
1.69015e-07
5.95613e-07
2.1194e-07
5.20378e-07
2.50029e-07
3.27622e-07
2.74413e-07
7.51602e-08
3.05436e-07
-1.73673e-07
3.46626e-07
-3.69449e-07
3.92529e-07
-4.78065e-07
4.29651e-07
-5.55887e-07
4.66543e-07
-6.5487e-07
5.08039e-07
-7.46063e-07
5.45622e-07
-7.52326e-07
5.68359e-07
-6.76001e-07
5.96479e-07
-5.68064e-07
6.17366e-07
-4.39649e-07
6.15251e-07
-3.36051e-07
6.15776e-07
-2.8042e-07
6.34849e-07
-2.33535e-07
6.54355e-07
-1.71516e-07
6.58232e-07
-1.14667e-07
6.5267e-07
-8.0993e-08
6.52064e-07
-6.62487e-08
6.63075e-07
-5.72593e-08
6.8298e-07
-4.67582e-08
7.05306e-07
-3.43892e-08
7.24796e-07
-2.25634e-08
7.38989e-07
-1.34448e-08
7.47962e-07
-7.31339e-09
7.5302e-07
-3.97102e-09
7.55685e-07
-1.89011e-09
7.57122e-07
-9.27286e-10
7.57976e-07
2.67769e-10
7.58564e-07
7.47269e-10
7.58978e-07
1.74678e-09
7.59328e-07
1.69193e-09
7.59594e-07
2.22203e-09
1.56726e-09
-1.8238e-07
1.85638e-07
1.77897e-08
1.42917e-07
1.78524e-07
2.16841e-07
3.7578e-07
4.26616e-07
4.92092e-07
4.79301e-07
5.70947e-07
4.41522e-07
6.18248e-07
2.80321e-07
6.36092e-07
5.73164e-08
6.45678e-07
-1.83259e-07
6.54324e-07
-3.78095e-07
6.66008e-07
-4.8975e-07
6.81424e-07
-5.71302e-07
6.93696e-07
-6.67143e-07
6.95498e-07
-7.47865e-07
6.94818e-07
-7.51646e-07
6.76351e-07
-6.57533e-07
6.54336e-07
-5.4605e-07
6.58341e-07
-4.43653e-07
6.62564e-07
-3.40273e-07
6.48472e-07
-2.66329e-07
6.39431e-07
-2.24494e-07
6.48886e-07
-1.80971e-07
6.62315e-07
-1.28096e-07
6.65549e-07
-8.42276e-08
6.60895e-07
-6.15946e-08
6.58472e-07
-5.48367e-08
6.64692e-07
-5.29782e-08
6.79271e-07
-4.89678e-08
6.98304e-07
-4.15962e-08
7.17351e-07
-3.24914e-08
7.33324e-07
-2.32868e-08
7.44912e-07
-1.55592e-08
7.52289e-07
-9.2669e-09
7.56434e-07
-5.07238e-09
7.58455e-07
-1.7536e-09
7.59338e-07
-1.35056e-10
7.59593e-07
1.49126e-09
7.59657e-07
1.62816e-09
7.5958e-07
2.29877e-09
1.52012e-09
6.68537e-07
4.23562e-07
4.95614e-07
3.1584e-07
4.24577e-07
2.87877e-07
5.18076e-07
3.33116e-07
6.43954e-07
3.53424e-07
7.65641e-07
3.19835e-07
8.55341e-07
1.90621e-07
8.97658e-07
1.49992e-08
9.01213e-07
-1.86814e-07
8.95104e-07
-3.71986e-07
8.95215e-07
-4.89861e-07
9.03741e-07
-5.79829e-07
9.06615e-07
-6.70017e-07
8.72076e-07
-7.13326e-07
8.14777e-07
-6.94347e-07
7.64381e-07
-6.07138e-07
7.15589e-07
-4.97257e-07
6.87232e-07
-4.15297e-07
6.92378e-07
-3.4542e-07
7.01337e-07
-2.75287e-07
6.97027e-07
-2.20184e-07
6.93762e-07
-1.77706e-07
7.02388e-07
-1.36721e-07
7.16777e-07
-9.86162e-08
7.27327e-07
-7.21452e-08
7.31008e-07
-5.85171e-08
7.30886e-07
-5.28567e-08
7.3171e-07
-4.97916e-08
7.36682e-07
-4.65684e-08
7.46234e-07
-4.20432e-08
7.58568e-07
-3.56207e-08
7.71049e-07
-2.80402e-08
7.81555e-07
-1.97729e-08
7.89085e-07
-1.2602e-08
7.93682e-07
-6.35087e-09
7.96066e-07
-2.51935e-09
7.97047e-07
5.1053e-10
7.97398e-07
1.27669e-09
7.97425e-07
2.27248e-09
1.40413e-09
1.03859e-06
4.46984e-07
9.88038e-07
3.66389e-07
9.33086e-07
3.42829e-07
9.15948e-07
3.50254e-07
9.32399e-07
3.36972e-07
9.84884e-07
2.6735e-07
1.0439e-06
1.31608e-07
1.07232e-06
-1.3426e-08
1.0801e-06
-1.9459e-07
1.0822e-06
-3.74083e-07
1.08457e-06
-4.92234e-07
1.08235e-06
-5.77605e-07
1.06328e-06
-6.50949e-07
1.00728e-06
-6.57326e-07
9.10159e-07
-5.97229e-07
8.19822e-07
-5.16801e-07
7.64946e-07
-4.42381e-07
7.29999e-07
-3.8035e-07
7.10797e-07
-3.26217e-07
7.09047e-07
-2.73537e-07
7.15201e-07
-2.26338e-07
7.20881e-07
-1.83386e-07
7.26796e-07
-1.42637e-07
7.36413e-07
-1.08233e-07
7.50723e-07
-8.64556e-08
7.66966e-07
-7.47601e-08
7.80002e-07
-6.58926e-08
7.85889e-07
-5.56784e-08
7.84866e-07
-4.55456e-08
7.80718e-07
-3.7895e-08
7.77713e-07
-3.26155e-08
7.77976e-07
-2.83036e-08
7.81175e-07
-2.29719e-08
7.85752e-07
-1.71784e-08
7.90125e-07
-1.07247e-08
7.9345e-07
-5.84432e-09
7.9537e-07
-1.40933e-09
7.96311e-07
3.3554e-10
7.96527e-07
2.05706e-09
1.403e-09
1.1225e-06
3.97072e-07
1.12196e-06
3.66932e-07
1.13951e-06
3.25283e-07
1.17374e-06
3.16024e-07
1.20578e-06
3.04929e-07
1.24499e-06
2.28136e-07
1.28141e-06
9.51939e-08
1.29691e-06
-2.893e-08
1.28092e-06
-1.78599e-07
1.25594e-06
-3.491e-07
1.23254e-06
-4.68831e-07
1.18599e-06
-5.31055e-07
1.10329e-06
-5.68255e-07
1.00916e-06
-5.63193e-07
9.21659e-07
-5.0973e-07
8.50952e-07
-4.46094e-07
8.09415e-07
-4.00843e-07
7.94323e-07
-3.65258e-07
7.84925e-07
-3.16819e-07
7.68785e-07
-2.57398e-07
7.5453e-07
-2.12083e-07
7.54343e-07
-1.83199e-07
7.65133e-07
-1.53427e-07
7.74187e-07
-1.17287e-07
7.75883e-07
-8.81512e-08
7.75903e-07
-7.47808e-08
7.81517e-07
-7.15059e-08
7.9307e-07
-6.72316e-08
8.05051e-07
-5.75266e-08
8.11854e-07
-4.46977e-08
8.11771e-07
-3.25325e-08
8.06936e-07
-2.34691e-08
8.00932e-07
-1.69675e-08
7.96343e-07
-1.25893e-08
7.93927e-07
-8.30933e-09
7.93282e-07
-5.19912e-09
7.93688e-07
-1.81531e-09
7.94433e-07
-4.09827e-10
7.95155e-07
1.33519e-09
8.80652e-10
1.11193e-06
3.38217e-07
1.13021e-06
3.48652e-07
1.16777e-06
2.87725e-07
1.22605e-06
2.57741e-07
1.2846e-06
2.46378e-07
1.33439e-06
1.78342e-07
1.36147e-06
6.81221e-08
1.37393e-06
-4.13973e-08
1.34967e-06
-1.54336e-07
1.28829e-06
-2.87724e-07
1.22976e-06
-4.10301e-07
1.16433e-06
-4.65619e-07
1.06881e-06
-4.72733e-07
9.73747e-07
-4.68133e-07
9.15468e-07
-4.5145e-07
8.87927e-07
-4.18553e-07
8.63203e-07
-3.76119e-07
8.3533e-07
-3.37386e-07
8.18576e-07
-3.00064e-07
8.0955e-07
-2.48372e-07
7.94163e-07
-1.96697e-07
7.7874e-07
-1.67776e-07
7.79177e-07
-1.53864e-07
7.92502e-07
-1.30612e-07
7.9961e-07
-9.52588e-08
7.89871e-07
-6.50423e-08
7.71159e-07
-5.27932e-08
7.58202e-07
-5.4275e-08
7.58648e-07
-5.79723e-08
7.70229e-07
-5.62793e-08
7.85824e-07
-4.81275e-08
7.98848e-07
-3.64933e-08
8.06037e-07
-2.41564e-08
8.07554e-07
-1.4106e-08
8.05515e-07
-6.2703e-09
8.02206e-07
-1.89049e-09
7.99035e-07
1.35627e-09
7.96741e-07
1.88431e-09
7.95218e-07
2.8579e-09
1.46896e-09
1.09825e-06
2.98279e-07
1.1279e-06
3.19004e-07
1.16299e-06
2.52635e-07
1.21163e-06
2.091e-07
1.27495e-06
1.83057e-07
1.32264e-06
1.30657e-07
1.33986e-06
5.08999e-08
1.34187e-06
-4.34086e-08
1.32453e-06
-1.37e-07
1.27254e-06
-2.35726e-07
1.20021e-06
-3.3798e-07
1.13541e-06
-4.00815e-07
1.07362e-06
-4.10938e-07
1.00906e-06
-4.03582e-07
9.52343e-07
-3.94729e-07
9.13127e-07
-3.79337e-07
8.85318e-07
-3.48311e-07
8.49746e-07
-3.01814e-07
8.10949e-07
-2.61267e-07
7.92799e-07
-2.30222e-07
7.93473e-07
-1.97371e-07
7.91448e-07
-1.6575e-07
7.81962e-07
-1.44377e-07
7.77437e-07
-1.26088e-07
7.8233e-07
-1.00151e-07
7.86957e-07
-6.96698e-08
7.8211e-07
-4.79458e-08
7.68683e-07
-4.08486e-08
7.54558e-07
-4.38472e-08
7.47107e-07
-4.88279e-08
7.48987e-07
-5.00079e-08
7.58195e-07
-4.57004e-08
7.70496e-07
-3.64579e-08
7.81937e-07
-2.55471e-08
7.9023e-07
-1.45637e-08
7.95014e-07
-6.67382e-09
7.97015e-07
-6.44888e-10
7.9745e-07
1.44943e-09
7.96959e-07
3.34837e-09
1.92229e-09
1.07851e-06
2.60368e-07
1.12278e-06
2.74732e-07
1.15729e-06
2.18129e-07
1.1973e-06
1.69092e-07
1.24257e-06
1.37784e-07
1.27783e-06
9.5393e-08
1.29049e-06
3.82457e-08
1.28404e-06
-3.69571e-08
1.27428e-06
-1.27245e-07
1.24432e-06
-2.05767e-07
1.17957e-06
-2.73224e-07
1.11477e-06
-3.3602e-07
1.06697e-06
-3.63138e-07
1.01935e-06
-3.55957e-07
9.68152e-07
-3.43535e-07
9.17224e-07
-3.28409e-07
8.76428e-07
-3.07514e-07
8.52423e-07
-2.7781e-07
8.3333e-07
-2.42174e-07
8.14678e-07
-2.1157e-07
8.06497e-07
-1.8919e-07
8.07841e-07
-1.67095e-07
8.04187e-07
-1.40723e-07
7.90422e-07
-1.12322e-07
7.77157e-07
-8.68868e-08
7.75462e-07
-6.7974e-08
7.85527e-07
-5.80115e-08
7.99143e-07
-5.4464e-08
8.0749e-07
-5.21941e-08
8.06676e-07
-4.80143e-08
7.98739e-07
-4.20706e-08
7.88785e-07
-3.57466e-08
7.81272e-07
-2.89456e-08
7.77935e-07
-2.22093e-08
7.78303e-07
-1.49315e-08
7.80567e-07
-8.93789e-09
7.83361e-07
-3.43962e-09
7.85798e-07
-9.86962e-10
7.87955e-07
1.19129e-09
6.52498e-10
1.07529e-06
2.22877e-07
1.11946e-06
2.30559e-07
1.15e-06
1.87591e-07
1.17684e-06
1.42257e-07
1.20602e-06
1.08603e-07
1.23176e-06
6.96474e-08
1.24366e-06
2.63492e-08
1.24112e-06
-3.44135e-08
1.22981e-06
-1.15937e-07
1.20907e-06
-1.85023e-07
1.16764e-06
-2.318e-07
1.10824e-06
-2.76615e-07
1.05456e-06
-3.09463e-07
1.01299e-06
-3.14388e-07
9.77371e-07
-3.07914e-07
9.44125e-07
-2.95163e-07
9.08417e-07
-2.71806e-07
8.79612e-07
-2.49004e-07
8.6812e-07
-2.30682e-07
8.61576e-07
-2.05026e-07
8.45368e-07
-1.72982e-07
8.25116e-07
-1.46843e-07
8.13654e-07
-1.29261e-07
8.11923e-07
-1.10591e-07
8.11886e-07
-8.68497e-08
8.08588e-07
-6.46765e-08
8.03944e-07
-5.33676e-08
8.02834e-07
-5.33536e-08
8.07778e-07
-5.7138e-08
8.16766e-07
-5.70022e-08
8.25106e-07
-5.04108e-08
8.28801e-07
-3.94411e-08
8.26644e-07
-2.67892e-08
8.20244e-07
-1.58093e-08
8.12426e-07
-7.11321e-09
8.05548e-07
-2.06038e-09
8.0051e-07
1.59892e-09
7.97339e-07
2.18424e-09
7.95371e-07
3.15925e-09
1.43455e-09
1.06772e-06
1.91984e-07
1.10634e-06
1.91935e-07
1.13502e-06
1.58912e-07
1.15569e-06
1.2159e-07
1.17611e-06
8.81778e-08
1.19431e-06
5.14521e-08
1.20869e-06
1.19688e-08
1.21054e-06
-3.62639e-08
1.19217e-06
-9.75627e-08
1.16949e-06
-1.62343e-07
1.14616e-06
-2.08471e-07
1.10366e-06
-2.34112e-07
1.0529e-06
-2.58707e-07
1.0138e-06
-2.75284e-07
9.78718e-07
-2.72836e-07
9.45322e-07
-2.61767e-07
9.19684e-07
-2.46168e-07
8.94828e-07
-2.24148e-07
8.68455e-07
-2.04309e-07
8.50441e-07
-1.87012e-07
8.4053e-07
-1.6307e-07
8.28279e-07
-1.34592e-07
8.13283e-07
-1.14266e-07
8.05787e-07
-1.03095e-07
8.09882e-07
-9.09443e-08
8.16703e-07
-7.1497e-08
8.14326e-07
-5.09908e-08
7.99492e-07
-3.85194e-08
7.7905e-07
-3.6696e-08
7.62517e-07
-4.04692e-08
7.5455e-07
-4.24437e-08
7.5432e-07
-3.92111e-08
7.58768e-07
-3.12374e-08
7.64969e-07
-2.20101e-08
7.71064e-07
-1.32083e-08
7.76167e-07
-7.16397e-09
7.80272e-07
-2.50621e-09
7.83223e-07
-7.66705e-10
7.85617e-07
7.65864e-10
1.09716e-10
1.06004e-06
1.6547e-07
1.0926e-06
1.59383e-07
1.1178e-06
1.33705e-07
1.13772e-06
1.01669e-07
1.15385e-06
7.20508e-08
1.16517e-06
4.01338e-08
1.17658e-06
5.552e-10
1.1818e-06
-4.1482e-08
1.16993e-06
-8.56902e-08
1.14341e-06
-1.35824e-07
1.11665e-06
-1.8171e-07
1.09065e-06
-2.08113e-07
1.05576e-06
-2.23816e-07
1.01798e-06
-2.3751e-07
9.84389e-07
-2.39242e-07
9.5194e-07
-2.29318e-07
9.25905e-07
-2.20134e-07
9.0977e-07
-2.08013e-07
8.9152e-07
-1.86059e-07
8.66875e-07
-1.62368e-07
8.49272e-07
-1.45467e-07
8.45347e-07
-1.30667e-07
8.43889e-07
-1.12808e-07
8.34084e-07
-9.32895e-08
8.19657e-07
-7.65178e-08
8.11272e-07
-6.31117e-08
8.13138e-07
-5.28569e-08
8.20719e-07
-4.61005e-08
8.26306e-07
-4.22835e-08
8.2513e-07
-3.92931e-08
8.17959e-07
-3.52721e-08
8.08516e-07
-2.97679e-08
8.00265e-07
-2.29866e-08
7.94728e-07
-1.64735e-08
7.91821e-07
-1.03018e-08
7.90694e-07
-6.03618e-09
7.90629e-07
-2.44107e-09
7.9089e-07
-1.02808e-09
7.91271e-07
3.85032e-10
-1.36693e-10
1.05386e-06
1.40546e-07
1.08094e-06
1.32299e-07
1.10292e-06
1.11724e-07
1.11993e-06
8.46579e-08
1.13416e-06
5.78289e-08
1.14522e-06
2.90689e-08
1.14977e-06
-3.99403e-09
1.15027e-06
-4.19815e-08
1.14701e-06
-8.24272e-08
1.12967e-06
-1.18484e-07
1.09997e-06
-1.52014e-07
1.07395e-06
-1.82093e-07
1.04904e-06
-1.98905e-07
1.01628e-06
-2.04752e-07
9.86174e-07
-2.09133e-07
9.64164e-07
-2.07307e-07
9.39257e-07
-1.95227e-07
9.11677e-07
-1.80433e-07
8.92654e-07
-1.67035e-07
8.81348e-07
-1.51062e-07
8.68776e-07
-1.32895e-07
8.54053e-07
-1.15943e-07
8.4225e-07
-1.01005e-07
8.34524e-07
-8.55637e-08
8.27726e-07
-6.97202e-08
8.20286e-07
-5.56716e-08
8.13481e-07
-4.60515e-08
8.08261e-07
-4.0881e-08
8.04407e-07
-3.84294e-08
8.00914e-07
-3.58002e-08
7.97077e-07
-3.14347e-08
7.9306e-07
-2.57505e-08
7.895e-07
-1.94266e-08
7.86923e-07
-1.38973e-08
7.85523e-07
-8.90146e-09
7.8507e-07
-5.58334e-09
7.85285e-07
-2.65537e-09
7.85758e-07
-1.50107e-09
7.86386e-07
-2.43409e-10
-5.67206e-10
1.04665e-06
1.1963e-07
1.06929e-06
1.09657e-07
1.08917e-06
9.18481e-08
1.10399e-06
6.98412e-08
1.11601e-06
4.58055e-08
1.12611e-06
1.89675e-08
1.13145e-06
-9.33626e-09
1.12942e-06
-3.995e-08
1.12145e-06
-7.4457e-08
1.11015e-06
-1.07184e-07
1.0918e-06
-1.33667e-07
1.06533e-06
-1.55621e-07
1.03975e-06
-1.73322e-07
1.01711e-06
-1.82116e-07
9.91029e-07
-1.8305e-07
9.6435e-07
-1.80627e-07
9.43219e-07
-1.74096e-07
9.24679e-07
-1.61894e-07
9.05715e-07
-1.48071e-07
8.89269e-07
-1.34616e-07
8.76212e-07
-1.19838e-07
8.63243e-07
-1.02974e-07
8.4951e-07
-8.72721e-08
8.38479e-07
-7.45326e-08
8.32967e-07
-6.42086e-08
8.31559e-07
-5.42641e-08
8.29902e-07
-4.43942e-08
8.24939e-07
-3.59181e-08
8.16657e-07
-3.01475e-08
8.07518e-07
-2.6661e-08
7.99842e-07
-2.37585e-08
7.94613e-07
-2.05214e-08
7.91635e-07
-1.64486e-08
7.90209e-07
-1.24718e-08
7.89726e-07
-8.41757e-09
7.89662e-07
-5.5203e-09
7.89866e-07
-2.85924e-09
7.9003e-07
-1.66518e-09
7.90284e-07
-4.96959e-10
-6.08009e-10
1.04035e-06
9.99349e-08
1.06002e-06
8.99851e-08
1.07693e-06
7.49329e-08
1.09091e-06
5.58694e-08
1.10162e-06
3.50863e-08
1.10837e-06
1.22172e-08
1.11261e-06
-1.35678e-08
1.11296e-06
-4.0302e-08
1.10562e-06
-6.71146e-08
1.09275e-06
-9.43218e-08
1.07808e-06
-1.18991e-07
1.0594e-06
-1.36945e-07
1.03595e-06
-1.49874e-07
1.01316e-06
-1.59324e-07
9.92509e-07
-1.62398e-07
9.70422e-07
-1.58541e-07
9.48562e-07
-1.52236e-07
9.30748e-07
-1.44079e-07
9.14724e-07
-1.32048e-07
8.97327e-07
-1.17219e-07
8.81034e-07
-1.03545e-07
8.69523e-07
-9.14632e-08
8.61551e-07
-7.92996e-08
8.5306e-07
-6.60422e-08
8.42256e-07
-5.3404e-08
8.31051e-07
-4.30596e-08
8.22399e-07
-3.57416e-08
8.17176e-07
-3.06951e-08
8.13968e-07
-2.69401e-08
8.10859e-07
-2.35521e-08
8.06946e-07
-1.98448e-08
8.02448e-07
-1.60239e-08
7.98039e-07
-1.20392e-08
7.94302e-07
-8.7353e-09
7.91501e-07
-5.61595e-09
7.8961e-07
-3.63005e-09
7.88442e-07
-1.6908e-09
7.8778e-07
-1.00311e-09
7.87374e-07
-9.12331e-11
-3.66456e-10
1.03412e-06
8.25237e-08
1.0512e-06
7.28966e-08
1.06642e-06
5.97143e-08
1.07859e-06
4.37013e-08
1.08811e-06
2.55666e-08
1.09504e-06
5.28589e-09
1.09764e-06
-1.61649e-08
1.09618e-06
-3.88394e-08
1.09156e-06
-6.24953e-08
1.08177e-06
-8.45369e-08
1.06674e-06
-1.0396e-07
1.05047e-06
-1.20669e-07
1.03328e-06
-1.32689e-07
1.01285e-06
-1.38891e-07
9.9183e-07
-1.41379e-07
9.73559e-07
-1.40269e-07
9.55726e-07
-1.34404e-07
9.3655e-07
-1.24902e-07
9.19006e-07
-1.14504e-07
9.05121e-07
-1.03334e-07
8.92433e-07
-9.08565e-08
8.7851e-07
-7.75404e-08
8.64394e-07
-6.5183e-08
8.52742e-07
-5.43907e-08
8.44561e-07
-4.5223e-08
8.38653e-07
-3.71511e-08
8.32885e-07
-2.99737e-08
8.2608e-07
-2.38906e-08
8.18421e-07
-1.92811e-08
8.10933e-07
-1.60639e-08
8.04521e-07
-1.34325e-08
7.99607e-07
-1.11103e-08
7.96132e-07
-8.56445e-09
7.93787e-07
-6.38936e-09
7.92255e-07
-4.08438e-09
7.91227e-07
-2.60236e-09
7.90594e-07
-1.05765e-09
7.90118e-07
-5.27191e-10
7.8983e-07
1.96651e-10
-5.72889e-11
1.02855e-06
6.64248e-08
1.04386e-06
5.75844e-08
1.05733e-06
4.62482e-08
1.06844e-06
3.259e-08
1.07689e-06
1.71126e-08
1.08233e-06
-1.50347e-10
1.08492e-06
-1.8754e-08
1.08403e-06
-3.79539e-08
1.07882e-06
-5.72811e-08
1.07036e-06
-7.60832e-08
1.05921e-06
-9.28015e-08
1.04459e-06
-1.06051e-07
1.02804e-06
-1.16138e-07
1.01162e-06
-1.22473e-07
9.94464e-07
-1.24224e-07
9.76032e-07
-1.21837e-07
9.58445e-07
-1.16817e-07
9.42774e-07
-1.09231e-07
9.27385e-07
-9.91161e-08
9.11404e-07
-8.73533e-08
8.96267e-07
-7.57187e-08
8.83367e-07
-6.46408e-08
8.72273e-07
-5.40888e-08
8.6177e-07
-4.38878e-08
8.51221e-07
-3.46736e-08
8.40997e-07
-2.69276e-08
8.31998e-07
-2.0975e-08
8.24744e-07
-1.66359e-08
8.1888e-07
-1.34176e-08
8.13719e-07
-1.0903e-08
8.08851e-07
-8.56412e-09
8.04275e-07
-6.53424e-09
8.00145e-07
-4.43463e-09
7.96633e-07
-2.87759e-09
7.93793e-07
-1.24449e-09
7.91619e-07
-4.28036e-10
7.90018e-07
5.42838e-10
7.88885e-07
6.05781e-10
7.88037e-07
1.04543e-09
5.82265e-10
1.02344e-06
5.16996e-08
1.03725e-06
4.37744e-08
1.04945e-06
3.4048e-08
1.05944e-06
2.25943e-08
1.06707e-06
9.48943e-09
1.07205e-06
-5.13565e-09
1.07401e-06
-2.07088e-08
1.07294e-06
-3.68904e-08
1.06888e-06
-5.32211e-08
1.0615e-06
-6.86998e-08
1.05126e-06
-8.2563e-08
1.03924e-06
-9.40286e-08
1.02548e-06
-1.02379e-07
1.01011e-06
-1.07102e-07
9.94385e-07
-1.08501e-07
9.78998e-07
-1.0645e-07
9.63209e-07
-1.01027e-07
9.4689e-07
-9.29129e-08
9.31167e-07
-8.33923e-08
9.16687e-07
-7.2874e-08
9.02803e-07
-6.18344e-08
8.8895e-07
-5.07876e-08
8.75487e-07
-4.06261e-08
8.63249e-07
-3.16496e-08
8.5264e-07
-2.40651e-08
8.4355e-07
-1.78374e-08
8.35416e-07
-1.28408e-08
8.27725e-07
-8.94452e-09
8.20318e-07
-6.011e-09
8.13491e-07
-4.07598e-09
8.07519e-07
-2.59259e-09
8.0259e-07
-1.60485e-09
7.98724e-07
-5.68538e-10
7.95823e-07
2.30968e-11
7.93629e-07
9.49987e-10
7.92024e-07
1.1772e-09
7.90826e-07
1.74069e-09
7.8993e-07
1.50108e-09
7.89235e-07
1.74116e-09
1.13491e-09
1.01894e-06
3.80204e-08
1.0316e-06
3.11097e-08
1.04275e-06
2.29009e-08
1.0519e-06
1.34474e-08
1.05871e-06
2.67321e-09
1.06307e-06
-9.49086e-09
1.06482e-06
-2.24632e-08
1.06382e-06
-3.58822e-08
1.05999e-06
-4.9396e-08
1.05361e-06
-6.23185e-08
1.04487e-06
-7.38235e-08
1.03401e-06
-8.3174e-08
1.0217e-06
-9.00685e-08
1.00849e-06
-9.3887e-08
9.94296e-07
-9.43089e-08
9.79267e-07
-9.14204e-08
9.64062e-07
-8.58224e-08
9.49021e-07
-7.78722e-08
9.33821e-07
-6.81922e-08
9.18421e-07
-5.74737e-08
9.03303e-07
-4.67166e-08
8.89101e-07
-3.65852e-08
8.76054e-07
-2.758e-08
8.64072e-07
-1.96671e-08
8.52912e-07
-1.29054e-08
8.42595e-07
-7.52023e-09
8.33306e-07
-3.5515e-09
8.25292e-07
-9.31151e-10
8.18458e-07
8.23133e-10
8.12598e-07
1.78377e-09
8.07489e-07
2.51716e-09
8.03044e-07
2.83937e-09
7.99201e-07
3.27457e-09
7.95944e-07
3.28065e-09
7.93354e-07
3.53971e-09
7.91317e-07
3.21455e-09
7.89756e-07
3.30118e-09
7.88582e-07
2.67576e-09
7.87637e-07
2.68527e-09
1.87767e-09
1.01412e-06
2.51423e-08
1.02591e-06
1.93158e-08
1.03614e-06
1.26741e-08
1.04448e-06
5.10695e-09
1.05069e-06
-3.53345e-09
1.05447e-06
-1.3275e-08
1.05577e-06
-2.376e-08
1.05454e-06
-3.4654e-08
1.0508e-06
-4.56552e-08
1.04457e-06
-5.60914e-08
1.03618e-06
-6.5428e-08
1.02603e-06
-7.30333e-08
1.01419e-06
-7.82192e-08
1.00084e-06
-8.05462e-08
9.86597e-07
-8.00616e-08
9.71733e-07
-7.65567e-08
9.56114e-07
-7.02028e-08
9.39864e-07
-6.16222e-08
9.23507e-07
-5.18357e-08
9.07576e-07
-4.15429e-08
8.92262e-07
-3.14022e-08
8.77679e-07
-2.20017e-08
8.63959e-07
-1.38603e-08
8.51464e-07
-7.17227e-09
8.40461e-07
-1.90201e-09
8.30939e-07
2.00107e-09
8.22719e-07
4.66903e-09
8.15554e-07
6.23329e-09
8.09269e-07
7.10805e-09
8.03797e-07
7.25655e-09
7.99143e-07
7.17098e-09
7.95316e-07
6.66626e-09
7.92274e-07
6.31701e-09
7.89942e-07
5.61214e-09
7.88201e-07
5.28094e-09
7.86922e-07
4.49299e-09
7.86004e-07
4.21982e-09
7.85324e-07
3.35544e-09
7.84844e-07
3.16556e-09
2.24935e-09
1.00369e-06
1.27188e-08
1.0147e-06
8.3078e-09
1.02392e-06
3.45536e-09
1.03111e-06
-2.09252e-09
1.03613e-06
-8.54451e-09
1.03863e-06
-1.57814e-08
1.03845e-06
-2.35744e-08
1.03553e-06
-3.17368e-08
1.02985e-06
-3.99793e-08
1.02153e-06
-4.77709e-08
1.01074e-06
-5.46355e-08
9.97691e-07
-5.99835e-08
9.8271e-07
-6.32385e-08
9.6614e-07
-6.39759e-08
9.48304e-07
-6.2226e-08
9.2946e-07
-5.77124e-08
9.1017e-07
-5.09131e-08
8.91085e-07
-4.25365e-08
8.72615e-07
-3.33662e-08
8.55127e-07
-2.40545e-08
8.39052e-07
-1.53277e-08
8.24829e-07
-7.77863e-09
8.12668e-07
-1.69944e-09
8.02365e-07
3.13141e-09
7.93864e-07
6.59814e-09
7.86954e-07
8.91128e-09
7.81431e-07
1.01925e-08
7.77107e-07
1.05567e-08
7.73828e-07
1.03877e-08
7.71348e-07
9.7364e-09
7.695e-07
9.01852e-09
7.68104e-07
8.0628e-09
7.67108e-07
7.31317e-09
7.66385e-07
6.33499e-09
7.65958e-07
5.70765e-09
7.65702e-07
4.7486e-09
7.6564e-07
4.28212e-09
7.65647e-07
3.34879e-09
7.65719e-07
3.09285e-09
2.24773e-09
9.49949e-07
1.87182e-09
9.58685e-07
-4.28174e-10
9.65102e-07
-2.96168e-09
9.68987e-07
-5.97751e-09
9.69935e-07
-9.49261e-09
9.67596e-07
-1.34424e-08
9.6171e-07
-1.76878e-08
9.52115e-07
-2.21419e-08
9.38737e-07
-2.66019e-08
9.21696e-07
-3.07291e-08
9.01295e-07
-3.42349e-08
8.78034e-07
-3.67227e-08
8.52514e-07
-3.7718e-08
8.25553e-07
-3.70149e-08
7.97936e-07
-3.46098e-08
7.70676e-07
-3.0452e-08
7.44634e-07
-2.48712e-08
7.20681e-07
-1.85838e-08
6.99628e-07
-1.23128e-08
6.8207e-07
-6.49652e-09
6.68205e-07
-1.4627e-09
6.57948e-07
2.47894e-09
6.50904e-07
5.34409e-09
6.46818e-07
7.2172e-09
6.4514e-07
8.27655e-09
6.45358e-07
8.69353e-09
6.46915e-07
8.63533e-09
6.49255e-07
8.21622e-09
6.52013e-07
7.62969e-09
6.54875e-07
6.87461e-09
6.57766e-07
6.12753e-09
6.60513e-07
5.31559e-09
6.63178e-07
4.64823e-09
6.6559e-07
3.92295e-09
6.67883e-07
3.41493e-09
6.69842e-07
2.78964e-09
6.71685e-07
2.43891e-09
6.73138e-07
1.89568e-09
6.74539e-07
1.69175e-09
1.20193e-09
6.50612e-07
6.50184e-07
6.47222e-07
6.41245e-07
6.31752e-07
6.1831e-07
6.00622e-07
5.7848e-07
5.51878e-07
5.21149e-07
4.86914e-07
4.50192e-07
4.12474e-07
3.75459e-07
3.40849e-07
3.10397e-07
2.85526e-07
2.66942e-07
2.54629e-07
2.48132e-07
2.4667e-07
2.49149e-07
2.54493e-07
2.6171e-07
2.69987e-07
2.7868e-07
2.87315e-07
2.95532e-07
3.03161e-07
3.10036e-07
3.16163e-07
3.21479e-07
3.26127e-07
3.3005e-07
3.33465e-07
3.36255e-07
3.38694e-07
3.40589e-07
3.42281e-07
)
;

boundaryField
{
    inlet
    {
        type            calculated;
        value           nonuniform List<scalar> 
20
(
-1e-06
-1e-06
-1e-06
-1e-06
-1e-06
-1e-06
-1e-06
-1e-06
-1e-06
-1e-06
-1e-06
-1e-06
-1e-06
-1e-06
-1e-06
-1e-06
-1e-06
-1e-06
-1e-06
-1e-06
)
;
    }
    outlet
    {
        type            calculated;
        value           nonuniform List<scalar> 
27
(
7.97541e-07
7.96528e-07
7.95678e-07
7.9463e-07
7.96506e-07
7.89225e-07
7.94589e-07
7.86942e-07
7.91517e-07
7.86817e-07
7.90325e-07
7.87133e-07
7.89521e-07
7.87397e-07
7.88682e-07
7.86895e-07
7.84472e-07
7.65721e-07
6.75585e-07
3.43483e-07
3.34442e-07
6.56328e-07
7.42734e-07
7.57973e-07
7.59803e-07
7.59908e-07
7.59627e-07
)
;
    }
    lowerWall
    {
        type            calculated;
        value           uniform 0;
    }
    upperWall
    {
        type            calculated;
        value           uniform 0;
    }
    defaultFaces
    {
        type            empty;
        value           nonuniform List<scalar> 0();
    }
}


// ************************************************************************* //
