/*--------------------------------*- C++ -*----------------------------------*\
| =========                 |                                                 |
| \\      /  F ield         | OpenFOAM: The Open Source CFD Toolbox           |
|  \\    /   O peration     | Version:  2112                                  |
|   \\  /    A nd           | Website:  www.openfoam.com                      |
|    \\/     M anipulation  |                                                 |
\*---------------------------------------------------------------------------*/
FoamFile
{
    version     2.0;
    format      ascii;
    arch        "LSB;label=32;scalar=64";
    class       volVectorField;
    location    "0.29";
    object      U;
}
// * * * * * * * * * * * * * * * * * * * * * * * * * * * * * * * * * * * * * //

dimensions      [0 1 -1 0 0 0 0];

internalField   nonuniform List<vector> 
1880
(
(0.0989977 0.000618394 0)
(0.0984491 0.00114172 0)
(0.0972845 0.00131143 0)
(0.0959585 0.00130218 0)
(0.0940533 0.00138522 0)
(0.0925099 0.00135627 0)
(0.0905076 0.00142598 0)
(0.089024 0.00140235 0)
(0.0868871 0.00145199 0)
(0.0854694 0.00141532 0)
(0.0831435 0.00138266 0)
(0.0817264 0.00137796 0)
(0.0793763 0.001351 0)
(0.0779868 0.00151839 0)
(0.0753122 0.00134194 0)
(0.0738899 0.00149353 0)
(0.0711491 0.00112765 0)
(0.0697795 0.00172786 0)
(0.0666913 0.00112696 0)
(0.0652511 0.00223192 0)
(0.0614486 0.000832367 0)
(0.0604357 0.00246401 0)
(0.0555257 0.000436351 0)
(0.0556876 0.00223855 0)
(0.0492245 0.000962765 0)
(0.0505118 0.0018897 0)
(0.0418277 0.00229428 0)
(0.043364 0.00296799 0)
(0.0315212 0.00270438 0)
(0.0314765 0.00739189 0)
(0.099874 0.0007312 0)
(0.100497 0.00136315 0)
(0.1004 0.00172073 0)
(0.101323 0.00164681 0)
(0.10068 0.00196072 0)
(0.101733 0.00179442 0)
(0.100636 0.00218955 0)
(0.101782 0.00193543 0)
(0.100354 0.00232765 0)
(0.101638 0.00208506 0)
(0.100034 0.0024822 0)
(0.101068 0.0021535 0)
(0.0994969 0.00258887 0)
(0.100263 0.00220564 0)
(0.0990084 0.00301431 0)
(0.0987177 0.00230249 0)
(0.0986342 0.00326464 0)
(0.0963789 0.00239882 0)
(0.0980339 0.00354331 0)
(0.09393 0.00277399 0)
(0.0964353 0.00406774 0)
(0.0920694 0.00328278 0)
(0.0932223 0.00431324 0)
(0.0894982 0.00421158 0)
(0.0894636 0.00390095 0)
(0.0848438 0.0058728 0)
(0.0850424 0.00507801 0)
(0.0784163 0.00690208 0)
(0.0780203 0.00993917 0)
(0.068523 0.0104845 0)
(0.0999187 0.000260803 0)
(0.100332 0.000655041 0)
(0.100332 0.0010141 0)
(0.101071 0.00106833 0)
(0.100809 0.00140481 0)
(0.101643 0.00125094 0)
(0.101223 0.00171404 0)
(0.10193 0.00142549 0)
(0.101536 0.00193071 0)
(0.102027 0.00169871 0)
(0.102091 0.00205442 0)
(0.101793 0.00202378 0)
(0.102515 0.00217823 0)
(0.101608 0.00218845 0)
(0.102652 0.00276288 0)
(0.101364 0.00214662 0)
(0.102515 0.00339238 0)
(0.101133 0.00243047 0)
(0.102015 0.00359445 0)
(0.100542 0.00362197 0)
(0.101123 0.00357179 0)
(0.0999771 0.00454177 0)
(0.0996864 0.00476557 0)
(0.0985826 0.00410448 0)
(0.0981537 0.00747539 0)
(0.0950516 0.00457706 0)
(0.096251 0.00961316 0)
(0.0909515 0.00898705 0)
(0.0915551 0.0129705 0)
(0.0872248 0.0132055 0)
(0.0999318 0.000250896 0)
(0.100209 0.000601818 0)
(0.100123 0.00102433 0)
(0.100707 0.00107541 0)
(0.100446 0.00148406 0)
(0.101214 0.00125711 0)
(0.100811 0.00185808 0)
(0.1016 0.00136627 0)
(0.101025 0.00218985 0)
(0.101887 0.00150969 0)
(0.101494 0.00248117 0)
(0.10181 0.00178719 0)
(0.101984 0.0026764 0)
(0.101703 0.0020795 0)
(0.102425 0.00298235 0)
(0.101461 0.00246901 0)
(0.102553 0.00342285 0)
(0.101522 0.00298826 0)
(0.10217 0.00385865 0)
(0.101371 0.00380229 0)
(0.10172 0.00440705 0)
(0.100841 0.00471417 0)
(0.101405 0.00564908 0)
(0.0997151 0.00548838 0)
(0.100196 0.00779198 0)
(0.0984992 0.00721108 0)
(0.0979556 0.0101792 0)
(0.0963341 0.0109955 0)
(0.0964556 0.0146605 0)
(0.0933412 0.0155198 0)
(0.0999434 0.000158172 0)
(0.10015 0.000394566 0)
(0.100058 0.000706753 0)
(0.100512 0.000789843 0)
(0.100335 0.00110951 0)
(0.100902 0.00101474 0)
(0.100746 0.00143258 0)
(0.101224 0.00121611 0)
(0.101016 0.00168364 0)
(0.101498 0.00147132 0)
(0.101446 0.00190619 0)
(0.101555 0.00182302 0)
(0.101758 0.00222235 0)
(0.101769 0.0019966 0)
(0.101965 0.0028403 0)
(0.101787 0.00208574 0)
(0.102033 0.00364078 0)
(0.101895 0.00254269 0)
(0.10199 0.00416736 0)
(0.101707 0.0035926 0)
(0.101709 0.00476812 0)
(0.101525 0.00442989 0)
(0.101197 0.00650855 0)
(0.1011 0.00506031 0)
(0.100302 0.00894652 0)
(0.100396 0.00726686 0)
(0.0991178 0.0112222 0)
(0.0993668 0.0112916 0)
(0.0980653 0.0154434 0)
(0.0986793 0.0155401 0)
(0.0999438 0.000132991 0)
(0.100136 0.000336362 0)
(0.100018 0.000618291 0)
(0.100439 0.000712648 0)
(0.10023 0.00102164 0)
(0.10077 0.0009489 0)
(0.100612 0.00137021 0)
(0.101077 0.00114025 0)
(0.10089 0.00166711 0)
(0.101341 0.00136474 0)
(0.10138 0.00192422 0)
(0.101343 0.00175092 0)
(0.10179 0.00218364 0)
(0.101526 0.00213527 0)
(0.102092 0.0025756 0)
(0.101644 0.00249983 0)
(0.102046 0.00327035 0)
(0.102079 0.00297917 0)
(0.101892 0.0040834 0)
(0.102114 0.00379764 0)
(0.101848 0.00489988 0)
(0.10184 0.00485619 0)
(0.10182 0.00636419 0)
(0.101588 0.00603469 0)
(0.101207 0.00873417 0)
(0.101504 0.00826616 0)
(0.100643 0.0112401 0)
(0.100977 0.0120807 0)
(0.100751 0.0150293 0)
(0.10082 0.016404 0)
(0.0999494 9.70621e-05 0)
(0.100116 0.000271769 0)
(0.100005 0.000470782 0)
(0.100367 0.000589462 0)
(0.100193 0.000791225 0)
(0.100639 0.000830286 0)
(0.100578 0.00107359 0)
(0.100928 0.00106593 0)
(0.100863 0.00131847 0)
(0.101231 0.00132503 0)
(0.101322 0.00157712 0)
(0.101348 0.00166419 0)
(0.101658 0.00197248 0)
(0.101665 0.00192009 0)
(0.101976 0.00256141 0)
(0.101811 0.00217416 0)
(0.102098 0.00333246 0)
(0.102204 0.0027504 0)
(0.102152 0.00408327 0)
(0.102381 0.00371519 0)
(0.102137 0.00497112 0)
(0.102434 0.00473659 0)
(0.102246 0.00658267 0)
(0.102364 0.00597764 0)
(0.102156 0.00880951 0)
(0.102556 0.00831296 0)
(0.102066 0.011309 0)
(0.102798 0.0117302 0)
(0.102616 0.0149972 0)
(0.103364 0.0155829 0)
(0.0999526 7.26867e-05 0)
(0.100106 0.00022172 0)
(0.0999993 0.000371957 0)
(0.100335 0.00049124 0)
(0.100175 0.000646236 0)
(0.10058 0.000717141 0)
(0.100562 0.000907228 0)
(0.100855 0.000957296 0)
(0.100877 0.00114288 0)
(0.101149 0.00123109 0)
(0.101394 0.00138064 0)
(0.101268 0.00161301 0)
(0.101774 0.00171808 0)
(0.101649 0.00198163 0)
(0.102101 0.00222338 0)
(0.101944 0.0023275 0)
(0.102204 0.00299718 0)
(0.102486 0.00285124 0)
(0.102399 0.00390959 0)
(0.102682 0.00373541 0)
(0.102681 0.00483461 0)
(0.102808 0.00490511 0)
(0.102991 0.0062533 0)
(0.103087 0.0063039 0)
(0.103105 0.00837351 0)
(0.103617 0.00852297 0)
(0.103549 0.0108039 0)
(0.104194 0.0116778 0)
(0.104593 0.0141071 0)
(0.105315 0.0152867 0)
(0.0999586 4.91383e-05 0)
(0.100094 0.000178554 0)
(0.100007 0.000273533 0)
(0.10031 0.000400965 0)
(0.100181 0.000484602 0)
(0.100542 0.000607029 0)
(0.10057 0.000696607 0)
(0.100827 0.000846729 0)
(0.100888 0.000908828 0)
(0.101164 0.00110609 0)
(0.101406 0.00116579 0)
(0.101351 0.00142628 0)
(0.101793 0.00157397 0)
(0.101803 0.00173679 0)
(0.102186 0.00212396 0)
(0.10213 0.00209953 0)
(0.102419 0.00282891 0)
(0.102722 0.00272875 0)
(0.102744 0.00366306 0)
(0.103066 0.00365389 0)
(0.103126 0.00463488 0)
(0.103391 0.00475223 0)
(0.103655 0.00605813 0)
(0.103831 0.00614861 0)
(0.104097 0.00800542 0)
(0.104643 0.00827025 0)
(0.104833 0.0103289 0)
(0.105636 0.0110874 0)
(0.106218 0.0133311 0)
(0.107119 0.0143073 0)
(0.0999646 2.90606e-05 0)
(0.100085 0.000131994 0)
(0.100018 0.00018437 0)
(0.100296 0.000300897 0)
(0.1002 0.000339063 0)
(0.100527 0.000474497 0)
(0.100602 0.000508825 0)
(0.100822 0.000703376 0)
(0.100943 0.000694218 0)
(0.101183 0.000961788 0)
(0.101491 0.0009279 0)
(0.101417 0.00128512 0)
(0.101898 0.00131138 0)
(0.101954 0.0016225 0)
(0.102322 0.00183163 0)
(0.102369 0.00200539 0)
(0.10264 0.00252161 0)
(0.103011 0.0026158 0)
(0.103148 0.0033639 0)
(0.103402 0.00353844 0)
(0.103704 0.00429107 0)
(0.103916 0.00467399 0)
(0.104338 0.00560309 0)
(0.104622 0.00603381 0)
(0.104997 0.00742788 0)
(0.105613 0.00798214 0)
(0.10608 0.00958143 0)
(0.106864 0.010516 0)
(0.107699 0.0122523 0)
(0.10866 0.0133959 0)
(0.0999713 9.76125e-06 0)
(0.100076 8.36912e-05 0)
(0.100035 9.54111e-05 0)
(0.100291 0.000196228 0)
(0.10023 0.000192041 0)
(0.100534 0.000330572 0)
(0.100647 0.000318588 0)
(0.100855 0.00053376 0)
(0.101004 0.00048458 0)
(0.101261 0.00076286 0)
(0.101568 0.000718493 0)
(0.10155 0.0010418 0)
(0.102004 0.00110867 0)
(0.102151 0.00136288 0)
(0.102493 0.00160232 0)
(0.102618 0.00177355 0)
(0.102912 0.00221395 0)
(0.103325 0.00241146 0)
(0.103539 0.00300639 0)
(0.103831 0.00330024 0)
(0.104212 0.0039437 0)
(0.104501 0.00435388 0)
(0.105008 0.00519439 0)
(0.105373 0.00565273 0)
(0.105859 0.0068348 0)
(0.106554 0.00744876 0)
(0.107157 0.00880408 0)
(0.10801 0.00968953 0)
(0.108973 0.0111667 0)
(0.110021 0.0122056 0)
(0.0999778 -9.08799e-06 0)
(0.100069 3.02549e-05 0)
(0.100055 6.55256e-06 0)
(0.100294 8.23662e-05 0)
(0.100272 4.79118e-05 0)
(0.100557 0.000175966 0)
(0.100713 0.000135783 0)
(0.100908 0.000356109 0)
(0.101092 0.000279939 0)
(0.101356 0.000568357 0)
(0.101679 0.00049345 0)
(0.1017 0.000825927 0)
(0.102144 0.000858608 0)
(0.10237 0.00114569 0)
(0.102693 0.00131972 0)
(0.102888 0.00155601 0)
(0.103212 0.00188431 0)
(0.103645 0.00217263 0)
(0.10397 0.00263095 0)
(0.104248 0.00303641 0)
(0.104741 0.00351935 0)
(0.10509 0.00404179 0)
(0.105641 0.00468882 0)
(0.106118 0.0052386 0)
(0.106674 0.00617489 0)
(0.107406 0.0068651 0)
(0.108159 0.00793051 0)
(0.109029 0.00884008 0)
(0.110091 0.0100043 0)
(0.111185 0.0110248 0)
(0.0999842 -2.95807e-05 0)
(0.100066 -3.34901e-05 0)
(0.100081 -9.46986e-05 0)
(0.100311 -5.56357e-05 0)
(0.100329 -0.000119363 0)
(0.100608 -1.87662e-05 0)
(0.100801 -8.0094e-05 0)
(0.100998 0.000117058 0)
(0.101203 3.36261e-05 0)
(0.101489 0.000292264 0)
(0.101812 0.000222895 0)
(0.101884 0.000509344 0)
(0.102314 0.000558094 0)
(0.102612 0.000818798 0)
(0.102929 0.000976761 0)
(0.103178 0.00122457 0)
(0.103533 0.00148003 0)
(0.104001 0.00180958 0)
(0.104386 0.00218616 0)
(0.104707 0.00261287 0)
(0.105252 0.00304915 0)
(0.105677 0.00354449 0)
(0.106271 0.00412563 0)
(0.106826 0.00465497 0)
(0.107434 0.00543539 0)
(0.108216 0.00610948 0)
(0.109043 0.00699939 0)
(0.109943 0.00782772 0)
(0.111051 0.00880683 0)
(0.112193 0.00970464 0)
(0.0999897 -5.18352e-05 0)
(0.100063 -0.000102593 0)
(0.100109 -0.000197706 0)
(0.100333 -0.000192442 0)
(0.100394 -0.000272709 0)
(0.100672 -0.000193228 0)
(0.100903 -0.000260508 0)
(0.101103 -8.27438e-05 0)
(0.101336 -0.000161753 0)
(0.101644 7.27054e-05 0)
(0.101971 6.34071e-06 0)
(0.102092 0.000262917 0)
(0.102518 0.000311478 0)
(0.102877 0.000564942 0)
(0.103196 0.000692352 0)
(0.103485 0.000948209 0)
(0.103887 0.00113907 0)
(0.104375 0.00148798 0)
(0.104824 0.0017857 0)
(0.105182 0.00222997 0)
(0.105765 0.00259202 0)
(0.106271 0.00309015 0)
(0.106889 0.00358236 0)
(0.107511 0.00410241 0)
(0.108173 0.00474072 0)
(0.108969 0.00539506 0)
(0.109861 0.00610561 0)
(0.110779 0.0068697 0)
(0.111903 0.00765522 0)
(0.113067 0.00845308 0)
(0.0999946 -8.45942e-05 0)
(0.100072 -0.000206107 0)
(0.100157 -0.000353326 0)
(0.100392 -0.000402098 0)
(0.100504 -0.000505918 0)
(0.100792 -0.00046266 0)
(0.101059 -0.000537362 0)
(0.101269 -0.000397854 0)
(0.101521 -0.000469544 0)
(0.101851 -0.000281294 0)
(0.102178 -0.000344657 0)
(0.102344 -0.000137074 0)
(0.102769 -8.46185e-05 0)
(0.103174 0.000141369 0)
(0.1035 0.000244249 0)
(0.103824 0.000482055 0)
(0.104265 0.000633162 0)
(0.104778 0.000967495 0)
(0.105263 0.00122825 0)
(0.105669 0.00164079 0)
(0.106285 0.00197733 0)
(0.106864 0.00242992 0)
(0.107518 0.00286409 0)
(0.108188 0.00334577 0)
(0.108884 0.00387786 0)
(0.109689 0.00447874 0)
(0.110599 0.00507863 0)
(0.111517 0.00574535 0)
(0.11263 0.00641186 0)
(0.113792 0.00709069 0)
(0.099998 -0.000111769 0)
(0.100082 -0.000287704 0)
(0.10021 -0.000461217 0)
(0.100469 -0.000535165 0)
(0.10064 -0.000637422 0)
(0.100948 -0.000614585 0)
(0.101248 -0.000686304 0)
(0.101471 -0.000579832 0)
(0.101744 -0.000645273 0)
(0.102094 -0.000496904 0)
(0.102427 -0.000557276 0)
(0.102642 -0.000385123 0)
(0.103074 -0.000328436 0)
(0.10351 -0.000128903 0)
(0.103853 -4.60935e-05 0)
(0.104211 0.000174898 0)
(0.104705 0.000304328 0)
(0.105239 0.000614526 0)
(0.105756 0.000825577 0)
(0.106201 0.0011971 0)
(0.106842 0.00149676 0)
(0.107479 0.00191826 0)
(0.108176 0.00231181 0)
(0.108877 0.00277273 0)
(0.109625 0.00323034 0)
(0.11042 0.00378295 0)
(0.111343 0.00427296 0)
(0.112244 0.00483772 0)
(0.113334 0.00536127 0)
(0.114458 0.00590911 0)
(0.100001 -0.000203107 0)
(0.100123 -0.000536963 0)
(0.100317 -0.000794119 0)
(0.10062 -0.000916758 0)
(0.10085 -0.00102466 0)
(0.101178 -0.00102741 0)
(0.101502 -0.0010964 0)
(0.101733 -0.00102716 0)
(0.102024 -0.00108246 0)
(0.102397 -0.000978629 0)
(0.102744 -0.00103294 0)
(0.103 -0.000885847 0)
(0.103434 -0.000818815 0)
(0.103883 -0.000650777 0)
(0.10426 -0.000600665 0)
(0.10465 -0.000417574 0)
(0.105191 -0.000306851 0)
(0.105702 -3.30107e-05 0)
(0.10624 0.000150123 0)
(0.106711 0.000465079 0)
(0.107418 0.000725781 0)
(0.108105 0.0010809 0)
(0.108888 0.00141636 0)
(0.109595 0.00183643 0)
(0.110393 0.00224158 0)
(0.111124 0.00274686 0)
(0.112036 0.00318012 0)
(0.112845 0.0036676 0)
(0.113915 0.00411025 0)
(0.114942 0.00455903 0)
(0.0999997 -0.000230426 0)
(0.100227 -0.000604761 0)
(0.10056 -0.00084133 0)
(0.100966 -0.000962522 0)
(0.101265 -0.00105733 0)
(0.101622 -0.00108831 0)
(0.101937 -0.00115009 0)
(0.102187 -0.00112914 0)
(0.102465 -0.00118787 0)
(0.102852 -0.0011326 0)
(0.103177 -0.00117769 0)
(0.103462 -0.00105577 0)
(0.103858 -0.00100427 0)
(0.104274 -0.000906794 0)
(0.104635 -0.000888299 0)
(0.105021 -0.00072717 0)
(0.105573 -0.000601139 0)
(0.10604 -0.000370117 0)
(0.106571 -0.000240578 0)
(0.107012 -2.26869e-06 0)
(0.107735 0.000214091 0)
(0.108392 0.00053661 0)
(0.109246 0.000883186 0)
(0.109936 0.00132526 0)
(0.110828 0.00174451 0)
(0.111525 0.00223325 0)
(0.112495 0.0026028 0)
(0.113253 0.00298553 0)
(0.114354 0.00329132 0)
(0.115301 0.00358007 0)
(0.099997 -0.000690567 0)
(0.100333 -0.00136679 0)
(0.100712 -0.00156702 0)
(0.101107 -0.00161383 0)
(0.101308 -0.00168044 0)
(0.101553 -0.00172841 0)
(0.101657 -0.00177246 0)
(0.101787 -0.00176542 0)
(0.101814 -0.0017835 0)
(0.102055 -0.00175985 0)
(0.102036 -0.00176888 0)
(0.102143 -0.0016515 0)
(0.102178 -0.00156651 0)
(0.102412 -0.00152597 0)
(0.102419 -0.0015266 0)
(0.102611 -0.00141321 0)
(0.102724 -0.00127294 0)
(0.102963 -0.00106375 0)
(0.103127 -0.000935879 0)
(0.10349 -0.000763153 0)
(0.103904 -0.000631709 0)
(0.104467 -0.000439025 0)
(0.104995 -0.000195495 0)
(0.105642 0.000166199 0)
(0.106328 0.000551281 0)
(0.107186 0.0010048 0)
(0.108135 0.00136335 0)
(0.109252 0.00171684 0)
(0.110461 0.00197521 0)
(0.111852 0.00219939 0)
(0.099034 -0.000604611 0)
(0.0984452 -0.00114622 0)
(0.0974244 -0.00127176 0)
(0.0960236 -0.00128022 0)
(0.0943708 -0.00131176 0)
(0.0927515 -0.00132034 0)
(0.0911517 -0.00132215 0)
(0.0895701 -0.00132307 0)
(0.0879851 -0.0013139 0)
(0.0865162 -0.0012721 0)
(0.0849099 -0.00120959 0)
(0.083484 -0.00113047 0)
(0.0820898 -0.0011109 0)
(0.0808187 -0.0011268 0)
(0.0793489 -0.00107395 0)
(0.078174 -0.000924702 0)
(0.0770015 -0.000793352 0)
(0.076137 -0.000754689 0)
(0.0751145 -0.000768777 0)
(0.0744027 -0.000740505 0)
(0.0735692 -0.000663953 0)
(0.0731191 -0.000487149 0)
(0.0726254 -0.000245121 0)
(0.07269 3.31031e-05 0)
(0.0727907 0.000281962 0)
(0.0735354 0.000484666 0)
(0.0742187 0.000610437 0)
(0.0755137 0.000706735 0)
(0.0765871 0.000751096 0)
(0.0782546 0.000772338 0)
(0.014516 0.00280479 0)
(0.052248 0.0161944 0)
(0.0410489 0.0160852 0)
(0.0676773 0.0288811 8.54594e-22)
(0.0575344 0.0279998 7.13596e-22)
(0.0799309 0.0357974 0)
(0.070227 0.032543 2.90245e-22)
(0.098663 0.0390267 2.25288e-23)
(0.083851 0.0345182 7.12051e-22)
(0.124725 0.0468198 0)
(0.0701819 0.0156171 0)
(0.0779154 0.0224883 0)
(0.0836934 0.0287541 0)
(0.0914269 0.0349891 0)
(0.0954019 0.0348354 0)
(0.102284 0.0436469 1.71573e-22)
(0.107837 0.0390167 4.8915e-23)
(0.119723 0.0562344 -8.11079e-23)
(0.125777 0.0517479 -5.38218e-22)
(0.137912 0.0522069 -4.80773e-22)
(0.0869102 0.024706 0)
(0.0904031 0.0218358 0)
(0.0935068 0.0274073 0)
(0.0990525 0.0336958 0)
(0.102529 0.0396766 0)
(0.108279 0.0392679 -1.71571e-22)
(0.114941 0.0397097 -4.89143e-23)
(0.118943 0.0349863 8.11072e-23)
(0.131585 0.0443849 2.81662e-22)
(0.144484 0.0454527 4.80824e-22)
(0.0933806 0.0206193 -4.01184e-22)
(0.0975933 0.0255345 0)
(0.0984969 0.0276306 -3.19716e-22)
(0.101876 0.0309793 -2.60639e-22)
(0.10802 0.033485 -1.85646e-22)
(0.113404 0.0355806 0)
(0.120385 0.0386324 0)
(0.122868 0.0392799 1.31537e-22)
(0.129729 0.0377002 2.7909e-22)
(0.140979 0.0389403 4.32137e-22)
(0.0968723 0.0220414 4.01186e-22)
(0.10035 0.0222262 0)
(0.103043 0.0268239 3.19718e-22)
(0.106735 0.0286793 2.6064e-22)
(0.110953 0.0330031 1.85647e-22)
(0.115261 0.0320628 0)
(0.119773 0.0354053 0)
(0.126548 0.031326 -1.31538e-22)
(0.132817 0.0325977 -2.79093e-22)
(0.138416 0.0341803 -4.32142e-22)
(0.100841 0.0202719 0)
(0.103519 0.022107 -2.86917e-22)
(0.105776 0.0251219 0)
(0.109059 0.0263973 -1.89719e-22)
(0.11348 0.029088 0)
(0.117547 0.0288835 0)
(0.122658 0.0316595 0)
(0.128832 0.0304885 -1.5197e-22)
(0.132207 0.0302289 0)
(0.137066 0.0294883 0)
(0.103459 0.0197128 2.85279e-22)
(0.105909 0.0203254 5.42334e-22)
(0.108493 0.0234158 2.13339e-22)
(0.111824 0.0239878 1.89719e-22)
(0.11539 0.0271462 0)
(0.119436 0.0262022 -3.04955e-23)
(0.123466 0.0282989 0)
(0.128832 0.0259002 1.51971e-22)
(0.132889 0.0266466 0)
(0.137952 0.0252465 0)
(0.10591 0.0180875 -2.8528e-22)
(0.108137 0.0190506 -2.55416e-22)
(0.110694 0.0215523 -2.1334e-22)
(0.11365 0.0219641 0)
(0.117113 0.023973 0)
(0.120874 0.0234163 3.04956e-23)
(0.124786 0.0252949 0)
(0.129638 0.0238612 0)
(0.13328 0.0233984 0)
(0.137382 0.0215305 0)
(0.107961 0.0168651 0)
(0.109997 0.0174389 -2.03801e-22)
(0.112461 0.0195698 0)
(0.115403 0.0197393 -1.19054e-22)
(0.118497 0.021804 0)
(0.121967 0.0210277 0)
(0.125455 0.0221065 6.78137e-23)
(0.129815 0.0205475 1.49635e-22)
(0.133369 0.0208508 0)
(0.136825 0.018764 3.17976e-22)
(0.10971 0.0152765 0)
(0.11161 0.0159198 2.03802e-22)
(0.114009 0.0176501 0)
(0.116693 0.0177872 1.19054e-22)
(0.119593 0.0190993 0)
(0.122877 0.018631 0)
(0.126212 0.0196105 -6.78138e-23)
(0.129844 0.0182998 -1.49635e-22)
(0.133085 0.0178161 0)
(0.136494 0.0158914 -3.17977e-22)
(0.111178 0.0138258 9.55929e-23)
(0.112981 0.0142879 0)
(0.115244 0.0156979 0)
(0.117823 0.0157771 4.50458e-23)
(0.120511 0.0169775 0)
(0.123462 0.0164238 0)
(0.126539 0.0169131 0)
(0.129937 0.0157673 -7.00699e-23)
(0.132938 0.0155853 0)
(0.135728 0.0136706 0)
(0.112421 0.0122661 -7.77292e-24)
(0.11415 0.0127267 0)
(0.116287 0.0138528 5.93927e-23)
(0.118667 0.0139129 -5.25187e-24)
(0.121215 0.0147025 0)
(0.123998 0.0143282 0)
(0.126843 0.0146957 -3.62148e-23)
(0.129755 0.0136383 7.00701e-23)
(0.132528 0.0131775 -9.91008e-23)
(0.13522 0.0115202 -1.32e-22)
(0.113466 0.0107538 -6.51812e-24)
(0.115116 0.0111168 0)
(0.117132 0.0120198 -5.27484e-24)
(0.119387 0.012068 -4.16486e-24)
(0.121764 0.0127095 1.47226e-23)
(0.124301 0.012323 9.09315e-24)
(0.126949 0.0124789 5.91733e-25)
(0.12966 0.0115568 -6.42487e-23)
(0.132186 0.0111786 5.25609e-24)
(0.13455 0.00965806 7.54568e-24)
(0.11435 0.0092764 -8.13022e-23)
(0.115937 0.00959869 0)
(0.117835 0.0103098 -5.4118e-23)
(0.119928 0.010341 -3.56292e-23)
(0.122178 0.0107736 -1.47227e-23)
(0.12456 0.0104539 -1.89876e-23)
(0.127 0.0105132 3.56232e-23)
(0.129433 0.0096877 6.42488e-23)
(0.131781 0.00924307 9.38449e-23)
(0.134003 0.00793724 1.24455e-22)
(0.115084 0.00776966 0)
(0.116598 0.00804245 0)
(0.118389 0.00860363 0)
(0.120355 0.00862846 0)
(0.12247 0.00894878 0)
(0.124681 0.008646 9.89443e-24)
(0.12696 0.008615 0)
(0.129224 0.00789855 0)
(0.131402 0.00749027 0)
(0.133443 0.00636103 0)
(0.115735 0.00642159 0)
(0.117162 0.00663809 0)
(0.118865 0.00705465 0)
(0.120686 0.00705812 0)
(0.122692 0.00725614 0)
(0.124754 0.0069777 4.99733e-24)
(0.126896 0.00688571 0)
(0.128984 0.00626413 0)
(0.131036 0.00585798 0)
(0.132947 0.00490802 0)
(0.116246 0.00495957 0)
(0.117545 0.00514542 0)
(0.119206 0.00545204 2.08934e-23)
(0.120855 0.0054507 0)
(0.122801 0.00557131 4.83969e-24)
(0.124675 0.00532463 -4.99733e-24)
(0.126749 0.00519449 0)
(0.128653 0.00467531 -2.66191e-23)
(0.130633 0.00430566 0)
(0.132366 0.0035309 0)
(0.116628 0.00380876 0)
(0.117653 0.00390464 0)
(0.11933 0.00406096 -2.08935e-23)
(0.120663 0.0040198 0)
(0.122618 0.00403388 -4.8397e-24)
(0.124143 0.00380132 0)
(0.126222 0.00362617 0)
(0.127744 0.00319021 2.66192e-23)
(0.129719 0.00283312 0)
(0.131034 0.00221877 0)
(0.113301 0.00232562 -7.80583e-24)
(0.113997 0.00238434 -6.51478e-24)
(0.115731 0.00243636 -5.00289e-24)
(0.116581 0.00239517 0)
(0.118541 0.00234504 -1.25278e-24)
(0.119433 0.00217421 0)
(0.121468 0.00199437 3.45678e-24)
(0.122187 0.00169071 0)
(0.124073 0.0013932 8.97062e-24)
(0.124368 0.000979472 1.19409e-23)
(0.0795472 0.000745839 7.80495e-24)
(0.0803812 0.000689137 6.51399e-24)
(0.0818494 0.000624253 5.00225e-24)
(0.0826749 0.000554799 0)
(0.0841991 0.00046495 1.2526e-24)
(0.0848426 0.00036024 0)
(0.0862385 0.000226166 -3.45623e-24)
(0.0864321 7.66488e-05 0)
(0.0874614 -9.81366e-05 -8.96901e-24)
(0.0868843 -0.000274561 -1.19387e-23)
(0.00641807 0.00237766 0)
(0.00776912 0.00407297 0)
(0.000910217 0.00558344 0)
(-0.0149378 0.00896832 0)
(-0.0592225 0.0171164 0)
(-0.0898807 0.0127086 0)
(-0.124107 0.0109353 0)
(-0.136122 0.00471469 0)
(-0.140188 0.0006357 0)
(-0.130147 -0.00318312 0)
(-0.116591 -0.00515547 0)
(-0.0959479 -0.00679038 0)
(-0.072817 -0.0074609 0)
(-0.0489531 -0.00784206 0)
(-0.0239823 -0.00726851 0)
(-0.00230222 -0.00601831 0)
(0.0167127 -0.00486842 0)
(0.0320064 -0.00353846 0)
(0.0439613 -0.00230295 0)
(0.0527022 -0.00120398 0)
(0.0586343 -0.000255207 0)
(0.0621468 0.000512563 0)
(0.0636232 0.00105162 0)
(0.0635918 0.00136416 0)
(0.062593 0.00147055 0)
(0.061056 0.00142219 0)
(0.0592691 0.00128113 0)
(0.0574702 0.00109156 0)
(0.0557685 0.000885741 0)
(0.0542737 0.000688615 0)
(0.0529699 0.000517774 0)
(0.0519082 0.000378755 0)
(0.051011 0.000273869 0)
(0.0503166 0.000195633 0)
(0.0497321 0.000142633 0)
(0.0492898 0.000101927 0)
(0.0489274 7.81163e-05 0)
(0.0486311 5.47268e-05 0)
(0.048443 4.5876e-05 0)
(0.0481917 3.16541e-05 0)
(0.00548957 -0.013423 0)
(0.00942759 7.02063e-05 0)
(-0.00528913 0.0113454 0)
(-0.0485155 0.0339606 0)
(-0.0824507 0.0344753 0)
(-0.105718 0.0310487 0)
(-0.129213 0.0225068 0)
(-0.133137 0.00826148 0)
(-0.132828 -0.00417208 0)
(-0.119984 -0.0143753 0)
(-0.104687 -0.0200419 0)
(-0.0838297 -0.0251825 0)
(-0.0605343 -0.0275531 0)
(-0.0363212 -0.0273 0)
(-0.0120479 -0.0262767 0)
(0.00982552 -0.0229504 0)
(0.0291326 -0.0195304 0)
(0.0452723 -0.0157556 0)
(0.0584437 -0.0121868 0)
(0.0689169 -0.00898241 0)
(0.0769597 -0.00620318 0)
(0.0828232 -0.00386457 0)
(0.0867486 -0.00200224 0)
(0.0892931 -0.000613823 0)
(0.0909124 0.00033969 0)
(0.092046 0.000924233 0)
(0.0928009 0.00124028 0)
(0.0933722 0.00136195 0)
(0.0936902 0.00135822 0)
(0.0939147 0.00126837 0)
(0.0939341 0.00114328 0)
(0.0939209 0.000989122 0)
(0.0937567 0.000846968 0)
(0.0936146 0.000697392 0)
(0.0933856 0.000585066 0)
(0.0932028 0.000462675 0)
(0.0930001 0.00038952 0)
(0.0928177 0.000291888 0)
(0.092698 0.000256158 0)
(0.0925115 0.0001764 0)
(0.000135781 -0.00738148 0)
(-0.0190955 0.013275 0)
(-0.0373145 0.0454892 0)
(-0.0586661 0.0581412 0)
(-0.0721804 0.0558978 0)
(-0.0874391 0.0451064 0)
(-0.100291 0.0316409 0)
(-0.100706 0.00988882 0)
(-0.0960601 -0.00892817 0)
(-0.0839322 -0.0237243 0)
(-0.0705667 -0.0322467 0)
(-0.0515386 -0.0389109 0)
(-0.0335032 -0.0429133 0)
(-0.0117823 -0.0439887 0)
(0.00792064 -0.0412344 0)
(0.0258769 -0.0365247 0)
(0.0415613 -0.0309651 0)
(0.0549163 -0.0250966 0)
(0.0656736 -0.0196199 0)
(0.0743683 -0.0147159 0)
(0.0816875 -0.0103288 0)
(0.0877142 -0.00654601 0)
(0.0919908 -0.0036304 0)
(0.0946703 -0.00167866 0)
(0.096226 -0.000537193 0)
(0.0973777 7.53916e-05 0)
(0.0983488 0.000385075 0)
(0.0993877 0.000525552 0)
(0.100324 0.000582232 0)
(0.101268 0.000586696 0)
(0.101992 0.000583136 0)
(0.102656 0.000554649 0)
(0.103066 0.000536653 0)
(0.103434 0.000486969 0)
(0.103591 0.000459293 0)
(0.103753 0.000389982 0)
(0.103773 0.000359652 0)
(0.103828 0.000279424 0)
(0.103807 0.000258161 0)
(0.103813 0.000179288 0)
(0.00270259 -0.000802207 0)
(-0.0161902 0.0286673 0)
(-0.0179369 0.0442628 0)
(-0.037116 0.0613567 0)
(-0.044004 0.0558789 0)
(-0.0544638 0.0490116 0)
(-0.0598566 0.0335159 0)
(-0.057621 0.00787867 0)
(-0.0527385 -0.0160043 0)
(-0.0431851 -0.0327279 0)
(-0.0326317 -0.0431374 0)
(-0.0191491 -0.0513121 0)
(-0.00179229 -0.0563485 0)
(0.015061 -0.0571979 0)
(0.0318481 -0.05375 0)
(0.0456572 -0.0473215 0)
(0.0564234 -0.04035 0)
(0.0662338 -0.0329206 0)
(0.0743766 -0.0258963 0)
(0.0798576 -0.0202596 0)
(0.0841075 -0.0155865 0)
(0.0887689 -0.0110729 0)
(0.0935087 -0.00686145 0)
(0.0973403 -0.00357268 0)
(0.0996589 -0.00155559 0)
(0.100871 -0.000579582 0)
(0.101409 -0.000215609 0)
(0.101873 -0.00010271 0)
(0.10231 -4.51257e-05 0)
(0.102923 1.16195e-05 0)
(0.103468 9.28489e-05 0)
(0.104075 0.000161535 0)
(0.104489 0.000242843 0)
(0.104913 0.00027988 0)
(0.105129 0.000326158 0)
(0.105377 0.000310708 0)
(0.105453 0.000323247 0)
(0.105594 0.000262947 0)
(0.105604 0.000259452 0)
(0.105699 0.000173579 0)
(0.000133959 0.00212739 0)
(-0.0146908 0.0261767 0)
(-0.0207495 0.0531302 0)
(-0.0182045 0.0718988 0)
(-0.0136549 0.0684348 0)
(-0.0148827 0.0587938 0)
(-0.013966 0.0373919 0)
(-0.00914682 0.00847326 0)
(-0.00516802 -0.018669 0)
(-0.00129739 -0.0381879 0)
(0.00274327 -0.0504425 0)
(0.0117051 -0.0609742 0)
(0.0238259 -0.067162 0)
(0.0388448 -0.0683046 0)
(0.0520589 -0.0633228 0)
(0.0635706 -0.0541252 0)
(0.0698872 -0.0457956 0)
(0.0745002 -0.0381563 0)
(0.0808767 -0.0293148 0)
(0.085812 -0.0214361 0)
(0.0872359 -0.0165096 0)
(0.0877581 -0.0131915 0)
(0.0897726 -0.00980714 0)
(0.0933731 -0.00620671 0)
(0.0971652 -0.00318493 0)
(0.100206 -0.00124561 0)
(0.102042 -0.000350571 0)
(0.103063 -0.000117318 0)
(0.103527 -0.000153674 0)
(0.103919 -0.000222764 0)
(0.104202 -0.000216579 0)
(0.104601 -0.000157708 0)
(0.104877 -4.46881e-05 0)
(0.105218 4.16422e-05 0)
(0.105382 0.000132691 0)
(0.105604 0.000154005 0)
(0.105657 0.000194359 0)
(0.105795 0.000157627 0)
(0.105796 0.000167167 0)
(0.105896 0.000101034 0)
(0.00564247 0.010104 0)
(0.00311595 0.0496309 0)
(0.0192645 0.0489251 0)
(0.0202824 0.0621829 0)
(0.0251286 0.0548621 0)
(0.0281485 0.0455636 0)
(0.0346934 0.0272039 0)
(0.0405821 0.00153061 0)
(0.0454312 -0.0226514 0)
(0.0468485 -0.0393295 0)
(0.0479877 -0.0524711 0)
(0.0500114 -0.0664999 0)
(0.0572784 -0.0766812 0)
(0.0662446 -0.0778613 0)
(0.0725017 -0.0713868 0)
(0.0790019 -0.0590821 0)
(0.0833228 -0.0471777 0)
(0.0822071 -0.0404236 0)
(0.0825563 -0.0339783 0)
(0.0871597 -0.0247508 0)
(0.0905987 -0.0167174 0)
(0.0902828 -0.0125136 0)
(0.0887733 -0.0105633 0)
(0.0890237 -0.00866183 0)
(0.0914432 -0.00631272 0)
(0.0951029 -0.00398286 0)
(0.0986239 -0.00221079 0)
(0.101399 -0.00114561 0)
(0.103124 -0.000654073 0)
(0.104169 -0.000483957 0)
(0.104662 -0.000408631 0)
(0.105027 -0.000333785 0)
(0.105191 -0.000206551 0)
(0.105414 -8.75219e-05 0)
(0.105492 5.35442e-05 0)
(0.105659 0.000121918 0)
(0.105686 0.000200461 0)
(0.105807 0.000174691 0)
(0.105804 0.000198536 0)
(0.105904 0.00010537 0)
(-0.0526892 -0.00616383 0)
(0.00450853 0.0119577 0)
(0.0106798 0.0363209 0)
(0.0495563 0.0642672 0)
(0.0671747 0.0640607 0)
(0.0793894 0.0546724 0)
(0.0870477 0.0331237 0)
(0.0925891 0.00400733 0)
(0.0957947 -0.0206558 0)
(0.0944265 -0.0374694 0)
(0.0912048 -0.0503301 0)
(0.0929817 -0.0652997 0)
(0.0955028 -0.0779972 0)
(0.0972717 -0.0802899 0)
(0.0960892 -0.0736831 0)
(0.0932296 -0.0623675 0)
(0.0945084 -0.0475058 0)
(0.0937692 -0.0366232 0)
(0.0886544 -0.0320519 0)
(0.0866086 -0.0267822 0)
(0.0891806 -0.0187003 0)
(0.0915907 -0.0119301 0)
(0.0913425 -0.00887016 0)
(0.0900229 -0.00811126 0)
(0.0897332 -0.0075869 0)
(0.0913305 -0.00642256 0)
(0.0941915 -0.00485381 0)
(0.0975267 -0.00332127 0)
(0.10044 -0.00212364 0)
(0.102698 -0.00131803 0)
(0.104095 -0.000821154 0)
(0.104966 -0.000528143 0)
(0.105343 -0.000318724 0)
(0.105603 -0.000180576 0)
(0.105653 -4.99332e-05 0)
(0.105757 2.38186e-06 0)
(0.105728 7.23187e-05 0)
(0.105803 5.36072e-05 0)
(0.105772 7.97531e-05 0)
(0.10584 1.42116e-05 0)
(0.111054 0.0443519 0)
(0.0835442 0.0145798 0)
(0.0533869 0.0141287 0)
(0.0634056 0.0264193 0)
(0.0803856 0.0318869 0)
(0.0989588 0.0302698 0)
(0.113831 0.0182773 0)
(0.122891 -0.00253856 0)
(0.126806 -0.0236369 0)
(0.125045 -0.0378283 0)
(0.122848 -0.0511948 0)
(0.12211 -0.0677386 0)
(0.120662 -0.0795868 0)
(0.115715 -0.0792617 0)
(0.10943 -0.0688805 0)
(0.101036 -0.0584439 0)
(0.0956328 -0.048541 0)
(0.0963164 -0.0371473 0)
(0.0957536 -0.0290103 0)
(0.0921732 -0.0246449 0)
(0.0904279 -0.0198217 0)
(0.0919406 -0.0138503 0)
(0.0942284 -0.00930324 0)
(0.0954285 -0.00734324 0)
(0.0954005 -0.00711964 0)
(0.0951631 -0.00716467 0)
(0.0954822 -0.00671903 0)
(0.096756 -0.0056998 0)
(0.0986404 -0.00441195 0)
(0.100802 -0.00314256 0)
(0.102653 -0.00206832 0)
(0.104103 -0.00125893 0)
(0.104953 -0.000676142 0)
(0.105477 -0.000308761 0)
(0.105641 -4.60855e-05 0)
(0.105771 7.85679e-05 0)
(0.105754 0.000187241 0)
(0.105815 0.00015995 0)
(0.105788 0.000187509 0)
(0.10585 6.28213e-05 0)
(0.140378 0.0377436 0)
(0.144067 0.0401303 0)
(0.128299 0.0459873 0)
(0.121248 0.0429114 0)
(0.121925 0.0340765 0)
(0.128598 0.0252739 0)
(0.138009 0.0135216 0)
(0.146038 -0.00416607 0)
(0.150728 -0.0230729 0)
(0.150865 -0.0367481 0)
(0.151349 -0.0489336 0)
(0.151113 -0.0626488 0)
(0.141759 -0.0730304 0)
(0.126941 -0.0731167 0)
(0.114283 -0.0624306 0)
(0.105151 -0.0500001 0)
(0.0977115 -0.0421273 0)
(0.094134 -0.0359968 0)
(0.0945341 -0.0292778 0)
(0.0953421 -0.0233055 0)
(0.0951504 -0.0186941 0)
(0.0952956 -0.0147581 0)
(0.0967303 -0.0114814 0)
(0.0992096 -0.00905028 0)
(0.10174 -0.00741995 0)
(0.103369 -0.00637029 0)
(0.10361 -0.00581253 0)
(0.103018 -0.00546098 0)
(0.102344 -0.00499277 0)
(0.102261 -0.00421412 0)
(0.102704 -0.00320792 0)
(0.103545 -0.00218776 0)
(0.104331 -0.00131497 0)
(0.105023 -0.000698344 0)
(0.105403 -0.000287443 0)
(0.105661 -0.000100836 0)
(0.10569 1.79804e-05 0)
(0.105743 5.25345e-06 0)
(0.105697 3.38392e-05 0)
(0.105721 -4.88753e-05 0)
(0.143031 0.0388164 0)
(0.147945 0.0315274 0)
(0.150813 0.0339315 0)
(0.154497 0.0350735 0)
(0.159658 0.0283394 0)
(0.164482 0.0195297 0)
(0.168342 0.00863455 0)
(0.172341 -0.00913368 0)
(0.175986 -0.0255679 0)
(0.175533 -0.0365871 0)
(0.170633 -0.0490657 0)
(0.165138 -0.0591568 0)
(0.152297 -0.0624425 0)
(0.131911 -0.06022 0)
(0.116034 -0.0538119 0)
(0.108451 -0.0467081 0)
(0.105609 -0.0401626 0)
(0.103295 -0.0340407 0)
(0.100423 -0.0290577 0)
(0.098797 -0.0246188 0)
(0.0995389 -0.0197415 0)
(0.101376 -0.0150863 0)
(0.102336 -0.0122467 0)
(0.10231 -0.0111529 0)
(0.10262 -0.0103665 0)
(0.104182 -0.00880185 0)
(0.106346 -0.0067604 0)
(0.107958 -0.00502658 0)
(0.10826 -0.00401987 0)
(0.107569 -0.00351652 0)
(0.106474 -0.00310957 0)
(0.105649 -0.00255292 0)
(0.105184 -0.001831 0)
(0.105125 -0.00111734 0)
(0.105177 -0.000496973 0)
(0.105361 -0.000114407 0)
(0.105475 0.000147128 0)
(0.105619 0.000170273 0)
(0.105663 0.000217526 0)
(0.105739 5.14597e-05 0)
(0.141388 0.0392064 0)
(0.14951 0.0300606 0)
(0.155666 0.0321617 0)
(0.16151 0.034885 0)
(0.170095 0.0260471 0)
(0.173739 0.0177147 0)
(0.178019 0.00841675 0)
(0.181197 -0.00893422 0)
(0.178909 -0.0245219 0)
(0.177992 -0.0326949 0)
(0.17174 -0.0415771 0)
(0.157825 -0.0502598 0)
(0.145312 -0.0511401 0)
(0.133309 -0.0479077 0)
(0.123362 -0.0444252 0)
(0.117285 -0.0414451 0)
(0.113161 -0.0384846 0)
(0.111159 -0.032888 0)
(0.109456 -0.0263937 0)
(0.105917 -0.0226791 0)
(0.103059 -0.0205176 0)
(0.103761 -0.0167304 0)
(0.106253 -0.0119665 0)
(0.106697 -0.00899778 0)
(0.104182 -0.00857252 0)
(0.101197 -0.00886689 0)
(0.100043 -0.00827753 0)
(0.101181 -0.00657822 0)
(0.10354 -0.00451253 0)
(0.105878 -0.00278224 0)
(0.107283 -0.00168927 0)
(0.107695 -0.00113337 0)
(0.107355 -0.000853912 0)
(0.106807 -0.000684809 0)
(0.106248 -0.00050137 0)
(0.105897 -0.000366999 0)
(0.105625 -0.00019778 0)
(0.105541 -0.000147927 0)
(0.105456 -7.15602e-05 0)
(0.105491 -0.000123499 0)
(0.142586 0.0339675 0)
(0.150168 0.0231466 0)
(0.15296 0.024548 0)
(0.161021 0.0260384 0)
(0.168401 0.019861 0)
(0.170637 0.0131779 0)
(0.175798 0.00373348 0)
(0.178142 -0.00919616 0)
(0.173988 -0.0230742 0)
(0.170202 -0.031881 0)
(0.165849 -0.0356586 0)
(0.154077 -0.0411477 0)
(0.142187 -0.0451243 0)
(0.135243 -0.0445942 0)
(0.129154 -0.042736 0)
(0.123498 -0.0396308 0)
(0.116931 -0.035772 0)
(0.110341 -0.031394 0)
(0.107773 -0.0254207 0)
(0.107749 -0.0202291 0)
(0.106309 -0.0184692 0)
(0.10402 -0.0177498 0)
(0.103657 -0.0146848 0)
(0.10489 -0.00988438 0)
(0.105165 -0.00648586 0)
(0.103392 -0.00589679 0)
(0.100629 -0.00702655 0)
(0.0985765 -0.00799197 0)
(0.0981153 -0.00782248 0)
(0.0992197 -0.00650327 0)
(0.10115 -0.00459599 0)
(0.103174 -0.00271472 0)
(0.104707 -0.00124157 0)
(0.105639 -0.000302735 0)
(0.106001 0.000222082 0)
(0.106086 0.000389262 0)
(0.106006 0.000440619 0)
(0.105901 0.000308793 0)
(0.105809 0.000270064 0)
(0.105725 4.0034e-05 0)
(0.144521 0.0287632 0)
(0.148977 0.0219007 0)
(0.150761 0.0215899 0)
(0.15741 0.0220096 0)
(0.162532 0.0177372 0)
(0.166191 0.0107573 0)
(0.169872 0.00246646 0)
(0.172075 -0.00735122 0)
(0.169563 -0.0183747 0)
(0.162488 -0.026567 0)
(0.158353 -0.0297174 0)
(0.153819 -0.0324215 0)
(0.143579 -0.0366178 0)
(0.134293 -0.037924 0)
(0.127615 -0.0358213 0)
(0.121543 -0.0322254 0)
(0.116982 -0.0280042 0)
(0.112558 -0.0251917 0)
(0.108683 -0.023667 0)
(0.107808 -0.0208731 0)
(0.108609 -0.0169995 0)
(0.107545 -0.0139883 0)
(0.104601 -0.0119699 0)
(0.102608 -0.00968241 0)
(0.103041 -0.00716601 0)
(0.105096 -0.00521281 0)
(0.107037 -0.00430044 0)
(0.107566 -0.00421628 0)
(0.106581 -0.00450578 0)
(0.104936 -0.00464349 0)
(0.103526 -0.00434723 0)
(0.102839 -0.00359753 0)
(0.102809 -0.00259802 0)
(0.103212 -0.00165025 0)
(0.103718 -0.000875062 0)
(0.104206 -0.000393852 0)
(0.104546 -9.12672e-05 0)
(0.104844 -3.17269e-05 0)
(0.104981 3.41858e-05 0)
(0.105173 -8.13947e-05 0)
(0.14371 0.0238612 0)
(0.146379 0.0189469 0)
(0.148801 0.0175538 0)
(0.153544 0.0172184 0)
(0.158568 0.0135509 0)
(0.162065 0.00791639 0)
(0.164406 0.000332939 0)
(0.166455 -0.00809132 0)
(0.164873 -0.0151748 0)
(0.158685 -0.0224994 0)
(0.152863 -0.0284948 0)
(0.149459 -0.0300524 0)
(0.143808 -0.03083 0)
(0.136158 -0.0329282 0)
(0.130029 -0.0333508 0)
(0.124249 -0.0317535 0)
(0.119675 -0.0290836 0)
(0.118099 -0.0253381 0)
(0.116701 -0.0222617 0)
(0.113315 -0.0207304 0)
(0.110126 -0.0189073 0)
(0.108975 -0.0154005 0)
(0.108898 -0.0114645 0)
(0.108442 -0.0090046 0)
(0.107511 -0.00862764 0)
(0.106922 -0.00917357 0)
(0.107367 -0.00919957 0)
(0.108788 -0.00811797 0)
(0.110422 -0.00640915 0)
(0.111404 -0.00473082 0)
(0.111327 -0.00340517 0)
(0.110353 -0.00238115 0)
(0.109011 -0.0015482 0)
(0.107767 -0.000912665 0)
(0.106837 -0.000438069 0)
(0.106239 -0.000178488 0)
(0.105896 3.35311e-06 0)
(0.105702 7.95864e-06 0)
(0.105619 4.89342e-05 0)
(0.105548 -8.49224e-05 0)
(0.14188 0.0209923 0)
(0.145022 0.0174589 0)
(0.146996 0.015423 0)
(0.150706 0.014312 0)
(0.155345 0.0111951 0)
(0.158309 0.00615355 0)
(0.160057 -0.000702506 0)
(0.160197 -0.00737462 0)
(0.159386 -0.0122818 0)
(0.157133 -0.0174608 0)
(0.150897 -0.0230129 0)
(0.144759 -0.0262179 0)
(0.141622 -0.0272552 0)
(0.136909 -0.02809 0)
(0.130584 -0.0274691 0)
(0.12585 -0.02501 0)
(0.121648 -0.0237827 0)
(0.117629 -0.0232332 0)
(0.115438 -0.0202192 0)
(0.113951 -0.0158015 0)
(0.111258 -0.0133608 0)
(0.108429 -0.0127226 0)
(0.107659 -0.0113689 0)
(0.108852 -0.00847822 0)
(0.10975 -0.0057307 0)
(0.108445 -0.0046998 0)
(0.105298 -0.00527313 0)
(0.102057 -0.00605873 0)
(0.100091 -0.00600962 0)
(0.0995651 -0.00493031 0)
(0.100035 -0.00333788 0)
(0.100951 -0.00183182 0)
(0.101941 -0.000743328 0)
(0.102795 -0.000121961 0)
(0.103484 0.000187961 0)
(0.104001 0.000252561 0)
(0.104371 0.000265391 0)
(0.104658 0.000150299 0)
(0.10481 0.000123086 0)
(0.104992 -5.31327e-05 0)
(0.140638 0.0172339 0)
(0.143479 0.0146621 0)
(0.145583 0.0131261 0)
(0.148852 0.0111827 0)
(0.151987 0.00812013 0)
(0.154792 0.00443074 0)
(0.15673 -0.000660495 0)
(0.155925 -0.00695727 0)
(0.154182 -0.0123734 0)
(0.153079 -0.0156359 0)
(0.150077 -0.0188856 0)
(0.144489 -0.022941 0)
(0.139745 -0.0247544 0)
(0.135946 -0.0244566 0)
(0.130853 -0.0250361 0)
(0.126499 -0.0250098 0)
(0.124209 -0.0225579 0)
(0.12101 -0.0200847 0)
(0.116568 -0.018996 0)
(0.114031 -0.0173572 0)
(0.113962 -0.0146445 0)
(0.113587 -0.0125069 0)
(0.111468 -0.0116063 0)
(0.109114 -0.0105755 0)
(0.108372 -0.00856787 0)
(0.109215 -0.00624047 0)
(0.110468 -0.00476223 0)
(0.110846 -0.00438373 0)
(0.110056 -0.00459277 0)
(0.108592 -0.00468211 0)
(0.107203 -0.00433858 0)
(0.106195 -0.00362169 0)
(0.105653 -0.00274413 0)
(0.105391 -0.0019227 0)
(0.105332 -0.00123648 0)
(0.105312 -0.000772042 0)
(0.105352 -0.000429348 0)
(0.105351 -0.000282307 0)
(0.105384 -0.000166205 0)
(0.105363 -0.000193848 0)
(0.139646 0.0150235 0)
(0.141965 0.0130446 0)
(0.144145 0.0110884 0)
(0.146838 0.00944312 0)
(0.149457 0.00665314 0)
(0.151467 0.00252305 0)
(0.152773 -0.00132628 0)
(0.153312 -0.00516685 0)
(0.151731 -0.0100775 0)
(0.148776 -0.0143742 0)
(0.14692 -0.0165883 0)
(0.144259 -0.0186326 0)
(0.139094 -0.0212571 0)
(0.134791 -0.0219273 0)
(0.132114 -0.0207891 0)
(0.128128 -0.020404 0)
(0.123608 -0.0200958 0)
(0.120968 -0.0179745 0)
(0.119339 -0.015427 0)
(0.117051 -0.0142349 0)
(0.11466 -0.0134202 0)
(0.113107 -0.0112726 0)
(0.112088 -0.00827858 0)
(0.110858 -0.00608792 0)
(0.109503 -0.0055216 0)
(0.108394 -0.0059251 0)
(0.107717 -0.00623957 0)
(0.107236 -0.00577174 0)
(0.106769 -0.0045767 0)
(0.106161 -0.00311846 0)
(0.105572 -0.00185009 0)
(0.105048 -0.000943282 0)
(0.104742 -0.000372054 0)
(0.104569 -6.60354e-05 0)
(0.104571 0.0001034 0)
(0.104609 0.00013875 0)
(0.104709 0.000168679 0)
(0.104787 8.93875e-05 0)
(0.104854 8.29378e-05 0)
(0.104926 -6.52694e-05 0)
(0.138405 0.0124961 0)
(0.140784 0.010808 0)
(0.142764 0.00926364 0)
(0.145007 0.00733571 0)
(0.147435 0.00483472 0)
(0.148984 0.00202057 0)
(0.149625 -0.00175696 0)
(0.14986 -0.00576599 0)
(0.149294 -0.00868384 0)
(0.147333 -0.0117799 0)
(0.144472 -0.0153519 0)
(0.141867 -0.01712 0)
(0.139055 -0.0176436 0)
(0.135147 -0.0190344 0)
(0.13136 -0.0198709 0)
(0.128455 -0.0185657 0)
(0.125498 -0.0170427 0)
(0.122401 -0.0165906 0)
(0.120071 -0.0157226 0)
(0.11825 -0.0134807 0)
(0.116145 -0.0112079 0)
(0.113866 -0.0100738 0)
(0.11232 -0.00961367 0)
(0.111773 -0.00866599 0)
(0.111722 -0.0069709 0)
(0.111296 -0.00514592 0)
(0.110236 -0.00395551 0)
(0.108741 -0.00352055 0)
(0.107385 -0.00350013 0)
(0.106365 -0.00344895 0)
(0.105802 -0.00318135 0)
(0.105479 -0.00271387 0)
(0.105384 -0.00214521 0)
(0.105308 -0.00160044 0)
(0.105326 -0.00111332 0)
(0.105285 -0.00076273 0)
(0.105314 -0.000481993 0)
(0.105267 -0.000339957 0)
(0.105291 -0.000225744 0)
(0.105231 -0.000212488 0)
(0.137599 0.0105819 0)
(0.139613 0.00919135 0)
(0.14148 0.00764693 0)
(0.143502 0.00595615 0)
(0.145264 0.00373324 0)
(0.146664 0.000941746 0)
(0.147559 -0.00182758 0)
(0.14738 -0.00475036 0)
(0.146511 -0.00807992 0)
(0.145409 -0.0106957 0)
(0.143383 -0.0124975 0)
(0.140462 -0.0146364 0)
(0.137773 -0.0163176 0)
(0.135153 -0.0163881 0)
(0.131841 -0.0161213 0)
(0.12856 -0.016309 0)
(0.126133 -0.0157679 0)
(0.123794 -0.0140844 0)
(0.121022 -0.0125124 0)
(0.118553 -0.0115855 0)
(0.117056 -0.0105723 0)
(0.115987 -0.00888124 0)
(0.114609 -0.00698499 0)
(0.112767 -0.00559221 0)
(0.111068 -0.00493363 0)
(0.109888 -0.0046387 0)
(0.109287 -0.0043409 0)
(0.108836 -0.00380385 0)
(0.108347 -0.00305606 0)
(0.107654 -0.00222753 0)
(0.106971 -0.00147762 0)
(0.106288 -0.000891434 0)
(0.10581 -0.000469414 0)
(0.105411 -0.000207612 0)
(0.105219 -3.05943e-05 0)
(0.105047 3.58974e-05 0)
(0.105012 9.53299e-05 0)
(0.104941 5.31698e-05 0)
(0.104949 6.35614e-05 0)
(0.10491 -5.10042e-05 0)
(0.136689 0.00871374 0)
(0.138602 0.00747888 0)
(0.140326 0.00614435 0)
(0.142055 0.00456835 0)
(0.143672 0.00262415 0)
(0.144759 0.00041046 0)
(0.14529 -0.00210968 0)
(0.14544 -0.00470595 0)
(0.144828 -0.00705728 0)
(0.143393 -0.00936569 0)
(0.141784 -0.0114954 0)
(0.139858 -0.0128613 0)
(0.137173 -0.0137697 0)
(0.134391 -0.0145973 0)
(0.13204 -0.014811 0)
(0.12948 -0.0141946 0)
(0.126574 -0.0134462 0)
(0.12405 -0.0127571 0)
(0.122172 -0.0117263 0)
(0.120312 -0.0102769 0)
(0.118178 -0.00888807 0)
(0.116057 -0.00781606 0)
(0.114462 -0.00695037 0)
(0.113377 -0.00600774 0)
(0.11257 -0.00494594 0)
(0.111618 -0.00390398 0)
(0.110513 -0.00312412 0)
(0.109268 -0.00264921 0)
(0.108189 -0.00237807 0)
(0.107267 -0.00215375 0)
(0.106657 -0.00189837 0)
(0.106172 -0.00160377 0)
(0.10591 -0.00127937 0)
(0.105654 -0.000981798 0)
(0.105551 -0.00070044 0)
(0.10539 -0.000500738 0)
(0.105357 -0.000322913 0)
(0.105236 -0.00023829 0)
(0.105236 -0.000158192 0)
(0.105127 -0.000149334 0)
(0.135968 0.00710421 0)
(0.137704 0.00604721 0)
(0.139287 0.00484401 0)
(0.140826 0.00345769 0)
(0.142165 0.00177879 0)
(0.143139 -0.00015963 0)
(0.143672 -0.00220013 0)
(0.143637 -0.00430927 0)
(0.14311 -0.00644395 0)
(0.142144 -0.00832826 0)
(0.140601 -0.00990207 0)
(0.138688 -0.0112645 0)
(0.13671 -0.0122111 0)
(0.134461 -0.0125765 0)
(0.13192 -0.0126266 0)
(0.129504 -0.0124307 0)
(0.127376 -0.0118133 0)
(0.125166 -0.0108128 0)
(0.122827 -0.00975585 0)
(0.120661 -0.00873905 0)
(0.118921 -0.00766028 0)
(0.11737 -0.00643316 0)
(0.115842 -0.0052195 0)
(0.114222 -0.00420677 0)
(0.112726 -0.00350727 0)
(0.111404 -0.0030129 0)
(0.110402 -0.00260766 0)
(0.10952 -0.0021868 0)
(0.108781 -0.0017403 0)
(0.108004 -0.00128652 0)
(0.107356 -0.000866271 0)
(0.106707 -0.000523025 0)
(0.106253 -0.00025259 0)
(0.105812 -7.93847e-05 0)
(0.105571 5.24418e-05 0)
(0.105306 9.82776e-05 0)
(0.105209 0.000148583 0)
(0.105047 0.000108544 0)
(0.105021 0.000116915 0)
(0.104904 1.23174e-05 0)
(0.135277 0.00559703 0)
(0.136906 0.00466849 0)
(0.138375 0.00362665 0)
(0.139753 0.00242235 0)
(0.140937 0.000997796 0)
(0.141759 -0.000610822 0)
(0.142198 -0.00234437 0)
(0.142233 -0.00412066 0)
(0.141764 -0.00584102 0)
(0.140843 -0.00744555 0)
(0.139616 -0.00883523 0)
(0.138036 -0.00989516 0)
(0.136123 -0.0106445 0)
(0.134117 -0.0110615 0)
(0.132122 -0.0110851 0)
(0.129964 -0.0107342 0)
(0.127708 -0.0101619 0)
(0.125554 -0.00939363 0)
(0.123592 -0.0084156 0)
(0.121644 -0.00728775 0)
(0.1197 -0.00620299 0)
(0.117775 -0.00523901 0)
(0.11606 -0.00439827 0)
(0.114535 -0.00361685 0)
(0.11326 -0.00289071 0)
(0.112037 -0.00223066 0)
(0.11091 -0.0017085 0)
(0.109755 -0.00134109 0)
(0.10877 -0.00109409 0)
(0.107857 -0.00091352 0)
(0.107198 -0.000758095 0)
(0.106602 -0.000619583 0)
(0.106234 -0.000474335 0)
(0.105865 -0.000358161 0)
(0.105685 -0.000238482 0)
(0.105445 -0.000170446 0)
(0.105369 -8.98473e-05 0)
(0.105194 -7.12771e-05 0)
(0.105173 -2.83211e-05 0)
(0.105025 -3.92699e-05 0)
(0.134681 0.0042371 0)
(0.136213 0.0034427 0)
(0.137583 0.00255289 0)
(0.13883 0.00153266 0)
(0.139874 0.000329281 0)
(0.14061 -0.00101342 0)
(0.140999 -0.00243613 0)
(0.140996 -0.00390587 0)
(0.140599 -0.00534918 0)
(0.139831 -0.0066622 0)
(0.138698 -0.00780161 0)
(0.137283 -0.00871379 0)
(0.1357 -0.00930984 0)
(0.133914 -0.009562 0)
(0.131958 -0.00954542 0)
(0.129955 -0.00924063 0)
(0.128001 -0.00862817 0)
(0.125983 -0.0077745 0)
(0.123898 -0.00682912 0)
(0.121805 -0.00585027 0)
(0.119879 -0.00486597 0)
(0.118064 -0.00387916 0)
(0.116382 -0.00296847 0)
(0.114734 -0.00218922 0)
(0.113245 -0.00159908 0)
(0.111844 -0.00117665 0)
(0.110682 -0.000878301 0)
(0.109626 -0.000637349 0)
(0.10879 -0.000417968 0)
(0.107973 -0.000219704 0)
(0.107343 -3.47192e-05 0)
(0.106717 0.000104948 0)
(0.106294 0.000221395 0)
(0.105853 0.000276699 0)
(0.105612 0.000321791 0)
(0.105323 0.000302516 0)
(0.105216 0.000303183 0)
(0.105024 0.000233242 0)
(0.104993 0.00022045 0)
(0.104844 0.000114124 0)
(0.134035 0.00294806 0)
(0.135504 0.00228385 0)
(0.136802 0.00155176 0)
(0.137941 0.000724314 0)
(0.13887 -0.000248287 0)
(0.139512 -0.00133943 0)
(0.139836 -0.00250592 0)
(0.139815 -0.00370637 0)
(0.139411 -0.00488079 0)
(0.138659 -0.00597022 0)
(0.137618 -0.00690641 0)
(0.136291 -0.00762425 0)
(0.134716 -0.00810059 0)
(0.132975 -0.00829192 0)
(0.131135 -0.00816833 0)
(0.129159 -0.00774428 0)
(0.127079 -0.00710729 0)
(0.124946 -0.00631149 0)
(0.122855 -0.00539439 0)
(0.120776 -0.00438965 0)
(0.118781 -0.00341552 0)
(0.116831 -0.00255332 0)
(0.115045 -0.00183315 0)
(0.113395 -0.00123016 0)
(0.112 -0.000743917 0)
(0.110722 -0.000359333 0)
(0.10965 -7.7516e-05 0)
(0.108624 0.000103954 0)
(0.107798 0.000199562 0)
(0.107024 0.000229565 0)
(0.106477 0.000241903 0)
(0.105951 0.000228551 0)
(0.105636 0.000228403 0)
(0.105299 0.000204831 0)
(0.105145 0.00020893 0)
(0.104926 0.000177433 0)
(0.104867 0.000183072 0)
(0.104715 0.000140081 0)
(0.104703 0.000142745 0)
(0.104585 9.5847e-05 0)
(0.13266 0.00171725 0)
(0.13408 0.00116481 0)
(0.135303 0.000581284 0)
(0.136319 -7.1973e-05 0)
(0.137084 -0.00082859 0)
(0.137555 -0.00166938 0)
(0.137692 -0.00256863 0)
(0.13746 -0.00351416 0)
(0.136844 -0.00443971 0)
(0.135858 -0.00527804 0)
(0.134517 -0.00600798 0)
(0.132858 -0.00656886 0)
(0.130966 -0.00688411 0)
(0.128861 -0.00692657 0)
(0.126568 -0.0067077 0)
(0.124159 -0.00622632 0)
(0.12173 -0.00550055 0)
(0.119305 -0.00459553 0)
(0.116944 -0.00363276 0)
(0.114679 -0.00269409 0)
(0.112628 -0.00183749 0)
(0.110784 -0.00109026 0)
(0.109219 -0.000461789 0)
(0.107836 3.95717e-05 0)
(0.106713 0.000392124 0)
(0.105729 0.000600599 0)
(0.10499 0.000701125 0)
(0.104339 0.000736756 0)
(0.103895 0.000749342 0)
(0.10347 0.000739545 0)
(0.103217 0.000724662 0)
(0.102937 0.000684334 0)
(0.102813 0.000649818 0)
(0.102639 0.000583646 0)
(0.102605 0.000537151 0)
(0.102505 0.00045334 0)
(0.10252 0.000408054 0)
(0.102467 0.000314648 0)
(0.102493 0.000284767 0)
(0.102464 0.000186201 0)
(0.125821 0.000624631 0)
(0.127017 0.0002578 0)
(0.12794 -0.000131912 0)
(0.128555 -0.000575874 0)
(0.128828 -0.00108934 0)
(0.128704 -0.00165535 0)
(0.12813 -0.00226133 0)
(0.127078 -0.00289323 0)
(0.125525 -0.00351427 0)
(0.123472 -0.00408644 0)
(0.120971 -0.00456282 0)
(0.118083 -0.00489208 0)
(0.114879 -0.00506257 0)
(0.111489 -0.0050445 0)
(0.108047 -0.00478267 0)
(0.104647 -0.00428705 0)
(0.101384 -0.00363107 0)
(0.0983846 -0.0028809 0)
(0.0957534 -0.00208982 0)
(0.093533 -0.00130886 0)
(0.0917627 -0.000614216 0)
(0.090398 -5.01128e-05 0)
(0.0894641 0.000369274 0)
(0.0888702 0.000659755 0)
(0.0886084 0.000842853 0)
(0.0885258 0.000943392 0)
(0.0886437 0.000978992 0)
(0.0887925 0.000956073 0)
(0.0890529 0.00089313 0)
(0.0892705 0.000799431 0)
(0.0895759 0.00070481 0)
(0.0898048 0.000602072 0)
(0.090105 0.000520385 0)
(0.0903137 0.000431868 0)
(0.0905731 0.000374387 0)
(0.0907494 0.000300897 0)
(0.0909428 0.000265843 0)
(0.0910931 0.000203281 0)
(0.0912007 0.000186742 0)
(0.0913503 0.000136958 0)
(0.087272 -0.000411865 0)
(0.0873111 -0.000509886 0)
(0.0869931 -0.000627872 0)
(0.0863006 -0.000783107 0)
(0.0851959 -0.000969109 0)
(0.0836173 -0.00117304 0)
(0.0815063 -0.00139379 0)
(0.0788287 -0.00161558 0)
(0.0755776 -0.00181071 0)
(0.0717792 -0.00196108 0)
(0.0675082 -0.00205426 0)
(0.0629002 -0.00206241 0)
(0.0581354 -0.00194827 0)
(0.05343 -0.00170775 0)
(0.0490233 -0.00137088 0)
(0.0451368 -0.000971004 0)
(0.0419275 -0.000548619 0)
(0.0394836 -0.000152081 0)
(0.0378151 0.00017743 0)
(0.0368789 0.000416819 0)
(0.0365811 0.000566466 0)
(0.0367769 0.00065514 0)
(0.0373324 0.000687511 0)
(0.0381271 0.000674925 0)
(0.0390666 0.000628468 0)
(0.0400592 0.000561181 0)
(0.0410586 0.000486027 0)
(0.0419992 0.00041622 0)
(0.0428885 0.000359811 0)
(0.0436723 0.000315023 0)
(0.0443948 0.000279321 0)
(0.0449999 0.000247249 0)
(0.0455574 0.000219223 0)
(0.0460046 0.000190182 0)
(0.0464184 0.000165283 0)
(0.0467424 0.000136974 0)
(0.0470285 0.000116374 0)
(0.0472714 8.91488e-05 0)
(0.0474303 7.56444e-05 0)
(0.0476487 4.67053e-05 0)
)
;

boundaryField
{
    inlet
    {
        type            fixedValue;
        value           uniform (0.1 0 0);
    }
    outlet
    {
        type            zeroGradient;
    }
    lowerWall
    {
        type            noSlip;
    }
    upperWall
    {
        type            noSlip;
    }
    defaultFaces
    {
        type            empty;
    }
}


// ************************************************************************* //
