/*--------------------------------*- C++ -*----------------------------------*\
| =========                 |                                                 |
| \\      /  F ield         | OpenFOAM: The Open Source CFD Toolbox           |
|  \\    /   O peration     | Version:  2112                                  |
|   \\  /    A nd           | Website:  www.openfoam.com                      |
|    \\/     M anipulation  |                                                 |
\*---------------------------------------------------------------------------*/
FoamFile
{
    version     2.0;
    format      ascii;
    arch        "LSB;label=32;scalar=64";
    class       volVectorField;
    location    "0.5";
    object      U;
}
// * * * * * * * * * * * * * * * * * * * * * * * * * * * * * * * * * * * * * //

dimensions      [0 1 -1 0 0 0 0];

internalField   nonuniform List<vector> 
1880
(
(0.0989398 0.000569851 0)
(0.0984834 0.00117799 0)
(0.0972099 0.00128059 0)
(0.0959288 0.00134414 0)
(0.0940481 0.00135179 0)
(0.0924478 0.00139568 0)
(0.0905348 0.00141553 0)
(0.0888846 0.0014431 0)
(0.0868875 0.00142606 0)
(0.0852898 0.00145678 0)
(0.0830689 0.00139394 0)
(0.0815738 0.00144318 0)
(0.0790767 0.00141446 0)
(0.0776998 0.00144607 0)
(0.0748677 0.00142248 0)
(0.0736137 0.00150523 0)
(0.0703526 0.00149007 0)
(0.0690883 0.00159715 0)
(0.0654714 0.0016148 0)
(0.0638742 0.00175177 0)
(0.0599899 0.0018781 0)
(0.0576627 0.00204275 0)
(0.0534789 0.00219097 0)
(0.0501757 0.00250161 0)
(0.0452733 0.00285226 0)
(0.0406583 0.00307864 0)
(0.0347519 0.00374751 0)
(0.0281123 0.00399707 0)
(0.0217986 0.00481513 0)
(0.0105621 0.00286202 0)
(0.100364 0.000803838 0)
(0.0998756 0.00133157 0)
(0.100905 0.00173603 0)
(0.100611 0.00170571 0)
(0.101342 0.00185553 0)
(0.100835 0.00197573 0)
(0.101542 0.00194144 0)
(0.100684 0.00227198 0)
(0.101367 0.00203962 0)
(0.100518 0.00239012 0)
(0.100811 0.00230142 0)
(0.100123 0.0023958 0)
(0.100196 0.00254362 0)
(0.0990819 0.00260489 0)
(0.099675 0.00264974 0)
(0.0975267 0.00298446 0)
(0.0986694 0.00297187 0)
(0.0958639 0.00317794 0)
(0.0969776 0.0036296 0)
(0.0935648 0.00366839 0)
(0.0949837 0.00408587 0)
(0.0901075 0.00485914 0)
(0.0923508 0.00469992 0)
(0.0856616 0.0061124 0)
(0.0883752 0.00631521 0)
(0.0796113 0.00762979 0)
(0.0833987 0.00850959 0)
(0.0704865 0.00951427 0)
(0.0769191 0.011677 0)
(0.0574931 0.0110367 0)
(0.100271 0.000334665 0)
(0.0999412 0.000734794 0)
(0.100683 0.000962079 0)
(0.100606 0.00108233 0)
(0.101309 0.00147911 0)
(0.100969 0.00109815 0)
(0.101903 0.0018809 0)
(0.101056 0.00135242 0)
(0.102293 0.00200673 0)
(0.101271 0.0017075 0)
(0.10235 0.00232341 0)
(0.101566 0.00166954 0)
(0.10237 0.00297285 0)
(0.101389 0.00170999 0)
(0.10269 0.00322887 0)
(0.100713 0.00249256 0)
(0.102826 0.00332611 0)
(0.10012 0.00307015 0)
(0.102296 0.00444944 0)
(0.0993838 0.00313243 0)
(0.101695 0.00592537 0)
(0.0977954 0.00426476 0)
(0.101114 0.0069094 0)
(0.0954813 0.00607139 0)
(0.0998969 0.0092418 0)
(0.0929328 0.00768572 0)
(0.0976066 0.0124469 0)
(0.0897168 0.0108443 0)
(0.0940903 0.015655 0)
(0.0851148 0.0145834 0)
(0.100184 0.000344697 0)
(0.0999032 0.000605332 0)
(0.10049 0.00103236 0)
(0.100246 0.00106057 0)
(0.101018 0.00157238 0)
(0.100547 0.00119543 0)
(0.10144 0.0019354 0)
(0.100836 0.00147052 0)
(0.101742 0.00206193 0)
(0.101106 0.00185276 0)
(0.102011 0.0023482 0)
(0.101295 0.00190516 0)
(0.102209 0.00299433 0)
(0.101421 0.00200262 0)
(0.10236 0.00331254 0)
(0.101243 0.0028765 0)
(0.102668 0.00337174 0)
(0.100731 0.00373841 0)
(0.102794 0.00437517 0)
(0.100343 0.00412273 0)
(0.102321 0.00581537 0)
(0.100088 0.00542765 0)
(0.101789 0.00699691 0)
(0.0991118 0.00744913 0)
(0.101487 0.00908763 0)
(0.0981125 0.00982106 0)
(0.100312 0.0119762 0)
(0.0975977 0.0131616 0)
(0.0988453 0.0157003 0)
(0.0962883 0.017906 0)
(0.10006 0.000320768 0)
(0.0999946 0.00028973 0)
(0.100231 0.000903667 0)
(0.100304 0.000521879 0)
(0.100611 0.00150277 0)
(0.100654 0.000602655 0)
(0.100937 0.00185752 0)
(0.101013 0.000956036 0)
(0.10122 0.00193985 0)
(0.101316 0.00139076 0)
(0.101495 0.00226448 0)
(0.101513 0.00148975 0)
(0.101717 0.002914 0)
(0.101717 0.00171063 0)
(0.101831 0.00327002 0)
(0.101767 0.00252716 0)
(0.102043 0.00359959 0)
(0.101545 0.00326713 0)
(0.102203 0.00473552 0)
(0.101381 0.00379309 0)
(0.101935 0.006135 0)
(0.101454 0.0051659 0)
(0.101524 0.007506 0)
(0.101211 0.00709501 0)
(0.101342 0.00970141 0)
(0.10093 0.00949969 0)
(0.101052 0.0125134 0)
(0.100904 0.0128899 0)
(0.100809 0.0162984 0)
(0.101023 0.0171278 0)
(0.09998 0.000287207 0)
(0.100072 0.000205325 0)
(0.10014 0.000796159 0)
(0.100313 0.000487559 0)
(0.100432 0.00133922 0)
(0.100663 0.000638751 0)
(0.100647 0.00172261 0)
(0.101045 0.000973088 0)
(0.100936 0.00184969 0)
(0.10132 0.00141384 0)
(0.101293 0.00212736 0)
(0.101507 0.00162358 0)
(0.101531 0.00270292 0)
(0.101802 0.00194097 0)
(0.101671 0.00307159 0)
(0.101941 0.00275787 0)
(0.101945 0.00347898 0)
(0.101883 0.00351441 0)
(0.102143 0.00458439 0)
(0.101962 0.0042345 0)
(0.102004 0.00585203 0)
(0.102213 0.00567488 0)
(0.101901 0.00730408 0)
(0.102179 0.00755358 0)
(0.102099 0.0093998 0)
(0.102261 0.0100349 0)
(0.102228 0.0120599 0)
(0.102605 0.0132192 0)
(0.102864 0.0156457 0)
(0.103089 0.0174794 0)
(0.0999555 0.000291461 0)
(0.100105 7.03954e-05 0)
(0.100056 0.000729951 0)
(0.100306 0.000285338 0)
(0.100313 0.00117542 0)
(0.100618 0.000451143 0)
(0.10053 0.00148767 0)
(0.100996 0.000797958 0)
(0.100822 0.00163993 0)
(0.101314 0.00119736 0)
(0.101199 0.00195171 0)
(0.101534 0.00143818 0)
(0.101481 0.00249866 0)
(0.101879 0.00181243 0)
(0.101667 0.00292898 0)
(0.10213 0.00254304 0)
(0.101972 0.00348318 0)
(0.102248 0.003259 0)
(0.102242 0.0045809 0)
(0.102474 0.00408079 0)
(0.102323 0.00580084 0)
(0.102852 0.00550307 0)
(0.102453 0.00730579 0)
(0.103113 0.00728753 0)
(0.102885 0.00937106 0)
(0.103467 0.00965138 0)
(0.103454 0.0119486 0)
(0.104187 0.0125808 0)
(0.10434 0.0153962 0)
(0.105305 0.0163077 0)
(0.0999541 0.00023968 0)
(0.100103 3.46881e-05 0)
(0.100069 0.000592102 0)
(0.100264 0.000246431 0)
(0.100303 0.000952524 0)
(0.100565 0.000431196 0)
(0.100515 0.00124121 0)
(0.100929 0.00075986 0)
(0.100824 0.00142501 0)
(0.101258 0.00113749 0)
(0.101231 0.00173445 0)
(0.101529 0.00141086 0)
(0.101551 0.00224638 0)
(0.101921 0.00181952 0)
(0.101826 0.00269517 0)
(0.102238 0.0025167 0)
(0.102202 0.00329972 0)
(0.102515 0.00323184 0)
(0.102539 0.00433966 0)
(0.102902 0.00413838 0)
(0.102819 0.00550017 0)
(0.103373 0.00550415 0)
(0.103229 0.00700821 0)
(0.103825 0.00722605 0)
(0.103889 0.00892572 0)
(0.104499 0.00951871 0)
(0.104748 0.0113418 0)
(0.105465 0.0122216 0)
(0.106037 0.01444 0)
(0.10693 0.0157358 0)
(0.0999603 0.000202816 0)
(0.100104 6.30255e-06 0)
(0.100067 0.000476636 0)
(0.100235 0.000185417 0)
(0.100302 0.000755374 0)
(0.100512 0.000359293 0)
(0.100542 0.000997712 0)
(0.100877 0.000646767 0)
(0.10086 0.00120677 0)
(0.101249 0.000978097 0)
(0.101286 0.00152202 0)
(0.101573 0.00126792 0)
(0.101657 0.00199705 0)
(0.10201 0.00168933 0)
(0.102012 0.00247403 0)
(0.102401 0.00232641 0)
(0.102464 0.00311716 0)
(0.102809 0.00302935 0)
(0.102901 0.0041016 0)
(0.103317 0.00396434 0)
(0.103365 0.00520577 0)
(0.103923 0.0052748 0)
(0.103965 0.00666566 0)
(0.104593 0.0069015 0)
(0.104836 0.00848852 0)
(0.105502 0.00902687 0)
(0.105935 0.0107549 0)
(0.106785 0.011482 0)
(0.107445 0.0136077 0)
(0.108536 0.0145789 0)
(0.0999758 0.000148483 0)
(0.100081 5.3407e-07 0)
(0.100095 0.000333039 0)
(0.10021 0.00015287 0)
(0.100323 0.000534453 0)
(0.100495 0.000306126 0)
(0.100585 0.000743693 0)
(0.100865 0.000547168 0)
(0.100927 0.000965924 0)
(0.101261 0.000841508 0)
(0.101382 0.00127335 0)
(0.101636 0.00113877 0)
(0.101801 0.00170844 0)
(0.102123 0.00156883 0)
(0.102235 0.00218295 0)
(0.102588 0.0021657 0)
(0.10276 0.00282962 0)
(0.10312 0.00285502 0)
(0.103293 0.00375115 0)
(0.10374 0.00378312 0)
(0.103931 0.00481047 0)
(0.10446 0.00501688 0)
(0.104711 0.00618379 0)
(0.105321 0.00656639 0)
(0.105751 0.00787436 0)
(0.106452 0.00851358 0)
(0.107072 0.00997818 0)
(0.107942 0.0107616 0)
(0.108792 0.0124832 0)
(0.109936 0.0135497 0)
(0.0999829 9.8797e-05 0)
(0.100073 -9.93294e-06 0)
(0.100112 0.000208444 0)
(0.1002 9.14148e-05 0)
(0.100348 0.000344616 0)
(0.100493 0.000207797 0)
(0.10064 0.000512374 0)
(0.100886 0.000402393 0)
(0.101002 0.000725238 0)
(0.10132 0.000662703 0)
(0.10149 0.00101391 0)
(0.101739 0.000954265 0)
(0.101967 0.0014132 0)
(0.102273 0.00136968 0)
(0.102471 0.0018814 0)
(0.102815 0.00192138 0)
(0.103068 0.00250829 0)
(0.103451 0.00259031 0)
(0.103704 0.00335808 0)
(0.104168 0.0034918 0)
(0.10449 0.00435461 0)
(0.105016 0.00464076 0)
(0.105407 0.00563642 0)
(0.106044 0.00607308 0)
(0.106614 0.00720743 0)
(0.10736 0.00783876 0)
(0.108088 0.00912739 0)
(0.109043 0.00985475 0)
(0.109996 0.0113583 0)
(0.111183 0.012299 0)
(0.0999931 4.84621e-05 0)
(0.100059 -2.34727e-05 0)
(0.100131 7.61902e-05 0)
(0.100208 2.28357e-05 0)
(0.100376 0.000154376 0)
(0.100524 9.7208e-05 0)
(0.100704 0.000291156 0)
(0.100939 0.000250217 0)
(0.101101 0.000488509 0)
(0.101402 0.000486946 0)
(0.101623 0.000750618 0)
(0.101868 0.000770269 0)
(0.102149 0.00111121 0)
(0.102456 0.00116513 0)
(0.102718 0.00156137 0)
(0.103067 0.00167132 0)
(0.103389 0.00215737 0)
(0.103796 0.00230844 0)
(0.104121 0.00293498 0)
(0.104602 0.00316235 0)
(0.105037 0.0038667 0)
(0.105566 0.00422101 0)
(0.106074 0.00503977 0)
(0.106745 0.00553206 0)
(0.10742 0.00648194 0)
(0.108206 0.00711519 0)
(0.109036 0.00820359 0)
(0.110035 0.00892947 0)
(0.11108 0.0101534 0)
(0.112306 0.0110602 0)
(0.0999972 5.65379e-06 0)
(0.100054 -6.17058e-05 0)
(0.10015 -4.87311e-05 0)
(0.100232 -9.07082e-05 0)
(0.100419 -3.94389e-05 0)
(0.100579 -7.18128e-05 0)
(0.100787 4.59784e-05 0)
(0.10103 3.29206e-05 0)
(0.101221 0.000205028 0)
(0.101523 0.000234746 0)
(0.101782 0.000430211 0)
(0.102028 0.0004908 0)
(0.102356 0.000751502 0)
(0.102671 0.000852469 0)
(0.10298 0.00117286 0)
(0.10335 0.00131576 0)
(0.103724 0.00172467 0)
(0.104153 0.00191467 0)
(0.104548 0.00242747 0)
(0.105043 0.00271033 0)
(0.105568 0.00328988 0)
(0.106119 0.00367164 0)
(0.106705 0.00435633 0)
(0.107417 0.00485144 0)
(0.108174 0.00566199 0)
(0.109003 0.0062631 0)
(0.1099 0.00718515 0)
(0.110943 0.00786681 0)
(0.112059 0.00888609 0)
(0.113304 0.00970317 0)
(0.100001 -3.4737e-05 0)
(0.100051 -0.000110054 0)
(0.100164 -0.0001714 0)
(0.100266 -0.000209928 0)
(0.100466 -0.000212309 0)
(0.100652 -0.000227459 0)
(0.100884 -0.000155166 0)
(0.101139 -0.000145764 0)
(0.101364 -2.22974e-05 0)
(0.101666 3.9231e-05 0)
(0.101962 0.000176677 0)
(0.10222 0.000270971 0)
(0.102582 0.000465588 0)
(0.102917 0.000596116 0)
(0.103264 0.00085235 0)
(0.103656 0.00101529 0)
(0.104079 0.00134886 0)
(0.104529 0.00156422 0)
(0.104983 0.00197323 0)
(0.105498 0.00228495 0)
(0.106093 0.00275917 0)
(0.106672 0.00314208 0)
(0.107317 0.00370721 0)
(0.108072 0.00418826 0)
(0.108891 0.00486808 0)
(0.109748 0.00543296 0)
(0.110705 0.00619435 0)
(0.111779 0.00683521 0)
(0.112949 0.00766248 0)
(0.114209 0.00839531 0)
(0.100004 -7.7613e-05 0)
(0.100061 -0.000204967 0)
(0.100199 -0.000337506 0)
(0.100337 -0.000411787 0)
(0.100563 -0.000460223 0)
(0.100779 -0.000484406 0)
(0.101037 -0.000452898 0)
(0.101307 -0.000441951 0)
(0.10156 -0.000364988 0)
(0.101862 -0.000299816 0)
(0.102189 -0.000209645 0)
(0.102455 -0.000116108 0)
(0.102844 3.17154e-05 0)
(0.103198 0.000160857 0)
(0.103576 0.000370326 0)
(0.103989 0.000533464 0)
(0.104456 0.00080686 0)
(0.104918 0.00102686 0)
(0.105428 0.00135634 0)
(0.105962 0.0016698 0)
(0.106609 0.00206495 0)
(0.107218 0.00242509 0)
(0.107915 0.0028999 0)
(0.108698 0.00334806 0)
(0.109571 0.00391592 0)
(0.11045 0.00443124 0)
(0.111457 0.0050618 0)
(0.112549 0.00564256 0)
(0.11376 0.00632176 0)
(0.115023 0.00695947 0)
(0.100007 -0.00011213 0)
(0.100071 -0.000280688 0)
(0.100242 -0.000452992 0)
(0.100423 -0.00054057 0)
(0.100689 -0.000603269 0)
(0.100935 -0.000627404 0)
(0.101229 -0.000618767 0)
(0.101507 -0.000606792 0)
(0.101795 -0.000568052 0)
(0.102095 -0.000502683 0)
(0.102454 -0.000447226 0)
(0.102736 -0.000359468 0)
(0.103158 -0.000240908 0)
(0.103525 -0.00011735 0)
(0.103947 5.51524e-05 0)
(0.10437 0.00021716 0)
(0.104889 0.000432056 0)
(0.105355 0.000646374 0)
(0.105921 0.00090758 0)
(0.106466 0.00120377 0)
(0.107162 0.00152833 0)
(0.10779 0.00184961 0)
(0.108548 0.00223984 0)
(0.109335 0.0026459 0)
(0.110261 0.00310834 0)
(0.111137 0.00356734 0)
(0.112207 0.00407604 0)
(0.113294 0.00458495 0)
(0.114559 0.00512511 0)
(0.115789 0.00566754 0)
(0.100013 -0.000206377 0)
(0.100107 -0.000527671 0)
(0.100346 -0.000791154 0)
(0.100579 -0.000920767 0)
(0.100898 -0.00100013 0)
(0.101159 -0.00103159 0)
(0.101496 -0.00104328 0)
(0.101763 -0.00104113 0)
(0.102095 -0.00102883 0)
(0.102385 -0.000973766 0)
(0.102787 -0.000939196 0)
(0.103072 -0.00086354 0)
(0.103534 -0.000761984 0)
(0.103893 -0.000656439 0)
(0.104367 -0.000520679 0)
(0.104775 -0.00037619 0)
(0.105352 -0.000215506 0)
(0.105797 -2.3922e-05 0)
(0.106429 0.000181911 0)
(0.106957 0.000440324 0)
(0.107712 0.000703468 0)
(0.108328 0.000980738 0)
(0.109173 0.0013069 0)
(0.109924 0.00166575 0)
(0.110926 0.00203537 0)
(0.11176 0.00243173 0)
(0.112921 0.00284611 0)
(0.113952 0.00327802 0)
(0.115312 0.00371437 0)
(0.11648 0.00415835 0)
(0.100011 -0.000234769 0)
(0.10021 -0.000593009 0)
(0.100585 -0.000844728 0)
(0.10093 -0.000965141 0)
(0.101312 -0.0010392 0)
(0.101598 -0.00108485 0)
(0.101947 -0.00111899 0)
(0.102206 -0.00113647 0)
(0.10255 -0.00115144 0)
(0.102831 -0.0011177 0)
(0.103232 -0.00110712 0)
(0.103517 -0.00105456 0)
(0.103961 -0.000978811 0)
(0.104298 -0.000904544 0)
(0.104762 -0.000806828 0)
(0.105145 -0.000684933 0)
(0.105707 -0.000573945 0)
(0.106121 -0.000407648 0)
(0.106749 -0.000236936 0)
(0.107246 -1.61685e-05 0)
(0.108005 0.000188101 0)
(0.108591 0.000413409 0)
(0.10946 0.000684272 0)
(0.110155 0.000994314 0)
(0.111183 0.00128236 0)
(0.111983 0.00160134 0)
(0.113204 0.00191978 0)
(0.114189 0.00225686 0)
(0.115611 0.00259712 0)
(0.116718 0.0029605 0)
(0.0999861 -0.000692296 0)
(0.100337 -0.00135657 0)
(0.100718 -0.0015718 0)
(0.101095 -0.00161811 0)
(0.101331 -0.00166363 0)
(0.101551 -0.00171743 0)
(0.101672 -0.00175983 0)
(0.101812 -0.00177016 0)
(0.101891 -0.00176871 0)
(0.102033 -0.0017321 0)
(0.102106 -0.00171269 0)
(0.10222 -0.00165478 0)
(0.102296 -0.00158671 0)
(0.102449 -0.00152491 0)
(0.102533 -0.00145254 0)
(0.102715 -0.00134913 0)
(0.10286 -0.00125862 0)
(0.1031 -0.00112051 0)
(0.103337 -0.00098697 0)
(0.10367 -0.000827678 0)
(0.10402 -0.00068401 0)
(0.104467 -0.000503785 0)
(0.104985 -0.000300422 0)
(0.105591 -6.97845e-05 0)
(0.106298 0.000128163 0)
(0.107074 0.000352692 0)
(0.108013 0.000576666 0)
(0.109016 0.000822282 0)
(0.110219 0.00106468 0)
(0.111451 0.00131974 0)
(0.099015 -0.000602828 0)
(0.0984634 -0.0011438 0)
(0.0974211 -0.00127836 0)
(0.0960192 -0.00127926 0)
(0.0943752 -0.00129981 0)
(0.0927845 -0.00132257 0)
(0.0911488 -0.00132651 0)
(0.0896128 -0.00131911 0)
(0.0880177 -0.00129793 0)
(0.0865436 -0.00125741 0)
(0.0849985 -0.00121147 0)
(0.0835942 -0.00115957 0)
(0.0821401 -0.00111982 0)
(0.080854 -0.00107317 0)
(0.0794972 -0.00100407 0)
(0.0783766 -0.000941021 0)
(0.0771675 -0.000894921 0)
(0.0762123 -0.00082641 0)
(0.0751789 -0.000736563 0)
(0.0744768 -0.000650196 0)
(0.0736616 -0.000577743 0)
(0.0732086 -0.00050291 0)
(0.0726334 -0.000403865 0)
(0.0725055 -0.000290698 0)
(0.0722436 -0.000173698 0)
(0.0724655 -6.87795e-05 0)
(0.0725098 2.88496e-05 0)
(0.0730785 0.000116615 0)
(0.0734338 0.000222959 0)
(0.0743847 0.000317086 0)
(0.00944722 -0.00095919 0)
(0.0372862 0.0122709 0)
(0.0277503 0.0101453 0)
(0.060228 0.0235031 8.22011e-22)
(0.0423887 0.0186097 6.47586e-22)
(0.0796474 0.0330269 0)
(0.0551081 0.0258426 2.39603e-22)
(0.0991445 0.0399234 2.36271e-23)
(0.0721653 0.0334043 6.98757e-22)
(0.123697 0.0435005 0)
(0.0666566 0.0127524 0)
(0.070442 0.0199701 0)
(0.07802 0.0217251 0)
(0.0868652 0.0320991 0)
(0.0894404 0.031134 0)
(0.10158 0.04141 1.67695e-22)
(0.100478 0.0377086 3.82998e-23)
(0.117729 0.0483142 -8.86933e-23)
(0.11687 0.044941 -5.25499e-22)
(0.139668 0.0515017 -4.81676e-22)
(0.0874563 0.0194608 0)
(0.0903042 0.0234398 0)
(0.0949482 0.0284944 0)
(0.0984564 0.0290327 0)
(0.102917 0.0358521 0)
(0.110549 0.0368991 -1.67694e-22)
(0.113618 0.0418369 -3.82996e-23)
(0.123022 0.0377302 8.86927e-23)
(0.126058 0.0423804 2.73536e-22)
(0.141014 0.0384758 4.81687e-22)
(0.0962993 0.0196133 -3.56346e-22)
(0.0982322 0.0244279 0)
(0.102317 0.0274832 -2.85431e-22)
(0.105299 0.0303993 -2.37894e-22)
(0.108356 0.0321239 -1.66019e-22)
(0.114279 0.034183 0)
(0.118927 0.038817 0)
(0.126275 0.0383169 1.37596e-22)
(0.129444 0.0392275 2.73358e-22)
(0.138706 0.0348572 4.23177e-22)
(0.10056 0.021425 3.56347e-22)
(0.102417 0.0222322 0)
(0.105553 0.0270179 2.85431e-22)
(0.10895 0.0275931 2.37895e-22)
(0.111925 0.032218 1.6602e-22)
(0.116547 0.0306435 0)
(0.120587 0.0353842 0)
(0.127735 0.0329666 -1.37597e-22)
(0.131956 0.0356561 -2.73359e-22)
(0.138487 0.0296161 -4.2318e-22)
(0.103576 0.0200247 0)
(0.105252 0.0218346 -2.58968e-22)
(0.10792 0.0250151 0)
(0.111097 0.0260436 -1.65967e-22)
(0.114428 0.0288496 0)
(0.118625 0.02805 0)
(0.122665 0.0317823 0)
(0.12828 0.0307723 -1.546e-22)
(0.132791 0.0319539 0)
(0.138111 0.0274671 0)
(0.105606 0.0196339 2.54449e-22)
(0.10756 0.0201486 4.87137e-22)
(0.11005 0.0233904 1.87093e-22)
(0.113368 0.0235652 1.65968e-22)
(0.116352 0.0270082 0)
(0.120221 0.0258835 -1.2997e-23)
(0.123677 0.0283102 0)
(0.128944 0.0272329 1.546e-22)
(0.133459 0.0283832 0)
(0.137843 0.0245241 0)
(0.107625 0.0181258 -2.54449e-22)
(0.109615 0.0189162 -2.28169e-22)
(0.111975 0.0214906 -1.87094e-22)
(0.114949 0.0217908 0)
(0.117875 0.0240871 0)
(0.121678 0.0235349 1.2997e-23)
(0.125034 0.0252723 0)
(0.129429 0.0245524 0)
(0.133702 0.0253003 0)
(0.137549 0.0223373 0)
(0.109387 0.0169175 0)
(0.111312 0.0173878 -1.7808e-22)
(0.113596 0.0196283 0)
(0.116543 0.0196987 -9.57137e-23)
(0.119289 0.0217711 0)
(0.12268 0.0213585 0)
(0.125941 0.0225498 8.2823e-23)
(0.129887 0.0217264 1.61065e-22)
(0.133746 0.0223387 0)
(0.137366 0.0198881 3.30106e-22)
(0.110943 0.0154108 0)
(0.112825 0.0158788 1.7808e-22)
(0.115063 0.0176995 0)
(0.117772 0.0178746 9.57138e-23)
(0.120408 0.0193747 0)
(0.12359 0.019052 0)
(0.126734 0.019978 -8.28231e-23)
(0.130249 0.0193015 -1.61065e-22)
(0.133778 0.0197078 0)
(0.137172 0.0176127 -3.30107e-22)
(0.112329 0.0139086 8.29629e-23)
(0.114153 0.0143156 0)
(0.116292 0.0158245 0)
(0.118872 0.0159179 3.29329e-23)
(0.121432 0.017159 0)
(0.124344 0.0169199 0)
(0.127293 0.0176369 0)
(0.130537 0.0168867 -8.03353e-23)
(0.133796 0.0171466 0)
(0.136943 0.0154638 0)
(0.11353 0.012373 -7.6356e-24)
(0.115292 0.0127444 0)
(0.117373 0.0139872 4.6813e-23)
(0.119805 0.0141083 -5.68875e-24)
(0.122239 0.0150576 0)
(0.124961 0.0148149 0)
(0.127769 0.0154108 -4.7931e-23)
(0.130796 0.0147436 8.03355e-23)
(0.133751 0.0148662 -1.13244e-22)
(0.136641 0.0134238 -1.48044e-22)
(0.1146 0.0107932 -6.51745e-24)
(0.11632 0.0111328 0)
(0.118315 0.0121451 -5.60551e-24)
(0.120623 0.0122383 -4.70395e-24)
(0.122967 0.0130214 1.61728e-24)
(0.125525 0.0128085 2.21402e-23)
(0.128157 0.0132451 -1.00333e-24)
(0.130972 0.012624 -7.87362e-23)
(0.133728 0.0126756 2.91674e-24)
(0.136433 0.0114635 4.79198e-24)
(0.115536 0.00928115 -6.88102e-23)
(0.117207 0.00958597 0)
(0.119132 0.0104269 -4.12075e-23)
(0.121323 0.0105226 -2.25403e-23)
(0.123562 0.0111293 -1.61728e-24)
(0.125996 0.0109328 -4.62583e-23)
(0.128492 0.0112837 4.89345e-23)
(0.131118 0.0107325 7.87363e-23)
(0.133691 0.010695 1.10328e-22)
(0.136225 0.0096683 1.43253e-22)
(0.116402 0.00767723 0)
(0.118033 0.00795104 0)
(0.119892 0.00862892 0)
(0.121976 0.00871699 0)
(0.124134 0.00920303 0)
(0.126433 0.00903845 2.41181e-23)
(0.128807 0.00927641 0)
(0.131279 0.00880323 0)
(0.133703 0.00873672 0)
(0.136075 0.00787571 0)
(0.117204 0.00624513 0)
(0.118755 0.00649279 0)
(0.120582 0.00704652 0)
(0.122536 0.00713522 0)
(0.124645 0.00750603 0)
(0.126816 0.00736669 1.32981e-23)
(0.129113 0.00753193 0)
(0.131409 0.00712895 0)
(0.133723 0.0070258 0)
(0.135944 0.00631134 0)
(0.118011 0.00461211 0)
(0.119413 0.00482966 0)
(0.121262 0.00525876 1.33414e-23)
(0.122996 0.00533988 0)
(0.12511 0.0056199 -3.54538e-24)
(0.127046 0.00552062 -1.32981e-23)
(0.129322 0.0056278 0)
(0.131363 0.0053096 -3.70831e-23)
(0.133625 0.00520059 0)
(0.135579 0.00462962 0)
(0.118319 0.00331816 0)
(0.119325 0.00351487 0)
(0.12123 0.00383099 -1.33414e-23)
(0.122522 0.00389603 0)
(0.124695 0.00406732 3.5454e-24)
(0.126151 0.00398505 0)
(0.128462 0.00402738 0)
(0.129954 0.00377631 3.70833e-23)
(0.132228 0.00365309 0)
(0.133596 0.00321404 0)
(0.112901 0.0015477 -5.95032e-24)
(0.113255 0.00168522 -4.5511e-24)
(0.115005 0.00187671 -2.93083e-24)
(0.115545 0.00193862 0)
(0.117584 0.00204825 1.0646e-24)
(0.118233 0.00202549 0)
(0.120449 0.00204081 6.10324e-24)
(0.121053 0.0018925 0)
(0.12327 0.00178831 1.21436e-23)
(0.123614 0.00151142 1.54997e-23)
(0.0750871 0.000389323 5.94964e-24)
(0.0752046 0.000413102 4.55053e-24)
(0.0762692 0.000429127 2.93045e-24)
(0.0765565 0.000407207 0)
(0.0778614 0.000382357 -1.06445e-24)
(0.0781415 0.000330424 0)
(0.0795524 0.000269079 -6.10225e-24)
(0.0796407 0.000191333 0)
(0.0809992 0.000107292 -1.21413e-23)
(0.0806347 1.5788e-05 -1.54968e-23)
(0.0120781 -0.00741104 0)
(0.0255581 -0.00439295 0)
(0.0244357 0.00639722 0)
(0.0196663 0.00187684 0)
(0.0251813 -0.00374428 0)
(0.015177 0.00792133 0)
(-0.0371235 0.0184383 0)
(-0.0718945 0.0135856 0)
(-0.101162 0.0104858 0)
(-0.117931 0.00668549 0)
(-0.128794 0.00399689 0)
(-0.130435 0.00128839 0)
(-0.12844 -0.0006332 0)
(-0.120655 -0.00215504 0)
(-0.110864 -0.00324823 0)
(-0.0981177 -0.00394954 0)
(-0.0822789 -0.00463934 0)
(-0.0672666 -0.00527855 0)
(-0.0480136 -0.00575102 0)
(-0.0292582 -0.00599121 0)
(-0.0110407 -0.00512559 0)
(0.00607977 -0.0046331 0)
(0.0207029 -0.00372353 0)
(0.0331715 -0.00281487 0)
(0.043126 -0.00192672 0)
(0.0508425 -0.00112077 0)
(0.0564537 -0.000407133 0)
(0.060213 0.000195491 0)
(0.0622521 0.00064787 0)
(0.0629678 0.000927507 0)
(0.0627054 0.00109677 0)
(0.0618468 0.00122172 0)
(0.0604528 0.00140383 0)
(0.0585727 0.00161845 0)
(0.0561847 0.00178357 0)
(0.0532925 0.00179304 0)
(0.05033 0.00157807 0)
(0.0470657 0.00120481 0)
(0.0448687 0.000818242 0)
(0.0415966 0.000366714 0)
(0.0146385 -0.020759 0)
(0.01469 -0.00331217 0)
(0.0248419 -0.00204373 0)
(0.0252453 -0.00343609 0)
(-0.00644601 0.00872139 0)
(-0.0402411 0.0357778 0)
(-0.0752037 0.0395988 0)
(-0.0947032 0.0304393 0)
(-0.114642 0.0221428 0)
(-0.12311 0.0135566 0)
(-0.129054 0.00549425 0)
(-0.126258 -0.00130066 0)
(-0.121198 -0.00684805 0)
(-0.111052 -0.0106888 0)
(-0.0988511 -0.0136703 0)
(-0.0866392 -0.0164906 0)
(-0.0682757 -0.0179908 0)
(-0.0530983 -0.019639 0)
(-0.0323915 -0.0214807 0)
(-0.0143114 -0.0211559 0)
(0.00453651 -0.0198338 0)
(0.0219081 -0.0180689 0)
(0.0369023 -0.0155404 0)
(0.0498218 -0.0129919 0)
(0.0605048 -0.010476 0)
(0.0692479 -0.00818278 0)
(0.0763496 -0.0060418 0)
(0.0819696 -0.00415919 0)
(0.0862704 -0.00249126 0)
(0.0892494 -0.00123397 0)
(0.0913286 -0.000242561 0)
(0.092548 0.000381201 0)
(0.093473 0.000970399 0)
(0.0937356 0.0013535 0)
(0.0942711 0.0019511 0)
(0.0939447 0.00228333 0)
(0.0945091 0.00281633 0)
(0.0933908 0.00268268 0)
(0.0937944 0.00287552 0)
(0.0916492 0.00228691 0)
(0.00936336 -0.0297094 0)
(0.000486929 -0.0127446 0)
(0.00295883 0.000260555 0)
(-0.00135556 0.0226985 0)
(-0.0291474 0.0414379 0)
(-0.050302 0.0579984 0)
(-0.0723294 0.0543804 0)
(-0.0803803 0.0418467 0)
(-0.0946543 0.0310343 0)
(-0.0976343 0.0185249 0)
(-0.101184 0.00653145 0)
(-0.0960026 -0.00412325 0)
(-0.0891101 -0.0120222 0)
(-0.0793461 -0.0183613 0)
(-0.0667923 -0.0216296 0)
(-0.0546385 -0.0255129 0)
(-0.0402823 -0.0291753 0)
(-0.0241065 -0.0317251 0)
(-0.00766396 -0.0336491 0)
(0.00913389 -0.0334526 0)
(0.0252736 -0.0316493 0)
(0.0401314 -0.028413 0)
(0.0527829 -0.024244 0)
(0.063442 -0.0200785 0)
(0.0720137 -0.0161315 0)
(0.0788631 -0.0126937 0)
(0.0842616 -0.00964588 0)
(0.0887486 -0.00700733 0)
(0.0923793 -0.004635 0)
(0.0951909 -0.00277299 0)
(0.0972958 -0.00128613 0)
(0.0987487 -0.000398716 0)
(0.100197 0.000484796 0)
(0.101092 0.000888499 0)
(0.102544 0.0016192 0)
(0.103204 0.00171929 0)
(0.104555 0.0021592 0)
(0.105288 0.00202685 0)
(0.106206 0.00215739 0)
(0.107224 0.00220279 0)
(0.00056987 -0.0249164 0)
(-0.00382897 0.00375964 0)
(-0.00843886 -0.00107945 0)
(-0.0159615 0.0234144 0)
(-0.0335402 0.0446625 0)
(-0.0483642 0.0647052 0)
(-0.0554893 0.0598333 0)
(-0.0591241 0.0471667 0)
(-0.0672988 0.0351661 0)
(-0.0688289 0.0203782 0)
(-0.0692774 0.00514246 0)
(-0.0645886 -0.00932204 0)
(-0.0561375 -0.0190767 0)
(-0.0459364 -0.0265765 0)
(-0.0348801 -0.031483 0)
(-0.0224729 -0.0353532 0)
(-0.0092744 -0.0398008 0)
(0.00404308 -0.0430621 0)
(0.0190004 -0.0453068 0)
(0.0332058 -0.0449939 0)
(0.0462942 -0.0422868 0)
(0.0578664 -0.0378613 0)
(0.0676328 -0.032297 0)
(0.0758106 -0.0266664 0)
(0.0823926 -0.0213729 0)
(0.0876593 -0.0167499 0)
(0.0914998 -0.012875 0)
(0.09445 -0.00974028 0)
(0.0968525 -0.00693806 0)
(0.0988661 -0.00464758 0)
(0.100431 -0.00268339 0)
(0.101317 -0.00167227 0)
(0.102265 -0.000673666 0)
(0.103084 -0.000306035 0)
(0.104319 0.000483052 0)
(0.105678 0.000822777 0)
(0.10647 0.00117535 0)
(0.107938 0.00141415 0)
(0.107954 0.00128357 0)
(0.109511 0.00149557 0)
(-0.00920401 -0.0320346 0)
(-0.0230241 -0.00719426 0)
(-0.0282801 0.00805467 0)
(-0.0216795 0.0374518 0)
(-0.0262805 0.0606588 0)
(-0.0266039 0.0762617 0)
(-0.0275072 0.065008 0)
(-0.0291119 0.0505266 0)
(-0.0323078 0.0373871 0)
(-0.0334001 0.0211084 0)
(-0.0314338 0.00354673 0)
(-0.0269703 -0.0137238 0)
(-0.019274 -0.0261619 0)
(-0.00996545 -0.0341586 0)
(-0.000185971 -0.0392223 0)
(0.0106969 -0.0437774 0)
(0.0221176 -0.0482696 0)
(0.0340798 -0.0519585 0)
(0.0460058 -0.0543718 0)
(0.0571585 -0.0536627 0)
(0.0669299 -0.0495844 0)
(0.0745675 -0.0437699 0)
(0.0801521 -0.0372237 0)
(0.0846404 -0.0307085 0)
(0.0883316 -0.0246661 0)
(0.0916818 -0.0192462 0)
(0.0944841 -0.0145392 0)
(0.0966119 -0.0108593 0)
(0.098063 -0.0078693 0)
(0.0995688 -0.00545083 0)
(0.100809 -0.00314196 0)
(0.101984 -0.00180637 0)
(0.102261 -0.000851719 0)
(0.103119 -0.000645863 0)
(0.103352 -0.000285096 0)
(0.105248 0.000179162 0)
(0.105853 0.000575225 0)
(0.107627 0.00107759 0)
(0.107734 0.00112096 0)
(0.108382 0.00114638 0)
(-0.0189565 0.00180534 0)
(-0.0294155 0.0222863 0)
(-0.0194721 -0.0031325 0)
(-0.011696 0.0301838 0)
(-0.00864639 0.0471009 0)
(-0.00533413 0.0662503 0)
(0.00133625 0.0596979 0)
(0.00383124 0.0501144 0)
(0.006583 0.0385421 0)
(0.00823434 0.0214944 0)
(0.0129774 0.00174213 0)
(0.0179588 -0.017335 0)
(0.0232582 -0.0313872 0)
(0.0289028 -0.0403186 0)
(0.0353142 -0.0463392 0)
(0.0433687 -0.0512508 0)
(0.0527578 -0.0561866 0)
(0.062534 -0.06004 0)
(0.0715761 -0.0617223 0)
(0.0785084 -0.0605374 0)
(0.0842295 -0.0551277 0)
(0.0887341 -0.0471873 0)
(0.0909036 -0.0392703 0)
(0.0919072 -0.0322505 0)
(0.0925365 -0.0261796 0)
(0.0933695 -0.0209301 0)
(0.0945541 -0.0162104 0)
(0.0961985 -0.0121085 0)
(0.0971554 -0.00891648 0)
(0.0985308 -0.00651745 0)
(0.0993063 -0.00434506 0)
(0.101348 -0.00262684 0)
(0.101676 -0.00142474 0)
(0.103136 -0.00103692 0)
(0.102621 -0.00100401 0)
(0.104016 -0.000932224 0)
(0.104597 -0.000486639 0)
(0.105997 7.87924e-05 0)
(0.107061 0.000721751 0)
(0.10713 0.000985873 0)
(-0.0615236 -0.00131204 0)
(0.00728734 -0.00804922 0)
(-0.0453398 -0.00887125 0)
(0.00149293 0.0252277 0)
(0.0162598 0.0546703 0)
(0.0308145 0.0704791 0)
(0.0406856 0.061189 0)
(0.0428209 0.0480125 0)
(0.0477429 0.0338875 0)
(0.0527716 0.0163323 0)
(0.0585182 -0.00310944 0)
(0.0628773 -0.0210237 0)
(0.0654762 -0.0340647 0)
(0.0678126 -0.0428802 0)
(0.0709058 -0.0496487 0)
(0.0758638 -0.0558045 0)
(0.0829811 -0.0613141 0)
(0.089758 -0.0650579 0)
(0.0945104 -0.0657041 0)
(0.0965992 -0.0630713 0)
(0.0967738 -0.0572032 0)
(0.0971444 -0.0485955 0)
(0.0970165 -0.0394387 0)
(0.0961689 -0.0316419 0)
(0.0952832 -0.0254149 0)
(0.0948232 -0.0204189 0)
(0.0946082 -0.0163829 0)
(0.0954957 -0.0125811 0)
(0.0960727 -0.00944519 0)
(0.097588 -0.00691707 0)
(0.098028 -0.00514226 0)
(0.100401 -0.00352522 0)
(0.101289 -0.00217055 0)
(0.103456 -0.0013859 0)
(0.10353 -0.000960664 0)
(0.104134 -0.00128456 0)
(0.104423 -0.000841272 0)
(0.104843 -0.000693177 0)
(0.105986 0.000306853 0)
(0.10646 0.00109177 0)
(0.104847 0.03729 0)
(0.0839566 0.0185604 0)
(0.0440068 0.00346576 0)
(0.0200373 -0.00961162 0)
(0.0292019 0.0201706 0)
(0.0522498 0.0480341 0)
(0.0735701 0.0519855 0)
(0.0834217 0.0454839 0)
(0.0913477 0.0331154 0)
(0.0969639 0.0160612 0)
(0.101177 -0.00325876 0)
(0.103372 -0.0203647 0)
(0.102684 -0.0335412 0)
(0.102293 -0.0431479 0)
(0.103508 -0.0512588 0)
(0.106426 -0.0590938 0)
(0.110497 -0.0652219 0)
(0.114226 -0.067596 0)
(0.114338 -0.0665252 0)
(0.110981 -0.0623365 0)
(0.106272 -0.0553126 0)
(0.102188 -0.0468563 0)
(0.0996239 -0.0382662 0)
(0.098045 -0.0308463 0)
(0.0970373 -0.0250258 0)
(0.0966969 -0.0201731 0)
(0.0966138 -0.0164154 0)
(0.0973169 -0.0129033 0)
(0.097842 -0.0102275 0)
(0.0990095 -0.00780752 0)
(0.0994354 -0.00628632 0)
(0.101019 -0.00495143 0)
(0.102312 -0.00355042 0)
(0.104302 -0.0026369 0)
(0.105372 -0.00141086 0)
(0.106022 -0.0015352 0)
(0.105859 -0.000943761 0)
(0.105979 -0.00101095 0)
(0.10576 -0.000451137 0)
(0.106555 0.000630785 0)
(0.136654 0.0422479 0)
(0.134358 0.0325223 0)
(0.120919 0.0308413 0)
(0.110134 0.0338483 0)
(0.0845341 0.0321431 0)
(0.0817923 0.0374887 0)
(0.0954207 0.0384116 0)
(0.105411 0.0338613 0)
(0.114728 0.0236284 0)
(0.122 0.00934991 0)
(0.127194 -0.00665147 0)
(0.129307 -0.0221549 0)
(0.129048 -0.0348145 0)
(0.129401 -0.0450177 0)
(0.131087 -0.0535989 0)
(0.133303 -0.0610181 0)
(0.133558 -0.0668232 0)
(0.131437 -0.0680621 0)
(0.127215 -0.0637296 0)
(0.119948 -0.057389 0)
(0.111949 -0.050603 0)
(0.105758 -0.0431379 0)
(0.101965 -0.0357082 0)
(0.100198 -0.0292612 0)
(0.0998338 -0.0242406 0)
(0.0999021 -0.0201141 0)
(0.100117 -0.0169436 0)
(0.100719 -0.0135888 0)
(0.1019 -0.0106837 0)
(0.103054 -0.00810376 0)
(0.103731 -0.00659834 0)
(0.104215 -0.00574038 0)
(0.104852 -0.00460628 0)
(0.106101 -0.00371009 0)
(0.106702 -0.00225439 0)
(0.10773 -0.00169335 0)
(0.107252 -0.000846757 0)
(0.107746 -0.000621893 0)
(0.107223 -0.000116349 0)
(0.107733 0.000498904 0)
(0.142916 0.0380993 0)
(0.147424 0.0323554 0)
(0.14153 0.0294933 0)
(0.139574 0.0257845 0)
(0.135892 0.0320745 0)
(0.133153 0.0366102 0)
(0.137493 0.0342123 0)
(0.142066 0.0286176 0)
(0.147788 0.0186839 0)
(0.152941 0.00570633 0)
(0.156616 -0.00822644 0)
(0.158267 -0.0221111 0)
(0.158113 -0.0346823 0)
(0.157927 -0.0446866 0)
(0.157033 -0.0530268 0)
(0.154379 -0.059983 0)
(0.149593 -0.0631967 0)
(0.141003 -0.0627742 0)
(0.131024 -0.0584804 0)
(0.122554 -0.0512706 0)
(0.115132 -0.0446698 0)
(0.109637 -0.0393558 0)
(0.106678 -0.0342217 0)
(0.105236 -0.0293112 0)
(0.104955 -0.0247532 0)
(0.105306 -0.0202455 0)
(0.105439 -0.0169482 0)
(0.10505 -0.01433 0)
(0.105107 -0.0120988 0)
(0.106192 -0.00932552 0)
(0.106954 -0.00718703 0)
(0.107593 -0.00585208 0)
(0.107224 -0.00495717 0)
(0.107667 -0.00405815 0)
(0.107715 -0.00261902 0)
(0.107705 -0.00194838 0)
(0.107453 -0.000951834 0)
(0.107214 -0.000985936 0)
(0.107101 -0.000456107 0)
(0.108535 0.000211351 0)
(0.14226 0.0367769 0)
(0.147166 0.0337974 0)
(0.147896 0.0322142 0)
(0.149771 0.0318401 0)
(0.15208 0.0342464 0)
(0.155716 0.0365745 0)
(0.162914 0.0341358 0)
(0.168523 0.0277718 0)
(0.173237 0.0172922 0)
(0.177116 0.00457896 0)
(0.179254 -0.00852306 0)
(0.179734 -0.0211775 0)
(0.178127 -0.032882 0)
(0.174062 -0.0431147 0)
(0.168624 -0.0504161 0)
(0.160841 -0.0553326 0)
(0.15096 -0.057321 0)
(0.140891 -0.0551272 0)
(0.130678 -0.050929 0)
(0.122966 -0.0461962 0)
(0.118318 -0.0412485 0)
(0.114718 -0.036849 0)
(0.111996 -0.0325401 0)
(0.110321 -0.0282935 0)
(0.108866 -0.0247644 0)
(0.108241 -0.0208887 0)
(0.108146 -0.0169699 0)
(0.108242 -0.0134016 0)
(0.107076 -0.011468 0)
(0.107104 -0.00943508 0)
(0.106816 -0.0075966 0)
(0.107474 -0.00594861 0)
(0.107163 -0.0046774 0)
(0.106648 -0.0040661 0)
(0.10719 -0.00227666 0)
(0.106486 -0.00147123 0)
(0.106885 -0.000438922 0)
(0.106522 -0.000332677 0)
(0.105644 -0.00107644 0)
(0.10749 -0.000579919 0)
(0.141847 0.031521 0)
(0.145867 0.0306277 0)
(0.149255 0.0291801 0)
(0.1524 0.0278992 0)
(0.155905 0.0281125 0)
(0.161529 0.0287033 0)
(0.169197 0.0265633 0)
(0.175933 0.0218558 0)
(0.181614 0.0127219 0)
(0.184886 0.00118026 0)
(0.186179 -0.0096095 0)
(0.185608 -0.020578 0)
(0.182547 -0.0309706 0)
(0.176935 -0.0386851 0)
(0.168769 -0.0442463 0)
(0.159415 -0.0481098 0)
(0.14935 -0.0496087 0)
(0.140392 -0.0484534 0)
(0.133588 -0.0453803 0)
(0.127736 -0.0420598 0)
(0.123139 -0.038496 0)
(0.119805 -0.0346126 0)
(0.116582 -0.0307799 0)
(0.113927 -0.0265727 0)
(0.111593 -0.0227375 0)
(0.109399 -0.0193039 0)
(0.10777 -0.0166885 0)
(0.107472 -0.013407 0)
(0.107278 -0.011124 0)
(0.107069 -0.00900026 0)
(0.106673 -0.00728767 0)
(0.106469 -0.00598082 0)
(0.106531 -0.00421208 0)
(0.10594 -0.00399958 0)
(0.106099 -0.00247868 0)
(0.106111 -0.00171463 0)
(0.106642 -0.0010109 0)
(0.107325 -9.5487e-05 0)
(0.107158 -0.00120378 0)
(0.107505 -0.00123341 0)
(0.140936 0.0286282 0)
(0.144878 0.0284707 0)
(0.149081 0.0266631 0)
(0.152007 0.0257766 0)
(0.156123 0.0245691 0)
(0.16196 0.0236042 0)
(0.167718 0.0220286 0)
(0.173681 0.0175019 0)
(0.17962 0.00969641 0)
(0.182349 0.000780968 0)
(0.182621 -0.00875446 0)
(0.182169 -0.0183677 0)
(0.178495 -0.0269972 0)
(0.171849 -0.0337711 0)
(0.164812 -0.0381648 0)
(0.15724 -0.0411784 0)
(0.14933 -0.0429253 0)
(0.141722 -0.0429363 0)
(0.135273 -0.0412006 0)
(0.129906 -0.0384067 0)
(0.124754 -0.0352967 0)
(0.120421 -0.0318154 0)
(0.117265 -0.0281467 0)
(0.114732 -0.0246698 0)
(0.113132 -0.0214441 0)
(0.111786 -0.0179222 0)
(0.110787 -0.0152312 0)
(0.109402 -0.0127693 0)
(0.109074 -0.0109162 0)
(0.108676 -0.00889942 0)
(0.108652 -0.00703302 0)
(0.108394 -0.00582739 0)
(0.107924 -0.00424115 0)
(0.108206 -0.00367718 0)
(0.107716 -0.00236349 0)
(0.108232 -0.00178218 0)
(0.108394 -0.00131727 0)
(0.108602 -0.000672363 0)
(0.109379 -0.00113068 0)
(0.108858 -0.000818939 0)
(0.140595 0.0249297 0)
(0.144576 0.0252474 0)
(0.148249 0.0240895 0)
(0.151211 0.0228581 0)
(0.155656 0.0206528 0)
(0.160274 0.0193143 0)
(0.165049 0.0179069 0)
(0.170237 0.0135209 0)
(0.174069 0.00687267 0)
(0.176436 -0.000583611 0)
(0.177461 -0.0089149 0)
(0.176639 -0.0171385 0)
(0.173707 -0.0235186 0)
(0.168079 -0.0288302 0)
(0.161735 -0.0334813 0)
(0.155922 -0.0365952 0)
(0.149569 -0.0380838 0)
(0.143083 -0.0381928 0)
(0.137049 -0.0370492 0)
(0.131935 -0.0347741 0)
(0.127683 -0.0317713 0)
(0.123905 -0.0290095 0)
(0.120774 -0.0262846 0)
(0.118373 -0.0232567 0)
(0.116227 -0.0205623 0)
(0.11445 -0.0177915 0)
(0.113573 -0.0152475 0)
(0.112897 -0.0124706 0)
(0.112054 -0.0108437 0)
(0.111223 -0.00894336 0)
(0.110621 -0.00723057 0)
(0.11036 -0.00560469 0)
(0.109818 -0.0041781 0)
(0.109278 -0.00395669 0)
(0.109172 -0.00263105 0)
(0.109157 -0.0022945 0)
(0.109203 -0.00136916 0)
(0.109104 -0.000888686 0)
(0.108407 -0.00144815 0)
(0.108027 -0.000879486 0)
(0.140304 0.0221171 0)
(0.143811 0.0225015 0)
(0.147143 0.0217766 0)
(0.150633 0.0200093 0)
(0.154565 0.0175447 0)
(0.158199 0.0158375 0)
(0.162445 0.0142972 0)
(0.166563 0.0109194 0)
(0.169254 0.00526961 0)
(0.171169 -0.00161535 0)
(0.172385 -0.00870068 0)
(0.171442 -0.0152667 0)
(0.168576 -0.0204358 0)
(0.164583 -0.0248371 0)
(0.159442 -0.0291363 0)
(0.154113 -0.032076 0)
(0.14871 -0.033343 0)
(0.143051 -0.0336291 0)
(0.137752 -0.0328412 0)
(0.132922 -0.0312844 0)
(0.1287 -0.0291588 0)
(0.125484 -0.0266085 0)
(0.122416 -0.0241578 0)
(0.119957 -0.0214052 0)
(0.117908 -0.0185165 0)
(0.116104 -0.0157503 0)
(0.114283 -0.0137987 0)
(0.113096 -0.0113822 0)
(0.112404 -0.00942649 0)
(0.111216 -0.00766117 0)
(0.11059 -0.00621051 0)
(0.109606 -0.00509353 0)
(0.10996 -0.0033073 0)
(0.109146 -0.00305388 0)
(0.10901 -0.00216388 0)
(0.108567 -0.00169627 0)
(0.108111 -0.00119082 0)
(0.108497 -2.77537e-05 0)
(0.107755 -0.000269135 0)
(0.107284 -0.000491526 0)
(0.14011 0.0194753 0)
(0.143092 0.0197538 0)
(0.146375 0.0191025 0)
(0.149842 0.0171778 0)
(0.153112 0.01488 0)
(0.156225 0.013062 0)
(0.159629 0.0114196 0)
(0.163006 0.00860842 0)
(0.165645 0.00375156 0)
(0.167123 -0.00257756 0)
(0.167719 -0.00868275 0)
(0.166818 -0.0137832 0)
(0.164326 -0.018121 0)
(0.161332 -0.0219539 0)
(0.15745 -0.0255875 0)
(0.152475 -0.0286011 0)
(0.147888 -0.0299544 0)
(0.143382 -0.0301152 0)
(0.138726 -0.0295481 0)
(0.134528 -0.0282189 0)
(0.130762 -0.0265415 0)
(0.127444 -0.0244827 0)
(0.124713 -0.0220599 0)
(0.121949 -0.0196703 0)
(0.119744 -0.017544 0)
(0.118007 -0.0150617 0)
(0.116843 -0.0130035 0)
(0.115084 -0.0110531 0)
(0.114229 -0.00937205 0)
(0.112958 -0.0075569 0)
(0.112397 -0.00595931 0)
(0.11133 -0.00510727 0)
(0.110792 -0.0038382 0)
(0.110636 -0.00325811 0)
(0.10996 -0.00226847 0)
(0.109521 -0.00164255 0)
(0.108945 -0.00134285 0)
(0.108393 -0.00064366 0)
(0.108915 -0.000541981 0)
(0.108618 -0.000538252 0)
(0.13973 0.0171393 0)
(0.142418 0.0172223 0)
(0.145621 0.0165513 0)
(0.148791 0.0148173 0)
(0.151716 0.0126824 0)
(0.154439 0.0107642 0)
(0.157096 0.00904114 0)
(0.159931 0.00647951 0)
(0.162574 0.00238882 0)
(0.163866 -0.00289406 0)
(0.163705 -0.00817533 0)
(0.162734 -0.0124949 0)
(0.160973 -0.0161824 0)
(0.158419 -0.0196863 0)
(0.155437 -0.0226485 0)
(0.151506 -0.0250583 0)
(0.147117 -0.0265427 0)
(0.143177 -0.0267844 0)
(0.139231 -0.0263607 0)
(0.135375 -0.0254599 0)
(0.132027 -0.0238805 0)
(0.128859 -0.022104 0)
(0.125968 -0.0201257 0)
(0.123654 -0.0177717 0)
(0.121596 -0.0156102 0)
(0.119575 -0.0136164 0)
(0.118014 -0.0116746 0)
(0.116359 -0.00950946 0)
(0.115135 -0.00792981 0)
(0.113668 -0.0064201 0)
(0.113152 -0.00512832 0)
(0.112194 -0.00400829 0)
(0.111622 -0.00287235 0)
(0.110688 -0.0024734 0)
(0.110022 -0.00137478 0)
(0.109542 -0.0009541 0)
(0.109268 -0.000379354 0)
(0.108834 -1.92517e-05 0)
(0.108879 -0.00044236 0)
(0.108204 -0.000258165 0)
(0.139338 0.0150317 0)
(0.141892 0.0148316 0)
(0.144854 0.0141262 0)
(0.147721 0.0125631 0)
(0.150368 0.0106432 0)
(0.152758 0.00895904 0)
(0.155093 0.00717792 0)
(0.157363 0.00452947 0)
(0.15945 0.000990602 0)
(0.160778 -0.00318144 0)
(0.160688 -0.00754728 0)
(0.159499 -0.0114529 0)
(0.158102 -0.0147287 0)
(0.156054 -0.0177727 0)
(0.153333 -0.0203768 0)
(0.150298 -0.0223173 0)
(0.146715 -0.0237522 0)
(0.14293 -0.0242772 0)
(0.139659 -0.0237297 0)
(0.136373 -0.0228977 0)
(0.133148 -0.0218037 0)
(0.130276 -0.0200089 0)
(0.127654 -0.018109 0)
(0.125153 -0.0162729 0)
(0.123117 -0.0143915 0)
(0.121094 -0.0123155 0)
(0.119289 -0.010546 0)
(0.117518 -0.00880503 0)
(0.116477 -0.00722267 0)
(0.115042 -0.00591154 0)
(0.114185 -0.00470314 0)
(0.112752 -0.00379878 0)
(0.112168 -0.00258738 0)
(0.111143 -0.00192601 0)
(0.110582 -0.00131825 0)
(0.11001 -0.000994413 0)
(0.109567 -0.000741371 0)
(0.109183 -0.0003152 0)
(0.109001 -3.8472e-05 0)
(0.108136 5.48096e-06 0)
(0.139028 0.0129748 0)
(0.141431 0.012644 0)
(0.144089 0.0119733 0)
(0.146737 0.0106283 0)
(0.149089 0.00890735 0)
(0.151162 0.00722563 0)
(0.153347 0.00554314 0)
(0.155364 0.00322892 0)
(0.156867 -4.2351e-05 0)
(0.15774 -0.0036213 0)
(0.157935 -0.00697332 0)
(0.157121 -0.0103739 0)
(0.155697 -0.0134955 0)
(0.15396 -0.0160604 0)
(0.151711 -0.0183947 0)
(0.14903 -0.020209 0)
(0.146236 -0.0210721 0)
(0.14302 -0.0215631 0)
(0.139865 -0.0215711 0)
(0.137067 -0.0206913 0)
(0.13428 -0.0193656 0)
(0.131405 -0.0180208 0)
(0.128983 -0.0163643 0)
(0.126632 -0.0144835 0)
(0.12448 -0.0126639 0)
(0.122327 -0.0108036 0)
(0.120695 -0.00905566 0)
(0.118826 -0.00745489 0)
(0.117506 -0.00614659 0)
(0.115866 -0.00479531 0)
(0.114836 -0.00353355 0)
(0.113432 -0.00261386 0)
(0.112665 -0.00178126 0)
(0.111713 -0.00138727 0)
(0.111186 -0.000626935 0)
(0.11031 -0.000257548 0)
(0.109861 0.000184517 0)
(0.108979 0.000387765 0)
(0.108887 0.000328258 0)
(0.108193 0.000395923 0)
(0.138728 0.0110453 0)
(0.14096 0.0106366 0)
(0.143392 0.00991373 0)
(0.145785 0.00875198 0)
(0.147973 0.00733901 0)
(0.149882 0.00577611 0)
(0.151698 0.00401114 0)
(0.153438 0.00190629 0)
(0.154836 -0.000709153 0)
(0.15536 -0.00383345 0)
(0.155352 -0.00690542 0)
(0.154935 -0.00960895 0)
(0.153834 -0.0122595 0)
(0.152163 -0.0147783 0)
(0.150349 -0.0166868 0)
(0.14803 -0.0182057 0)
(0.145497 -0.0192923 0)
(0.143028 -0.0195563 0)
(0.140429 -0.0192645 0)
(0.137622 -0.0186982 0)
(0.135114 -0.0176235 0)
(0.132667 -0.0161334 0)
(0.130266 -0.0145591 0)
(0.12786 -0.0128304 0)
(0.125734 -0.0110601 0)
(0.123571 -0.00938817 0)
(0.12178 -0.00788188 0)
(0.119846 -0.00637125 0)
(0.118354 -0.00494362 0)
(0.116557 -0.00381031 0)
(0.115483 -0.00279189 0)
(0.114034 -0.00205776 0)
(0.113249 -0.00120343 0)
(0.111957 -0.000710348 0)
(0.111259 -0.000189777 0)
(0.110313 5.43732e-05 0)
(0.109912 0.000295456 0)
(0.109176 0.000452673 0)
(0.108997 0.000574082 0)
(0.108103 0.000571947 0)
(0.138443 0.00927233 0)
(0.140576 0.00882437 0)
(0.142804 0.00816945 0)
(0.144941 0.0071619 0)
(0.14695 0.00587178 0)
(0.148743 0.00448526 0)
(0.15039 0.00291522 0)
(0.151769 0.000920169 0)
(0.152877 -0.00140027 0)
(0.15347 -0.00387137 0)
(0.153447 -0.00649826 0)
(0.152875 -0.00910731 0)
(0.152084 -0.0113524 0)
(0.150795 -0.0134165 0)
(0.149097 -0.0152998 0)
(0.147211 -0.016627 0)
(0.14518 -0.0173715 0)
(0.142876 -0.0177755 0)
(0.140662 -0.017557 0)
(0.138363 -0.0167922 0)
(0.136034 -0.0157154 0)
(0.133617 -0.0143921 0)
(0.131348 -0.0127681 0)
(0.128932 -0.0111145 0)
(0.126799 -0.00950151 0)
(0.124567 -0.00788539 0)
(0.122671 -0.00633141 0)
(0.120533 -0.0049346 0)
(0.118961 -0.00372774 0)
(0.117141 -0.00267644 0)
(0.115911 -0.00170469 0)
(0.114304 -0.00100434 0)
(0.113341 -0.000306144 0)
(0.11206 4.53162e-05 0)
(0.111405 0.000550614 0)
(0.110356 0.000729601 0)
(0.109935 0.000999153 0)
(0.108987 0.00104419 0)
(0.108825 0.00109165 0)
(0.107951 0.00106009 0)
(0.138214 0.00750135 0)
(0.140233 0.00706133 0)
(0.142285 0.00644131 0)
(0.144263 0.00557297 0)
(0.146113 0.0045018 0)
(0.147723 0.00323373 0)
(0.149219 0.00176218 0)
(0.150435 7.362e-05 0)
(0.151298 -0.00192637 0)
(0.151726 -0.00415666 0)
(0.151805 -0.00634186 0)
(0.151339 -0.00850806 0)
(0.150529 -0.0106567 0)
(0.149436 -0.0125276 0)
(0.148104 -0.0140337 0)
(0.146441 -0.0152915 0)
(0.144732 -0.0160522 0)
(0.142841 -0.0162211 0)
(0.140872 -0.0159348 0)
(0.138778 -0.0152358 0)
(0.136657 -0.014069 0)
(0.134287 -0.0126378 0)
(0.131968 -0.011085 0)
(0.129544 -0.00946006 0)
(0.127272 -0.00781245 0)
(0.124866 -0.00627948 0)
(0.122818 -0.00485526 0)
(0.120632 -0.00358989 0)
(0.118911 -0.00241084 0)
(0.116942 -0.00149207 0)
(0.115602 -0.000632794 0)
(0.113953 -7.44363e-05 0)
(0.11297 0.000513695 0)
(0.111608 0.000779005 0)
(0.110897 0.00112264 0)
(0.109826 0.00120435 0)
(0.109394 0.00136649 0)
(0.10851 0.00134598 0)
(0.108321 0.00139787 0)
(0.107462 0.00128706 0)
(0.138015 0.00596666 0)
(0.139947 0.00555153 0)
(0.141872 0.00500451 0)
(0.143682 0.0042683 0)
(0.145395 0.00334268 0)
(0.146893 0.00224329 0)
(0.148213 0.000953711 0)
(0.149248 -0.00057517 0)
(0.150023 -0.00229823 0)
(0.150348 -0.00416052 0)
(0.150319 -0.00611896 0)
(0.149925 -0.0080719 0)
(0.149245 -0.00989257 0)
(0.148182 -0.0116061 0)
(0.147002 -0.0130687 0)
(0.145601 -0.0141312 0)
(0.144054 -0.0147268 0)
(0.142306 -0.0149042 0)
(0.140526 -0.0145074 0)
(0.138438 -0.0136485 0)
(0.136216 -0.0124169 0)
(0.133736 -0.010957 0)
(0.131241 -0.0092927 0)
(0.128519 -0.00765159 0)
(0.126005 -0.00604487 0)
(0.123423 -0.00458919 0)
(0.121216 -0.0032173 0)
(0.118887 -0.00205743 0)
(0.117056 -0.00101417 0)
(0.115076 -0.000217237 0)
(0.11369 0.000507753 0)
(0.112077 0.000948122 0)
(0.11107 0.00141007 0)
(0.10981 0.00156687 0)
(0.10915 0.00183879 0)
(0.10819 0.00181081 0)
(0.107812 0.00193098 0)
(0.107035 0.00181113 0)
(0.106889 0.00183429 0)
(0.106208 0.00168912 0)
(0.137604 0.00431666 0)
(0.139481 0.00394828 0)
(0.141314 0.00347302 0)
(0.143024 0.00286062 0)
(0.14461 0.00210534 0)
(0.14597 0.0011791 0)
(0.147156 8.72225e-05 0)
(0.148035 -0.00118832 0)
(0.148628 -0.00265571 0)
(0.148844 -0.00425799 0)
(0.148726 -0.00590752 0)
(0.148174 -0.00760781 0)
(0.14739 -0.00928445 0)
(0.146287 -0.0107995 0)
(0.144969 -0.012089 0)
(0.143382 -0.0130857 0)
(0.141698 -0.0135816 0)
(0.139675 -0.013544 0)
(0.137467 -0.012978 0)
(0.134929 -0.0119615 0)
(0.132205 -0.0105563 0)
(0.129151 -0.00899137 0)
(0.126083 -0.00732845 0)
(0.122922 -0.00570536 0)
(0.120018 -0.00412706 0)
(0.117194 -0.00273673 0)
(0.114818 -0.00146346 0)
(0.112515 -0.000449053 0)
(0.110726 0.00044008 0)
(0.108944 0.00103979 0)
(0.107712 0.00160877 0)
(0.106415 0.00189024 0)
(0.105622 0.00222043 0)
(0.104721 0.00224364 0)
(0.104247 0.00238594 0)
(0.103697 0.00224966 0)
(0.103456 0.00228576 0)
(0.103139 0.00208373 0)
(0.103049 0.00207382 0)
(0.102845 0.0018487 0)
(0.135628 0.0029427 0)
(0.137504 0.00262425 0)
(0.139286 0.00223371 0)
(0.140913 0.00173451 0)
(0.142385 0.00111548 0)
(0.143617 0.000333621 0)
(0.144592 -0.000575288 0)
(0.145225 -0.00163544 0)
(0.145523 -0.00283929 0)
(0.145373 -0.00416185 0)
(0.144804 -0.00556503 0)
(0.143771 -0.00701802 0)
(0.142335 -0.00846369 0)
(0.14043 -0.00980557 0)
(0.138223 -0.0109542 0)
(0.135568 -0.0117496 0)
(0.132643 -0.0120793 0)
(0.129295 -0.011801 0)
(0.125711 -0.0108751 0)
(0.12173 -0.00949673 0)
(0.117672 -0.00785352 0)
(0.113484 -0.00621413 0)
(0.109562 -0.00461493 0)
(0.105819 -0.003169 0)
(0.102633 -0.00184632 0)
(0.0998004 -0.000761154 0)
(0.0975988 0.000221477 0)
(0.0957144 0.000973328 0)
(0.0944037 0.00162122 0)
(0.0933395 0.00199942 0)
(0.0927348 0.00235787 0)
(0.0923045 0.00248115 0)
(0.0921387 0.00265035 0)
(0.092157 0.00256347 0)
(0.0922213 0.00259487 0)
(0.0925785 0.00236799 0)
(0.0927193 0.00234621 0)
(0.0933267 0.0020785 0)
(0.0934418 0.00205645 0)
(0.0942358 0.00181312 0)
(0.125588 0.00133395 0)
(0.127388 0.00113533 0)
(0.129013 0.000886144 0)
(0.130411 0.000565765 0)
(0.131549 0.000155404 0)
(0.132364 -0.000376618 0)
(0.132802 -0.00100021 0)
(0.132761 -0.00172944 0)
(0.132173 -0.00255909 0)
(0.130968 -0.00348193 0)
(0.129078 -0.0044733 0)
(0.126459 -0.00552429 0)
(0.123123 -0.00657422 0)
(0.11903 -0.00754292 0)
(0.11429 -0.00837143 0)
(0.108877 -0.0089242 0)
(0.103104 -0.009046 0)
(0.0970325 -0.00862317 0)
(0.0909235 -0.00762256 0)
(0.0848063 -0.00619165 0)
(0.079063 -0.00457146 0)
(0.0737279 -0.00298736 0)
(0.0692534 -0.0015816 0)
(0.0655539 -0.000412665 0)
(0.0629061 0.000496478 0)
(0.0610392 0.00115176 0)
(0.0600819 0.0016656 0)
(0.0596763 0.00200292 0)
(0.0599017 0.00226746 0)
(0.0604929 0.00237757 0)
(0.0614082 0.00247038 0)
(0.0625896 0.00242168 0)
(0.0637989 0.00240365 0)
(0.0653131 0.00223099 0)
(0.0665106 0.00214868 0)
(0.0682082 0.00189481 0)
(0.0691397 0.00180898 0)
(0.0709966 0.00153042 0)
(0.0715072 0.0014797 0)
(0.073574 0.00122318 0)
(0.0817082 -3.05001e-05 0)
(0.0825658 -5.83944e-05 0)
(0.0831898 -0.00012763 0)
(0.0835522 -0.000247913 0)
(0.0835928 -0.000415761 0)
(0.0832156 -0.000629983 0)
(0.0823223 -0.000900336 0)
(0.0807964 -0.00121944 0)
(0.0785428 -0.00157744 0)
(0.0754498 -0.00197324 0)
(0.0714213 -0.00238363 0)
(0.066431 -0.00279654 0)
(0.060423 -0.00318486 0)
(0.0534621 -0.00346694 0)
(0.0456135 -0.00362234 0)
(0.0371177 -0.00353425 0)
(0.0286251 -0.00299295 0)
(0.0207481 -0.00205478 0)
(0.0141295 -0.000910746 0)
(0.00918673 0.000128533 0)
(0.00595187 0.000916495 0)
(0.00418401 0.00137831 0)
(0.00371851 0.0015586 0)
(0.00413066 0.00157546 0)
(0.0052259 0.00148216 0)
(0.00669721 0.00134851 0)
(0.00850944 0.00120757 0)
(0.0104356 0.00108303 0)
(0.0125513 0.000974384 0)
(0.0146426 0.000863575 0)
(0.0168097 0.00076508 0)
(0.0188678 0.000667012 0)
(0.0208931 0.00057937 0)
(0.0227776 0.000488293 0)
(0.0245103 0.000407616 0)
(0.0261543 0.000324861 0)
(0.0274793 0.000264961 0)
(0.0289537 0.00020176 0)
(0.0297434 0.000170498 0)
(0.0312983 0.000133738 0)
)
;

boundaryField
{
    inlet
    {
        type            fixedValue;
        value           uniform (0.1 0 0);
    }
    outlet
    {
        type            zeroGradient;
    }
    lowerWall
    {
        type            noSlip;
    }
    upperWall
    {
        type            noSlip;
    }
    defaultFaces
    {
        type            empty;
    }
}


// ************************************************************************* //
