/*--------------------------------*- C++ -*----------------------------------*\
| =========                 |                                                 |
| \\      /  F ield         | OpenFOAM: The Open Source CFD Toolbox           |
|  \\    /   O peration     | Version:  2112                                  |
|   \\  /    A nd           | Website:  www.openfoam.com                      |
|    \\/     M anipulation  |                                                 |
\*---------------------------------------------------------------------------*/
FoamFile
{
    version     2.0;
    format      ascii;
    arch        "LSB;label=32;scalar=64";
    class       surfaceScalarField;
    location    "0.45";
    object      phi;
}
// * * * * * * * * * * * * * * * * * * * * * * * * * * * * * * * * * * * * * //

dimensions      [0 3 -1 0 0 0 0];

oriented        oriented;

internalField   nonuniform List<scalar> 
3653
(
9.92285e-07
7.71543e-09
9.79532e-07
1.27526e-08
9.63656e-07
1.58757e-08
9.48458e-07
1.51988e-08
9.31635e-07
1.68228e-08
9.14983e-07
1.66516e-08
8.96972e-07
1.80115e-08
8.79101e-07
1.7871e-08
8.6069e-07
1.84102e-08
8.41718e-07
1.89729e-08
8.23582e-07
1.81359e-08
8.03051e-07
2.05305e-08
7.84811e-07
1.82402e-08
7.63151e-07
2.16598e-08
7.42905e-07
2.02462e-08
7.21097e-07
2.1808e-08
6.97858e-07
2.32389e-08
6.73895e-07
2.39633e-08
6.48605e-07
2.529e-08
6.20171e-07
2.84333e-08
5.91171e-07
2.90006e-08
5.58332e-07
3.28387e-08
5.20981e-07
3.7351e-08
4.81069e-07
3.99117e-08
4.36281e-07
4.47883e-08
3.82703e-07
5.35777e-08
3.24927e-07
5.77759e-08
2.56989e-07
6.79386e-08
1.82633e-07
7.43553e-08
6.86154e-08
1.14018e-07
1.00172e-06
5.99622e-09
1.00702e-06
7.455e-09
1.00793e-06
1.49611e-08
1.01059e-06
1.25415e-08
1.01067e-06
1.67366e-08
1.01123e-06
1.60998e-08
1.01126e-06
1.79787e-08
1.0108e-06
1.83284e-08
1.0085e-06
2.07114e-08
1.0085e-06
1.89757e-08
1.00346e-06
2.3174e-08
1.00278e-06
2.12073e-08
9.96743e-07
2.428e-08
9.9378e-07
2.46231e-08
9.86471e-07
2.75547e-08
9.82822e-07
2.54571e-08
9.70908e-07
3.51537e-08
9.67277e-07
2.75941e-08
9.5234e-07
4.02267e-08
9.43775e-07
3.69985e-08
9.27763e-07
4.50124e-08
9.13803e-07
4.67989e-08
8.90572e-07
6.05818e-08
8.75629e-07
5.48551e-08
8.40867e-07
7.95505e-08
8.18477e-07
7.59677e-08
7.76484e-07
9.97681e-08
7.41043e-07
1.0338e-07
6.81086e-07
1.34313e-07
1.26944e-07
6.22757e-07
1.00128e-06
4.71137e-09
1.00478e-06
3.95956e-09
1.00725e-06
1.24888e-08
1.00962e-06
1.01739e-08
1.01155e-06
1.4804e-08
1.01302e-06
1.46356e-08
1.01512e-06
1.58785e-08
1.01673e-06
1.67188e-08
1.01736e-06
2.00794e-08
1.02008e-06
1.62537e-08
1.01819e-06
2.50681e-08
1.02152e-06
1.78773e-08
1.01883e-06
2.69686e-08
1.02033e-06
2.31241e-08
1.018e-06
2.98817e-08
1.01821e-06
2.52491e-08
1.01376e-06
3.96003e-08
1.01463e-06
2.67265e-08
1.00752e-06
4.73331e-08
1.00557e-06
3.89519e-08
9.99787e-07
5.07946e-08
9.92842e-07
5.37439e-08
9.85463e-07
6.79608e-08
9.77467e-07
6.28511e-08
9.63592e-07
9.34259e-08
9.54108e-07
8.54515e-08
9.35664e-07
1.18212e-07
9.20676e-07
1.18367e-07
8.96549e-07
1.5844e-07
1.57983e-07
8.6551e-07
1.00074e-06
3.97403e-09
1.0023e-06
2.39712e-09
1.00433e-06
1.04612e-08
1.0065e-06
7.9972e-09
1.00777e-06
1.3541e-08
1.01043e-06
1.19772e-08
1.01065e-06
1.56558e-08
1.01391e-06
1.34579e-08
1.01359e-06
2.04006e-08
1.01646e-06
1.3377e-08
1.01627e-06
2.52618e-08
1.01817e-06
1.59742e-08
1.01802e-06
2.71269e-08
1.01916e-06
2.19819e-08
1.01864e-06
3.04034e-08
1.01872e-06
2.51628e-08
1.01849e-06
3.98299e-08
1.01686e-06
2.83636e-08
1.01624e-06
4.79463e-08
1.01422e-06
4.0979e-08
1.01121e-06
5.37953e-08
1.00923e-06
5.57257e-08
1.00609e-06
7.11048e-08
1.00034e-06
6.85951e-08
9.98893e-07
9.48783e-08
9.91038e-07
9.33065e-08
9.8725e-07
1.22e-07
9.79696e-07
1.25921e-07
9.77769e-07
1.60367e-07
1.73618e-07
9.62134e-07
1.00061e-06
3.36375e-09
1.00156e-06
1.44443e-09
1.00316e-06
8.86908e-09
1.00506e-06
6.09045e-09
1.00639e-06
1.22131e-08
1.00855e-06
9.82117e-09
1.00926e-06
1.49428e-08
1.01169e-06
1.1027e-08
1.01209e-06
2.00043e-08
1.01442e-06
1.10469e-08
1.01471e-06
2.4972e-08
1.01654e-06
1.41437e-08
1.01679e-06
2.68696e-08
1.01809e-06
2.06838e-08
1.01808e-06
3.04107e-08
1.01855e-06
2.4693e-08
1.01894e-06
3.94483e-08
1.01796e-06
2.93435e-08
1.01833e-06
4.75735e-08
1.01719e-06
4.2122e-08
1.01555e-06
5.54358e-08
1.01533e-06
5.59388e-08
1.01316e-06
7.32807e-08
1.01162e-06
7.01303e-08
1.01028e-06
9.62184e-08
1.00844e-06
9.5152e-08
1.00738e-06
1.23056e-07
1.00626e-06
1.27036e-07
1.00666e-06
1.5997e-07
1.70635e-07
1.00964e-06
1.00076e-06
2.60575e-09
1.00106e-06
1.1459e-09
1.00257e-06
7.3572e-09
1.0039e-06
4.76186e-09
1.00532e-06
1.07883e-08
1.00714e-06
8.00156e-09
1.00833e-06
1.37523e-08
1.00985e-06
9.50503e-09
1.01164e-06
1.82218e-08
1.01233e-06
1.03502e-08
1.01454e-06
2.27646e-08
1.01497e-06
1.37132e-08
1.01664e-06
2.51962e-08
1.01728e-06
2.00436e-08
1.01855e-06
2.91436e-08
1.01843e-06
2.48116e-08
1.02032e-06
3.75645e-08
1.0191e-06
3.0558e-08
1.02079e-06
4.58897e-08
1.02006e-06
4.28446e-08
1.02027e-06
5.5233e-08
1.02005e-06
5.61594e-08
1.0208e-06
7.25229e-08
1.01918e-06
7.17577e-08
1.02149e-06
9.3905e-08
1.02069e-06
9.59495e-08
1.02297e-06
1.20783e-07
1.02399e-06
1.26016e-07
1.02956e-06
1.54391e-07
1.67299e-07
1.0329e-06
1.00053e-06
2.07098e-09
1.00089e-06
7.85752e-10
1.00208e-06
6.17444e-09
1.00325e-06
3.58836e-09
1.00466e-06
9.37661e-09
1.00628e-06
6.387e-09
1.00766e-06
1.23712e-08
1.00913e-06
8.0354e-09
1.01096e-06
1.63881e-08
1.0118e-06
9.50793e-09
1.01415e-06
2.04204e-08
1.01469e-06
1.31669e-08
1.01675e-06
2.31444e-08
1.01767e-06
1.91188e-08
1.01915e-06
2.76641e-08
1.01986e-06
2.41047e-08
1.02171e-06
3.57098e-08
1.02168e-06
3.05929e-08
1.02354e-06
4.40287e-08
1.02409e-06
4.22936e-08
1.02485e-06
5.44711e-08
1.02606e-06
5.495e-08
1.02737e-06
7.12095e-08
1.02829e-06
7.08376e-08
1.03084e-06
9.13597e-08
1.03274e-06
9.40494e-08
1.03656e-06
1.16961e-07
1.04046e-06
1.22121e-07
1.04679e-06
1.48056e-07
1.58937e-07
1.05515e-06
1.00058e-06
1.48991e-09
1.00067e-06
6.92594e-10
1.00197e-06
4.8822e-09
1.00274e-06
2.81887e-09
1.0044e-06
7.70945e-09
1.0056e-06
5.18794e-09
1.00752e-06
1.04523e-08
1.0085e-06
7.05623e-09
1.01101e-06
1.38756e-08
1.01152e-06
9.00205e-09
1.01437e-06
1.75713e-08
1.01495e-06
1.25882e-08
1.01741e-06
2.06843e-08
1.01845e-06
1.80749e-08
1.02064e-06
2.54698e-08
1.02145e-06
2.32951e-08
1.02408e-06
3.30863e-08
1.02455e-06
3.01213e-08
1.02718e-06
4.14013e-08
1.02827e-06
4.11969e-08
1.03053e-06
5.22176e-08
1.032e-06
5.34747e-08
1.03528e-06
6.7931e-08
1.03676e-06
6.93537e-08
1.04127e-06
8.68545e-08
1.04431e-06
9.10058e-08
1.05033e-06
1.10943e-07
1.05513e-06
1.17319e-07
1.06412e-06
1.39064e-07
1.50509e-07
1.07255e-06
1.0004e-06
1.08737e-09
1.00065e-06
4.50132e-10
1.0018e-06
3.73172e-09
1.00255e-06
2.06672e-09
1.00427e-06
5.98931e-09
1.00538e-06
4.07942e-09
1.00746e-06
8.37257e-09
1.00851e-06
5.99966e-09
1.01108e-06
1.13096e-08
1.01189e-06
8.19017e-09
1.01476e-06
1.47013e-08
1.01573e-06
1.16177e-08
1.01834e-06
1.80733e-08
1.01982e-06
1.65961e-08
1.02229e-06
2.30055e-08
1.02369e-06
2.18887e-08
1.02662e-06
3.01568e-08
1.02789e-06
2.88514e-08
1.03096e-06
3.83343e-08
1.03297e-06
3.91891e-08
1.03593e-06
4.92556e-08
1.03847e-06
5.09373e-08
1.04246e-06
6.39315e-08
1.0455e-06
6.63198e-08
1.05084e-06
8.15114e-08
1.05538e-06
8.64684e-08
1.0626e-06
1.03724e-07
1.06933e-06
1.10588e-07
1.07907e-06
1.29323e-07
1.39827e-07
1.08975e-06
1.00041e-06
6.76336e-10
1.0006e-06
2.63817e-10
1.0018e-06
2.53092e-09
1.0025e-06
1.36972e-09
1.00429e-06
4.19551e-09
1.00537e-06
2.99988e-09
1.00762e-06
6.12321e-09
1.00874e-06
4.87395e-09
1.01144e-06
8.60824e-09
1.01254e-06
7.09828e-09
1.01547e-06
1.17721e-08
1.01682e-06
1.02634e-08
1.01965e-06
1.52431e-08
1.02143e-06
1.48156e-08
1.02435e-06
2.00869e-08
1.02614e-06
2.0097e-08
1.02953e-06
2.67719e-08
1.03143e-06
2.6951e-08
1.03507e-06
3.46877e-08
1.03768e-06
3.6584e-08
1.04163e-06
4.53019e-08
1.04476e-06
4.7808e-08
1.04988e-06
5.88163e-08
1.05382e-06
6.23812e-08
1.06022e-06
7.51112e-08
1.06588e-06
8.08073e-08
1.07432e-06
9.52782e-08
1.08205e-06
1.02857e-07
1.09296e-06
1.18416e-07
1.28502e-07
1.10429e-06
1.00033e-06
3.44179e-10
1.00062e-06
-2.73733e-11
1.0018e-06
1.35319e-09
1.0026e-06
5.7576e-10
1.00443e-06
2.35915e-09
1.00565e-06
1.7832e-09
1.00792e-06
3.84737e-09
1.00935e-06
3.45205e-09
1.01198e-06
5.9705e-09
1.01353e-06
5.54778e-09
1.01641e-06
8.89906e-09
1.01823e-06
8.44229e-09
1.02119e-06
1.22844e-08
1.02339e-06
1.26122e-08
1.02657e-06
1.69027e-08
1.02891e-06
1.77635e-08
1.03257e-06
2.31079e-08
1.03518e-06
2.43431e-08
1.03919e-06
3.06737e-08
1.04257e-06
3.32085e-08
1.04711e-06
4.0764e-08
1.05111e-06
4.38061e-08
1.05683e-06
5.30912e-08
1.06182e-06
5.73933e-08
1.06896e-06
6.79738e-08
1.0757e-06
7.4064e-08
1.08477e-06
8.62143e-08
1.09378e-06
9.38398e-08
1.10525e-06
1.0695e-07
1.16177e-07
1.11757e-06
1.00033e-06
1.38604e-11
1.00069e-06
-3.86462e-10
1.00191e-06
1.3746e-10
1.00285e-06
-3.73861e-10
1.00471e-06
5.03681e-10
1.00614e-06
3.56152e-10
1.00844e-06
1.54803e-09
1.01014e-06
1.74712e-09
1.01278e-06
3.33147e-09
1.01472e-06
3.60392e-09
1.01762e-06
6.00747e-09
1.01984e-06
6.21367e-09
1.02298e-06
9.1485e-09
1.02555e-06
1.00414e-08
1.02903e-06
1.3426e-08
1.03184e-06
1.49539e-08
1.03579e-06
1.91579e-08
1.03902e-06
2.11081e-08
1.04343e-06
2.62619e-08
1.04744e-06
2.92072e-08
1.05259e-06
3.56147e-08
1.05727e-06
3.91167e-08
1.0636e-06
4.67698e-08
1.06948e-06
5.15128e-08
1.0772e-06
6.02537e-08
1.08482e-06
6.64376e-08
1.09451e-06
7.65293e-08
1.10435e-06
8.39959e-08
1.11636e-06
9.49419e-08
1.0347e-07
1.12907e-06
1.00031e-06
-3.0049e-10
1.00083e-06
-9.03325e-10
1.0021e-06
-1.13275e-09
1.0033e-06
-1.57062e-09
1.00522e-06
-1.41477e-09
1.00691e-06
-1.33731e-09
1.00922e-06
-7.64637e-10
1.01125e-06
-2.75304e-10
1.01387e-06
7.08759e-10
1.01619e-06
1.28243e-09
1.01914e-06
3.05217e-09
1.02173e-06
3.62511e-09
1.02503e-06
5.84784e-09
1.02799e-06
7.08876e-09
1.03167e-06
9.74315e-09
1.03498e-06
1.164e-08
1.03915e-06
1.49882e-08
1.04299e-06
1.72743e-08
1.04772e-06
2.15334e-08
1.05234e-06
2.45845e-08
1.05794e-06
3.00158e-08
1.06332e-06
3.37343e-08
1.07006e-06
4.00269e-08
1.07671e-06
4.48603e-08
1.0849e-06
5.20661e-08
1.09329e-06
5.80451e-08
1.10335e-06
6.64701e-08
1.11389e-06
7.3461e-08
1.12623e-06
8.26044e-08
9.01981e-08
1.1395e-06
1.00032e-06
-6.18669e-10
1.00099e-06
-1.57665e-09
1.00236e-06
-2.50168e-09
1.00382e-06
-3.03496e-09
1.00584e-06
-3.42933e-09
1.00779e-06
-3.29179e-09
1.01018e-06
-3.1513e-09
1.0125e-06
-2.59186e-09
1.01521e-06
-2.0048e-09
1.01784e-06
-1.34505e-09
1.02095e-06
-6.17029e-11
1.02387e-06
7.02804e-10
1.02737e-06
2.35676e-09
1.03068e-06
3.77661e-09
1.03457e-06
5.84819e-09
1.03833e-06
7.88004e-09
1.04274e-06
1.05797e-08
1.04709e-06
1.29271e-08
1.05215e-06
1.64719e-08
1.05728e-06
1.94575e-08
1.0633e-06
2.39951e-08
1.06926e-06
2.77701e-08
1.07637e-06
3.29207e-08
1.08368e-06
3.75519e-08
1.09224e-06
4.35044e-08
1.10121e-06
4.9071e-08
1.1116e-06
5.60824e-08
1.12264e-06
6.24212e-08
1.13526e-06
6.99806e-08
7.69165e-08
1.14854e-06
1.00042e-06
-1.03563e-09
1.00138e-06
-2.54163e-09
1.00299e-06
-4.11211e-09
1.00481e-06
-4.85393e-09
1.00699e-06
-5.60486e-09
1.00921e-06
-5.51698e-09
1.01169e-06
-5.6298e-09
1.01425e-06
-5.15523e-09
1.01708e-06
-4.83243e-09
1.01998e-06
-4.24266e-09
1.02321e-06
-3.28857e-09
1.0264e-06
-2.48874e-09
1.03006e-06
-1.30288e-09
1.03367e-06
1.6361e-10
1.03774e-06
1.77763e-09
1.0419e-06
3.71805e-09
1.04654e-06
5.94529e-09
1.05131e-06
8.15757e-09
1.05667e-06
1.11124e-08
1.06224e-06
1.38842e-08
1.0686e-06
1.76389e-08
1.07507e-06
2.12955e-08
1.08248e-06
2.55065e-08
1.09032e-06
2.97213e-08
1.09918e-06
3.46422e-08
1.10861e-06
3.96363e-08
1.11924e-06
4.54537e-08
1.13057e-06
5.10938e-08
1.14326e-06
5.72871e-08
6.31396e-08
1.15704e-06
1.00048e-06
-1.51084e-09
1.00183e-06
-3.89505e-09
1.00382e-06
-6.10011e-09
1.00604e-06
-7.075e-09
1.00843e-06
-7.99364e-09
1.01089e-06
-7.97778e-09
1.01351e-06
-8.25428e-09
1.01632e-06
-7.96271e-09
1.01933e-06
-7.84515e-09
1.02249e-06
-7.39808e-09
1.02593e-06
-6.73017e-09
1.0294e-06
-5.96413e-09
1.03326e-06
-5.15668e-09
1.03721e-06
-3.79094e-09
1.04146e-06
-2.47184e-09
1.04597e-06
-7.90512e-10
1.05087e-06
1.04191e-09
1.05601e-06
3.02656e-09
1.06165e-06
5.4635e-09
1.06757e-06
7.96388e-09
1.0742e-06
1.10097e-08
1.08111e-06
1.43878e-08
1.08884e-06
1.77758e-08
1.09711e-06
2.14526e-08
1.10622e-06
2.55362e-08
1.11592e-06
2.99287e-08
1.12671e-06
3.46718e-08
1.1383e-06
3.9496e-08
1.15108e-06
4.4508e-08
4.96352e-08
1.16459e-06
1.00088e-06
-2.39071e-09
1.00288e-06
-5.89295e-09
1.00532e-06
-8.53909e-09
1.00789e-06
-9.64938e-09
1.01046e-06
-1.05654e-08
1.01313e-06
-1.06458e-08
1.01597e-06
-1.10935e-08
1.01905e-06
-1.10385e-08
1.02227e-06
-1.10663e-08
1.02567e-06
-1.07965e-08
1.02927e-06
-1.03373e-08
1.03299e-06
-9.68015e-09
1.03698e-06
-9.14967e-09
1.04113e-06
-7.94216e-09
1.04555e-06
-6.88676e-09
1.05029e-06
-5.53254e-09
1.05538e-06
-4.0474e-09
1.06079e-06
-2.38102e-09
1.06665e-06
-3.95181e-10
1.07285e-06
1.75487e-09
1.07967e-06
4.19246e-09
1.08692e-06
7.14352e-09
1.09489e-06
9.79977e-09
1.10348e-06
1.28633e-08
1.11278e-06
1.62386e-08
1.12271e-06
2.00011e-08
1.13356e-06
2.38139e-08
1.14525e-06
2.78054e-08
1.15812e-06
3.16386e-08
3.56287e-08
1.17213e-06
1.00182e-06
-4.20827e-09
1.00525e-06
-9.32189e-09
1.0085e-06
-1.17928e-08
1.01146e-06
-1.26129e-08
1.01422e-06
-1.33233e-08
1.01719e-06
-1.36133e-08
1.0203e-06
-1.42048e-08
1.02358e-06
-1.43179e-08
1.02687e-06
-1.4353e-08
1.03023e-06
-1.41602e-08
1.0337e-06
-1.38099e-08
1.03732e-06
-1.33013e-08
1.0411e-06
-1.29296e-08
1.04507e-06
-1.19107e-08
1.04929e-06
-1.11053e-08
1.05388e-06
-1.01175e-08
1.05881e-06
-8.97828e-09
1.06403e-06
-7.60112e-09
1.06972e-06
-6.08998e-09
1.07574e-06
-4.25972e-09
1.08234e-06
-2.41368e-09
1.08964e-06
-1.49861e-10
1.09757e-06
1.86054e-09
1.1061e-06
4.33427e-09
1.11531e-06
7.0348e-09
1.12519e-06
1.01161e-08
1.13604e-06
1.29682e-08
1.14783e-06
1.60177e-08
1.16067e-06
1.87901e-08
2.18319e-08
1.17447e-06
1.00301e-06
-7.22132e-09
1.00685e-06
-1.31633e-08
1.00971e-06
-1.465e-08
1.01187e-06
-1.47742e-08
1.01368e-06
-1.51267e-08
1.01551e-06
-1.54449e-08
1.01709e-06
-1.57844e-08
1.01844e-06
-1.56723e-08
1.01958e-06
-1.54878e-08
1.02061e-06
-1.51901e-08
1.02156e-06
-1.47607e-08
1.0225e-06
-1.4247e-08
1.02339e-06
-1.38194e-08
1.02458e-06
-1.30945e-08
1.02599e-06
-1.25144e-08
1.0276e-06
-1.17351e-08
1.02944e-06
-1.08174e-08
1.03169e-06
-9.84952e-09
1.03454e-06
-8.94183e-09
1.03799e-06
-7.70228e-09
1.04194e-06
-6.37102e-09
1.04664e-06
-4.84668e-09
1.05211e-06
-3.61057e-09
1.05858e-06
-2.13905e-09
1.0661e-06
-4.81637e-10
1.07479e-06
1.42665e-09
1.0845e-06
3.25342e-09
1.09541e-06
5.11507e-09
1.10751e-06
6.68529e-09
8.15824e-09
1.12119e-06
9.92779e-07
9.79615e-07
9.64965e-07
9.50191e-07
9.35064e-07
9.19619e-07
9.03835e-07
8.88163e-07
8.72675e-07
8.57485e-07
8.42724e-07
8.28477e-07
8.14658e-07
8.01563e-07
7.89049e-07
7.77314e-07
7.66496e-07
7.56647e-07
7.47705e-07
7.40003e-07
7.33632e-07
7.28785e-07
7.25174e-07
7.23035e-07
7.22554e-07
7.2398e-07
7.27234e-07
7.32349e-07
7.39034e-07
7.47192e-07
2.36196e-07
-1.22177e-07
3.26948e-07
-9.07521e-08
4.14867e-07
-8.79198e-08
4.84727e-07
-6.98598e-08
5.45034e-07
-6.03065e-08
5.90115e-07
-4.5081e-08
6.38152e-07
-4.80377e-08
6.95977e-07
-5.78248e-08
7.52607e-07
-5.663e-08
-1.31817e-07
8.84424e-07
6.79222e-07
-1.78642e-07
7.30027e-07
-1.41557e-07
7.69986e-07
-1.27879e-07
8.10048e-07
-1.09922e-07
8.50478e-07
-1.00737e-07
8.72968e-07
-6.75712e-08
9.06862e-07
-8.19315e-08
9.43713e-07
-9.4676e-08
1.00499e-06
-1.17902e-07
-1.6287e-07
1.03604e-06
8.77213e-07
-1.90346e-07
8.98972e-07
-1.63315e-07
9.02089e-07
-1.30996e-07
9.162e-07
-1.24033e-07
9.29214e-07
-1.13751e-07
9.64101e-07
-1.02459e-07
9.67646e-07
-8.54765e-08
1.00271e-06
-1.29741e-07
1.02602e-06
-1.4121e-07
-2.02699e-07
1.06585e-06
9.5511e-07
-1.83322e-07
9.59095e-07
-1.673e-07
9.66109e-07
-1.3801e-07
9.70671e-07
-1.28595e-07
9.76947e-07
-1.20027e-07
9.97153e-07
-1.22664e-07
1.01569e-06
-1.04012e-07
1.02122e-06
-1.35277e-07
1.03189e-06
-1.51876e-07
-2.17739e-07
1.04693e-06
9.97991e-07
-1.71669e-07
9.95442e-07
-1.6475e-07
9.94704e-07
-1.37272e-07
1.0016e-06
-1.35494e-07
9.99592e-07
-1.18016e-07
1.01145e-06
-1.34527e-07
1.02271e-06
-1.15265e-07
1.03439e-06
-1.46958e-07
1.03988e-06
-1.57371e-07
-2.20305e-07
1.04245e-06
1.02517e-06
-1.63935e-07
1.01977e-06
-1.59348e-07
1.01859e-06
-1.36094e-07
1.01924e-06
-1.36149e-07
1.0223e-06
-1.21076e-07
1.02699e-06
-1.39218e-07
1.03733e-06
-1.256e-07
1.04073e-06
-1.50362e-07
1.04358e-06
-1.60217e-07
-2.16172e-07
1.03945e-06
1.04623e-06
-1.55014e-07
1.04013e-06
-1.53245e-07
1.03683e-06
-1.32799e-07
1.03814e-06
-1.37453e-07
1.03873e-06
-1.2167e-07
1.03843e-06
-1.38919e-07
1.04246e-06
-1.29629e-07
1.04463e-06
-1.5253e-07
1.04462e-06
-1.60206e-07
-2.09802e-07
1.03825e-06
1.06504e-06
-1.47502e-07
1.05799e-06
-1.46198e-07
1.05452e-06
-1.29325e-07
1.0511e-06
-1.34036e-07
1.05119e-06
-1.21762e-07
1.0489e-06
-1.36622e-07
1.05015e-06
-1.30884e-07
1.0489e-06
-1.51277e-07
1.04743e-06
-1.58741e-07
-1.99016e-07
1.03665e-06
1.08123e-06
-1.3898e-07
1.07354e-06
-1.38507e-07
1.0684e-06
-1.24187e-07
1.06404e-06
-1.29673e-07
1.06175e-06
-1.19473e-07
1.05722e-06
-1.32088e-07
1.05507e-06
-1.28738e-07
1.05098e-06
-1.47185e-07
1.04601e-06
-1.53775e-07
-1.87448e-07
1.03444e-06
1.09549e-06
-1.30186e-07
1.08679e-06
-1.29806e-07
1.08089e-06
-1.18289e-07
1.07421e-06
-1.22986e-07
1.06996e-06
-1.15226e-07
1.06392e-06
-1.26051e-07
1.05956e-06
-1.24379e-07
1.05268e-06
-1.40303e-07
1.04581e-06
-1.46908e-07
-1.74915e-07
1.03328e-06
1.10798e-06
-1.20589e-07
1.09853e-06
-1.20362e-07
1.09109e-06
-1.1085e-07
1.08324e-06
-1.15132e-07
1.0773e-06
-1.09289e-07
1.06943e-06
-1.18177e-07
1.06252e-06
-1.17475e-07
1.05395e-06
-1.31727e-07
1.04501e-06
-1.37972e-07
-1.61097e-07
1.0312e-06
1.11879e-06
-1.10312e-07
1.10842e-06
-1.09991e-07
1.09998e-06
-1.02411e-07
1.09068e-06
-1.05833e-07
1.08292e-06
-1.01528e-07
1.07371e-06
-1.0897e-07
1.06523e-06
-1.08994e-07
1.05474e-06
-1.21238e-07
1.04378e-06
-1.27012e-07
-1.46542e-07
1.02923e-06
1.1284e-06
-9.92098e-08
1.11726e-06
-9.88521e-08
1.10762e-06
-9.27707e-08
1.09729e-06
-9.55085e-08
1.08807e-06
-9.23055e-08
1.07747e-06
-9.83659e-08
1.06729e-06
-9.88202e-08
1.05545e-06
-1.094e-07
1.04305e-06
-1.14604e-07
-1.30922e-07
1.02743e-06
1.13678e-06
-8.74455e-08
1.12488e-06
-8.69496e-08
1.1142e-06
-8.2091e-08
1.1028e-06
-8.4106e-08
1.09226e-06
-8.17702e-08
1.08058e-06
-8.66842e-08
1.06906e-06
-8.72964e-08
1.05583e-06
-9.61787e-08
1.04215e-06
-1.00918e-07
-1.14534e-07
1.02576e-06
1.14451e-06
-7.49196e-08
1.13191e-06
-7.43473e-08
1.12032e-06
-7.04968e-08
1.10808e-06
-7.18663e-08
1.09638e-06
-7.00783e-08
1.0836e-06
-7.3897e-08
1.07093e-06
-7.4629e-08
1.05665e-06
-8.18973e-08
1.04177e-06
-8.60418e-08
-9.71708e-08
1.02441e-06
1.15158e-06
-6.19123e-08
1.13832e-06
-6.1085e-08
1.12582e-06
-5.79994e-08
1.11265e-06
-5.86942e-08
1.09992e-06
-5.73459e-08
1.08617e-06
-6.01537e-08
1.07246e-06
-6.09134e-08
1.05719e-06
-6.66279e-08
1.04142e-06
-7.02705e-08
-7.91708e-08
1.02342e-06
1.15831e-06
-4.80885e-08
1.14428e-06
-4.70605e-08
1.13092e-06
-4.46408e-08
1.11684e-06
-4.46128e-08
1.10305e-06
-4.35567e-08
1.08819e-06
-4.52906e-08
1.07334e-06
-4.60664e-08
1.05693e-06
-5.02188e-08
1.04001e-06
-5.33502e-08
-6.0013e-08
1.02086e-06
1.15915e-06
-3.2764e-08
1.14349e-06
-3.14045e-08
1.12837e-06
-2.95234e-08
1.11262e-06
-2.88581e-08
1.09717e-06
-2.81098e-08
1.08079e-06
-2.89085e-08
1.06442e-06
-2.97005e-08
1.04654e-06
-3.23358e-08
1.02808e-06
-3.48866e-08
-3.93085e-08
1.00737e-06
1.10245e-06
-1.40302e-08
1.0844e-06
-1.33568e-08
1.06728e-06
-1.23952e-08
1.05014e-06
-1.17237e-08
1.03325e-06
-1.122e-08
1.01574e-06
-1.1392e-08
9.97922e-07
-1.18863e-08
9.7869e-07
-1.31045e-08
9.58472e-07
-1.46682e-08
-1.683e-08
9.35993e-07
7.33162e-07
7.19805e-07
7.0741e-07
6.95687e-07
6.84466e-07
6.73074e-07
6.61188e-07
6.48084e-07
6.33416e-07
6.16586e-07
1.25667e-07
-1.25667e-07
1.45784e-07
-2.01165e-08
1.24253e-07
2.15311e-08
1.22253e-07
1.99965e-09
-1.48776e-08
1.37131e-07
-3.18497e-07
3.0362e-07
-5.92315e-07
2.73817e-07
-7.77654e-07
1.85339e-07
-8.91944e-07
1.1429e-07
-9.41756e-07
4.9812e-08
-9.37554e-07
-4.20223e-09
-8.96789e-07
-4.07646e-08
-8.28849e-07
-6.79402e-08
-7.43246e-07
-8.56034e-08
-6.42599e-07
-1.00646e-07
-5.28872e-07
-1.13727e-07
-3.97528e-07
-1.31344e-07
-2.5976e-07
-1.37768e-07
-1.25497e-07
-1.34263e-07
6.09431e-09
-1.31591e-07
1.23238e-07
-1.17144e-07
2.22768e-07
-9.95301e-08
3.01805e-07
-7.90366e-08
3.60868e-07
-5.90635e-08
4.01814e-07
-4.09458e-08
4.28036e-07
-2.62214e-08
4.43025e-07
-1.49893e-08
4.50128e-07
-7.10293e-09
4.51149e-07
-1.02098e-09
4.47061e-07
4.08841e-09
4.37558e-07
9.50202e-09
4.22901e-07
1.46571e-08
4.03748e-07
1.9153e-08
3.82311e-07
2.14372e-08
3.60389e-07
2.19226e-08
3.40616e-07
1.97726e-08
3.23456e-07
1.71605e-08
3.10295e-07
1.3161e-08
2.99483e-07
1.08117e-08
7.12738e-09
9.26462e-08
-2.18313e-07
1.43938e-07
-7.14081e-08
1.21595e-07
4.38744e-08
-6.97375e-08
1.93332e-07
-3.43718e-07
4.11111e-07
-5.68712e-07
5.28614e-07
-7.29162e-07
4.34267e-07
-8.44194e-07
3.00371e-07
-9.0923e-07
1.79327e-07
-9.25777e-07
6.63591e-08
-8.9866e-07
-3.13194e-08
-8.37838e-07
-1.01586e-07
-7.56683e-07
-1.49095e-07
-6.60444e-07
-1.81843e-07
-5.50054e-07
-2.11036e-07
-4.30366e-07
-2.33416e-07
-2.98634e-07
-2.63076e-07
-1.62277e-07
-2.74125e-07
-2.33778e-08
-2.73162e-07
1.08448e-07
-2.63416e-07
2.27385e-07
-2.36082e-07
3.30618e-07
-2.02763e-07
4.1662e-07
-1.65039e-07
4.85746e-07
-1.28189e-07
5.38836e-07
-9.40356e-08
5.78465e-07
-6.58512e-08
6.07584e-07
-4.41077e-08
6.29398e-07
-2.89174e-08
6.45846e-07
-1.74688e-08
6.5863e-07
-8.69516e-09
6.68538e-07
-4.06205e-10
6.7606e-07
7.13469e-09
6.80802e-07
1.44115e-08
6.82433e-07
1.98064e-08
6.79967e-07
2.43886e-08
6.74334e-07
2.5405e-08
6.65593e-07
2.59015e-08
6.56642e-07
2.21124e-08
6.46836e-07
2.06173e-08
1.47103e-08
1.85825e-08
-2.36896e-07
-3.8058e-08
-1.47677e-08
-8.79198e-08
9.37362e-08
-2.34903e-07
3.40315e-07
-3.90602e-07
5.66809e-07
-5.17104e-07
6.55117e-07
-6.09754e-07
5.26917e-07
-6.77316e-07
3.67933e-07
-7.15205e-07
2.17216e-07
-7.14855e-07
6.60095e-08
-6.7782e-07
-6.83548e-08
-6.10508e-07
-1.68898e-07
-5.26291e-07
-2.33312e-07
-4.35362e-07
-2.72772e-07
-3.34235e-07
-3.12163e-07
-2.23881e-07
-3.4377e-07
-1.08415e-07
-3.78542e-07
1.25574e-08
-3.95098e-07
1.32259e-07
-3.92863e-07
2.41535e-07
-3.72693e-07
3.38274e-07
-3.3282e-07
4.20489e-07
-2.84978e-07
4.88378e-07
-2.32928e-07
5.43528e-07
-1.83339e-07
5.8724e-07
-1.37748e-07
6.20642e-07
-9.9253e-08
6.4574e-07
-6.92055e-08
6.65696e-07
-4.88732e-08
6.82603e-07
-3.43763e-08
6.97281e-07
-2.33733e-08
7.09998e-07
-1.31229e-08
7.21603e-07
-4.4702e-09
7.32868e-07
3.14697e-09
7.44031e-07
8.64273e-09
7.53882e-07
1.45377e-08
7.61832e-07
1.74548e-08
7.65565e-07
2.21684e-08
7.66543e-07
2.11346e-08
7.63853e-07
2.33073e-08
1.86048e-08
1.70605e-12
-2.36898e-07
-6.73268e-08
5.25609e-08
-1.30467e-07
1.56877e-07
-2.49635e-07
4.59483e-07
-3.42815e-07
6.59989e-07
-3.96537e-07
7.08839e-07
-4.31945e-07
5.62325e-07
-4.68677e-07
4.04666e-07
-4.906e-07
2.39139e-07
-4.85385e-07
6.0794e-08
-4.43167e-07
-1.10573e-07
-3.7357e-07
-2.38495e-07
-2.90625e-07
-3.16258e-07
-2.01936e-07
-3.6146e-07
-1.10653e-07
-4.03446e-07
-1.13954e-08
-4.43027e-07
9.25358e-08
-4.82474e-07
1.98752e-07
-5.01314e-07
3.01625e-07
-4.95736e-07
3.90594e-07
-4.61662e-07
4.63068e-07
-4.05294e-07
5.21365e-07
-3.43275e-07
5.67688e-07
-2.79251e-07
6.03615e-07
-2.19266e-07
6.32543e-07
-1.66676e-07
6.55915e-07
-1.22625e-07
6.73395e-07
-8.66855e-08
6.8652e-07
-6.19975e-08
6.98615e-07
-4.64716e-08
7.1131e-07
-3.60682e-08
7.23812e-07
-2.56252e-08
7.34371e-07
-1.50287e-08
7.42581e-07
-5.06356e-09
7.50263e-07
9.60493e-10
7.5804e-07
6.76141e-09
7.67145e-07
8.34955e-09
7.75591e-07
1.3722e-08
7.82693e-07
1.40333e-08
7.87841e-07
1.81586e-08
1.74537e-08
-5.02458e-08
-1.86652e-07
-1.57712e-07
1.60027e-07
-1.60784e-07
1.59949e-07
-1.61347e-07
4.60045e-07
-1.58064e-07
6.56706e-07
-1.56461e-07
7.07236e-07
-1.71962e-07
5.77825e-07
-1.9371e-07
4.26414e-07
-2.0292e-07
2.48349e-07
-1.93504e-07
5.13781e-08
-1.53991e-07
-1.50086e-07
-9.3222e-08
-2.99263e-07
-2.29095e-08
-3.86571e-07
4.96163e-08
-4.33986e-07
1.2394e-07
-4.77769e-07
2.06344e-07
-5.25432e-07
2.92783e-07
-5.68912e-07
3.76134e-07
-5.84666e-07
4.52999e-07
-5.72601e-07
5.19875e-07
-5.28538e-07
5.69562e-07
-4.54982e-07
6.02953e-07
-3.76666e-07
6.27977e-07
-3.04275e-07
6.46488e-07
-2.37777e-07
6.60302e-07
-1.8049e-07
6.73285e-07
-1.35609e-07
6.85391e-07
-9.87911e-08
6.94316e-07
-7.09226e-08
7.00941e-07
-5.30965e-08
7.08806e-07
-4.39327e-08
7.19812e-07
-3.66317e-08
7.31814e-07
-2.70304e-08
7.41226e-07
-1.44755e-08
7.46481e-07
-4.29475e-09
7.49293e-07
3.94902e-09
7.51518e-07
6.12495e-09
7.56072e-07
9.16782e-09
7.61205e-07
8.90093e-09
7.68794e-07
1.05697e-08
1.11083e-08
-1.4314e-07
-4.35117e-08
-1.39884e-07
1.56771e-07
-5.78802e-08
7.79452e-08
-2.85223e-08
4.30687e-07
1.0188e-08
6.17996e-07
6.03701e-08
6.57054e-07
8.71462e-08
5.51049e-07
9.86133e-08
4.14947e-07
1.11962e-07
2.35e-07
1.35451e-07
2.78889e-08
1.68303e-07
-1.82938e-07
2.08579e-07
-3.3954e-07
2.54058e-07
-4.32049e-07
3.04352e-07
-4.8428e-07
3.60111e-07
-5.33528e-07
4.22427e-07
-5.87748e-07
4.85908e-07
-6.32393e-07
5.44357e-07
-6.43115e-07
5.85575e-07
-6.13819e-07
6.15743e-07
-5.58706e-07
6.41123e-07
-4.80361e-07
6.55174e-07
-3.90717e-07
6.62041e-07
-3.11142e-07
6.68435e-07
-2.44171e-07
6.73673e-07
-1.85728e-07
6.78939e-07
-1.40875e-07
6.87122e-07
-1.06974e-07
6.96584e-07
-8.0384e-08
7.0349e-07
-6.00027e-08
7.07645e-07
-4.8088e-08
7.13136e-07
-4.21221e-08
7.21866e-07
-3.57611e-08
7.32632e-07
-2.52412e-08
7.39973e-07
-1.16357e-08
7.43367e-07
5.54813e-10
7.41344e-07
8.14771e-09
7.39884e-07
1.06282e-08
7.39044e-07
9.74133e-09
7.4182e-07
7.79286e-09
4.46844e-09
-2.11362e-07
1.6785e-07
-1.09942e-07
5.53511e-08
-5.57941e-08
2.37975e-08
1.54684e-07
2.2021e-07
2.7002e-07
5.02659e-07
3.49245e-07
5.77829e-07
3.89801e-07
5.10493e-07
4.18388e-07
3.8636e-07
4.43653e-07
2.09735e-07
4.61533e-07
1.00082e-08
4.75565e-07
-1.9697e-07
4.88864e-07
-3.52838e-07
5.08322e-07
-4.51507e-07
5.38645e-07
-5.14603e-07
5.80944e-07
-5.75827e-07
6.27715e-07
-6.34519e-07
6.64311e-07
-6.68989e-07
6.8987e-07
-6.68674e-07
6.99522e-07
-6.23471e-07
6.90271e-07
-5.49454e-07
6.79918e-07
-4.70008e-07
6.74953e-07
-3.85752e-07
6.70091e-07
-3.0628e-07
6.68453e-07
-2.42534e-07
6.72089e-07
-1.89364e-07
6.7834e-07
-1.47126e-07
6.86745e-07
-1.15379e-07
6.97751e-07
-9.13894e-08
7.08597e-07
-7.08487e-08
7.14995e-07
-5.4486e-08
7.17998e-07
-4.51254e-08
7.20191e-07
-3.79544e-08
7.26359e-07
-3.14092e-08
7.33001e-07
-1.82772e-08
7.39642e-07
-6.08703e-09
7.41209e-07
6.58141e-09
7.39774e-07
1.20625e-08
7.37415e-07
1.21006e-08
7.34638e-07
1.05704e-08
1.81697e-09
6.7305e-07
3.79224e-07
4.44316e-07
2.84085e-07
2.52775e-07
2.15339e-07
2.65569e-07
2.07416e-07
4.20758e-07
3.4747e-07
5.755e-07
4.23087e-07
6.75973e-07
4.10019e-07
7.38255e-07
3.24079e-07
7.71739e-07
1.76251e-07
7.8533e-07
-3.58257e-09
7.79762e-07
-1.91402e-07
7.70602e-07
-3.43678e-07
7.72804e-07
-4.5371e-07
7.94135e-07
-5.35934e-07
8.27339e-07
-6.0903e-07
8.5756e-07
-6.6474e-07
8.67913e-07
-6.79342e-07
8.50916e-07
-6.51677e-07
8.21017e-07
-5.93572e-07
7.86443e-07
-5.14881e-07
7.50777e-07
-4.34342e-07
7.26547e-07
-3.61522e-07
7.14385e-07
-2.94117e-07
7.09012e-07
-2.37161e-07
7.09932e-07
-1.90284e-07
7.16806e-07
-1.54e-07
7.28041e-07
-1.26614e-07
7.42044e-07
-1.05392e-07
7.56607e-07
-8.54115e-08
7.66988e-07
-6.48668e-08
7.71967e-07
-5.01047e-08
7.71554e-07
-3.75412e-08
7.71396e-07
-3.12512e-08
7.72849e-07
-1.973e-08
7.77331e-07
-1.05693e-08
7.83277e-07
6.34956e-10
7.87403e-07
7.93696e-09
7.91391e-07
8.11251e-09
7.9242e-07
9.54092e-09
1.0905e-09
1.01295e-06
4.0231e-07
9.552e-07
3.41838e-07
8.42242e-07
3.28296e-07
7.25984e-07
3.23673e-07
7.0112e-07
3.72335e-07
7.54815e-07
3.69392e-07
8.3019e-07
3.34644e-07
8.98379e-07
2.55889e-07
9.47842e-07
1.26788e-07
9.74521e-07
-3.0262e-08
9.79367e-07
-1.96248e-07
9.81503e-07
-3.45814e-07
9.86849e-07
-4.59056e-07
9.95894e-07
-5.44979e-07
1.00532e-06
-6.18458e-07
1.00006e-06
-6.5948e-07
9.72272e-07
-6.51552e-07
9.22066e-07
-6.01472e-07
8.58612e-07
-5.30117e-07
8.04646e-07
-4.60915e-07
7.68741e-07
-3.98437e-07
7.47548e-07
-3.40329e-07
7.39107e-07
-2.85676e-07
7.40211e-07
-2.38264e-07
7.45146e-07
-1.95219e-07
7.49604e-07
-1.58458e-07
7.54249e-07
-1.31259e-07
7.62029e-07
-1.13172e-07
7.73183e-07
-9.65658e-08
7.83167e-07
-7.48503e-08
7.88738e-07
-5.56757e-08
7.89724e-07
-3.85271e-08
7.88955e-07
-3.04827e-08
7.89374e-07
-2.01493e-08
7.90784e-07
-1.19792e-08
7.94067e-07
-2.64777e-09
7.98324e-07
3.68029e-09
8.02788e-07
3.64788e-09
8.09407e-07
2.92201e-09
-3.55147e-09
1.0867e-06
3.81462e-07
1.07513e-06
3.53404e-07
1.05968e-06
3.43746e-07
1.05131e-06
3.32041e-07
1.05703e-06
3.66619e-07
1.07579e-06
3.50632e-07
1.10866e-06
3.01769e-07
1.14961e-06
2.1494e-07
1.18557e-06
9.08335e-08
1.2028e-06
-4.74915e-08
1.20618e-06
-1.99633e-07
1.2045e-06
-3.44135e-07
1.19538e-06
-4.49935e-07
1.17011e-06
-5.19706e-07
1.12602e-06
-5.74372e-07
1.06924e-06
-6.02698e-07
1.00256e-06
-5.84873e-07
9.35858e-07
-5.34767e-07
8.7817e-07
-4.72429e-07
8.31177e-07
-4.13923e-07
7.99688e-07
-3.66948e-07
7.83728e-07
-3.24369e-07
7.76367e-07
-2.78316e-07
7.75275e-07
-2.37172e-07
7.81984e-07
-2.01928e-07
7.91131e-07
-1.67605e-07
7.94356e-07
-1.34484e-07
7.92057e-07
-1.10873e-07
7.9063e-07
-9.51384e-08
7.92658e-07
-7.68784e-08
7.94073e-07
-5.70912e-08
7.9304e-07
-3.74942e-08
7.91861e-07
-2.9303e-08
7.94184e-07
-2.24723e-08
8.01462e-07
-1.92571e-08
8.08375e-07
-9.56138e-09
8.13848e-07
-1.79226e-09
8.14885e-07
2.61113e-09
8.13107e-07
4.69989e-09
-3.93837e-09
1.08296e-06
3.45431e-07
1.10572e-06
3.30642e-07
1.12575e-06
3.23719e-07
1.14928e-06
3.0851e-07
1.19721e-06
3.1869e-07
1.24502e-06
3.02818e-07
1.28657e-06
2.60223e-07
1.32488e-06
1.76625e-07
1.35587e-06
5.98438e-08
1.36495e-06
-5.65628e-08
1.35034e-06
-1.85029e-07
1.32318e-06
-3.16976e-07
1.28223e-06
-4.08979e-07
1.22493e-06
-4.62407e-07
1.14902e-06
-4.98465e-07
1.06392e-06
-5.17594e-07
9.88651e-07
-5.09608e-07
9.3135e-07
-4.77466e-07
8.94164e-07
-4.35242e-07
8.72002e-07
-3.91762e-07
8.54011e-07
-3.48956e-07
8.38763e-07
-3.09121e-07
8.26927e-07
-2.6648e-07
8.14468e-07
-2.24713e-07
8.03704e-07
-1.91163e-07
8.01112e-07
-1.65013e-07
8.03374e-07
-1.36746e-07
8.01922e-07
-1.09422e-07
7.95907e-07
-8.91234e-08
7.90938e-07
-7.19093e-08
7.90111e-07
-5.62638e-08
7.88918e-07
-3.63015e-08
7.87932e-07
-2.83166e-08
7.87109e-07
-2.165e-08
7.92688e-07
-2.4836e-08
8.03212e-07
-2.00853e-08
8.11855e-07
-1.04351e-08
8.18679e-07
-4.21332e-09
8.13469e-07
9.91071e-09
2.67919e-09
1.07788e-06
3.1e-07
1.10887e-06
2.99658e-07
1.1404e-06
2.92179e-07
1.17421e-06
2.74701e-07
1.22736e-06
2.65544e-07
1.27962e-06
2.50556e-07
1.32813e-06
2.11719e-07
1.36834e-06
1.36409e-07
1.38928e-06
3.89097e-08
1.39245e-06
-5.97402e-08
1.37796e-06
-1.70538e-07
1.34036e-06
-2.79377e-07
1.28493e-06
-3.53548e-07
1.21683e-06
-3.94304e-07
1.14522e-06
-4.26858e-07
1.07711e-06
-4.49485e-07
1.01624e-06
-4.48732e-07
9.67451e-07
-4.28679e-07
9.29093e-07
-3.96884e-07
8.98466e-07
-3.61135e-07
8.73437e-07
-3.23927e-07
8.51177e-07
-2.86861e-07
8.34955e-07
-2.50258e-07
8.25042e-07
-2.14801e-07
8.14948e-07
-1.81069e-07
8.03499e-07
-1.53564e-07
7.96174e-07
-1.29421e-07
7.93245e-07
-1.06492e-07
7.91088e-07
-8.69663e-08
7.87902e-07
-6.8724e-08
7.88074e-07
-5.64357e-08
7.91349e-07
-3.95767e-08
7.95678e-07
-3.26448e-08
7.97854e-07
-2.38264e-08
7.96831e-07
-2.38127e-08
7.9843e-07
-2.16847e-08
7.99789e-07
-1.17944e-08
8.03914e-07
-8.33742e-09
8.05913e-07
7.91178e-09
4.78807e-09
1.07617e-06
2.73281e-07
1.10432e-06
2.71504e-07
1.13608e-06
2.60416e-07
1.17294e-06
2.37847e-07
1.21978e-06
2.18706e-07
1.26436e-06
2.05973e-07
1.30752e-06
1.68556e-07
1.34175e-06
1.0218e-07
1.3534e-06
2.72584e-08
1.35304e-06
-5.93773e-08
1.3406e-06
-1.58102e-07
1.30289e-06
-2.41662e-07
1.25037e-06
-3.01029e-07
1.19558e-06
-3.39517e-07
1.13668e-06
-3.67956e-07
1.08019e-06
-3.92995e-07
1.02972e-06
-3.9826e-07
9.83006e-07
-3.81968e-07
9.43107e-07
-3.56985e-07
9.10085e-07
-3.28112e-07
8.82606e-07
-2.96448e-07
8.59971e-07
-2.64226e-07
8.41066e-07
-2.31353e-07
8.27977e-07
-2.01712e-07
8.21967e-07
-1.7506e-07
8.18321e-07
-1.49918e-07
8.13268e-07
-1.24368e-07
8.086e-07
-1.01824e-07
8.06714e-07
-8.50804e-08
8.07417e-07
-6.94265e-08
8.08341e-07
-5.73599e-08
8.10301e-07
-4.15373e-08
8.12208e-07
-3.45519e-08
8.14029e-07
-2.56469e-08
8.13364e-07
-2.31476e-08
8.08602e-07
-1.69233e-08
8.04381e-07
-7.57292e-09
7.99242e-07
-3.1981e-09
7.99158e-07
7.99524e-09
1.15682e-09
1.07154e-06
2.39993e-07
1.09954e-06
2.43504e-07
1.13067e-06
2.29284e-07
1.16589e-06
2.02626e-07
1.20389e-06
1.80705e-07
1.24254e-06
1.67326e-07
1.27485e-06
1.36242e-07
1.29565e-06
8.13813e-08
1.30956e-06
1.33441e-08
1.31322e-06
-6.30335e-08
1.29753e-06
-1.42413e-07
1.26473e-06
-2.08863e-07
1.22288e-06
-2.59175e-07
1.18046e-06
-2.97101e-07
1.13501e-06
-3.22502e-07
1.08373e-06
-3.41722e-07
1.03663e-06
-3.51155e-07
9.96164e-07
-3.41504e-07
9.60602e-07
-3.21423e-07
9.31717e-07
-2.99227e-07
9.07687e-07
-2.72418e-07
8.88231e-07
-2.4477e-07
8.74318e-07
-2.1744e-07
8.62333e-07
-1.89727e-07
8.50249e-07
-1.62975e-07
8.4115e-07
-1.4082e-07
8.35527e-07
-1.18744e-07
8.30335e-07
-9.66327e-08
8.24182e-07
-7.89273e-08
8.20345e-07
-6.55896e-08
8.19491e-07
-5.65059e-08
8.18985e-07
-4.1031e-08
8.16337e-07
-3.19037e-08
8.10821e-07
-2.01311e-08
8.0725e-07
-1.95768e-08
8.05994e-07
-1.56673e-08
8.07147e-07
-8.72632e-09
8.09895e-07
-5.94592e-09
8.1039e-07
7.50019e-09
1.8599e-09
1.06557e-06
2.11068e-07
1.0946e-06
2.14477e-07
1.12435e-06
1.99538e-07
1.15432e-06
1.72651e-07
1.185e-06
1.50022e-07
1.2173e-06
1.35032e-07
1.24334e-06
1.10197e-07
1.26023e-06
6.44887e-08
1.27291e-06
6.69694e-10
1.2756e-06
-6.57209e-08
1.26012e-06
-1.26932e-07
1.23212e-06
-1.80869e-07
1.19733e-06
-2.24383e-07
1.16025e-06
-2.60023e-07
1.12467e-06
-2.86922e-07
1.08392e-06
-3.00968e-07
1.03997e-06
-3.07206e-07
1.00345e-06
-3.04989e-07
9.72543e-07
-2.90512e-07
9.44112e-07
-2.70795e-07
9.20046e-07
-2.48353e-07
8.98616e-07
-2.2334e-07
8.80331e-07
-1.99155e-07
8.67306e-07
-1.76702e-07
8.56533e-07
-1.52202e-07
8.44683e-07
-1.28969e-07
8.35411e-07
-1.09472e-07
8.30614e-07
-9.1836e-08
8.27281e-07
-7.55946e-08
8.21739e-07
-6.00469e-08
8.15841e-07
-5.06079e-08
8.12461e-07
-3.7651e-08
8.10219e-07
-2.96621e-08
8.08129e-07
-1.80409e-08
8.03226e-07
-1.46737e-08
8.01546e-07
-1.39874e-08
8.01643e-07
-8.82373e-09
8.06161e-07
-1.04632e-08
8.12135e-07
1.52592e-09
2.25222e-09
1.06092e-06
1.84587e-07
1.08985e-06
1.8555e-07
1.11761e-06
1.7178e-07
1.14264e-06
1.47624e-07
1.16675e-06
1.25906e-07
1.19276e-06
1.09029e-07
1.21623e-06
8.67202e-08
1.2326e-06
4.81236e-08
1.24094e-06
-7.66979e-09
1.24071e-06
-6.54893e-08
1.2288e-06
-1.15023e-07
1.20606e-06
-1.58133e-07
1.17817e-06
-1.96495e-07
1.1467e-06
-2.28545e-07
1.1137e-06
-2.53928e-07
1.08111e-06
-2.68378e-07
1.04573e-06
-2.7182e-07
1.01134e-06
-2.70604e-07
9.82748e-07
-2.61919e-07
9.56262e-07
-2.44309e-07
9.32522e-07
-2.24613e-07
9.14589e-07
-2.05406e-07
8.98793e-07
-1.8336e-07
8.8307e-07
-1.60979e-07
8.70418e-07
-1.3955e-07
8.60554e-07
-1.19104e-07
8.51047e-07
-9.99651e-08
8.42942e-07
-8.37319e-08
8.37646e-07
-7.02978e-08
8.33664e-07
-5.6065e-08
8.27541e-07
-4.44856e-08
8.21771e-07
-3.18804e-08
8.17863e-07
-2.57537e-08
8.18052e-07
-1.82299e-08
8.18773e-07
-1.53948e-08
8.16558e-07
-1.17729e-08
8.13699e-07
-5.96442e-09
8.08193e-07
-4.95765e-09
8.06415e-07
3.30455e-09
1.00935e-09
1.05709e-06
1.60775e-07
1.08358e-06
1.59059e-07
1.10886e-06
1.46501e-07
1.13053e-06
1.25955e-07
1.15057e-06
1.05863e-07
1.17163e-06
8.79741e-08
1.19292e-06
6.54271e-08
1.2094e-06
3.16429e-08
1.21457e-06
-1.28414e-08
1.21051e-06
-6.14255e-08
1.20099e-06
-1.05504e-07
1.18413e-06
-1.41267e-07
1.16126e-06
-1.73634e-07
1.13532e-06
-2.026e-07
1.10548e-06
-2.24091e-07
1.07562e-06
-2.38509e-07
1.04784e-06
-2.44046e-07
1.0181e-06
-2.40858e-07
9.89368e-07
-2.33191e-07
9.66477e-07
-2.21418e-07
9.46043e-07
-2.04179e-07
9.26124e-07
-1.85487e-07
9.08876e-07
-1.66113e-07
8.93562e-07
-1.45665e-07
8.79588e-07
-1.25576e-07
8.68722e-07
-1.08238e-07
8.60707e-07
-9.19509e-08
8.52561e-07
-7.55851e-08
8.43321e-07
-6.10586e-08
8.3546e-07
-4.82038e-08
8.29858e-07
-3.88836e-08
8.26613e-07
-2.8635e-08
8.23094e-07
-2.22352e-08
8.19879e-07
-1.50142e-08
8.16244e-07
-1.17599e-08
8.12698e-07
-8.22741e-09
8.10151e-07
-3.4168e-09
8.07396e-07
-2.20292e-09
8.0665e-07
4.05025e-09
1.44474e-09
1.0529e-06
1.3907e-07
1.07701e-06
1.3495e-07
1.09979e-06
1.23719e-07
1.1196e-06
1.06144e-07
1.1376e-06
8.78632e-08
1.15486e-06
7.07117e-08
1.17177e-06
4.85176e-08
1.18585e-06
1.75678e-08
1.19171e-06
-1.87e-08
1.18744e-06
-5.71542e-08
1.17719e-06
-9.5261e-08
1.16432e-06
-1.284e-07
1.14664e-06
-1.55945e-07
1.12432e-06
-1.80285e-07
1.0996e-06
-1.9937e-07
1.07269e-06
-2.11603e-07
1.04658e-06
-2.17929e-07
1.02267e-06
-2.16955e-07
9.98246e-07
-2.08765e-07
9.74839e-07
-1.98011e-07
9.55135e-07
-1.84474e-07
9.36811e-07
-1.67164e-07
9.19056e-07
-1.48357e-07
9.04354e-07
-1.30964e-07
8.9233e-07
-1.13552e-07
8.80311e-07
-9.62186e-08
8.68368e-07
-8.0008e-08
8.58204e-07
-6.54208e-08
8.50001e-07
-5.28557e-08
8.42959e-07
-4.11623e-08
8.36538e-07
-3.24627e-08
8.31556e-07
-2.36521e-08
8.2687e-07
-1.75499e-08
8.22793e-07
-1.09367e-08
8.17689e-07
-6.65588e-09
8.13477e-07
-4.01525e-09
8.10555e-07
-4.94785e-10
8.08979e-07
-6.27488e-10
8.0996e-07
3.06936e-09
1.78422e-09
1.04963e-06
1.18665e-07
1.07111e-06
1.1347e-07
1.09143e-06
1.03404e-07
1.10914e-06
8.84322e-08
1.12513e-06
7.18715e-08
1.14098e-06
5.48682e-08
1.155e-06
3.44947e-08
1.16475e-06
7.81357e-09
1.16989e-06
-2.38341e-08
1.16857e-06
-5.58414e-08
1.15956e-06
-8.62466e-08
1.14694e-06
-1.15779e-07
1.13256e-06
-1.41567e-07
1.1141e-06
-1.61822e-07
1.09306e-06
-1.78328e-07
1.07133e-06
-1.89875e-07
1.04766e-06
-1.94263e-07
1.02445e-06
-1.9374e-07
1.00412e-06
-1.88443e-07
9.84092e-07
-1.77979e-07
9.63794e-07
-1.64176e-07
9.4587e-07
-1.49241e-07
9.30161e-07
-1.32647e-07
9.14936e-07
-1.15739e-07
9.00498e-07
-9.91144e-08
8.87623e-07
-8.33438e-08
8.75963e-07
-6.83472e-08
8.65685e-07
-5.51435e-08
8.56858e-07
-4.40287e-08
8.49414e-07
-3.37179e-08
8.41866e-07
-2.49147e-08
8.3478e-07
-1.65662e-08
8.28324e-07
-1.10941e-08
8.23746e-07
-6.35856e-09
8.2039e-07
-3.29925e-09
8.17199e-07
-8.24216e-10
8.14253e-07
2.45067e-09
8.10729e-07
2.89635e-09
8.07934e-07
5.86414e-09
3.79023e-09
1.04612e-06
9.99688e-08
1.06537e-06
9.4228e-08
1.08391e-06
8.48636e-08
1.10022e-06
7.21222e-08
1.11452e-06
5.75643e-08
1.12798e-06
4.14102e-08
1.14009e-06
2.23882e-08
1.14839e-06
-4.86273e-10
1.15124e-06
-2.66839e-08
1.14987e-06
-5.44762e-08
1.14458e-06
-8.09585e-08
1.13404e-06
-1.05236e-07
1.12016e-06
-1.27683e-07
1.10508e-06
-1.46746e-07
1.08745e-06
-1.60697e-07
1.06788e-06
-1.70309e-07
1.04857e-06
-1.74944e-07
1.02884e-06
-1.74013e-07
1.0088e-06
-1.68406e-07
9.90098e-07
-1.59274e-07
9.72421e-07
-1.46499e-07
9.55066e-07
-1.31886e-07
9.38668e-07
-1.16249e-07
9.23342e-07
-1.00413e-07
9.08712e-07
-8.4484e-08
8.95287e-07
-6.99195e-08
8.83495e-07
-5.65552e-08
8.72721e-07
-4.43688e-08
8.62153e-07
-3.34613e-08
8.52383e-07
-2.39481e-08
8.43992e-07
-1.65233e-08
8.37522e-07
-1.00959e-08
8.31701e-07
-5.27351e-09
8.26546e-07
-1.20404e-09
8.21147e-07
2.0999e-09
8.1663e-07
3.69302e-09
8.12997e-07
6.08394e-09
8.10312e-07
5.58158e-09
8.08794e-07
7.38215e-09
5.69788e-09
1.04324e-06
8.24923e-08
1.06078e-06
7.66794e-08
1.07731e-06
6.83409e-08
1.09218e-06
5.72463e-08
1.10546e-06
4.42888e-08
1.11712e-06
2.97481e-08
1.1269e-06
1.26081e-08
1.13395e-06
-7.53686e-09
1.13687e-06
-2.96049e-08
1.13512e-06
-5.27221e-08
1.13002e-06
-7.58635e-08
1.12218e-06
-9.73915e-08
1.1109e-06
-1.16401e-07
1.09712e-06
-1.32967e-07
1.08225e-06
-1.4583e-07
1.06599e-06
-1.54047e-07
1.0487e-06
-1.57658e-07
1.03153e-06
-1.56844e-07
1.0142e-06
-1.51079e-07
9.96535e-07
-1.41605e-07
9.79417e-07
-1.29381e-07
9.6287e-07
-1.15339e-07
9.46369e-07
-9.97482e-08
9.30477e-07
-8.45207e-08
9.15764e-07
-6.97713e-08
9.01956e-07
-5.61109e-08
8.88631e-07
-4.32299e-08
8.76412e-07
-3.21503e-08
8.65525e-07
-2.25738e-08
8.56139e-07
-1.45621e-08
8.47412e-07
-7.79677e-09
8.39615e-07
-2.2988e-09
8.32502e-07
1.839e-09
8.26624e-07
4.67405e-09
8.2166e-07
7.06431e-09
8.1738e-07
7.97333e-09
8.13683e-07
9.78071e-09
8.10228e-07
9.03642e-09
8.07303e-07
1.03074e-08
8.23328e-09
1.04074e-06
6.61596e-08
1.05674e-06
6.06762e-08
1.07191e-06
5.31755e-08
1.08551e-06
4.36452e-08
1.09737e-06
3.24266e-08
1.10775e-06
1.93699e-08
1.11612e-06
4.23818e-09
1.12148e-06
-1.28954e-08
1.12383e-06
-3.19578e-08
1.12294e-06
-5.18318e-08
1.11836e-06
-7.12823e-08
1.11105e-06
-9.00823e-08
1.10195e-06
-1.07302e-07
1.09058e-06
-1.21589e-07
1.07738e-06
-1.32639e-07
1.06365e-06
-1.40316e-07
1.04912e-06
-1.43121e-07
1.03345e-06
-1.41172e-07
1.01752e-06
-1.35149e-07
1.00138e-06
-1.25471e-07
9.84529e-07
-1.12529e-07
9.67434e-07
-9.82428e-08
9.50855e-07
-8.31693e-08
9.34724e-07
-6.83897e-08
9.18921e-07
-5.39681e-08
9.03925e-07
-4.11155e-08
8.90124e-07
-2.94283e-08
8.77516e-07
-1.9543e-08
8.65758e-07
-1.08155e-08
8.55176e-07
-3.9802e-09
8.45722e-07
1.65702e-09
8.37762e-07
5.66149e-09
8.30652e-07
8.94881e-09
8.24632e-07
1.06946e-08
8.19149e-07
1.25472e-08
8.14612e-07
1.25105e-08
8.10785e-07
1.36069e-08
8.07641e-07
1.21812e-08
8.0516e-07
1.27877e-08
1.05791e-08
1.03878e-06
5.08004e-08
1.05368e-06
4.57721e-08
1.06758e-06
3.92758e-08
1.08004e-06
3.11857e-08
1.09092e-06
2.15467e-08
1.09998e-06
1.03089e-08
1.10696e-06
-2.74146e-09
1.11163e-06
-1.75627e-08
1.11325e-06
-3.35774e-08
1.11191e-06
-5.0498e-08
1.10809e-06
-6.74623e-08
1.10177e-06
-8.37589e-08
1.09322e-06
-9.8757e-08
1.08333e-06
-1.11695e-07
1.07221e-06
-1.21519e-07
1.05963e-06
-1.27738e-07
1.04612e-06
-1.29614e-07
1.0319e-06
-1.26945e-07
1.01644e-06
-1.19694e-07
9.99604e-07
-1.08632e-07
9.82056e-07
-9.49814e-08
9.64157e-07
-8.03438e-08
9.46169e-07
-6.51808e-08
9.28572e-07
-5.07934e-08
9.11744e-07
-3.71394e-08
8.9598e-07
-2.53523e-08
8.81303e-07
-1.47512e-08
8.67993e-07
-6.23314e-09
8.55974e-07
1.20437e-09
8.45424e-07
6.56956e-09
8.36081e-07
1.09998e-08
8.28178e-07
1.35643e-08
8.21281e-07
1.58464e-08
8.15583e-07
1.63923e-08
8.10753e-07
1.7377e-08
8.06775e-07
1.64889e-08
8.03471e-07
1.69105e-08
8.00689e-07
1.49636e-08
7.98358e-07
1.51185e-08
1.26094e-08
1.03564e-06
3.60141e-08
1.04971e-06
3.17031e-08
1.06267e-06
2.63192e-08
1.07411e-06
1.97444e-08
1.08386e-06
1.17987e-08
1.09187e-06
2.29163e-09
1.09774e-06
-8.60175e-09
1.10112e-06
-2.09459e-08
1.10196e-06
-3.44234e-08
1.10012e-06
-4.86495e-08
1.09558e-06
-6.29253e-08
1.08889e-06
-7.70741e-08
1.08036e-06
-9.02238e-08
1.06999e-06
-1.01329e-07
1.05809e-06
-1.09618e-07
1.0448e-06
-1.14443e-07
1.02999e-06
-1.14801e-07
1.01335e-06
-1.10308e-07
9.95097e-07
-1.01443e-07
9.75554e-07
-8.9088e-08
9.5493e-07
-7.43576e-08
9.3385e-07
-5.92636e-08
9.13327e-07
-4.46574e-08
8.93815e-07
-3.12819e-08
8.75668e-07
-1.89924e-08
8.59213e-07
-8.89698e-09
8.44751e-07
-2.89333e-10
8.3199e-07
6.52728e-09
8.20931e-07
1.2264e-08
8.1162e-07
1.588e-08
8.03803e-07
1.88168e-08
7.97567e-07
1.98004e-08
7.92478e-07
2.09353e-08
7.88539e-07
2.03316e-08
7.8538e-07
2.05365e-08
7.83062e-07
1.88064e-08
7.81426e-07
1.85466e-08
7.8032e-07
1.60698e-08
7.79697e-07
1.57416e-08
1.30787e-08
1.02219e-06
2.11996e-08
1.03594e-06
1.79514e-08
1.04831e-06
1.39448e-08
1.05903e-06
9.02721e-09
1.06776e-06
3.07069e-09
1.07431e-06
-4.25617e-09
1.07852e-06
-1.28193e-08
1.07987e-06
-2.22946e-08
1.07814e-06
-3.26948e-08
1.0733e-06
-4.38031e-08
1.06541e-06
-5.50354e-08
1.05457e-06
-6.62406e-08
1.04094e-06
-7.65853e-08
1.02485e-06
-8.52421e-08
1.00656e-06
-9.13329e-08
9.85688e-07
-9.35672e-08
9.62458e-07
-9.15713e-08
9.37142e-07
-8.49927e-08
9.1032e-07
-7.46202e-08
8.82765e-07
-6.15328e-08
8.55617e-07
-4.72095e-08
8.29855e-07
-3.35021e-08
8.06297e-07
-2.10995e-08
7.85449e-07
-1.04334e-08
7.67633e-07
-1.17672e-09
7.52794e-07
5.94205e-09
7.40897e-07
1.16077e-08
7.31878e-07
1.55462e-08
7.25276e-07
1.88657e-08
7.20632e-07
2.05246e-08
7.17753e-07
2.16958e-08
7.16253e-07
2.12999e-08
7.16044e-07
2.11442e-08
7.16663e-07
1.9713e-08
7.18139e-07
1.90606e-08
7.19937e-07
1.70079e-08
7.22268e-07
1.62159e-08
7.246e-07
1.37378e-08
7.27196e-07
1.3146e-08
1.06837e-08
9.50182e-07
7.01079e-09
9.62806e-07
5.32756e-09
9.73648e-07
3.10277e-09
9.82433e-07
2.42369e-10
9.88637e-07
-3.13387e-09
9.91668e-07
-7.28725e-09
9.90996e-07
-1.21467e-08
9.86204e-07
-1.75031e-08
9.76891e-07
-2.33815e-08
9.62757e-07
-2.96692e-08
9.43727e-07
-3.60053e-08
9.19769e-07
-4.22821e-08
8.91245e-07
-4.80614e-08
8.58536e-07
-5.25339e-08
8.22353e-07
-5.51491e-08
7.83709e-07
-5.49237e-08
7.43221e-07
-5.10831e-08
7.01984e-07
-4.37557e-08
6.61527e-07
-3.41634e-08
6.23689e-07
-2.36948e-08
5.90024e-07
-1.35442e-08
5.61441e-07
-4.91909e-09
5.3857e-07
1.77138e-09
5.21515e-07
6.62143e-09
5.10216e-07
1.01224e-08
5.03791e-07
1.23673e-08
5.01632e-07
1.37666e-08
5.02741e-07
1.44369e-08
5.06761e-07
1.48463e-08
5.12659e-07
1.46263e-08
5.20149e-07
1.42059e-08
5.28232e-07
1.3217e-08
5.37015e-07
1.23605e-08
5.45656e-07
1.10729e-08
5.54538e-07
1.01786e-08
5.62796e-07
8.74911e-09
5.71023e-07
7.98935e-09
5.78251e-07
6.50984e-09
5.85337e-07
6.0599e-09
4.75457e-09
6.23596e-07
6.28924e-07
6.32027e-07
6.32269e-07
6.29135e-07
6.21848e-07
6.09701e-07
5.92198e-07
5.68817e-07
5.39147e-07
5.03142e-07
4.6086e-07
4.12799e-07
3.60265e-07
3.05116e-07
2.50192e-07
1.99109e-07
1.55353e-07
1.2119e-07
9.74949e-08
8.39507e-08
7.90316e-08
8.0803e-08
8.74244e-08
9.75469e-08
1.09914e-07
1.23681e-07
1.38118e-07
1.52964e-07
1.6759e-07
1.81796e-07
1.95013e-07
2.07374e-07
2.18447e-07
2.28625e-07
2.37374e-07
2.45364e-07
2.51874e-07
2.57933e-07
)
;

boundaryField
{
    inlet
    {
        type            calculated;
        value           nonuniform List<scalar> 
20
(
-1e-06
-1e-06
-1e-06
-1e-06
-1e-06
-1e-06
-1e-06
-1e-06
-1e-06
-1e-06
-1e-06
-1e-06
-1e-06
-1e-06
-1e-06
-1e-06
-1e-06
-1e-06
-1e-06
-1e-06
)
;
    }
    outlet
    {
        type            calculated;
        value           nonuniform List<scalar> 
27
(
7.93147e-07
8.14049e-07
8.13494e-07
8.06851e-07
8.03804e-07
8.02789e-07
8.09687e-07
8.11743e-07
8.07657e-07
8.06215e-07
8.09621e-07
8.05928e-07
8.06886e-07
8.04767e-07
8.02815e-07
7.96328e-07
7.79227e-07
7.29591e-07
5.91266e-07
2.62688e-07
2.92355e-07
6.39253e-07
7.59959e-07
7.88992e-07
7.75139e-07
7.4846e-07
7.37289e-07
)
;
    }
    lowerWall
    {
        type            calculated;
        value           uniform 0;
    }
    upperWall
    {
        type            calculated;
        value           uniform 0;
    }
    defaultFaces
    {
        type            empty;
        value           nonuniform List<scalar> 0();
    }
}


// ************************************************************************* //
