/*--------------------------------*- C++ -*----------------------------------*\
| =========                 |                                                 |
| \\      /  F ield         | OpenFOAM: The Open Source CFD Toolbox           |
|  \\    /   O peration     | Version:  2112                                  |
|   \\  /    A nd           | Website:  www.openfoam.com                      |
|    \\/     M anipulation  |                                                 |
\*---------------------------------------------------------------------------*/
FoamFile
{
    version     2.0;
    format      ascii;
    arch        "LSB;label=32;scalar=64";
    class       surfaceScalarField;
    location    "0.46";
    object      phi;
}
// * * * * * * * * * * * * * * * * * * * * * * * * * * * * * * * * * * * * * //

dimensions      [0 3 -1 0 0 0 0];

oriented        oriented;

internalField   nonuniform List<scalar> 
3653
(
9.92228e-07
7.77173e-09
9.7947e-07
1.27585e-08
9.63711e-07
1.57585e-08
9.48409e-07
1.5302e-08
9.31691e-07
1.67179e-08
9.14994e-07
1.66977e-08
8.97076e-07
1.79181e-08
8.79026e-07
1.80499e-08
8.6083e-07
1.81958e-08
8.4153e-07
1.93001e-08
8.23644e-07
1.78859e-08
8.03009e-07
2.06349e-08
7.84508e-07
1.85006e-08
7.63391e-07
2.11171e-08
7.42483e-07
2.0908e-08
7.20958e-07
2.15254e-08
6.979e-07
2.3058e-08
6.73398e-07
2.45021e-08
6.48431e-07
2.49671e-08
6.19962e-07
2.84683e-08
5.90196e-07
2.9766e-08
5.58014e-07
3.21828e-08
5.20525e-07
3.7489e-08
4.79366e-07
4.11582e-08
4.35233e-07
4.41333e-08
3.81077e-07
5.41557e-08
3.22469e-07
5.86083e-08
2.54616e-07
6.78528e-08
1.78463e-07
7.61534e-08
6.82697e-08
1.10193e-07
1.00156e-06
6.21556e-09
1.00675e-06
7.56892e-09
1.00809e-06
1.44132e-08
1.01027e-06
1.312e-08
1.0109e-06
1.60947e-08
1.0112e-06
1.63899e-08
1.011e-06
1.81198e-08
1.01117e-06
1.7881e-08
1.00814e-06
2.12224e-08
1.00848e-06
1.89676e-08
1.0036e-06
2.27634e-08
1.00239e-06
2.18427e-08
9.96887e-07
2.40057e-08
9.93861e-07
2.41431e-08
9.85848e-07
2.89205e-08
9.83241e-07
2.41328e-08
9.70815e-07
3.54843e-08
9.66509e-07
2.88073e-08
9.52986e-07
3.84901e-08
9.43006e-07
3.84484e-08
9.27129e-07
4.56433e-08
9.14402e-07
4.49103e-08
8.89226e-07
6.26646e-08
8.74904e-07
5.548e-08
8.40925e-07
7.81125e-08
8.16679e-07
7.84018e-08
7.75096e-07
1.00191e-07
7.40525e-07
1.02423e-07
6.80039e-07
1.36639e-07
1.28238e-07
6.20071e-07
1.00129e-06
4.92212e-09
1.00477e-06
4.09341e-09
1.00737e-06
1.18126e-08
1.00956e-06
1.09291e-08
1.01164e-06
1.40119e-08
1.01307e-06
1.49598e-08
1.0148e-06
1.63886e-08
1.01705e-06
1.56399e-08
1.01687e-06
2.13964e-08
1.02026e-06
1.55815e-08
1.01816e-06
2.4861e-08
1.02108e-06
1.89275e-08
1.01917e-06
2.59142e-08
1.02015e-06
2.31634e-08
1.01772e-06
3.13489e-08
1.01862e-06
2.32266e-08
1.01332e-06
4.07917e-08
1.01429e-06
2.78338e-08
1.00825e-06
4.45293e-08
1.00471e-06
4.19903e-08
9.99831e-07
5.05217e-08
9.93142e-07
5.15987e-08
9.84371e-07
7.14359e-08
9.77912e-07
6.19389e-08
9.63232e-07
9.27923e-08
9.53811e-07
8.78234e-08
9.35619e-07
1.18383e-07
9.19934e-07
1.18108e-07
8.97789e-07
1.58784e-07
1.60412e-07
8.65615e-07
1.00082e-06
4.10457e-09
1.00239e-06
2.51651e-09
1.00422e-06
9.98482e-09
1.00664e-06
8.50657e-09
1.00756e-06
1.30955e-08
1.01052e-06
1.19977e-08
1.01054e-06
1.63671e-08
1.0138e-06
1.23858e-08
1.0137e-06
2.14923e-08
1.01629e-06
1.299e-08
1.01637e-06
2.479e-08
1.01809e-06
1.72006e-08
1.01801e-06
2.59935e-08
1.01906e-06
2.21135e-08
1.01882e-06
3.15938e-08
1.01849e-06
2.3557e-08
1.01849e-06
4.07892e-08
1.01698e-06
2.9341e-08
1.01581e-06
4.57064e-08
1.01448e-06
4.33114e-08
1.0113e-06
5.37017e-08
1.00854e-06
5.43589e-08
1.00662e-06
7.33631e-08
1.00025e-06
6.83051e-08
9.98435e-07
9.46084e-08
9.91939e-07
9.43191e-08
9.87775e-07
1.22547e-07
9.78866e-07
1.27018e-07
9.78273e-07
1.59377e-07
1.74114e-07
9.64571e-07
1.00054e-06
3.56602e-09
1.00163e-06
1.42534e-09
1.00306e-06
8.55728e-09
1.00513e-06
6.42888e-09
1.0063e-06
1.1933e-08
1.00863e-06
9.66821e-09
1.00922e-06
1.57705e-08
1.0117e-06
9.91019e-09
1.01214e-06
2.10499e-08
1.01438e-06
1.07498e-08
1.01478e-06
2.43899e-08
1.01651e-06
1.54762e-08
1.01679e-06
2.57063e-08
1.01803e-06
2.08762e-08
1.01826e-06
3.13676e-08
1.01831e-06
2.35017e-08
1.01904e-06
4.00613e-08
1.018e-06
3.03765e-08
1.01794e-06
4.57709e-08
1.01759e-06
4.36605e-08
1.01545e-06
5.58432e-08
1.01504e-06
5.47637e-08
1.0135e-06
7.49079e-08
1.01157e-06
7.02333e-08
1.01041e-06
9.57732e-08
1.00874e-06
9.59896e-08
1.00777e-06
1.23515e-07
1.00688e-06
1.27902e-07
1.00664e-06
1.59619e-07
1.70905e-07
1.00985e-06
1.00074e-06
2.82728e-09
1.00117e-06
9.96519e-10
1.00246e-06
7.26134e-09
1.004e-06
4.8906e-09
1.00527e-06
1.06604e-08
1.0071e-06
7.84425e-09
1.00849e-06
1.43786e-08
1.00969e-06
8.71286e-09
1.01177e-06
1.89716e-08
1.01236e-06
1.01557e-08
1.01445e-06
2.23045e-08
1.01513e-06
1.47952e-08
1.01658e-06
2.4255e-08
1.01719e-06
2.02619e-08
1.01876e-06
2.97986e-08
1.01824e-06
2.40181e-08
1.02032e-06
3.79828e-08
1.01929e-06
3.1406e-08
1.02044e-06
4.4621e-08
1.0203e-06
4.38074e-08
1.02039e-06
5.57514e-08
1.01974e-06
5.54149e-08
1.02114e-06
7.35072e-08
1.01932e-06
7.20495e-08
1.02134e-06
9.37514e-08
1.02111e-06
9.62197e-08
1.02353e-06
1.21096e-07
1.02419e-06
1.27249e-07
1.02976e-06
1.54043e-07
1.67025e-07
1.03364e-06
1.0005e-06
2.32865e-09
1.00093e-06
5.69701e-10
1.002e-06
6.18392e-09
1.00329e-06
3.60381e-09
1.00462e-06
9.32753e-09
1.00626e-06
6.20689e-09
1.00778e-06
1.28566e-08
1.00901e-06
7.48358e-09
1.01111e-06
1.68734e-08
1.0118e-06
9.46925e-09
1.01411e-06
1.99947e-08
1.01486e-06
1.40391e-08
1.01663e-06
2.24841e-08
1.01768e-06
1.92197e-08
1.01929e-06
2.8182e-08
1.01971e-06
2.36013e-08
1.02175e-06
3.59412e-08
1.02185e-06
3.13089e-08
1.02325e-06
4.32148e-08
1.0243e-06
4.27636e-08
1.02497e-06
5.50813e-08
1.02592e-06
5.44666e-08
1.02762e-06
7.18045e-08
1.0284e-06
7.12633e-08
1.03092e-06
9.12328e-08
1.03301e-06
9.41346e-08
1.03684e-06
1.17266e-07
1.04101e-06
1.23079e-07
1.04716e-06
1.4789e-07
1.58915e-07
1.05527e-06
1.00058e-06
1.74661e-09
1.00071e-06
4.457e-10
1.00193e-06
4.9619e-09
1.00277e-06
2.76506e-09
1.0044e-06
7.69493e-09
1.00555e-06
5.06092e-09
1.00765e-06
1.07559e-08
1.0084e-06
6.7291e-09
1.01109e-06
1.41835e-08
1.01158e-06
8.98427e-09
1.01427e-06
1.72957e-08
1.01511e-06
1.32063e-08
1.01734e-06
2.02521e-08
1.01843e-06
1.81322e-08
1.02076e-06
2.58488e-08
1.02139e-06
2.29749e-08
1.02407e-06
3.32537e-08
1.02471e-06
3.06744e-08
1.02702e-06
4.09046e-08
1.02837e-06
4.1413e-08
1.03069e-06
5.27555e-08
1.03192e-06
5.32372e-08
1.03544e-06
6.82921e-08
1.03699e-06
6.97066e-08
1.04134e-06
8.68832e-08
1.04447e-06
9.10121e-08
1.0507e-06
1.11036e-07
1.05562e-06
1.18156e-07
1.06438e-06
1.39127e-07
1.50329e-07
1.07297e-06
1.00043e-06
1.31402e-09
1.00064e-06
2.40303e-10
1.00179e-06
3.8133e-09
1.00254e-06
2.0138e-09
1.00426e-06
5.97274e-09
1.00533e-06
3.99153e-09
1.00754e-06
8.54995e-09
1.00845e-06
5.81879e-09
1.01114e-06
1.14917e-08
1.01194e-06
8.18188e-09
1.01469e-06
1.45484e-08
1.01588e-06
1.20171e-08
1.01828e-06
1.78438e-08
1.01981e-06
1.66096e-08
1.02239e-06
2.32678e-08
1.02364e-06
2.17184e-08
1.02662e-06
3.02747e-08
1.02804e-06
2.92542e-08
1.03084e-06
3.81044e-08
1.03304e-06
3.92182e-08
1.03609e-06
4.97042e-08
1.03846e-06
5.08666e-08
1.04261e-06
6.41404e-08
1.04567e-06
6.66524e-08
1.05098e-06
8.15671e-08
1.05556e-06
8.64384e-08
1.06283e-06
1.03766e-07
1.06978e-06
1.11202e-07
1.07944e-06
1.29467e-07
1.39756e-07
1.09001e-06
1.00044e-06
8.70317e-10
1.00059e-06
9.40003e-11
1.0018e-06
2.59999e-09
1.00249e-06
1.32892e-09
1.0043e-06
4.16449e-09
1.00533e-06
2.95885e-09
1.00767e-06
6.20535e-09
1.00871e-06
4.78187e-09
1.01147e-06
8.73721e-09
1.01259e-06
7.05545e-09
1.01541e-06
1.17281e-08
1.01692e-06
1.05088e-08
1.01963e-06
1.51361e-08
1.02142e-06
1.48212e-08
1.02442e-06
2.02593e-08
1.02613e-06
2.00091e-08
1.02953e-06
2.68768e-08
1.03155e-06
2.72391e-08
1.03503e-06
3.46187e-08
1.03772e-06
3.65327e-08
1.04179e-06
4.56323e-08
1.04481e-06
4.78432e-08
1.04998e-06
5.89725e-08
1.05401e-06
6.26284e-08
1.06038e-06
7.51892e-08
1.06601e-06
8.08157e-08
1.07452e-06
9.52516e-08
1.0825e-06
1.03227e-07
1.09329e-06
1.18673e-07
1.28472e-07
1.10457e-06
1.00038e-06
4.8659e-10
1.00061e-06
-1.32748e-10
1.00182e-06
1.39434e-09
1.00259e-06
5.59137e-10
1.00443e-06
2.32311e-09
1.00563e-06
1.75979e-09
1.00795e-06
3.88437e-09
1.00933e-06
3.39796e-09
1.01199e-06
6.07507e-09
1.01357e-06
5.48013e-09
1.01638e-06
8.91501e-09
1.01829e-06
8.5967e-09
1.02118e-06
1.22479e-08
1.02338e-06
1.26241e-08
1.02663e-06
1.70047e-08
1.02892e-06
1.77259e-08
1.03258e-06
2.32101e-08
1.03529e-06
2.45364e-08
1.03919e-06
3.07159e-08
1.0426e-06
3.31252e-08
1.04725e-06
4.09769e-08
1.05118e-06
4.39103e-08
1.05696e-06
5.32005e-08
1.06199e-06
5.75945e-08
1.06911e-06
6.807e-08
1.07586e-06
7.40622e-08
1.08494e-06
8.61772e-08
1.09412e-06
9.40471e-08
1.10561e-06
1.07185e-07
1.16211e-07
1.11787e-06
1.00037e-06
1.17555e-10
1.00068e-06
-4.47083e-10
1.00192e-06
1.58171e-10
1.00285e-06
-3.75013e-10
1.00471e-06
4.65892e-10
1.00613e-06
3.42887e-10
1.00845e-06
1.56375e-09
1.01014e-06
1.7039e-09
1.01278e-06
3.43724e-09
1.01475e-06
3.51481e-09
1.01761e-06
6.04651e-09
1.01988e-06
6.32965e-09
1.02299e-06
9.13898e-09
1.02555e-06
1.00677e-08
1.02907e-06
1.34836e-08
1.03186e-06
1.49301e-08
1.03581e-06
1.9265e-08
1.03911e-06
2.12371e-08
1.04346e-06
2.63603e-08
1.04746e-06
2.91337e-08
1.05271e-06
3.57236e-08
1.05738e-06
3.92358e-08
1.06371e-06
4.68756e-08
1.06963e-06
5.1672e-08
1.07735e-06
6.03511e-08
1.08497e-06
6.64386e-08
1.09466e-06
7.64939e-08
1.10464e-06
8.40613e-08
1.1167e-06
9.51271e-08
1.03548e-07
1.12936e-06
1.00035e-06
-2.36054e-10
1.00083e-06
-9.25648e-10
1.00211e-06
-1.12245e-09
1.0033e-06
-1.56655e-09
1.00521e-06
-1.4403e-09
1.00691e-06
-1.35693e-09
1.00922e-06
-7.50739e-10
1.01125e-06
-3.1711e-10
1.01387e-06
8.09181e-10
1.01619e-06
1.19766e-09
1.01916e-06
3.07951e-09
1.02176e-06
3.72938e-09
1.02504e-06
5.85307e-09
1.02799e-06
7.12177e-09
1.0317e-06
9.77791e-09
1.03501e-06
1.1613e-08
1.03918e-06
1.50946e-08
1.04306e-06
1.73615e-08
1.04776e-06
2.16547e-08
1.05235e-06
2.45455e-08
1.05804e-06
3.00372e-08
1.06343e-06
3.38421e-08
1.07018e-06
4.01274e-08
1.07686e-06
4.49883e-08
1.08504e-06
5.21756e-08
1.09344e-06
5.80424e-08
1.1035e-06
6.64275e-08
1.11412e-06
7.3448e-08
1.12653e-06
8.27128e-08
9.02776e-08
1.1398e-06
1.00035e-06
-5.81978e-10
1.001e-06
-1.57687e-09
1.00237e-06
-2.49643e-09
1.00383e-06
-3.03002e-09
1.00584e-06
-3.44305e-09
1.0078e-06
-3.31863e-09
1.01018e-06
-3.13544e-09
1.0125e-06
-2.63085e-09
1.01522e-06
-1.91033e-09
1.01783e-06
-1.41695e-09
1.02097e-06
-5.94245e-11
1.02389e-06
8.05672e-10
1.02737e-06
2.37519e-09
1.03069e-06
3.80504e-09
1.03459e-06
5.87555e-09
1.03836e-06
7.83994e-09
1.04278e-06
1.06793e-08
1.04714e-06
1.2997e-08
1.05221e-06
1.65875e-08
1.0573e-06
1.94585e-08
1.06338e-06
2.39589e-08
1.06938e-06
2.78355e-08
1.07648e-06
3.30271e-08
1.0838e-06
3.76673e-08
1.09237e-06
4.36109e-08
1.10135e-06
4.90631e-08
1.11175e-06
5.60266e-08
1.12284e-06
6.23576e-08
1.13554e-06
7.00154e-08
7.69837e-08
1.14883e-06
1.00043e-06
-1.01625e-09
1.00139e-06
-2.53236e-09
1.003e-06
-4.10504e-09
1.00482e-06
-4.85272e-09
1.00699e-06
-5.60893e-09
1.00922e-06
-5.55234e-09
1.0117e-06
-5.61019e-09
1.01425e-06
-5.18608e-09
1.01709e-06
-4.75343e-09
1.01997e-06
-4.29283e-09
1.02322e-06
-3.31021e-09
1.02642e-06
-2.39412e-09
1.03006e-06
-1.26398e-09
1.03369e-06
1.78284e-10
1.03776e-06
1.80277e-09
1.04193e-06
3.67038e-09
1.04658e-06
6.02564e-09
1.05135e-06
8.22469e-09
1.05673e-06
1.12125e-08
1.06227e-06
1.39219e-08
1.06866e-06
1.75651e-08
1.07519e-06
2.13081e-08
1.0826e-06
2.5615e-08
1.09044e-06
2.98297e-08
1.09931e-06
3.47421e-08
1.10873e-06
3.96341e-08
1.11938e-06
4.5386e-08
1.13073e-06
5.10015e-08
1.14349e-06
5.72522e-08
6.31653e-08
1.15731e-06
1.00049e-06
-1.50288e-09
1.00184e-06
-3.88271e-09
1.00382e-06
-6.09114e-09
1.00605e-06
-7.0751e-09
1.00843e-06
-7.99545e-09
1.0109e-06
-8.01864e-09
1.01351e-06
-8.22632e-09
1.01631e-06
-7.98203e-09
1.01935e-06
-7.78865e-09
1.02248e-06
-7.42913e-09
1.02594e-06
-6.76886e-09
1.02942e-06
-5.87396e-09
1.03326e-06
-5.10043e-09
1.03724e-06
-3.80393e-09
1.04149e-06
-2.45156e-09
1.04599e-06
-8.28719e-10
1.05091e-06
1.10742e-09
1.05604e-06
3.09921e-09
1.06172e-06
5.53086e-09
1.06763e-06
8.00855e-09
1.07427e-06
1.09241e-08
1.08121e-06
1.43724e-08
1.08892e-06
1.79038e-08
1.0972e-06
2.15527e-08
1.10635e-06
2.55913e-08
1.11608e-06
2.99003e-08
1.12688e-06
3.45873e-08
1.13847e-06
3.94121e-08
1.15126e-06
4.44619e-08
4.96371e-08
1.16479e-06
1.00089e-06
-2.38889e-09
1.00288e-06
-5.87837e-09
1.00532e-06
-8.52801e-09
1.00789e-06
-9.65038e-09
1.01048e-06
-1.05771e-08
1.01314e-06
-1.06848e-08
1.01596e-06
-1.10489e-08
1.01904e-06
-1.10551e-08
1.02229e-06
-1.1038e-08
1.02567e-06
-1.08116e-08
1.02928e-06
-1.03775e-08
1.03299e-06
-9.59115e-09
1.03698e-06
-9.08964e-09
1.04117e-06
-7.98864e-09
1.04559e-06
-6.86788e-09
1.05031e-06
-5.54881e-09
1.05541e-06
-3.99614e-09
1.06081e-06
-2.30002e-09
1.0667e-06
-3.61714e-10
1.07293e-06
1.77545e-09
1.07976e-06
4.10146e-09
1.087e-06
7.13061e-09
1.09494e-06
9.95909e-09
1.10354e-06
1.2956e-08
1.1129e-06
1.62352e-08
1.12287e-06
1.99309e-08
1.13374e-06
2.37083e-08
1.14543e-06
2.77267e-08
1.15828e-06
3.16142e-08
3.56406e-08
1.17227e-06
1.00182e-06
-4.21169e-09
1.00525e-06
-9.30699e-09
1.0085e-06
-1.17811e-08
1.01147e-06
-1.26135e-08
1.01424e-06
-1.33481e-08
1.01719e-06
-1.36382e-08
1.02029e-06
-1.41461e-08
1.02357e-06
-1.4334e-08
1.02689e-06
-1.43571e-08
1.03024e-06
-1.41684e-08
1.0337e-06
-1.38289e-08
1.03732e-06
-1.3211e-08
1.04112e-06
-1.28955e-08
1.04512e-06
-1.19914e-08
1.04934e-06
-1.10842e-08
1.05388e-06
-1.00869e-08
1.05881e-06
-8.92872e-09
1.06406e-06
-7.54462e-09
1.0698e-06
-6.11049e-09
1.07586e-06
-4.28193e-09
1.08242e-06
-2.45486e-09
1.08965e-06
-1.05823e-10
1.09758e-06
2.03145e-09
1.10617e-06
4.3684e-09
1.11548e-06
6.92782e-09
1.12543e-06
9.9808e-09
1.13625e-06
1.28831e-08
1.14796e-06
1.60146e-08
1.16072e-06
1.88617e-08
2.18753e-08
1.17448e-06
1.00301e-06
-7.22661e-09
1.00686e-06
-1.31513e-08
1.00972e-06
-1.4637e-08
1.01189e-06
-1.47878e-08
1.01369e-06
-1.51499e-08
1.01548e-06
-1.54261e-08
1.01709e-06
-1.57535e-08
1.01846e-06
-1.57115e-08
1.01959e-06
-1.54859e-08
1.02059e-06
-1.51685e-08
1.02153e-06
-1.47694e-08
1.02255e-06
-1.42241e-08
1.02347e-06
-1.38157e-08
1.02458e-06
-1.31076e-08
1.02598e-06
-1.24778e-08
1.02764e-06
-1.17479e-08
1.02954e-06
-1.08315e-08
1.03179e-06
-9.79167e-09
1.03457e-06
-8.89795e-09
1.03802e-06
-7.73099e-09
1.04201e-06
-6.44405e-09
1.04675e-06
-4.84537e-09
1.05228e-06
-3.49262e-09
1.05871e-06
-2.06668e-09
1.06616e-06
-5.21585e-10
1.07483e-06
1.312e-09
1.08458e-06
3.13112e-09
1.09555e-06
5.04851e-09
1.10769e-06
6.71727e-09
8.22188e-09
1.12135e-06
9.92773e-07
9.79622e-07
9.64985e-07
9.50197e-07
9.35047e-07
9.19621e-07
9.03868e-07
8.88156e-07
8.7267e-07
8.57502e-07
8.42733e-07
8.28508e-07
8.14693e-07
8.01585e-07
7.89107e-07
7.7736e-07
7.66528e-07
7.56736e-07
7.47838e-07
7.40107e-07
7.33663e-07
7.28818e-07
7.25325e-07
7.23259e-07
7.22737e-07
7.24049e-07
7.2718e-07
7.32229e-07
7.38946e-07
7.47168e-07
2.33813e-07
-1.2362e-07
3.24793e-07
-9.09792e-08
4.10981e-07
-8.61882e-08
4.79946e-07
-6.89654e-08
5.43006e-07
-6.30603e-08
5.89628e-07
-4.66212e-08
6.35375e-07
-4.57472e-08
6.94094e-07
-5.87192e-08
7.5017e-07
-5.60757e-08
-1.32229e-07
8.82399e-07
6.77019e-07
-1.80568e-07
7.29861e-07
-1.43821e-07
7.70272e-07
-1.26599e-07
8.04642e-07
-1.03335e-07
8.47305e-07
-1.05723e-07
8.78486e-07
-7.78019e-08
9.08766e-07
-7.60265e-08
9.37704e-07
-8.7658e-08
9.97778e-07
-1.1615e-07
-1.69824e-07
1.03537e-06
8.74141e-07
-1.89094e-07
8.96075e-07
-1.65756e-07
9.05705e-07
-1.36229e-07
9.19565e-07
-1.17195e-07
9.23873e-07
-1.10031e-07
9.61076e-07
-1.15006e-07
9.73615e-07
-8.85652e-08
1.00568e-06
-1.19724e-07
1.01921e-06
-1.29681e-07
-2.11652e-07
1.06104e-06
9.56824e-07
-1.81346e-07
9.575e-07
-1.66432e-07
9.6439e-07
-1.43118e-07
9.74916e-07
-1.27722e-07
9.78652e-07
-1.13767e-07
9.90907e-07
-1.27261e-07
1.01483e-06
-1.1249e-07
1.02943e-06
-1.34326e-07
1.03502e-06
-1.35271e-07
-2.18446e-07
1.04182e-06
1.00013e-06
-1.71624e-07
9.96858e-07
-1.63163e-07
9.92967e-07
-1.39227e-07
1.00262e-06
-1.37371e-07
1.00296e-06
-1.14115e-07
1.01041e-06
-1.34707e-07
1.01919e-06
-1.21265e-07
1.03457e-06
-1.49707e-07
1.04441e-06
-1.45113e-07
-2.18562e-07
1.04453e-06
1.02552e-06
-1.63499e-07
1.02047e-06
-1.58117e-07
1.01898e-06
-1.37736e-07
1.02006e-06
-1.3845e-07
1.02424e-06
-1.18295e-07
1.02673e-06
-1.37202e-07
1.03538e-06
-1.29911e-07
1.0406e-06
-1.5493e-07
1.04667e-06
-1.51184e-07
-2.11318e-07
1.03943e-06
1.04685e-06
-1.55074e-07
1.04154e-06
-1.52808e-07
1.03684e-06
-1.33038e-07
1.03721e-06
-1.38824e-07
1.03983e-06
-1.20911e-07
1.04001e-06
-1.37387e-07
1.04198e-06
-1.31873e-07
1.04376e-06
-1.56713e-07
1.04688e-06
-1.543e-07
-2.03372e-07
1.03893e-06
1.06532e-06
-1.47425e-07
1.05842e-06
-1.4591e-07
1.05506e-06
-1.29675e-07
1.05131e-06
-1.35074e-07
1.05174e-06
-1.21345e-07
1.04987e-06
-1.35511e-07
1.05011e-06
-1.32117e-07
1.04728e-06
-1.53886e-07
1.04809e-06
-1.55106e-07
-1.94147e-07
1.03886e-06
1.08152e-06
-1.38932e-07
1.07411e-06
-1.38498e-07
1.06879e-06
-1.24359e-07
1.06391e-06
-1.30194e-07
1.06211e-06
-1.19539e-07
1.05808e-06
-1.3149e-07
1.05529e-06
-1.2932e-07
1.05028e-06
-1.48874e-07
1.04691e-06
-1.51742e-07
-1.8369e-07
1.03646e-06
1.09582e-06
-1.30174e-07
1.08707e-06
-1.29755e-07
1.08118e-06
-1.18463e-07
1.07447e-06
-1.23487e-07
1.0703e-06
-1.15374e-07
1.06436e-06
-1.25541e-07
1.0598e-06
-1.24768e-07
1.05235e-06
-1.4142e-07
1.04618e-06
-1.45573e-07
-1.72294e-07
1.03478e-06
1.10822e-06
-1.20531e-07
1.09885e-06
-1.20382e-07
1.09143e-06
-1.11045e-07
1.08334e-06
-1.15395e-07
1.07745e-06
-1.09487e-07
1.06999e-06
-1.18077e-07
1.06295e-06
-1.17732e-07
1.05372e-06
-1.32189e-07
1.04528e-06
-1.37133e-07
-1.59656e-07
1.03264e-06
1.11908e-06
-1.10252e-07
1.10867e-06
-1.09972e-07
1.10021e-06
-1.02579e-07
1.09093e-06
-1.06115e-07
1.08318e-06
-1.01739e-07
1.07404e-06
-1.08942e-07
1.06551e-06
-1.09197e-07
1.05493e-06
-1.21607e-07
1.04431e-06
-1.26518e-07
-1.4551e-07
1.03017e-06
1.12868e-06
-9.91361e-08
1.11753e-06
-9.88217e-08
1.10785e-06
-9.28919e-08
1.09747e-06
-9.57325e-08
1.08829e-06
-9.25648e-08
1.07787e-06
-9.85155e-08
1.06765e-06
-9.89777e-08
1.05566e-06
-1.0962e-07
1.04348e-06
-1.14337e-07
-1.30317e-07
1.02828e-06
1.13706e-06
-8.73627e-08
1.12514e-06
-8.6902e-08
1.11445e-06
-8.22006e-08
1.10304e-06
-8.43283e-08
1.09249e-06
-8.20073e-08
1.08089e-06
-8.69205e-08
1.06946e-06
-8.75465e-08
1.05624e-06
-9.63969e-08
1.04267e-06
-1.00769e-07
-1.1414e-07
1.02649e-06
1.1448e-06
-7.48453e-08
1.13218e-06
-7.42877e-08
1.12055e-06
-7.05687e-08
1.1083e-06
-7.20758e-08
1.09665e-06
-7.03625e-08
1.08395e-06
-7.42142e-08
1.07131e-06
-7.49061e-08
1.05705e-06
-8.21463e-08
1.04234e-06
-8.60524e-08
-9.6961e-08
1.02516e-06
1.1518e-06
-6.1857e-08
1.13857e-06
-6.10579e-08
1.12611e-06
-5.81084e-08
1.11297e-06
-5.89332e-08
1.10025e-06
-5.76502e-08
1.08655e-06
-6.05149e-08
1.0729e-06
-6.12519e-08
1.05766e-06
-6.6909e-08
1.04197e-06
-7.03584e-08
-7.90887e-08
1.0241e-06
1.15846e-06
-4.80446e-08
1.14448e-06
-4.7072e-08
1.13117e-06
-4.48028e-08
1.11714e-06
-4.49016e-08
1.10341e-06
-4.3919e-08
1.08858e-06
-4.56913e-08
1.07377e-06
-4.64358e-08
1.05739e-06
-5.05328e-08
1.04055e-06
-5.35214e-08
-6.00338e-08
1.0215e-06
1.15922e-06
-3.27798e-08
1.14368e-06
-3.15311e-08
1.12866e-06
-2.97813e-08
1.11295e-06
-2.92006e-08
1.09751e-06
-2.84762e-08
1.0811e-06
-2.92765e-08
1.0647e-06
-3.0043e-08
1.0468e-06
-3.26293e-08
1.02836e-06
-3.50809e-08
-3.93904e-08
1.00772e-06
1.10254e-06
-1.39749e-08
1.08439e-06
-1.33806e-08
1.06713e-06
-1.25248e-08
1.0499e-06
-1.19662e-08
1.03297e-06
-1.15423e-08
1.01543e-06
-1.17447e-08
9.97617e-07
-1.22263e-08
9.78378e-07
-1.33901e-08
9.58153e-07
-1.48559e-08
-1.68879e-08
9.3565e-07
7.33193e-07
7.19812e-07
7.07288e-07
6.95321e-07
6.83779e-07
6.72034e-07
6.59808e-07
6.46418e-07
6.31562e-07
6.14674e-07
1.28226e-07
-1.28226e-07
1.52937e-07
-2.47113e-08
1.29859e-07
2.30784e-08
1.3543e-07
-5.57087e-09
2.14857e-08
1.13944e-07
-2.76009e-07
2.97495e-07
-5.55416e-07
2.79407e-07
-7.458e-07
1.90384e-07
-8.70031e-07
1.24231e-07
-9.30149e-07
6.01187e-08
-9.36828e-07
6.67851e-09
-9.04789e-07
-3.20392e-08
-8.43775e-07
-6.10135e-08
-7.63414e-07
-8.03608e-08
-6.67339e-07
-9.60753e-08
-5.55623e-07
-1.11716e-07
-4.26316e-07
-1.29307e-07
-2.91932e-07
-1.34384e-07
-1.58004e-07
-1.33928e-07
-2.4854e-08
-1.3315e-07
9.44649e-08
-1.19319e-07
1.97681e-07
-1.03216e-07
2.8143e-07
-8.37489e-08
3.45763e-07
-6.43325e-08
3.91748e-07
-4.59849e-08
4.22018e-07
-3.02705e-08
4.39662e-07
-1.76442e-08
4.48259e-07
-8.59659e-09
4.50291e-07
-2.03231e-09
4.47407e-07
2.88446e-09
4.39594e-07
7.81307e-09
4.26972e-07
1.2622e-08
4.09488e-07
1.74838e-08
3.8892e-07
2.05675e-08
3.66756e-07
2.21639e-08
3.45913e-07
2.08431e-08
3.27134e-07
1.87794e-08
3.12372e-07
1.47618e-08
2.99948e-07
1.24243e-08
8.25917e-09
9.48677e-08
-2.23094e-07
1.44162e-07
-7.40051e-08
1.35367e-07
3.18729e-08
-4.21545e-08
1.71951e-07
-3.12427e-07
3.84217e-07
-5.41801e-07
5.26868e-07
-7.04239e-07
4.41845e-07
-8.24048e-07
3.10193e-07
-8.96572e-07
1.96755e-07
-9.22462e-07
8.60087e-08
-9.04283e-07
-1.15002e-08
-8.50407e-07
-8.59153e-08
-7.74663e-07
-1.36758e-07
-6.80893e-07
-1.74131e-07
-5.73921e-07
-2.03047e-07
-4.57438e-07
-2.28199e-07
-3.27718e-07
-2.59027e-07
-1.92381e-07
-2.6972e-07
-5.28013e-08
-2.73508e-07
7.97152e-08
-2.65666e-07
2.00578e-07
-2.40182e-07
3.06263e-07
-2.08901e-07
3.95384e-07
-1.7287e-07
4.68391e-07
-1.37339e-07
5.25856e-07
-1.0345e-07
5.69497e-07
-7.39117e-08
6.01479e-07
-4.96263e-08
6.2491e-07
-3.20277e-08
6.42041e-07
-1.91633e-08
6.54986e-07
-1.006e-08
6.64776e-07
-1.97697e-09
6.7231e-07
5.08843e-09
6.77502e-07
1.2291e-08
6.80516e-07
1.75542e-08
6.79932e-07
2.27474e-08
6.76435e-07
2.43399e-08
6.69007e-07
2.62081e-08
6.60645e-07
2.31238e-08
6.50277e-07
2.27917e-08
1.70043e-08
2.46669e-08
-2.47761e-07
-2.62532e-08
-2.3085e-08
-6.53873e-08
7.10069e-08
-2.09678e-07
3.16241e-07
-3.70986e-07
5.45524e-07
-5.0257e-07
6.58453e-07
-5.96363e-07
5.35638e-07
-6.66507e-07
3.80337e-07
-7.09536e-07
2.39784e-07
-7.16431e-07
9.29037e-08
-6.87283e-07
-4.0648e-08
-6.24662e-07
-1.48537e-07
-5.44001e-07
-2.17419e-07
-4.55058e-07
-2.63074e-07
-3.54902e-07
-3.03203e-07
-2.48077e-07
-3.35025e-07
-1.34387e-07
-3.72717e-07
-1.22222e-08
-3.91885e-07
1.08833e-07
-3.94564e-07
2.21235e-07
-3.78067e-07
3.20727e-07
-3.39675e-07
4.05029e-07
-2.93203e-07
4.74918e-07
-2.42759e-07
5.31927e-07
-1.94348e-07
5.77954e-07
-1.49477e-07
6.14275e-07
-1.10233e-07
6.41773e-07
-7.71241e-08
6.62673e-07
-5.29273e-08
6.79531e-07
-3.6022e-08
6.94037e-07
-2.45655e-08
7.06761e-07
-1.47008e-08
7.18102e-07
-6.2532e-09
7.28556e-07
1.83746e-09
7.39025e-07
7.08509e-09
7.48708e-07
1.30639e-08
7.57943e-07
1.51051e-08
7.63839e-07
2.03119e-08
7.67232e-07
1.97315e-08
7.66907e-07
2.31167e-08
2.01635e-08
2.14834e-10
-2.47976e-07
-6.25367e-08
3.96665e-08
-1.23503e-07
1.31973e-07
-2.39741e-07
4.3248e-07
-3.35194e-07
6.40976e-07
-3.93603e-07
7.16862e-07
-4.29199e-07
5.71234e-07
-4.67153e-07
4.18291e-07
-4.91692e-07
2.64323e-07
-4.91139e-07
9.23499e-08
-4.53982e-07
-7.78047e-08
-3.88486e-07
-2.14033e-07
-3.06269e-07
-2.99636e-07
-2.18982e-07
-3.50361e-07
-1.30055e-07
-3.92129e-07
-3.3608e-08
-4.31472e-07
6.88568e-08
-4.75182e-07
1.74606e-07
-4.97634e-07
2.78022e-07
-4.9798e-07
3.71945e-07
-4.71991e-07
4.50861e-07
-4.1859e-07
5.12955e-07
-3.55298e-07
5.61823e-07
-2.91627e-07
5.99537e-07
-2.32062e-07
6.28999e-07
-1.7894e-07
6.5323e-07
-1.34464e-07
6.7261e-07
-9.65034e-08
6.86807e-07
-6.71248e-08
6.97866e-07
-4.70806e-08
7.08597e-07
-3.52972e-08
7.20249e-07
-2.63527e-08
7.31779e-07
-1.77828e-08
7.41244e-07
-7.62802e-09
7.49273e-07
-9.43403e-10
7.56085e-07
6.25139e-09
7.63806e-07
7.38434e-09
7.71923e-07
1.21947e-08
7.79294e-07
1.23613e-08
7.86419e-07
1.59917e-08
1.72101e-08
-6.37526e-08
-1.84223e-07
-1.65127e-07
1.41041e-07
-1.6434e-07
1.31187e-07
-1.66997e-07
4.35137e-07
-1.67068e-07
6.41048e-07
-1.67836e-07
7.1763e-07
-1.81389e-07
5.84787e-07
-2.01263e-07
4.38164e-07
-2.10988e-07
2.74049e-07
-2.04271e-07
8.56323e-08
-1.68127e-07
-1.13949e-07
-1.10054e-07
-2.72106e-07
-3.8987e-08
-3.70702e-07
3.42879e-08
-4.23636e-07
1.088e-07
-4.66641e-07
1.8936e-07
-5.12033e-07
2.73007e-07
-5.58829e-07
3.57117e-07
-5.81744e-07
4.33164e-07
-5.74026e-07
4.99498e-07
-5.38325e-07
5.55584e-07
-4.74677e-07
5.96219e-07
-3.95933e-07
6.24857e-07
-3.20264e-07
6.46149e-07
-2.53353e-07
6.61297e-07
-1.94088e-07
6.73456e-07
-1.46623e-07
6.85437e-07
-1.08484e-07
6.95963e-07
-7.76512e-08
7.03357e-07
-5.44742e-08
7.0914e-07
-4.10805e-08
7.16815e-07
-3.40278e-08
7.27447e-07
-2.84148e-08
7.3873e-07
-1.89106e-08
7.47147e-07
-9.36071e-09
7.52256e-07
1.14192e-09
7.5423e-07
5.41055e-09
7.57223e-07
9.20199e-09
7.60233e-07
9.35112e-09
7.66126e-07
1.00989e-08
1.09167e-08
-1.50605e-07
-3.36182e-08
-1.48348e-07
1.38783e-07
-6.64728e-08
4.93118e-08
-3.73293e-08
4.05994e-07
-1.76637e-09
6.05485e-07
4.80225e-08
6.67841e-07
7.51559e-08
5.57654e-07
8.68357e-08
4.26485e-07
1.00806e-07
2.60079e-07
1.22892e-07
6.35458e-08
1.53438e-07
-1.44495e-07
1.91235e-07
-3.09902e-07
2.37146e-07
-4.16613e-07
2.89301e-07
-4.75791e-07
3.46601e-07
-5.23941e-07
4.10892e-07
-5.76324e-07
4.73797e-07
-6.21734e-07
5.33523e-07
-6.41469e-07
5.80019e-07
-6.20522e-07
6.0793e-07
-5.66236e-07
6.29542e-07
-4.96289e-07
6.4747e-07
-4.13861e-07
6.58412e-07
-3.31207e-07
6.66637e-07
-2.61578e-07
6.74067e-07
-2.01518e-07
6.79856e-07
-1.52413e-07
6.86411e-07
-1.15039e-07
6.95482e-07
-8.67216e-08
7.04623e-07
-6.3615e-08
7.1038e-07
-4.68382e-08
7.14396e-07
-3.80434e-08
7.19622e-07
-3.36408e-08
7.28985e-07
-2.82736e-08
7.38257e-07
-1.86327e-08
7.45954e-07
-6.55524e-09
7.47419e-07
3.94582e-09
7.46422e-07
1.01984e-08
7.44241e-07
1.15324e-08
7.43187e-07
1.1153e-08
6.87098e-09
-2.0508e-07
1.71462e-07
-1.16161e-07
4.98638e-08
-7.74647e-08
1.06158e-08
1.35914e-07
1.92615e-07
2.5335e-07
4.88049e-07
3.3543e-07
5.85761e-07
3.7588e-07
5.17204e-07
4.0376e-07
3.98604e-07
4.30548e-07
2.33291e-07
4.5113e-07
4.29643e-08
4.65532e-07
-1.58897e-07
4.76964e-07
-3.21334e-07
4.94553e-07
-4.34202e-07
5.24894e-07
-5.06133e-07
5.66521e-07
-5.65568e-07
6.17345e-07
-6.27148e-07
6.62349e-07
-6.66737e-07
6.9016e-07
-6.69281e-07
7.03783e-07
-6.34145e-07
7.00379e-07
-5.62832e-07
6.85671e-07
-4.81581e-07
6.75207e-07
-4.03396e-07
6.70088e-07
-3.26088e-07
6.67735e-07
-2.59225e-07
6.70035e-07
-2.03818e-07
6.75935e-07
-1.58313e-07
6.83474e-07
-1.22578e-07
6.93168e-07
-9.64159e-08
7.05242e-07
-7.56889e-08
7.15272e-07
-5.68683e-08
7.21461e-07
-4.4232e-08
7.23169e-07
-3.53487e-08
7.26671e-07
-3.17759e-08
7.31538e-07
-2.34999e-08
7.38951e-07
-1.39682e-08
7.4405e-07
-1.15307e-09
7.45044e-07
9.20506e-09
7.44281e-07
1.22949e-08
7.39992e-07
1.54421e-08
6.83693e-09
6.74719e-07
3.79142e-07
4.47565e-07
2.77018e-07
2.49219e-07
2.08961e-07
2.4607e-07
1.95764e-07
3.97901e-07
3.36217e-07
5.5796e-07
4.25703e-07
6.62434e-07
4.1273e-07
7.28443e-07
3.32596e-07
7.65743e-07
1.9599e-07
7.81628e-07
2.70793e-08
7.78165e-07
-1.55434e-07
7.68229e-07
-3.11398e-07
7.66829e-07
-4.32802e-07
7.8222e-07
-5.21524e-07
8.10856e-07
-5.94203e-07
8.40742e-07
-6.57035e-07
8.61858e-07
-6.87853e-07
8.5956e-07
-6.66982e-07
8.32431e-07
-6.07016e-07
7.98835e-07
-5.29236e-07
7.64747e-07
-4.47494e-07
7.36026e-07
-3.74675e-07
7.19662e-07
-3.09724e-07
7.12838e-07
-2.52402e-07
7.1189e-07
-2.0287e-07
7.158e-07
-1.62223e-07
7.23804e-07
-1.30581e-07
7.34938e-07
-1.0755e-07
7.49274e-07
-9.00243e-08
7.62926e-07
-7.05212e-08
7.7321e-07
-5.45158e-08
7.76664e-07
-3.88029e-08
7.76718e-07
-3.18299e-08
7.76163e-07
-2.29447e-08
7.77616e-07
-1.54212e-08
7.82432e-07
-5.96861e-09
7.86702e-07
4.93504e-09
7.91549e-07
7.44737e-09
7.94135e-07
1.28563e-08
5.65281e-09
1.01397e-06
4.00549e-07
9.58659e-07
3.32326e-07
8.44294e-07
3.23327e-07
7.2057e-07
3.19487e-07
6.88719e-07
3.68069e-07
7.41995e-07
3.72426e-07
8.19277e-07
3.35448e-07
8.88312e-07
2.6356e-07
9.37926e-07
1.46377e-07
9.68537e-07
-3.53199e-09
9.74954e-07
-1.6185e-07
9.75794e-07
-3.12239e-07
9.84053e-07
-4.41061e-07
9.94815e-07
-5.32286e-07
1.00005e-06
-5.99437e-07
9.91698e-07
-6.48684e-07
9.65184e-07
-6.61339e-07
9.26096e-07
-6.27894e-07
8.74862e-07
-5.55783e-07
8.20716e-07
-4.75091e-07
7.79751e-07
-4.06529e-07
7.54786e-07
-3.4971e-07
7.42153e-07
-2.9709e-07
7.3966e-07
-2.4991e-07
7.44427e-07
-2.07636e-07
7.51211e-07
-1.69007e-07
7.56373e-07
-1.35744e-07
7.60982e-07
-1.12159e-07
7.68649e-07
-9.7691e-08
7.78792e-07
-8.06643e-08
7.8778e-07
-6.35034e-08
7.92518e-07
-4.35414e-08
7.93037e-07
-3.23488e-08
7.9272e-07
-2.26272e-08
7.92758e-07
-1.54591e-08
7.94307e-07
-7.5178e-09
7.97709e-07
1.5332e-09
8.00773e-07
4.38307e-09
8.06332e-07
7.29747e-09
5.94935e-10
1.09106e-06
3.70531e-07
1.07921e-06
3.44174e-07
1.05793e-06
3.44603e-07
1.0456e-06
3.31821e-07
1.04966e-06
3.64007e-07
1.06844e-06
3.53645e-07
1.10034e-06
3.0355e-07
1.13659e-06
2.27313e-07
1.17103e-06
1.11939e-07
1.1942e-06
-2.67091e-08
1.2024e-06
-1.70052e-07
1.19958e-06
-3.09413e-07
1.19293e-06
-4.34412e-07
1.17932e-06
-5.18676e-07
1.14423e-06
-5.64346e-07
1.08501e-06
-5.89462e-07
1.01217e-06
-5.88504e-07
9.39572e-07
-5.55294e-07
8.83033e-07
-4.99243e-07
8.42347e-07
-4.34404e-07
8.11912e-07
-3.76095e-07
7.92982e-07
-3.3078e-07
7.83288e-07
-2.87396e-07
7.77882e-07
-2.44504e-07
7.77957e-07
-2.07711e-07
7.85465e-07
-1.76515e-07
7.9404e-07
-1.4432e-07
7.96701e-07
-1.1482e-07
7.94713e-07
-9.57034e-08
7.9424e-07
-8.01913e-08
7.95944e-07
-6.52072e-08
7.96636e-07
-4.42333e-08
7.95317e-07
-3.10301e-08
7.93899e-07
-2.1209e-08
7.97432e-07
-1.8992e-08
8.03662e-07
-1.37475e-08
8.10979e-07
-5.78439e-09
8.16181e-07
-8.18519e-10
8.16276e-07
7.20236e-09
8.67376e-10
1.08207e-06
3.30278e-07
1.10655e-06
3.19696e-07
1.12596e-06
3.25191e-07
1.14609e-06
3.11693e-07
1.18809e-06
3.22003e-07
1.23576e-06
3.05983e-07
1.27987e-06
2.5943e-07
1.31387e-06
1.93319e-07
1.34137e-06
8.44353e-08
1.35942e-06
-4.4761e-08
1.35474e-06
-1.6537e-07
1.3319e-06
-2.86566e-07
1.29368e-06
-3.96194e-07
1.241e-06
-4.65999e-07
1.17427e-06
-4.97619e-07
1.09337e-06
-5.08557e-07
1.0112e-06
-5.06332e-07
9.42819e-07
-4.86915e-07
8.94469e-07
-4.50894e-07
8.67977e-07
-4.07911e-07
8.53544e-07
-3.61663e-07
8.41088e-07
-3.18323e-07
8.31026e-07
-2.77334e-07
8.22091e-07
-2.35569e-07
8.10756e-07
-1.96375e-07
8.019e-07
-1.67659e-07
8.00822e-07
-1.43242e-07
8.02827e-07
-1.16825e-07
8.01164e-07
-9.404e-08
7.95757e-07
-7.47845e-08
7.93033e-07
-6.24832e-08
7.91716e-07
-4.29164e-08
7.91438e-07
-3.0752e-08
7.89243e-07
-1.90139e-08
7.8911e-07
-1.8859e-08
7.96107e-07
-2.07449e-08
8.04125e-07
-1.38021e-08
8.15821e-07
-1.25148e-08
8.18986e-07
4.03726e-09
4.76875e-09
1.0776e-06
2.97206e-07
1.10635e-06
2.9094e-07
1.13811e-06
2.93439e-07
1.16915e-06
2.80646e-07
1.21875e-06
2.72407e-07
1.27336e-06
2.51375e-07
1.3211e-06
2.11686e-07
1.36245e-06
1.51964e-07
1.39003e-06
5.68569e-08
1.39337e-06
-4.8097e-08
1.37896e-06
-1.50966e-07
1.34823e-06
-2.5583e-07
1.29981e-06
-3.47779e-07
1.23628e-06
-4.02461e-07
1.16441e-06
-4.25754e-07
1.09615e-06
-4.40293e-07
1.03546e-06
-4.45648e-07
9.83521e-07
-4.34974e-07
9.40759e-07
-4.08132e-07
9.05249e-07
-3.72401e-07
8.77722e-07
-3.34136e-07
8.55233e-07
-2.95834e-07
8.36305e-07
-2.58406e-07
8.24512e-07
-2.23776e-07
8.17857e-07
-1.8972e-07
8.09656e-07
-1.59459e-07
8.00886e-07
-1.34472e-07
7.95478e-07
-1.11417e-07
7.93659e-07
-9.22213e-08
7.91045e-07
-7.21705e-08
7.89127e-07
-6.05648e-08
7.89889e-07
-4.36782e-08
7.93491e-07
-3.43548e-08
7.98129e-07
-2.36516e-08
7.98552e-07
-1.9282e-08
7.9951e-07
-2.17026e-08
7.99607e-07
-1.38998e-08
8.02302e-07
-1.52088e-08
8.06361e-07
-2.225e-11
4.6477e-09
1.07398e-06
2.62657e-07
1.10384e-06
2.61078e-07
1.13526e-06
2.62018e-07
1.16592e-06
2.49987e-07
1.21222e-06
2.26103e-07
1.26176e-06
2.01842e-07
1.30272e-06
1.70727e-07
1.34059e-06
1.1409e-07
1.36164e-06
3.58118e-08
1.35758e-06
-4.40405e-08
1.34091e-06
-1.34298e-07
1.31139e-06
-2.26306e-07
1.26261e-06
-2.99005e-07
1.20718e-06
-3.47025e-07
1.15138e-06
-3.69956e-07
1.0946e-06
-3.8351e-07
1.04254e-06
-3.93593e-07
9.95618e-07
-3.88051e-07
9.53987e-07
-3.66502e-07
9.19264e-07
-3.37677e-07
8.90529e-07
-3.05401e-07
8.67602e-07
-2.72907e-07
8.48872e-07
-2.39676e-07
8.33151e-07
-2.08055e-07
8.23223e-07
-1.79792e-07
8.19191e-07
-1.55427e-07
8.16287e-07
-1.31567e-07
8.12168e-07
-1.07298e-07
8.08357e-07
-8.84101e-08
8.07393e-07
-7.12066e-08
8.07626e-07
-6.07985e-08
8.09106e-07
-4.51578e-08
8.10859e-07
-3.61078e-08
8.1308e-07
-2.58731e-08
8.15351e-07
-2.1553e-08
8.13281e-07
-1.96319e-08
8.10422e-07
-1.1041e-08
8.04811e-07
-9.59753e-09
8.00712e-07
4.07582e-09
3.62483e-09
1.07043e-06
2.31155e-07
1.09956e-06
2.31947e-07
1.12873e-06
2.32853e-07
1.16001e-06
2.187e-07
1.19792e-06
1.88195e-07
1.23876e-06
1.60998e-07
1.27627e-06
1.33226e-07
1.30232e-06
8.80326e-08
1.31252e-06
2.56162e-08
1.31331e-06
-4.48299e-08
1.30225e-06
-1.23241e-07
1.27551e-06
-1.99565e-07
1.23465e-06
-2.58148e-07
1.18728e-06
-2.99652e-07
1.14341e-06
-3.26087e-07
1.09861e-06
-3.38708e-07
1.05081e-06
-3.45797e-07
1.00727e-06
-3.4451e-07
9.69803e-07
-3.2903e-07
9.38849e-07
-3.06723e-07
9.13934e-07
-2.80486e-07
8.92936e-07
-2.51909e-07
8.7715e-07
-2.23891e-07
8.66155e-07
-1.9706e-07
8.55577e-07
-1.69214e-07
8.45042e-07
-1.44892e-07
8.37472e-07
-1.23997e-07
8.329e-07
-1.02726e-07
8.27826e-07
-8.33355e-08
8.22555e-07
-6.59364e-08
8.19596e-07
-5.78392e-08
8.19001e-07
-4.45624e-08
8.18949e-07
-3.6056e-08
8.15544e-07
-2.24685e-08
8.1102e-07
-1.70286e-08
8.07693e-07
-1.63044e-08
8.0624e-07
-9.58878e-09
8.08199e-07
-1.15558e-08
8.10208e-07
2.06614e-09
3.39024e-09
1.06595e-06
2.04067e-07
1.09299e-06
2.04912e-07
1.12132e-06
2.04523e-07
1.15157e-06
1.88452e-07
1.18219e-06
1.57575e-07
1.21462e-06
1.28561e-07
1.24568e-06
1.02168e-07
1.26535e-06
6.83637e-08
1.2732e-06
1.77667e-08
1.27561e-06
-4.72382e-08
1.2671e-06
-1.14732e-07
1.24354e-06
-1.76009e-07
1.20972e-06
-2.2433e-07
1.16884e-06
-2.58769e-07
1.12875e-06
-2.86001e-07
1.09278e-06
-3.02733e-07
1.05351e-06
-3.06524e-07
1.01385e-06
-3.04851e-07
9.80665e-07
-2.95847e-07
9.5177e-07
-2.77828e-07
9.2666e-07
-2.55376e-07
9.05389e-07
-2.30638e-07
8.86155e-07
-2.04657e-07
8.70549e-07
-1.81453e-07
8.59915e-07
-1.5858e-07
8.4984e-07
-1.34817e-07
8.39369e-07
-1.13525e-07
8.31709e-07
-9.50667e-08
8.28205e-07
-7.98307e-08
8.24986e-07
-6.27177e-08
8.19651e-07
-5.25046e-08
8.15046e-07
-3.9957e-08
8.11684e-07
-3.2694e-08
8.10821e-07
-2.16054e-08
8.07045e-07
-1.32531e-08
8.03941e-07
-1.32003e-08
8.01522e-07
-7.16937e-09
8.01746e-07
-1.17799e-08
8.08162e-07
-4.35007e-09
8.9171e-10
1.06042e-06
1.80099e-07
1.08645e-06
1.78889e-07
1.1145e-06
1.7647e-07
1.14267e-06
1.60281e-07
1.16784e-06
1.32403e-07
1.19227e-06
1.04136e-07
1.21575e-06
7.8684e-08
1.2336e-06
5.05169e-08
1.24272e-06
8.64435e-09
1.2432e-06
-4.7722e-08
1.23504e-06
-1.06565e-07
1.21561e-06
-1.56585e-07
1.18781e-06
-1.96529e-07
1.15625e-06
-2.27204e-07
1.12119e-06
-2.50946e-07
1.08703e-06
-2.68573e-07
1.05522e-06
-2.74717e-07
1.0221e-06
-2.7173e-07
9.91031e-07
-2.64775e-07
9.64263e-07
-2.5106e-07
9.39546e-07
-2.30659e-07
9.19103e-07
-2.10195e-07
9.03561e-07
-1.89115e-07
8.88825e-07
-1.66718e-07
8.74841e-07
-1.44596e-07
8.64059e-07
-1.24036e-07
8.55087e-07
-1.04553e-07
8.46505e-07
-8.64845e-08
8.39341e-07
-7.26667e-08
8.35333e-07
-5.87095e-08
8.30868e-07
-4.80397e-08
8.25604e-07
-3.46937e-08
8.19803e-07
-2.68921e-08
8.17005e-07
-1.88074e-08
8.17826e-07
-1.40741e-08
8.17293e-07
-1.26676e-08
8.16704e-07
-6.58022e-09
8.12352e-07
-7.42755e-09
8.07927e-07
7.42921e-11
1.58052e-09
1.05686e-06
1.58023e-07
1.0807e-06
1.55049e-07
1.1068e-06
1.50371e-07
1.13199e-06
1.35091e-07
1.1536e-06
1.10791e-07
1.1725e-06
8.52411e-08
1.19001e-06
6.1171e-08
1.20673e-06
3.37913e-08
1.2176e-06
-2.21873e-09
1.21697e-06
-4.7096e-08
1.2072e-06
-9.67942e-08
1.19109e-06
-1.40476e-07
1.16858e-06
-1.74018e-07
1.14293e-06
-2.01556e-07
1.11466e-06
-2.22668e-07
1.08317e-06
-2.37084e-07
1.05386e-06
-2.45413e-07
1.02704e-06
-2.44907e-07
9.98762e-07
-2.36497e-07
9.72829e-07
-2.25127e-07
9.51886e-07
-2.09717e-07
9.32541e-07
-1.9085e-07
9.14521e-07
-1.71095e-07
8.98996e-07
-1.51192e-07
8.84871e-07
-1.30471e-07
8.72286e-07
-1.11451e-07
8.62886e-07
-9.51526e-08
8.55703e-07
-7.93023e-08
8.47778e-07
-6.47416e-08
8.39558e-07
-5.04892e-08
8.32206e-07
-4.06874e-08
8.27797e-07
-3.02855e-08
8.24354e-07
-2.34485e-08
8.21521e-07
-1.59748e-08
8.18588e-07
-1.11413e-08
8.14969e-07
-9.04784e-09
8.12311e-07
-3.92264e-09
8.09059e-07
-4.17569e-09
8.07091e-07
2.04297e-09
2.36625e-09
1.05298e-06
1.37688e-07
1.07494e-06
1.33093e-07
1.09852e-06
1.26792e-07
1.1208e-06
1.12809e-07
1.14021e-06
9.13801e-08
1.15656e-06
6.88859e-08
1.17056e-06
4.71768e-08
1.18323e-06
2.11213e-08
1.19269e-06
-1.16765e-08
1.19417e-06
-4.85772e-08
1.18508e-06
-8.77101e-08
1.16996e-06
-1.2535e-07
1.15216e-06
-1.56219e-07
1.13071e-06
-1.80113e-07
1.10696e-06
-1.98908e-07
1.08144e-06
-2.11564e-07
1.05415e-06
-2.18129e-07
1.02884e-06
-2.19593e-07
1.00585e-06
-2.13511e-07
9.82664e-07
-2.01939e-07
9.61225e-07
-1.88277e-07
9.42815e-07
-1.7244e-07
9.25284e-07
-1.53564e-07
9.09021e-07
-1.3493e-07
8.9596e-07
-1.1741e-07
8.84748e-07
-1.00239e-07
8.73346e-07
-8.37508e-08
8.62405e-07
-6.83604e-08
8.53163e-07
-5.55001e-08
8.45782e-07
-4.3108e-08
8.38996e-07
-3.39016e-08
8.3357e-07
-2.486e-08
8.28649e-07
-1.85266e-08
8.24987e-07
-1.23132e-08
8.20705e-07
-6.85968e-09
8.16168e-07
-4.51031e-09
8.12542e-07
-2.96651e-10
8.09104e-07
-7.37517e-10
8.08755e-07
2.39126e-09
2.42938e-09
1.0496e-06
1.18256e-07
1.06994e-06
1.12755e-07
1.09103e-06
1.05701e-07
1.11082e-06
9.30201e-08
1.1274e-06
7.48005e-08
1.14164e-06
5.4639e-08
1.15481e-06
3.40103e-08
1.16495e-06
1.09834e-08
1.17071e-06
-1.74387e-08
1.17225e-06
-5.01216e-08
1.16678e-06
-8.22399e-08
1.15382e-06
-1.1239e-07
1.13775e-06
-1.40145e-07
1.11983e-06
-1.62194e-07
1.09912e-06
-1.78202e-07
1.07781e-06
-1.90252e-07
1.05586e-06
-1.96175e-07
1.03214e-06
-1.95872e-07
1.00995e-06
-1.91326e-07
9.90469e-07
-1.82457e-07
9.71013e-07
-1.68822e-07
9.51933e-07
-1.5336e-07
9.35256e-07
-1.36886e-07
9.20267e-07
-1.19942e-07
9.05798e-07
-1.02941e-07
8.9243e-07
-8.68708e-08
8.80327e-07
-7.16476e-08
8.69525e-07
-5.75583e-08
8.59867e-07
-4.5842e-08
8.52082e-07
-3.53234e-08
8.44913e-07
-2.67326e-08
8.38173e-07
-1.81201e-08
8.31393e-07
-1.17459e-08
8.25691e-07
-6.61153e-09
8.21645e-07
-2.81366e-09
8.183e-07
-1.1656e-09
8.15676e-07
2.32816e-09
8.1257e-07
2.36825e-09
8.09393e-07
5.56772e-09
4.79545e-09
1.0466e-06
9.99442e-08
1.065e-06
9.43474e-08
1.08384e-06
8.6865e-08
1.10162e-06
7.52428e-08
1.11667e-06
5.97508e-08
1.12911e-06
4.21975e-08
1.13999e-06
2.31273e-08
1.14914e-06
1.83104e-09
1.15399e-06
-2.22875e-08
1.15335e-06
-4.94792e-08
1.14877e-06
-7.76619e-08
1.14004e-06
-1.03661e-07
1.12628e-06
-1.26385e-07
1.11027e-06
-1.46186e-07
1.09338e-06
-1.61307e-07
1.07437e-06
-1.71246e-07
1.05472e-06
-1.76521e-07
1.03566e-06
-1.76807e-07
1.01605e-06
-1.71722e-07
9.96527e-07
-1.62933e-07
9.78416e-07
-1.50711e-07
9.61171e-07
-1.36114e-07
9.44452e-07
-1.20168e-07
9.28786e-07
-1.04276e-07
9.14037e-07
-8.8192e-08
9.00091e-07
-7.29247e-08
8.87487e-07
-5.90434e-08
8.76516e-07
-4.65876e-08
8.66236e-07
-3.55616e-08
8.56429e-07
-2.55161e-08
8.47209e-07
-1.75125e-08
8.39837e-07
-1.07486e-08
8.3366e-07
-5.56872e-09
8.28684e-07
-1.63623e-09
8.23665e-07
2.20585e-09
8.18877e-07
3.62219e-09
8.14772e-07
6.43289e-09
8.11219e-07
5.92164e-09
8.09109e-07
7.67767e-09
6.61694e-09
1.0437e-06
8.2734e-08
1.06095e-06
7.71036e-08
1.07791e-06
6.99004e-08
1.09353e-06
5.96268e-08
1.10711e-06
4.61666e-08
1.11857e-06
3.07337e-08
1.12785e-06
1.38538e-08
1.13488e-06
-5.20291e-09
1.13915e-06
-2.65589e-08
1.13912e-06
-4.94504e-08
1.13441e-06
-7.2948e-08
1.12654e-06
-9.57909e-08
1.11611e-06
-1.15955e-07
1.10274e-06
-1.3282e-07
1.08767e-06
-1.46236e-07
1.07191e-06
-1.55487e-07
1.05508e-06
-1.59687e-07
1.03771e-06
-1.59437e-07
1.02055e-06
-1.54565e-07
1.00313e-06
-1.45515e-07
9.85613e-07
-1.33189e-07
9.68776e-07
-1.19277e-07
9.52361e-07
-1.03753e-07
9.36169e-07
-8.80838e-08
9.20798e-07
-7.28219e-08
9.06728e-07
-5.88545e-08
8.93384e-07
-4.56994e-08
8.80847e-07
-3.40506e-08
8.69258e-07
-2.39727e-08
8.59324e-07
-1.5582e-08
8.50407e-07
-8.59551e-09
8.42519e-07
-2.86006e-09
8.35198e-07
1.75141e-09
8.2885e-07
4.71245e-09
8.23529e-07
7.52702e-09
8.18969e-07
8.18155e-09
8.15156e-07
1.02461e-08
8.11645e-07
9.43317e-09
8.08462e-07
1.08605e-08
9.32013e-09
1.04144e-06
6.64516e-08
1.05731e-06
6.12377e-08
1.07271e-06
5.44953e-08
1.08694e-06
4.54e-08
1.09912e-06
3.39877e-08
1.10922e-06
2.06306e-08
1.11753e-06
5.54071e-09
1.12337e-06
-1.10437e-08
1.12619e-06
-2.93763e-08
1.1261e-06
-4.93584e-08
1.12266e-06
-6.95047e-08
1.11563e-06
-8.87637e-08
1.10636e-06
-1.06684e-07
1.09557e-06
-1.22036e-07
1.08289e-06
-1.33555e-07
1.06906e-06
-1.41656e-07
1.05489e-06
-1.45518e-07
1.03979e-06
-1.4433e-07
1.02372e-06
-1.38502e-07
1.00741e-06
-1.29201e-07
9.90778e-07
-1.16558e-07
9.73603e-07
-1.02102e-07
9.56537e-07
-8.66858e-08
9.40113e-07
-7.16607e-08
9.24185e-07
-5.68939e-08
9.08838e-07
-4.35067e-08
8.94462e-07
-3.13243e-08
8.81457e-07
-2.10449e-08
8.69455e-07
-1.19709e-08
8.58606e-07
-4.73335e-09
8.48704e-07
1.30649e-09
8.40272e-07
5.57194e-09
8.32835e-07
9.18853e-09
8.26599e-07
1.0949e-08
8.21017e-07
1.31091e-08
8.162e-07
1.29982e-08
8.12104e-07
1.43423e-08
8.08584e-07
1.29526e-08
8.05812e-07
1.36325e-08
1.16869e-08
1.0395e-06
5.10517e-08
1.05445e-06
4.62833e-08
1.06864e-06
4.0307e-08
1.08149e-06
3.2545e-08
1.09263e-06
2.28514e-08
1.10177e-06
1.14917e-08
1.10871e-06
-1.40197e-09
1.11363e-06
-1.59619e-08
1.11597e-06
-3.17166e-08
1.11525e-06
-4.86393e-08
1.11176e-06
-6.60181e-08
1.10597e-06
-8.29646e-08
1.09784e-06
-9.85535e-08
1.08792e-06
-1.12118e-07
1.07705e-06
-1.22685e-07
1.06506e-06
-1.29671e-07
1.05177e-06
-1.32223e-07
1.03756e-06
-1.30123e-07
1.02238e-06
-1.23319e-07
1.0057e-06
-1.12518e-07
9.87918e-07
-9.8779e-08
9.69733e-07
-8.39169e-08
9.5152e-07
-6.84736e-08
9.33592e-07
-5.37325e-08
9.16296e-07
-3.95977e-08
9.00106e-07
-2.73172e-08
8.85024e-07
-1.62419e-08
8.71303e-07
-7.32395e-09
8.58846e-07
4.8629e-10
8.47877e-07
6.23519e-09
8.38163e-07
1.10209e-08
8.29932e-07
1.38031e-08
8.22758e-07
1.63621e-08
8.1675e-07
1.6957e-08
8.11695e-07
1.81648e-08
8.07497e-07
1.7196e-08
8.0403e-07
1.78089e-08
8.01128e-07
1.5855e-08
7.98625e-07
1.61355e-08
1.38012e-08
1.03641e-06
3.61398e-08
1.05061e-06
3.20892e-08
1.06383e-06
2.70829e-08
1.07566e-06
2.07165e-08
1.08569e-06
1.28241e-08
1.09379e-06
3.38381e-09
1.09982e-06
-7.43301e-09
1.10349e-06
-1.96312e-08
1.10469e-06
-3.29177e-08
1.10335e-06
-4.72984e-08
1.09932e-06
-6.19842e-08
1.09282e-06
-7.64654e-08
1.08446e-06
-9.01921e-08
1.07446e-06
-1.02124e-07
1.0628e-06
-1.11018e-07
1.04961e-06
-1.16487e-07
1.03509e-06
-1.17704e-07
1.01872e-06
-1.13746e-07
1.00037e-06
-1.0497e-07
9.80597e-07
-9.27473e-08
9.59733e-07
-7.79158e-08
9.38214e-07
-6.23973e-08
9.17082e-07
-4.73419e-08
8.96994e-07
-3.36447e-08
8.78317e-07
-2.09199e-08
8.61299e-07
-1.02993e-08
8.46253e-07
-1.19654e-09
8.33042e-07
5.88772e-09
8.21584e-07
1.19439e-08
8.11932e-07
1.58869e-08
8.03751e-07
1.92025e-08
7.97186e-07
2.03679e-08
7.91868e-07
2.16797e-08
7.87756e-07
2.10693e-08
7.84502e-07
2.14184e-08
7.82028e-07
1.96706e-08
7.80268e-07
1.95688e-08
7.79025e-07
1.70981e-08
7.78305e-07
1.68554e-08
1.42146e-08
1.02263e-06
2.12297e-08
1.03654e-06
1.81803e-08
1.04918e-06
1.44368e-08
1.06024e-06
9.66016e-09
1.06927e-06
3.79164e-09
1.07602e-06
-3.37084e-09
1.08045e-06
-1.18621e-08
1.08212e-06
-2.13021e-08
1.08082e-06
-3.16157e-08
1.07639e-06
-4.28639e-08
1.0688e-06
-5.43991e-08
1.05826e-06
-6.59175e-08
1.04483e-06
-7.67679e-08
1.02882e-06
-8.61145e-08
1.01066e-06
-9.28546e-08
9.89943e-07
-9.57712e-08
9.66597e-07
-9.43584e-08
9.40971e-07
-8.81197e-08
9.13691e-07
-7.76904e-08
8.85453e-07
-6.45094e-08
8.57446e-07
-4.99083e-08
8.30747e-07
-3.56989e-08
8.06218e-07
-2.28124e-08
7.84428e-07
-1.18544e-08
7.65802e-07
-2.29424e-09
7.50244e-07
5.25841e-09
7.37735e-07
1.1313e-08
7.2818e-07
1.54423e-08
7.21196e-07
1.89276e-08
7.16289e-07
2.07938e-08
7.13244e-07
2.22484e-08
7.11597e-07
2.20146e-08
7.11304e-07
2.19726e-08
7.11853e-07
2.05198e-08
7.13349e-07
1.99231e-08
7.15194e-07
1.78254e-08
7.17623e-07
1.714e-08
7.20098e-07
1.46228e-08
7.22834e-07
1.41199e-08
1.16067e-08
9.49847e-07
7.03252e-09
9.62536e-07
5.49185e-09
9.73554e-07
3.41858e-09
9.82563e-07
6.5124e-10
9.89035e-07
-2.68049e-09
9.92398e-07
-6.73354e-09
9.92094e-07
-1.15586e-08
9.87732e-07
-1.69393e-08
9.78922e-07
-2.28062e-08
9.65258e-07
-2.91999e-08
9.46595e-07
-3.57359e-08
9.22897e-07
-4.222e-08
8.94466e-07
-4.83365e-08
8.61645e-07
-5.32936e-08
8.25151e-07
-5.6361e-08
7.85954e-07
-5.65735e-08
7.44685e-07
-5.30896e-08
7.02393e-07
-4.58277e-08
6.60624e-07
-3.59218e-08
6.21235e-07
-2.512e-08
5.85937e-07
-1.46104e-08
5.55824e-07
-5.58568e-09
5.3158e-07
1.4314e-09
5.13286e-07
6.439e-09
5.00952e-07
1.00401e-08
4.93803e-07
1.24076e-08
4.91191e-07
1.39245e-08
4.91997e-07
1.46364e-08
4.95836e-07
1.50889e-08
5.01692e-07
1.49377e-08
5.09312e-07
1.4628e-08
5.17629e-07
1.36977e-08
5.26719e-07
1.28831e-08
5.3567e-07
1.1569e-08
5.44907e-07
1.06857e-08
5.53509e-07
9.22316e-09
5.62169e-07
8.47984e-09
5.69836e-07
6.95607e-09
5.77445e-07
6.51094e-09
5.14973e-09
6.21707e-07
6.27198e-07
6.30617e-07
6.31268e-07
6.28588e-07
6.21854e-07
6.10296e-07
5.93356e-07
5.7055e-07
5.4135e-07
5.05614e-07
4.63394e-07
4.15058e-07
3.61764e-07
3.05403e-07
2.4883e-07
1.9574e-07
1.49913e-07
1.13991e-07
8.88707e-08
7.42603e-08
6.86747e-08
7.01061e-08
7.65451e-08
8.65852e-08
9.89927e-08
1.12917e-07
1.27554e-07
1.42643e-07
1.5758e-07
1.72208e-07
1.85906e-07
1.98789e-07
2.10358e-07
2.21044e-07
2.30267e-07
2.38747e-07
2.45703e-07
2.52214e-07
)
;

boundaryField
{
    inlet
    {
        type            calculated;
        value           nonuniform List<scalar> 
20
(
-1e-06
-1e-06
-1e-06
-1e-06
-1e-06
-1e-06
-1e-06
-1e-06
-1e-06
-1e-06
-1e-06
-1e-06
-1e-06
-1e-06
-1e-06
-1e-06
-1e-06
-1e-06
-1e-06
-1e-06
)
;
    }
    outlet
    {
        type            calculated;
        value           nonuniform List<scalar> 
27
(
7.95319e-07
8.1139e-07
8.16004e-07
8.15085e-07
8.06482e-07
8.01735e-07
8.10443e-07
8.10661e-07
8.07238e-07
8.06305e-07
8.08692e-07
8.07027e-07
8.07288e-07
8.05758e-07
8.03446e-07
7.9651e-07
7.77892e-07
7.25442e-07
5.83902e-07
2.57364e-07
2.91689e-07
6.41532e-07
7.63747e-07
7.89372e-07
7.72419e-07
7.47233e-07
7.40026e-07
)
;
    }
    lowerWall
    {
        type            calculated;
        value           uniform 0;
    }
    upperWall
    {
        type            calculated;
        value           uniform 0;
    }
    defaultFaces
    {
        type            empty;
        value           nonuniform List<scalar> 0();
    }
}


// ************************************************************************* //
