/*--------------------------------*- C++ -*----------------------------------*\
| =========                 |                                                 |
| \\      /  F ield         | OpenFOAM: The Open Source CFD Toolbox           |
|  \\    /   O peration     | Version:  2112                                  |
|   \\  /    A nd           | Website:  www.openfoam.com                      |
|    \\/     M anipulation  |                                                 |
\*---------------------------------------------------------------------------*/
FoamFile
{
    version     2.0;
    format      ascii;
    arch        "LSB;label=32;scalar=64";
    class       volVectorField;
    location    "0.46";
    object      U;
}
// * * * * * * * * * * * * * * * * * * * * * * * * * * * * * * * * * * * * * //

dimensions      [0 1 -1 0 0 0 0];

internalField   nonuniform List<vector> 
1880
(
(0.0989012 0.000556929 0)
(0.0985037 0.00119339 0)
(0.0972163 0.00126716 0)
(0.0959749 0.00138894 0)
(0.0939978 0.00130609 0)
(0.0925328 0.00144432 0)
(0.0904507 0.00138363 0)
(0.0889244 0.00148145 0)
(0.0868693 0.00139408 0)
(0.0852398 0.00146289 0)
(0.0831466 0.00138951 0)
(0.0814875 0.00145064 0)
(0.0791933 0.00136607 0)
(0.077652 0.00147064 0)
(0.0749657 0.00142346 0)
(0.0736226 0.00148571 0)
(0.0704281 0.00147975 0)
(0.0692098 0.00158263 0)
(0.0654437 0.00161033 0)
(0.0641813 0.00179466 0)
(0.0598255 0.00174185 0)
(0.0582348 0.00208859 0)
(0.05332 0.00212845 0)
(0.0507562 0.00256664 0)
(0.0454198 0.00259081 0)
(0.0413092 0.00315879 0)
(0.0353208 0.00361791 0)
(0.0288844 0.00389146 0)
(0.0225006 0.00459873 0)
(0.0124911 0.00265454 0)
(0.100081 0.000843074 0)
(0.0999643 0.00122834 0)
(0.101046 0.00180511 0)
(0.100452 0.00161711 0)
(0.101599 0.00197472 0)
(0.100736 0.00183385 0)
(0.101565 0.00213637 0)
(0.100751 0.00208297 0)
(0.101363 0.00219562 0)
(0.100386 0.00236429 0)
(0.101101 0.00214138 0)
(0.0998135 0.00263383 0)
(0.100432 0.00228975 0)
(0.0992009 0.00270766 0)
(0.0992557 0.00271013 0)
(0.0982266 0.00277218 0)
(0.0981372 0.00308104 0)
(0.0961975 0.00326245 0)
(0.0970197 0.00333005 0)
(0.0935587 0.00383529 0)
(0.0950196 0.00413785 0)
(0.0905863 0.00431055 0)
(0.0919358 0.00527209 0)
(0.0863276 0.00564097 0)
(0.0883514 0.00613771 0)
(0.0801131 0.00768796 0)
(0.0831808 0.00802977 0)
(0.0718314 0.00976084 0)
(0.0763732 0.0107813 0)
(0.0586687 0.0113378 0)
(0.10027 0.000498666 0)
(0.0998563 0.000363619 0)
(0.100823 0.00115233 0)
(0.100472 0.00106122 0)
(0.10136 0.00130391 0)
(0.101029 0.00149519 0)
(0.101667 0.00154101 0)
(0.101376 0.00153323 0)
(0.102015 0.00209294 0)
(0.101428 0.00146532 0)
(0.102465 0.00245062 0)
(0.101305 0.00177601 0)
(0.102696 0.00254023 0)
(0.101364 0.00215537 0)
(0.102388 0.00310089 0)
(0.101412 0.00207535 0)
(0.102093 0.0040375 0)
(0.100668 0.00248439 0)
(0.10219 0.00435835 0)
(0.0993472 0.00381432 0)
(0.101721 0.00494307 0)
(0.0981821 0.00457294 0)
(0.100409 0.00717475 0)
(0.0965928 0.0053121 0)
(0.0990211 0.00933335 0)
(0.0936055 0.00779611 0)
(0.0973918 0.0117548 0)
(0.0897391 0.0104674 0)
(0.0942189 0.0162078 0)
(0.0852417 0.0139209 0)
(0.10026 0.000438366 0)
(0.09982 0.000410672 0)
(0.10052 0.00114083 0)
(0.100265 0.00107289 0)
(0.100891 0.00144567 0)
(0.100676 0.00145348 0)
(0.101321 0.00169266 0)
(0.100918 0.00155255 0)
(0.101754 0.00214512 0)
(0.101108 0.00160926 0)
(0.102029 0.00248667 0)
(0.101313 0.00196544 0)
(0.102231 0.00261629 0)
(0.101409 0.00243406 0)
(0.102348 0.00313833 0)
(0.101435 0.00253165 0)
(0.102268 0.00407271 0)
(0.101339 0.00304774 0)
(0.102183 0.00448809 0)
(0.100793 0.00452541 0)
(0.102303 0.00509807 0)
(0.0998037 0.00567706 0)
(0.102007 0.0070273 0)
(0.0993254 0.00700494 0)
(0.10085 0.00911128 0)
(0.09871 0.00963398 0)
(0.10007 0.0118328 0)
(0.0972181 0.0129582 0)
(0.0988331 0.0153423 0)
(0.0963974 0.017844 0)
(0.100096 0.000413283 0)
(0.0999628 0.000116946 0)
(0.100302 0.00089985 0)
(0.100301 0.00066163 0)
(0.100601 0.00121311 0)
(0.100663 0.000981495 0)
(0.100941 0.00161571 0)
(0.100995 0.000957051 0)
(0.101261 0.00218345 0)
(0.101297 0.00101883 0)
(0.101459 0.00249725 0)
(0.101574 0.00150535 0)
(0.101651 0.00260345 0)
(0.101744 0.00201693 0)
(0.101816 0.00320017 0)
(0.101839 0.00220226 0)
(0.101857 0.00410392 0)
(0.101871 0.00284118 0)
(0.101803 0.00465727 0)
(0.101735 0.00417645 0)
(0.101841 0.00562053 0)
(0.101261 0.00523135 0)
(0.101748 0.00761909 0)
(0.101118 0.00666028 0)
(0.101205 0.00976512 0)
(0.101048 0.00928307 0)
(0.100797 0.0125524 0)
(0.100944 0.0124592 0)
(0.100488 0.0163978 0)
(0.100836 0.0168339 0)
(0.100067 0.00028864 0)
(0.100032 0.000157698 0)
(0.100166 0.000784248 0)
(0.100341 0.000599074 0)
(0.100402 0.00114265 0)
(0.100614 0.000923379 0)
(0.100742 0.00151178 0)
(0.100926 0.000999529 0)
(0.101036 0.00200003 0)
(0.101317 0.00110711 0)
(0.101176 0.00235369 0)
(0.101646 0.00156623 0)
(0.101441 0.00251142 0)
(0.101781 0.00213683 0)
(0.101718 0.00304331 0)
(0.101949 0.00247637 0)
(0.101813 0.00387783 0)
(0.102119 0.00320208 0)
(0.101872 0.00447576 0)
(0.102113 0.00450907 0)
(0.102086 0.0055195 0)
(0.10191 0.00567589 0)
(0.102131 0.00731865 0)
(0.102129 0.00733274 0)
(0.101884 0.0093605 0)
(0.102328 0.00981698 0)
(0.102151 0.0121408 0)
(0.102498 0.0130435 0)
(0.102536 0.0154767 0)
(0.103131 0.0172586 0)
(0.100037 0.00028316 0)
(0.100034 4.78341e-05 0)
(0.100118 0.00068262 0)
(0.100319 0.000391993 0)
(0.100308 0.00100434 0)
(0.100592 0.000661194 0)
(0.100601 0.00138044 0)
(0.100903 0.00075923 0)
(0.10092 0.00181316 0)
(0.101287 0.000939163 0)
(0.101107 0.00212395 0)
(0.101647 0.00140738 0)
(0.101394 0.00235174 0)
(0.101855 0.0019298 0)
(0.101721 0.00292507 0)
(0.102091 0.00234132 0)
(0.101923 0.00371736 0)
(0.102363 0.00309649 0)
(0.102069 0.00442996 0)
(0.102573 0.00426914 0)
(0.102366 0.00561214 0)
(0.102625 0.00541549 0)
(0.102623 0.00735564 0)
(0.103021 0.00708799 0)
(0.102755 0.00933755 0)
(0.103521 0.00946133 0)
(0.103271 0.0120398 0)
(0.104159 0.0124142 0)
(0.104191 0.0152915 0)
(0.105089 0.0161948 0)
(0.100032 0.00018583 0)
(0.100054 6.36322e-05 0)
(0.100083 0.000551478 0)
(0.1003 0.000321871 0)
(0.100281 0.00085089 0)
(0.10053 0.00056926 0)
(0.100586 0.00117722 0)
(0.10083 0.000727034 0)
(0.100915 0.00154584 0)
(0.101245 0.000943863 0)
(0.101138 0.00185867 0)
(0.101628 0.00138662 0)
(0.101491 0.00212929 0)
(0.101885 0.00189679 0)
(0.101869 0.00269565 0)
(0.102211 0.00235958 0)
(0.102168 0.00345208 0)
(0.102561 0.00313982 0)
(0.102466 0.00419385 0)
(0.102904 0.0042558 0)
(0.102881 0.00537732 0)
(0.103206 0.00544636 0)
(0.103288 0.00698083 0)
(0.103816 0.0071192 0)
(0.103759 0.00889742 0)
(0.104466 0.00932406 0)
(0.104645 0.0114002 0)
(0.105447 0.0121797 0)
(0.105857 0.0143217 0)
(0.106779 0.0155911 0)
(0.100032 0.000161611 0)
(0.10004 2.75034e-05 0)
(0.100073 0.000441205 0)
(0.100276 0.000232985 0)
(0.100267 0.000685366 0)
(0.100514 0.000443114 0)
(0.100578 0.00097287 0)
(0.100805 0.000617708 0)
(0.10095 0.00129182 0)
(0.10122 0.000854332 0)
(0.101225 0.00159763 0)
(0.101643 0.00125787 0)
(0.101613 0.00191398 0)
(0.101977 0.00173102 0)
(0.102039 0.00246674 0)
(0.102383 0.0022304 0)
(0.10244 0.00318899 0)
(0.10282 0.00298924 0)
(0.102857 0.00397232 0)
(0.103307 0.00401679 0)
(0.103401 0.00515495 0)
(0.103797 0.00519118 0)
(0.103992 0.00665287 0)
(0.104579 0.00681589 0)
(0.104721 0.00845031 0)
(0.105471 0.00887339 0)
(0.105839 0.0107933 0)
(0.106731 0.0114699 0)
(0.107354 0.0134972 0)
(0.108376 0.0145227 0)
(0.100025 0.000103311 0)
(0.100046 1.94951e-05 0)
(0.100078 0.000320202 0)
(0.100249 0.000168682 0)
(0.100295 0.000505535 0)
(0.100487 0.000353286 0)
(0.100617 0.000730721 0)
(0.100798 0.000543466 0)
(0.101001 0.00100143 0)
(0.101242 0.000776655 0)
(0.101326 0.00130765 0)
(0.101693 0.00113765 0)
(0.101774 0.00164834 0)
(0.102087 0.00158231 0)
(0.102253 0.00217632 0)
(0.102578 0.0021033 0)
(0.102747 0.00285416 0)
(0.103097 0.00284669 0)
(0.103283 0.00363521 0)
(0.103719 0.00380967 0)
(0.103938 0.00477027 0)
(0.104382 0.00496149 0)
(0.104695 0.00616065 0)
(0.105318 0.00649179 0)
(0.105664 0.00785094 0)
(0.106388 0.00840247 0)
(0.106987 0.00996171 0)
(0.107904 0.0107808 0)
(0.108717 0.0124352 0)
(0.109773 0.0134706 0)
(0.10002 6.9005e-05 0)
(0.100046 -8.08276e-07 0)
(0.100079 0.000199566 0)
(0.10024 9.557e-05 0)
(0.100315 0.000325023 0)
(0.100496 0.000235086 0)
(0.100663 0.000505613 0)
(0.100825 0.000408928 0)
(0.101078 0.00073888 0)
(0.101294 0.000629775 0)
(0.101446 0.00102937 0)
(0.101791 0.000956799 0)
(0.101939 0.00137024 0)
(0.102246 0.00137173 0)
(0.10248 0.00186592 0)
(0.102807 0.00188762 0)
(0.103066 0.00250741 0)
(0.10341 0.00258988 0)
(0.103702 0.00327229 0)
(0.104159 0.00348242 0)
(0.104469 0.00433932 0)
(0.104957 0.00459068 0)
(0.105392 0.00561507 0)
(0.106034 0.00602108 0)
(0.106534 0.007173 0)
(0.107288 0.00775885 0)
(0.108028 0.00909496 0)
(0.108988 0.00988622 0)
(0.109933 0.0113236 0)
(0.111063 0.0122573 0)
(0.100013 2.86736e-05 0)
(0.100049 -2.60419e-05 0)
(0.100096 7.8184e-05 0)
(0.100235 1.75971e-05 0)
(0.100356 0.000142076 0)
(0.10052 0.000120234 0)
(0.100723 0.000276241 0)
(0.100886 0.000275006 0)
(0.101162 0.000482753 0)
(0.101385 0.000471197 0)
(0.10158 0.00076037 0)
(0.101915 0.000767721 0)
(0.10213 0.00108454 0)
(0.102425 0.0011585 0)
(0.102726 0.00153801 0)
(0.103064 0.00166012 0)
(0.10339 0.00213741 0)
(0.103746 0.00231578 0)
(0.104123 0.00287001 0)
(0.104604 0.00313876 0)
(0.104995 0.00385306 0)
(0.105523 0.00418613 0)
(0.106062 0.00502173 0)
(0.106725 0.00549309 0)
(0.107354 0.00644303 0)
(0.108131 0.00706613 0)
(0.108981 0.00816142 0)
(0.109986 0.00894888 0)
(0.111028 0.0101509 0)
(0.112191 0.0110338 0)
(0.100008 -6.14228e-06 0)
(0.100053 -6.55352e-05 0)
(0.100113 -4.79921e-05 0)
(0.100252 -9.51287e-05 0)
(0.100403 -5.19066e-05 0)
(0.100575 -5.44223e-05 0)
(0.100806 3.03136e-05 0)
(0.10098 5.95055e-05 0)
(0.101275 0.000195817 0)
(0.101513 0.00022294 0)
(0.101735 0.000438512 0)
(0.102079 0.000487648 0)
(0.102337 0.000732426 0)
(0.102636 0.000844012 0)
(0.102993 0.00114609 0)
(0.103344 0.00131436 0)
(0.103725 0.00170151 0)
(0.104106 0.00191823 0)
(0.104543 0.00238795 0)
(0.105058 0.00267325 0)
(0.105515 0.00327837 0)
(0.106073 0.00364809 0)
(0.106708 0.00433886 0)
(0.107396 0.00483078 0)
(0.108109 0.00562088 0)
(0.108927 0.00622603 0)
(0.109856 0.00714736 0)
(0.110897 0.0078809 0)
(0.112006 0.00889729 0)
(0.113212 0.00969441 0)
(0.100005 -4.03617e-05 0)
(0.100056 -0.000116438 0)
(0.100136 -0.000171556 0)
(0.100275 -0.000210836 0)
(0.100458 -0.000228275 0)
(0.100646 -0.000208918 0)
(0.100898 -0.000174312 0)
(0.101099 -0.000119125 0)
(0.101403 -2.80649e-05 0)
(0.101664 2.3478e-05 0)
(0.101915 0.000187401 0)
(0.102266 0.000268415 0)
(0.102571 0.000448944 0)
(0.102877 0.000591163 0)
(0.103279 0.000820929 0)
(0.103656 0.00101861 0)
(0.104074 0.00132832 0)
(0.104487 0.00156359 0)
(0.104976 0.00195222 0)
(0.105518 0.00224544 0)
(0.106035 0.00273887 0)
(0.106622 0.00313026 0)
(0.107333 0.00369635 0)
(0.108047 0.00417969 0)
(0.108824 0.00482986 0)
(0.109682 0.00540184 0)
(0.110669 0.00616305 0)
(0.111737 0.0068367 0)
(0.112898 0.00767922 0)
(0.11412 0.00840721 0)
(0.100003 -8.10422e-05 0)
(0.100067 -0.000208297 0)
(0.10018 -0.000340297 0)
(0.100339 -0.000409528 0)
(0.100559 -0.000475904 0)
(0.100775 -0.000470345 0)
(0.101047 -0.000468144 0)
(0.101274 -0.000421099 0)
(0.101588 -0.000365959 0)
(0.101867 -0.000316868 0)
(0.102141 -0.000201219 0)
(0.102498 -0.000113881 0)
(0.102838 1.57308e-05 0)
(0.103154 0.000158058 0)
(0.103593 0.000340528 0)
(0.103993 0.000535185 0)
(0.104441 0.000792886 0)
(0.104885 0.00102086 0)
(0.105419 0.0013505 0)
(0.10598 0.00163125 0)
(0.106556 0.0020378 0)
(0.107166 0.00242281 0)
(0.107937 0.0028951 0)
(0.108677 0.00334305 0)
(0.109501 0.00388575 0)
(0.11039 0.0044052 0)
(0.111428 0.0050405 0)
(0.112509 0.00564281 0)
(0.113712 0.00633724 0)
(0.114949 0.00697652 0)
(0.100003 -0.000113862 0)
(0.100078 -0.000282039 0)
(0.100231 -0.000458062 0)
(0.10042 -0.000535678 0)
(0.100687 -0.000619406 0)
(0.100935 -0.000615094 0)
(0.101232 -0.000629762 0)
(0.101483 -0.000593727 0)
(0.101813 -0.000563506 0)
(0.102102 -0.000521793 0)
(0.102411 -0.00044371 0)
(0.102771 -0.000350784 0)
(0.103155 -0.000258843 0)
(0.103485 -0.000119043 0)
(0.103962 2.98802e-05 0)
(0.104379 0.000211536 0)
(0.104864 0.000426778 0)
(0.105327 0.000639266 0)
(0.105917 0.000907787 0)
(0.10648 0.00116982 0)
(0.107116 0.00149253 0)
(0.107738 0.00185655 0)
(0.108562 0.00224628 0)
(0.109316 0.00264234 0)
(0.110196 0.00308326 0)
(0.111099 0.00354182 0)
(0.112188 0.00405896 0)
(0.11325 0.00458358 0)
(0.114495 0.00514486 0)
(0.115712 0.00570221 0)
(0.100007 -0.000207585 0)
(0.100113 -0.000527227 0)
(0.100341 -0.000797069 0)
(0.100574 -0.000915329 0)
(0.100897 -0.00101504 0)
(0.101165 -0.00102207 0)
(0.101489 -0.00104833 0)
(0.101748 -0.00103395 0)
(0.102108 -0.00102408 0)
(0.10239 -0.000992107 0)
(0.102749 -0.000936373 0)
(0.103098 -0.000848452 0)
(0.103532 -0.000783565 0)
(0.103859 -0.000660473 0)
(0.104379 -0.000534933 0)
(0.104787 -0.000385498 0)
(0.105319 -0.000214139 0)
(0.105774 -3.31641e-05 0)
(0.106427 0.000181355 0)
(0.106966 0.000413549 0)
(0.107676 0.00067231 0)
(0.108286 0.000996008 0)
(0.10917 0.00131339 0)
(0.109902 0.00164964 0)
(0.110864 0.00201781 0)
(0.111741 0.00242054 0)
(0.112907 0.00284154 0)
(0.113917 0.00328348 0)
(0.115241 0.00372436 0)
(0.116408 0.00418472 0)
(0.100004 -0.000234492 0)
(0.100216 -0.000592918 0)
(0.100582 -0.00084931 0)
(0.100924 -0.000961856 0)
(0.10131 -0.00105304 0)
(0.101604 -0.00107288 0)
(0.101936 -0.0011206 0)
(0.102196 -0.00113695 0)
(0.102562 -0.00114474 0)
(0.102833 -0.00113367 0)
(0.103207 -0.00110467 0)
(0.103529 -0.00103737 0)
(0.103965 -0.00100352 0)
(0.104273 -0.000908735 0)
(0.104772 -0.000811687 0)
(0.105146 -0.000699762 0)
(0.10567 -0.000564516 0)
(0.106104 -0.000411733 0)
(0.106749 -0.000247955 0)
(0.107252 -4.64932e-05 0)
(0.107964 0.000165668 0)
(0.108549 0.000451989 0)
(0.109436 0.00070055 0)
(0.110143 0.000962241 0)
(0.111143 0.0012504 0)
(0.111984 0.00158988 0)
(0.113174 0.00192847 0)
(0.11414 0.00229497 0)
(0.11551 0.00263738 0)
(0.116655 0.00299301 0)
(0.0999795 -0.00069148 0)
(0.100343 -0.00135658 0)
(0.100715 -0.00157431 0)
(0.101092 -0.00161791 0)
(0.10133 -0.00167371 0)
(0.10155 -0.00170787 0)
(0.10166 -0.00175731 0)
(0.101816 -0.00177529 0)
(0.101901 -0.00176944 0)
(0.10202 -0.00174066 0)
(0.102089 -0.00170194 0)
(0.102236 -0.00164523 0)
(0.102302 -0.00161537 0)
(0.102418 -0.0015286 0)
(0.102524 -0.00144369 0)
(0.102713 -0.00135561 0)
(0.102843 -0.00125821 0)
(0.103087 -0.00113148 0)
(0.103306 -0.00100476 0)
(0.103646 -0.00083583 0)
(0.103988 -0.000677204 0)
(0.104464 -0.00047743 0)
(0.104949 -0.000310694 0)
(0.105553 -0.000110623 0)
(0.106229 0.000106636 0)
(0.107052 0.00037124 0)
(0.107979 0.000607576 0)
(0.109011 0.000861156 0)
(0.110165 0.0010821 0)
(0.111415 0.00131969 0)
(0.0990133 -0.000603289 0)
(0.0984648 -0.00114237 0)
(0.0974238 -0.00127896 0)
(0.0960156 -0.0012857 0)
(0.0943651 -0.00129462 0)
(0.0927901 -0.00131554 0)
(0.0911441 -0.00133827 0)
(0.0896074 -0.00132005 0)
(0.0880181 -0.00128812 0)
(0.0865372 -0.00125859 0)
(0.0849908 -0.00121779 0)
(0.0835989 -0.00116472 0)
(0.0821279 -0.00111394 0)
(0.0808376 -0.00106038 0)
(0.0794961 -0.00101968 0)
(0.0783561 -0.000962854 0)
(0.0771379 -0.000879178 0)
(0.0762007 -0.000799484 0)
(0.0751681 -0.000749269 0)
(0.0744369 -0.000686802 0)
(0.073606 -0.000588655 0)
(0.0731751 -0.00047173 0)
(0.072617 -0.000374783 0)
(0.0724882 -0.000295366 0)
(0.0721866 -0.000207321 0)
(0.072404 -0.000102056 0)
(0.0724358 3.06651e-05 0)
(0.0730513 0.000165885 0)
(0.0734319 0.000284584 0)
(0.0744306 0.000356895 0)
(0.0100415 -0.000434788 0)
(0.0386112 0.0133405 0)
(0.028424 0.0102601 0)
(0.06052 0.0239564 8.22322e-22)
(0.0447354 0.0197471 6.7809e-22)
(0.07895 0.0326054 0)
(0.0578099 0.0272747 2.52327e-22)
(0.0978183 0.0398303 1.76496e-23)
(0.0735947 0.0340675 6.82237e-22)
(0.123251 0.0431039 0)
(0.0665312 0.0128916 0)
(0.0710731 0.0200852 0)
(0.0798601 0.0230076 0)
(0.0854446 0.030618 0)
(0.0908521 0.0309964 0)
(0.101092 0.0425558 1.73071e-22)
(0.10323 0.0390173 4.31671e-23)
(0.115558 0.0483788 -8.74881e-23)
(0.117782 0.0442565 -5.17217e-22)
(0.138373 0.0523251 -4.69121e-22)
(0.0874445 0.0195255 0)
(0.0896854 0.0224219 0)
(0.0961636 0.029924 0)
(0.0986295 0.0308097 0)
(0.103015 0.0342663 0)
(0.108148 0.035459 -1.7307e-22)
(0.115338 0.0432956 -4.31667e-23)
(0.122573 0.0406142 8.74874e-23)
(0.127109 0.04153 2.70724e-22)
(0.138812 0.0378562 4.6913e-22)
(0.0961743 0.0204874 -3.61562e-22)
(0.0978759 0.0234309 0)
(0.10134 0.0260252 -2.91594e-22)
(0.105286 0.0314154 -2.41571e-22)
(0.109287 0.0329647 -1.70887e-22)
(0.112657 0.0340825 0)
(0.118715 0.0373468 0)
(0.126457 0.0397416 1.32819e-22)
(0.130536 0.0404833 2.71568e-22)
(0.137812 0.035154 4.18293e-22)
(0.100457 0.0213629 3.61562e-22)
(0.102652 0.0226477 0)
(0.104804 0.0268035 2.91595e-22)
(0.108475 0.0277129 2.41571e-22)
(0.112229 0.0319412 1.70887e-22)
(0.115925 0.0310063 0)
(0.12033 0.0347708 0)
(0.12709 0.0337532 -1.32819e-22)
(0.132319 0.0364057 -2.71568e-22)
(0.138779 0.0304911 -4.18297e-22)
(0.103231 0.0202443 0)
(0.105107 0.021839 -2.62237e-22)
(0.107838 0.0243754 0)
(0.110795 0.0261401 -1.69885e-22)
(0.114383 0.0293748 0)
(0.118245 0.0287703 0)
(0.122329 0.030877 0)
(0.128001 0.0306631 -1.52997e-22)
(0.133074 0.0327808 0)
(0.138154 0.0280802 0)
(0.105417 0.0195336 2.57615e-22)
(0.107571 0.0202588 4.93431e-22)
(0.109865 0.0234342 1.90181e-22)
(0.112868 0.0236254 1.69886e-22)
(0.116223 0.0268126 0)
(0.120242 0.0263296 -1.60733e-23)
(0.123737 0.0282832 0)
(0.128613 0.0270708 1.52998e-22)
(0.133398 0.029147 0)
(0.138 0.0251054 0)
(0.10748 0.0181364 -2.57616e-22)
(0.109408 0.0189901 -2.31194e-22)
(0.111876 0.0213232 -1.90181e-22)
(0.114817 0.0218153 0)
(0.117746 0.0242714 0)
(0.121496 0.023851 1.60733e-23)
(0.125025 0.0252461 0)
(0.1292 0.0243029 0)
(0.13359 0.025677 0)
(0.138002 0.0227153 0)
(0.109227 0.0168722 0)
(0.1112 0.0173705 -1.80637e-22)
(0.113508 0.0196571 0)
(0.116322 0.0197763 -9.81804e-23)
(0.119158 0.0217766 0)
(0.122652 0.02146 0)
(0.125942 0.0227555 8.20658e-23)
(0.129799 0.0216566 1.617e-22)
(0.133708 0.0225272 0)
(0.137607 0.0201151 3.33723e-22)
(0.110829 0.0153762 0)
(0.112685 0.0159019 1.80637e-22)
(0.114935 0.0176736 0)
(0.117675 0.0178593 9.81806e-23)
(0.120333 0.0194999 0)
(0.123495 0.019179 0)
(0.126702 0.0200738 -8.2066e-23)
(0.130226 0.0192077 -1.61701e-22)
(0.133726 0.0197882 0)
(0.137306 0.0178059 -3.33723e-22)
(0.112204 0.0138854 8.40248e-23)
(0.114033 0.0142818 0)
(0.116204 0.0158379 0)
(0.11876 0.0159333 3.38183e-23)
(0.121323 0.0172097 0)
(0.1243 0.0169714 0)
(0.127308 0.0177564 0)
(0.130519 0.0169109 -8.05492e-23)
(0.133717 0.0171666 0)
(0.137008 0.0154851 0)
(0.11343 0.0123593 -7.7264e-24)
(0.115186 0.012732 0)
(0.117262 0.0139737 4.76956e-23)
(0.11971 0.0140962 -5.78312e-24)
(0.122167 0.0151241 0)
(0.124901 0.0148799 0)
(0.127744 0.0154572 -4.78107e-23)
(0.130772 0.0147636 8.05494e-23)
(0.13371 0.014888 -1.13635e-22)
(0.136655 0.0134316 -1.48785e-22)
(0.114511 0.0107894 -6.59536e-24)
(0.116224 0.0111153 0)
(0.11822 0.0121421 -5.67749e-24)
(0.120523 0.0122322 -4.75965e-24)
(0.122886 0.013034 2.24008e-24)
(0.125473 0.012861 2.17018e-23)
(0.128136 0.0133139 -9.51203e-25)
(0.13094 0.0126516 -7.87352e-23)
(0.133659 0.0126672 3.19013e-24)
(0.136382 0.0114343 5.23081e-24)
(0.115462 0.00929412 -6.97033e-23)
(0.117126 0.00958635 0)
(0.119043 0.0104115 -4.20182e-23)
(0.121231 0.0105133 -2.32756e-23)
(0.123484 0.011145 -2.24008e-24)
(0.125922 0.0109763 -4.53777e-23)
(0.128443 0.0113229 4.8762e-23)
(0.131072 0.0107752 7.87353e-23)
(0.133597 0.0107226 1.10445e-22)
(0.136124 0.00965277 1.43555e-22)
(0.116336 0.00769747 0)
(0.117962 0.00796032 0)
(0.119813 0.00862446 0)
(0.121885 0.00871473 0)
(0.124056 0.00920286 0)
(0.12637 0.00907674 2.36759e-23)
(0.12874 0.00932688 0)
(0.131202 0.00884338 0)
(0.133585 0.00875036 0)
(0.135939 0.00786231 0)
(0.117147 0.00627809 0)
(0.118709 0.00651142 0)
(0.120523 0.00703929 0)
(0.122466 0.00713344 0)
(0.124564 0.00751455 0)
(0.126731 0.00741213 1.30585e-23)
(0.129005 0.00759355 0)
(0.131293 0.00720211 0)
(0.133559 0.00708493 0)
(0.135758 0.0063406 0)
(0.117939 0.0046404 0)
(0.119378 0.00484921 0)
(0.121216 0.00526736 1.36667e-23)
(0.122959 0.00536469 0)
(0.125048 0.00565444 -3.26769e-24)
(0.126986 0.00558184 -1.30585e-23)
(0.129212 0.00569759 0)
(0.131234 0.00537552 -3.67175e-23)
(0.133446 0.00524642 0)
(0.13538 0.00464964 0)
(0.118262 0.00332861 0)
(0.119337 0.00350253 0)
(0.121209 0.00381356 -1.36668e-23)
(0.122513 0.00391675 0)
(0.124628 0.00413281 3.2677e-24)
(0.126087 0.00409513 0)
(0.128341 0.00415766 0)
(0.129843 0.00391099 3.67177e-23)
(0.132084 0.00376635 0)
(0.133465 0.00329502 0)
(0.112839 0.00153301 -6.04701e-24)
(0.11323 0.0016778 -4.63683e-24)
(0.114963 0.00189702 -3.00341e-24)
(0.115564 0.00200495 0)
(0.117616 0.0021442 1.00325e-24)
(0.118331 0.00213061 0)
(0.120549 0.00214132 6.0077e-24)
(0.121195 0.00197947 0)
(0.1234 0.00185891 1.1972e-23)
(0.12377 0.00156404 1.52754e-23)
(0.0751299 0.000384917 6.04632e-24)
(0.0752475 0.000370548 4.63625e-24)
(0.0762731 0.000376887 3.00302e-24)
(0.0765658 0.000390268 0)
(0.0778977 0.00041311 -1.0031e-24)
(0.0782709 0.000408716 0)
(0.0797837 0.000387319 -6.00672e-24)
(0.0800219 0.00032801 0)
(0.0815009 0.000238036 -1.19698e-23)
(0.0812796 0.000112629 -1.52726e-23)
(0.0109137 -0.00695534 0)
(0.0240085 -0.000770659 0)
(0.019255 0.00873844 0)
(0.0175694 -0.000519582 0)
(0.0202943 0.00258163 0)
(-0.013676 0.0163775 0)
(-0.0646216 0.0179028 0)
(-0.0942572 0.0114655 0)
(-0.116929 0.00801643 0)
(-0.127375 0.00432438 0)
(-0.131562 0.00170389 0)
(-0.129086 -0.0003618 0)
(-0.12227 -0.00189448 0)
(-0.112935 -0.00295187 0)
(-0.0995051 -0.00389254 0)
(-0.0863486 -0.00481058 0)
(-0.0684934 -0.00550747 0)
(-0.0497645 -0.00594321 0)
(-0.031961 -0.00556602 0)
(-0.0121571 -0.00567127 0)
(0.00509648 -0.00482326 0)
(0.0209222 -0.00396079 0)
(0.0339241 -0.00292529 0)
(0.0443238 -0.00192497 0)
(0.0520129 -0.00102632 0)
(0.0573573 -0.00029053 0)
(0.060684 0.000260925 0)
(0.0624867 0.000628833 0)
(0.0631515 0.00087322 0)
(0.0630796 0.00110483 0)
(0.0623079 0.001373 0)
(0.0608634 0.00165316 0)
(0.0586852 0.00183368 0)
(0.0559363 0.00182229 0)
(0.0528821 0.00161034 0)
(0.0497805 0.00125891 0)
(0.0470756 0.000885668 0)
(0.0445666 0.000558109 0)
(0.042988 0.00034256 0)
(0.0409789 0.000166023 0)
(0.0123061 -0.0191302 0)
(0.0135223 -0.00415086 0)
(0.0263614 -0.00438592 0)
(0.0124898 -0.00041968 0)
(-0.0238197 0.0209432 0)
(-0.0623949 0.0416519 0)
(-0.0908516 0.0362955 0)
(-0.109744 0.02527 0)
(-0.123096 0.015942 0)
(-0.128795 0.00719885 0)
(-0.127897 -0.000483314 0)
(-0.123674 -0.0063156 0)
(-0.112399 -0.0106207 0)
(-0.103528 -0.013474 0)
(-0.086048 -0.015647 0)
(-0.0736564 -0.0178349 0)
(-0.0539738 -0.0207109 0)
(-0.0367411 -0.0211757 0)
(-0.0169771 -0.021341 0)
(0.00228249 -0.0209315 0)
(0.0197729 -0.0188959 0)
(0.035791 -0.0164937 0)
(0.049331 -0.0136319 0)
(0.0607296 -0.0107644 0)
(0.0698708 -0.008024 0)
(0.0770063 -0.00565432 0)
(0.0823317 -0.00371637 0)
(0.0861675 -0.00230321 0)
(0.0889566 -0.00126008 0)
(0.0909695 -0.000505134 0)
(0.0925539 0.000222604 0)
(0.0936558 0.000890603 0)
(0.0945926 0.00163225 0)
(0.0950776 0.00223332 0)
(0.0954115 0.0027442 0)
(0.0949742 0.00282802 0)
(0.0944633 0.00279737 0)
(0.0929248 0.00233889 0)
(0.0921572 0.00210269 0)
(0.0899286 0.00146865 0)
(0.0103392 -0.0268641 0)
(-0.00390122 -0.0114998 0)
(-0.00294111 0.010419 0)
(-0.0159585 0.0331088 0)
(-0.0409496 0.0540607 0)
(-0.0637608 0.0628143 0)
(-0.0792376 0.0505478 0)
(-0.09022 0.0354474 0)
(-0.0981261 0.0223879 0)
(-0.101465 0.00935056 0)
(-0.097861 -0.00206708 0)
(-0.0927859 -0.011398 0)
(-0.0804068 -0.0173058 0)
(-0.0708636 -0.0218395 0)
(-0.0562098 -0.025574 0)
(-0.0424039 -0.0284378 0)
(-0.0267072 -0.031732 0)
(-0.0102679 -0.0334139 0)
(0.00690836 -0.0338803 0)
(0.0234337 -0.0326965 0)
(0.0380873 -0.0295549 0)
(0.0509888 -0.0256325 0)
(0.0616992 -0.0212394 0)
(0.0705906 -0.0169601 0)
(0.0777885 -0.0128796 0)
(0.0836641 -0.00929991 0)
(0.0881988 -0.00634224 0)
(0.0915632 -0.00420378 0)
(0.0941106 -0.00264878 0)
(0.0962798 -0.00156311 0)
(0.0981566 -0.000641935 0)
(0.0998146 9.06054e-05 0)
(0.101279 0.000787753 0)
(0.102712 0.00130521 0)
(0.104206 0.00187882 0)
(0.105447 0.00213745 0)
(0.106802 0.00254964 0)
(0.107129 0.00237812 0)
(0.107794 0.00253433 0)
(0.106983 0.00197216 0)
(0.00774477 -0.0206455 0)
(-0.00772915 0.00755531 0)
(-0.00905601 0.00463782 0)
(-0.0246536 0.0326825 0)
(-0.0410599 0.0560365 0)
(-0.0548404 0.0666307 0)
(-0.0571387 0.0547198 0)
(-0.0644617 0.0394458 0)
(-0.0679334 0.0247336 0)
(-0.0706395 0.00879335 0)
(-0.0659415 -0.00630479 0)
(-0.0594586 -0.0187011 0)
(-0.0479083 -0.026635 0)
(-0.0370735 -0.0313789 0)
(-0.0243367 -0.0355954 0)
(-0.0117127 -0.0390911 0)
(0.00243845 -0.0433216 0)
(0.0173307 -0.0454724 0)
(0.0319522 -0.045556 0)
(0.0457285 -0.0432909 0)
(0.0578072 -0.0387299 0)
(0.0675905 -0.0333267 0)
(0.0752506 -0.027574 0)
(0.0813523 -0.0221095 0)
(0.0859612 -0.0171557 0)
(0.0897805 -0.0128322 0)
(0.0929556 -0.0091231 0)
(0.0953903 -0.00637882 0)
(0.0970149 -0.00452326 0)
(0.0984761 -0.00330467 0)
(0.100006 -0.00225854 0)
(0.101716 -0.00131622 0)
(0.103207 -0.000407316 0)
(0.104345 0.000107686 0)
(0.105448 0.000699523 0)
(0.106277 0.000832791 0)
(0.107624 0.00145374 0)
(0.108573 0.00151507 0)
(0.109698 0.00203751 0)
(0.11055 0.00203445 0)
(-0.00132097 -0.0315561 0)
(-0.0176571 -0.000704101 0)
(-0.0264804 0.0202289 0)
(-0.0206275 0.0507675 0)
(-0.0241938 0.0713729 0)
(-0.024641 0.0777177 0)
(-0.0233562 0.0605349 0)
(-0.0282285 0.0436205 0)
(-0.0292188 0.0271711 0)
(-0.0306285 0.00897745 0)
(-0.0260995 -0.00995812 0)
(-0.019798 -0.0251299 0)
(-0.0101987 -0.0342694 0)
(-0.000403608 -0.0394484 0)
(0.00985613 -0.0436035 0)
(0.0208323 -0.0480321 0)
(0.0326585 -0.0525139 0)
(0.044676 -0.054797 0)
(0.0558448 -0.0547646 0)
(0.0652413 -0.0517756 0)
(0.0738815 -0.045544 0)
(0.0807679 -0.0382079 0)
(0.0853571 -0.03117 0)
(0.0889102 -0.0246651 0)
(0.0914771 -0.0189332 0)
(0.0933192 -0.0142973 0)
(0.0950452 -0.0103524 0)
(0.0968196 -0.00717076 0)
(0.0980817 -0.00498857 0)
(0.098898 -0.00383488 0)
(0.0996941 -0.00307868 0)
(0.101038 -0.00229233 0)
(0.102668 -0.00115065 0)
(0.104186 -0.000305426 0)
(0.105038 0.00053126 0)
(0.10561 0.000635178 0)
(0.105606 0.000987511 0)
(0.106482 0.000969574 0)
(0.106442 0.00118228 0)
(0.108146 0.00142272 0)
(-0.0181655 -0.00267853 0)
(-0.0260826 0.0312431 0)
(-0.0131314 0.00811353 0)
(-0.00612037 0.039376 0)
(-0.00362451 0.0579498 0)
(0.00293618 0.0661796 0)
(0.00992134 0.0555221 0)
(0.0106695 0.0432021 0)
(0.0129273 0.0271002 0)
(0.0147595 0.0079146 0)
(0.0198524 -0.0132124 0)
(0.0243087 -0.0297968 0)
(0.0303939 -0.0403635 0)
(0.0366784 -0.0459482 0)
(0.0440141 -0.0503407 0)
(0.0532919 -0.0550106 0)
(0.0625373 -0.0598863 0)
(0.0711865 -0.0621585 0)
(0.078783 -0.0605475 0)
(0.0832755 -0.0564151 0)
(0.0860825 -0.0499777 0)
(0.0892537 -0.0415462 0)
(0.0912558 -0.0333442 0)
(0.092465 -0.0263421 0)
(0.0936972 -0.0201194 0)
(0.0946841 -0.0151871 0)
(0.0954395 -0.0114484 0)
(0.096622 -0.00842193 0)
(0.0980644 -0.00593469 0)
(0.0992098 -0.00437664 0)
(0.0996948 -0.00370427 0)
(0.100345 -0.00335974 0)
(0.101165 -0.00260015 0)
(0.102956 -0.00154448 0)
(0.103757 -0.000293833 0)
(0.105135 0.000453367 0)
(0.104171 0.000856421 0)
(0.104891 0.000895033 0)
(0.103534 0.000826576 0)
(0.104619 0.000751555 0)
(-0.0634571 -0.00475026 0)
(0.00310945 -0.00610423 0)
(-0.0335532 0.000243331 0)
(0.0125424 0.0392142 0)
(0.02668 0.0645032 0)
(0.0417803 0.0691047 0)
(0.0505601 0.0572338 0)
(0.0535445 0.042381 0)
(0.0580417 0.0243156 0)
(0.0615469 0.00443671 0)
(0.0654123 -0.0160699 0)
(0.0669248 -0.0323866 0)
(0.0684067 -0.0430226 0)
(0.0709004 -0.0495077 0)
(0.0760011 -0.0548383 0)
(0.0830594 -0.0605353 0)
(0.0908327 -0.0646784 0)
(0.0957563 -0.0663596 0)
(0.0979083 -0.063797 0)
(0.098655 -0.0569984 0)
(0.0965616 -0.0493661 0)
(0.0945218 -0.0413823 0)
(0.0937799 -0.0331464 0)
(0.0932734 -0.0262263 0)
(0.0932475 -0.0203784 0)
(0.0940155 -0.0154163 0)
(0.0949873 -0.0116217 0)
(0.0962004 -0.00895591 0)
(0.0977829 -0.00680969 0)
(0.0996161 -0.00500805 0)
(0.100627 -0.00392039 0)
(0.101365 -0.00338919 0)
(0.101118 -0.00308247 0)
(0.102359 -0.00220875 0)
(0.102477 -0.00103117 0)
(0.104465 0.000323904 0)
(0.103878 0.00116959 0)
(0.104796 0.00139907 0)
(0.10363 0.00139195 0)
(0.103616 0.00061618 0)
(0.104854 0.0379541 0)
(0.080742 0.0182601 0)
(0.0408784 0.00273094 0)
(0.0260881 0.000693996 0)
(0.0391547 0.0323302 0)
(0.0647226 0.048809 0)
(0.0822095 0.047753 0)
(0.0928195 0.0389862 0)
(0.0997441 0.0237328 0)
(0.10354 0.00475077 0)
(0.105395 -0.0146637 0)
(0.104297 -0.0307792 0)
(0.102634 -0.043078 0)
(0.102897 -0.0516151 0)
(0.106169 -0.0582819 0)
(0.110782 -0.0647422 0)
(0.114598 -0.0683611 0)
(0.11631 -0.0670523 0)
(0.11302 -0.0627168 0)
(0.108257 -0.0556121 0)
(0.103857 -0.0469654 0)
(0.099319 -0.0390774 0)
(0.0963109 -0.0317472 0)
(0.0950607 -0.0253332 0)
(0.0945951 -0.0202118 0)
(0.0948832 -0.0161749 0)
(0.0957246 -0.0128649 0)
(0.0970859 -0.0102998 0)
(0.0987669 -0.00830012 0)
(0.100936 -0.00634203 0)
(0.102449 -0.00490781 0)
(0.103713 -0.00365267 0)
(0.103387 -0.00324304 0)
(0.103754 -0.00246421 0)
(0.103206 -0.0017582 0)
(0.104191 -0.000572936 0)
(0.104456 0.000656955 0)
(0.105373 0.00103838 0)
(0.105729 0.00169778 0)
(0.106062 0.000753141 0)
(0.137853 0.0413791 0)
(0.134655 0.0342952 0)
(0.120337 0.03567 0)
(0.107906 0.0359491 0)
(0.0874733 0.0361352 0)
(0.0924231 0.0371232 0)
(0.103345 0.0346501 0)
(0.11353 0.0279356 0)
(0.121681 0.0159879 0)
(0.127654 0.000894058 0)
(0.130958 -0.0160333 0)
(0.131024 -0.0315482 0)
(0.131323 -0.0438086 0)
(0.13243 -0.0530171 0)
(0.133594 -0.0605612 0)
(0.134118 -0.0662106 0)
(0.131522 -0.0685757 0)
(0.126545 -0.0658252 0)
(0.120292 -0.0582781 0)
(0.112347 -0.0498966 0)
(0.105681 -0.0424168 0)
(0.101578 -0.0359069 0)
(0.0991706 -0.0301946 0)
(0.0982651 -0.0250393 0)
(0.0985748 -0.020175 0)
(0.0995788 -0.0160632 0)
(0.100441 -0.0131066 0)
(0.101034 -0.0111778 0)
(0.101754 -0.00972977 0)
(0.103114 -0.00778533 0)
(0.104488 -0.00600586 0)
(0.105547 -0.00411254 0)
(0.105768 -0.0031232 0)
(0.105709 -0.00212693 0)
(0.105668 -0.0013198 0)
(0.105757 -0.000616809 0)
(0.106056 0.000342023 0)
(0.106701 0.000466334 0)
(0.106861 0.000886545 0)
(0.108191 0.000383773 0)
(0.143346 0.0372636 0)
(0.148496 0.034001 0)
(0.141992 0.0320536 0)
(0.14253 0.0302669 0)
(0.137812 0.0357318 0)
(0.139131 0.0358852 0)
(0.14347 0.0313043 0)
(0.148164 0.0238015 0)
(0.153227 0.0125272 0)
(0.158164 -0.00173682 0)
(0.160919 -0.0168957 0)
(0.161427 -0.0313037 0)
(0.160559 -0.0441301 0)
(0.15918 -0.0526326 0)
(0.156377 -0.0581299 0)
(0.149746 -0.0623268 0)
(0.14047 -0.0628037 0)
(0.129762 -0.0592549 0)
(0.120566 -0.0527324 0)
(0.114383 -0.0449848 0)
(0.109627 -0.0385638 0)
(0.106313 -0.0336403 0)
(0.104651 -0.0289713 0)
(0.103763 -0.0249472 0)
(0.103264 -0.0215085 0)
(0.103851 -0.0179138 0)
(0.105332 -0.0141517 0)
(0.106197 -0.0113047 0)
(0.106098 -0.00985065 0)
(0.105709 -0.0083997 0)
(0.105998 -0.00675245 0)
(0.106211 -0.0046469 0)
(0.106191 -0.00339075 0)
(0.105889 -0.00243478 0)
(0.105798 -0.00180084 0)
(0.10685 -0.000907821 0)
(0.107466 -4.83878e-05 0)
(0.108804 0.000393906 0)
(0.108876 0.000563093 0)
(0.108808 -0.000266073 0)
(0.141587 0.0356745 0)
(0.148074 0.0339848 0)
(0.148632 0.035032 0)
(0.152676 0.0341399 0)
(0.15488 0.0360337 0)
(0.159923 0.0347138 0)
(0.167171 0.0299412 0)
(0.17236 0.0224223 0)
(0.176563 0.0105656 0)
(0.180362 -0.00318384 0)
(0.182107 -0.0161269 0)
(0.180659 -0.0292722 0)
(0.176573 -0.0412322 0)
(0.169975 -0.0496486 0)
(0.161989 -0.0536055 0)
(0.152048 -0.0547693 0)
(0.140191 -0.0545074 0)
(0.129717 -0.0517452 0)
(0.121595 -0.0471817 0)
(0.116573 -0.0420493 0)
(0.114368 -0.0369193 0)
(0.112737 -0.0327706 0)
(0.111122 -0.0286533 0)
(0.110075 -0.0240272 0)
(0.10877 -0.0200965 0)
(0.107093 -0.0174967 0)
(0.106477 -0.0148683 0)
(0.106873 -0.0118286 0)
(0.107071 -0.00943711 0)
(0.106452 -0.00774519 0)
(0.105655 -0.00635177 0)
(0.105763 -0.0042321 0)
(0.10531 -0.00282524 0)
(0.105716 -0.00180229 0)
(0.104724 -0.00198298 0)
(0.105707 -0.00182011 0)
(0.106592 -0.00109019 0)
(0.107834 -0.000553878 0)
(0.109734 0.000885308 0)
(0.108679 0.000440989 0)
(0.141705 0.0309288 0)
(0.146377 0.0301473 0)
(0.149743 0.030862 0)
(0.154423 0.029488 0)
(0.15861 0.0295666 0)
(0.165171 0.027526 0)
(0.172324 0.0229626 0)
(0.178315 0.0170952 0)
(0.183799 0.00684973 0)
(0.185949 -0.00542633 0)
(0.185647 -0.016355 0)
(0.183411 -0.0272908 0)
(0.177853 -0.0374349 0)
(0.170186 -0.0433077 0)
(0.160518 -0.0459974 0)
(0.150734 -0.0472546 0)
(0.142136 -0.0471246 0)
(0.134371 -0.0456716 0)
(0.128019 -0.0427645 0)
(0.122637 -0.0392393 0)
(0.118324 -0.0352297 0)
(0.115245 -0.0309573 0)
(0.112398 -0.0270528 0)
(0.110277 -0.0233685 0)
(0.109292 -0.0193749 0)
(0.10851 -0.016067 0)
(0.10715 -0.0137086 0)
(0.106211 -0.0114477 0)
(0.105767 -0.00930467 0)
(0.105749 -0.00717713 0)
(0.105096 -0.00614244 0)
(0.105272 -0.00436256 0)
(0.105296 -0.00334978 0)
(0.106285 -0.00202204 0)
(0.106505 -0.00181704 0)
(0.106437 -0.0023677 0)
(0.106754 -0.00170855 0)
(0.106468 -0.00198489 0)
(0.107489 -0.000101962 0)
(0.107533 0.000508927 0)
(0.141114 0.0281131 0)
(0.14544 0.0277992 0)
(0.149504 0.0279504 0)
(0.15338 0.0269143 0)
(0.158006 0.0250978 0)
(0.164518 0.0224122 0)
(0.170309 0.018944 0)
(0.17565 0.0129091 0)
(0.180717 0.00426202 0)
(0.181866 -0.00440462 0)
(0.180294 -0.0140293 0)
(0.178246 -0.0240133 0)
(0.172887 -0.0322159 0)
(0.165044 -0.0373638 0)
(0.157761 -0.0394631 0)
(0.149971 -0.0408942 0)
(0.142504 -0.0418078 0)
(0.135911 -0.041036 0)
(0.129693 -0.0386373 0)
(0.124532 -0.0351721 0)
(0.120265 -0.0315311 0)
(0.116828 -0.0280162 0)
(0.114182 -0.024328 0)
(0.111879 -0.0210689 0)
(0.110012 -0.0183137 0)
(0.109245 -0.0156431 0)
(0.108977 -0.0130487 0)
(0.108504 -0.0107149 0)
(0.107923 -0.00903008 0)
(0.10751 -0.00716062 0)
(0.107698 -0.0058777 0)
(0.107595 -0.00429288 0)
(0.108096 -0.00345116 0)
(0.108095 -0.00265625 0)
(0.10869 -0.00199737 0)
(0.108732 -0.0019245 0)
(0.108127 -0.00102775 0)
(0.107967 -0.00101081 0)
(0.106636 0.000102758 0)
(0.106897 0.000428527 0)
(0.140925 0.0243705 0)
(0.144805 0.0245013 0)
(0.148633 0.0246932 0)
(0.152276 0.0233937 0)
(0.156839 0.0204346 0)
(0.161964 0.0178382 0)
(0.167148 0.0149988 0)
(0.172001 0.00973264 0)
(0.174393 0.002836 0)
(0.175157 -0.00450943 0)
(0.175138 -0.0130972 0)
(0.172861 -0.0215773 0)
(0.168401 -0.0279705 0)
(0.161886 -0.0324424 0)
(0.155559 -0.0347716 0)
(0.150025 -0.0358182 0)
(0.143486 -0.0368856 0)
(0.137094 -0.0366147 0)
(0.131665 -0.0346665 0)
(0.126912 -0.0322447 0)
(0.123218 -0.0294026 0)
(0.120158 -0.0265384 0)
(0.117629 -0.0236956 0)
(0.116011 -0.0206662 0)
(0.114732 -0.0177479 0)
(0.113177 -0.0155376 0)
(0.111946 -0.0133719 0)
(0.111194 -0.0108617 0)
(0.110774 -0.00876904 0)
(0.109859 -0.00719366 0)
(0.109387 -0.00639766 0)
(0.109101 -0.00484478 0)
(0.109233 -0.00386348 0)
(0.109116 -0.00259076 0)
(0.108323 -0.00236933 0)
(0.107918 -0.00205297 0)
(0.107444 -0.00122112 0)
(0.107544 -0.000942148 0)
(0.107975 0.000683545 0)
(0.108062 0.000288881 0)
(0.14071 0.0216628 0)
(0.14387 0.0218609 0)
(0.147453 0.021988 0)
(0.151297 0.0204676 0)
(0.155381 0.0172955 0)
(0.15928 0.014259 0)
(0.163715 0.0114545 0)
(0.167515 0.00766505 0)
(0.169141 0.00214684 0)
(0.170007 -0.00467868 0)
(0.17026 -0.0118878 0)
(0.168195 -0.0187112 0)
(0.164325 -0.0239807 0)
(0.159178 -0.0276855 0)
(0.153255 -0.0305861 0)
(0.148363 -0.0320111 0)
(0.14354 -0.0322835 0)
(0.137755 -0.0321954 0)
(0.132812 -0.0310051 0)
(0.128733 -0.0290039 0)
(0.124924 -0.0266165 0)
(0.121914 -0.0237557 0)
(0.119229 -0.0210222 0)
(0.116836 -0.0187527 0)
(0.115109 -0.0161546 0)
(0.113998 -0.013507 0)
(0.11243 -0.0114613 0)
(0.111231 -0.00967591 0)
(0.110432 -0.00785857 0)
(0.110311 -0.00593175 0)
(0.109587 -0.00509192 0)
(0.10891 -0.00398967 0)
(0.108364 -0.00327822 0)
(0.108041 -0.00185011 0)
(0.108129 -0.000994017 0)
(0.107054 -0.00117023 0)
(0.107313 -0.000664714 0)
(0.10638 -0.00134321 0)
(0.107415 -0.000254575 0)
(0.108082 0.000396826 0)
(0.140215 0.0191403 0)
(0.143032 0.0191392 0)
(0.146465 0.0190252 0)
(0.150335 0.0173404 0)
(0.1539 0.0143207 0)
(0.15699 0.0114158 0)
(0.160259 0.00884823 0)
(0.163192 0.00587097 0)
(0.165153 0.00134119 0)
(0.165896 -0.00489498 0)
(0.165697 -0.0112719 0)
(0.164125 -0.0167104 0)
(0.160773 -0.0210893 0)
(0.156743 -0.0242746 0)
(0.152257 -0.0267666 0)
(0.14729 -0.0285815 0)
(0.143035 -0.0289798 0)
(0.138696 -0.0287088 0)
(0.134091 -0.0280564 0)
(0.130257 -0.026409 0)
(0.126779 -0.0243278 0)
(0.123546 -0.0223041 0)
(0.121295 -0.0198729 0)
(0.119451 -0.0174824 0)
(0.117406 -0.0154738 0)
(0.115717 -0.0133486 0)
(0.114522 -0.0111292 0)
(0.113345 -0.00922762 0)
(0.112263 -0.00802605 0)
(0.111454 -0.00657703 0)
(0.111211 -0.005411 0)
(0.110276 -0.00401839 0)
(0.109823 -0.00327724 0)
(0.108738 -0.0024859 0)
(0.109087 -0.00166835 0)
(0.108959 -0.00147552 0)
(0.10896 -0.000781991 0)
(0.108799 -0.001027 0)
(0.107808 -0.000620714 0)
(0.10763 -0.000223113 0)
(0.139894 0.0168374 0)
(0.142406 0.0166074 0)
(0.145573 0.0162929 0)
(0.149116 0.0147484 0)
(0.152252 0.0121598 0)
(0.154894 0.0093482 0)
(0.157228 0.00678488 0)
(0.159522 0.00412378 0)
(0.161772 0.000344326 0)
(0.16266 -0.00479748 0)
(0.16193 -0.0102433 0)
(0.160374 -0.0148421 0)
(0.157853 -0.0184528 0)
(0.154436 -0.021344 0)
(0.15094 -0.0235401 0)
(0.146788 -0.0252112 0)
(0.142468 -0.0259526 0)
(0.138906 -0.0255521 0)
(0.135185 -0.0248525 0)
(0.131225 -0.0238491 0)
(0.128157 -0.0218558 0)
(0.125547 -0.0197154 0)
(0.122936 -0.0178889 0)
(0.120751 -0.0158288 0)
(0.118838 -0.0134692 0)
(0.116987 -0.0115259 0)
(0.115469 -0.00987694 0)
(0.114494 -0.0081763 0)
(0.113583 -0.00660703 0)
(0.112397 -0.00524839 0)
(0.111399 -0.0042691 0)
(0.110447 -0.00298077 0)
(0.110236 -0.00215369 0)
(0.10953 -0.00132064 0)
(0.1095 -0.00118645 0)
(0.108736 -0.00109716 0)
(0.108564 -0.000559884 0)
(0.108015 -0.000476293 0)
(0.107706 0.000632123 0)
(0.107502 0.000539838 0)
(0.139464 0.014767 0)
(0.141783 0.0143772 0)
(0.144695 0.0137688 0)
(0.147789 0.0122753 0)
(0.150609 0.00999146 0)
(0.152994 0.00764871 0)
(0.154973 0.00536309 0)
(0.15673 0.00255506 0)
(0.158407 -0.000816561 0)
(0.159451 -0.00473237 0)
(0.159052 -0.00926789 0)
(0.157292 -0.0134185 0)
(0.155211 -0.0164942 0)
(0.15259 -0.0191043 0)
(0.149444 -0.0211062 0)
(0.146195 -0.0222003 0)
(0.142567 -0.023067 0)
(0.13883 -0.0233955 0)
(0.135733 -0.0224051 0)
(0.132611 -0.0210704 0)
(0.129443 -0.0199384 0)
(0.126793 -0.0183178 0)
(0.124467 -0.0162376 0)
(0.122119 -0.0143519 0)
(0.120172 -0.0125781 0)
(0.11865 -0.0107029 0)
(0.117164 -0.00907127 0)
(0.115604 -0.0075928 0)
(0.114269 -0.00625245 0)
(0.113152 -0.00476751 0)
(0.112312 -0.00379086 0)
(0.111344 -0.00300741 0)
(0.110884 -0.00247522 0)
(0.110032 -0.00182151 0)
(0.109919 -0.000995663 0)
(0.108887 -0.000670278 0)
(0.108724 -0.000198325 0)
(0.107907 -0.000340352 0)
(0.107827 -0.000212684 0)
(0.107824 -6.35663e-05 0)
(0.139017 0.0127726 0)
(0.141292 0.012221 0)
(0.143893 0.0115716 0)
(0.146633 0.0102801 0)
(0.149117 0.00825592 0)
(0.151099 0.00607831 0)
(0.152968 0.00401548 0)
(0.154633 0.00161775 0)
(0.155735 -0.00156603 0)
(0.156332 -0.00508487 0)
(0.156347 -0.00840911 0)
(0.15508 -0.0117973 0)
(0.153033 -0.0148982 0)
(0.150841 -0.0170492 0)
(0.148232 -0.0187605 0)
(0.145263 -0.0201621 0)
(0.142476 -0.0205754 0)
(0.139348 -0.0204817 0)
(0.136099 -0.0202081 0)
(0.133343 -0.0192416 0)
(0.13081 -0.0176999 0)
(0.128081 -0.0161856 0)
(0.125669 -0.0144862 0)
(0.123622 -0.0126336 0)
(0.121698 -0.0109077 0)
(0.119773 -0.00936972 0)
(0.118116 -0.00772631 0)
(0.116535 -0.00614 0)
(0.115248 -0.00491629 0)
(0.11397 -0.00392604 0)
(0.113183 -0.00306229 0)
(0.112057 -0.00203217 0)
(0.111397 -0.0012915 0)
(0.110241 -0.000694004 0)
(0.109895 -0.000417108 0)
(0.109154 -0.000264144 0)
(0.109025 0.000131169 0)
(0.108442 0.000183818 0)
(0.108207 0.00067962 0)
(0.1076 0.000544651 0)
(0.138666 0.0108648 0)
(0.140791 0.0103082 0)
(0.14311 0.00954013 0)
(0.14554 0.00828979 0)
(0.147783 0.00666258 0)
(0.149608 0.00480233 0)
(0.151169 0.00273644 0)
(0.152559 0.000546307 0)
(0.153678 -0.00197459 0)
(0.153995 -0.00503297 0)
(0.153673 -0.00814692 0)
(0.15292 -0.0107979 0)
(0.151451 -0.0132495 0)
(0.1493 -0.0154893 0)
(0.14716 -0.0169675 0)
(0.144742 -0.0179382 0)
(0.142049 -0.0186258 0)
(0.139447 -0.018616 0)
(0.136906 -0.0179888 0)
(0.134161 -0.0171876 0)
(0.131642 -0.0159907 0)
(0.129277 -0.014402 0)
(0.126994 -0.0128069 0)
(0.124793 -0.0112831 0)
(0.122828 -0.00962748 0)
(0.120868 -0.00796346 0)
(0.119096 -0.00656364 0)
(0.117489 -0.00532813 0)
(0.116174 -0.00420098 0)
(0.114748 -0.00308232 0)
(0.113574 -0.00222585 0)
(0.112287 -0.00153706 0)
(0.111618 -0.00100935 0)
(0.110629 -0.000590041 0)
(0.110297 -0.000120302 0)
(0.109285 4.59866e-05 0)
(0.109036 0.000353423 0)
(0.108192 0.000304513 0)
(0.1081 0.000449619 0)
(0.107633 0.000421311 0)
(0.138309 0.00913638 0)
(0.140346 0.00855567 0)
(0.142494 0.00781554 0)
(0.144615 0.00673576 0)
(0.146588 0.00526617 0)
(0.148288 0.0036133 0)
(0.149721 0.00186027 0)
(0.150823 -0.000190536 0)
(0.151688 -0.00252733 0)
(0.152078 -0.00493365 0)
(0.151816 -0.00748429 0)
(0.150937 -0.0100406 0)
(0.14979 -0.0121266 0)
(0.148181 -0.0138481 0)
(0.146216 -0.0153725 0)
(0.14412 -0.0163372 0)
(0.141961 -0.0166691 0)
(0.139581 -0.0167193 0)
(0.137291 -0.0163016 0)
(0.134969 -0.0153248 0)
(0.132621 -0.0140766 0)
(0.130273 -0.0127614 0)
(0.128094 -0.0111899 0)
(0.125861 -0.00955195 0)
(0.12377 -0.00800109 0)
(0.121759 -0.0066219 0)
(0.120006 -0.00525472 0)
(0.118179 -0.00400901 0)
(0.116652 -0.00294256 0)
(0.115081 -0.00206 0)
(0.11401 -0.00131928 0)
(0.112698 -0.000652595 0)
(0.11192 -0.000135919 0)
(0.110735 0.000245591 0)
(0.110245 0.000542064 0)
(0.109301 0.000655894 0)
(0.10904 0.000906491 0)
(0.108276 0.000858351 0)
(0.10812 0.00106618 0)
(0.107431 0.000892405 0)
(0.138027 0.00739283 0)
(0.139963 0.00684703 0)
(0.141921 0.00613984 0)
(0.143843 0.00516023 0)
(0.14564 0.00393123 0)
(0.147131 0.00249497 0)
(0.148422 0.000881957 0)
(0.149426 -0.000870018 0)
(0.150068 -0.00283376 0)
(0.150284 -0.00502553 0)
(0.15016 -0.00718282 0)
(0.149449 -0.00920772 0)
(0.148336 -0.0111602 0)
(0.14699 -0.0127975 0)
(0.145442 -0.0139427 0)
(0.143564 -0.014803 0)
(0.141702 -0.0152612 0)
(0.139736 -0.0151296 0)
(0.137643 -0.0145585 0)
(0.135436 -0.013719 0)
(0.133312 -0.0125002 0)
(0.131018 -0.0110342 0)
(0.128717 -0.00950379 0)
(0.126422 -0.00801539 0)
(0.124306 -0.00652996 0)
(0.122152 -0.00514186 0)
(0.120202 -0.00389125 0)
(0.118296 -0.00279909 0)
(0.116716 -0.00183962 0)
(0.115085 -0.00103658 0)
(0.113831 -0.000378103 0)
(0.11243 9.58168e-05 0)
(0.111581 0.000499481 0)
(0.110437 0.000718289 0)
(0.109934 0.000988983 0)
(0.108944 0.00100549 0)
(0.108656 0.00116916 0)
(0.107846 0.00105114 0)
(0.107732 0.001127 0)
(0.107115 0.000982158 0)
(0.137785 0.00591585 0)
(0.139649 0.00541018 0)
(0.141486 0.00477282 0)
(0.143228 0.00392832 0)
(0.144847 0.00286198 0)
(0.146221 0.00161465 0)
(0.147364 0.000211585 0)
(0.148186 -0.00136528 0)
(0.148757 -0.00308543 0)
(0.148906 -0.00490463 0)
(0.148665 -0.00679228 0)
(0.148045 -0.00862667 0)
(0.147145 -0.0102598 0)
(0.145868 -0.0116927 0)
(0.144473 -0.0128388 0)
(0.142913 -0.0135634 0)
(0.14122 -0.0138282 0)
(0.139318 -0.0137041 0)
(0.137401 -0.013115 0)
(0.135272 -0.0121222 0)
(0.133025 -0.0108194 0)
(0.130588 -0.00938263 0)
(0.128185 -0.0078263 0)
(0.125693 -0.0063122 0)
(0.123358 -0.00485063 0)
(0.121039 -0.00357263 0)
(0.119007 -0.00239689 0)
(0.11699 -0.0014342 0)
(0.115329 -0.000573974 0)
(0.113644 7.50774e-05 0)
(0.112412 0.000630195 0)
(0.111045 0.000999861 0)
(0.110207 0.00131415 0)
(0.109121 0.00144513 0)
(0.108618 0.00160417 0)
(0.107771 0.00156591 0)
(0.107502 0.00167036 0)
(0.106846 0.00151391 0)
(0.106731 0.00157603 0)
(0.106192 0.00134278 0)
(0.137356 0.0042756 0)
(0.139173 0.0038366 0)
(0.140917 0.00328938 0)
(0.142539 0.00259127 0)
(0.144023 0.00172761 0)
(0.145242 0.000704692 0)
(0.146244 -0.000482944 0)
(0.146943 -0.00181093 0)
(0.147335 -0.00326558 0)
(0.147357 -0.00484223 0)
(0.147067 -0.00643662 0)
(0.14634 -0.00799391 0)
(0.14534 -0.00947983 0)
(0.144081 -0.0107579 0)
(0.142621 -0.0117197 0)
(0.140872 -0.0123659 0)
(0.139043 -0.0125709 0)
(0.13695 -0.0122536 0)
(0.134664 -0.0114949 0)
(0.132107 -0.0104138 0)
(0.129486 -0.00902881 0)
(0.126629 -0.0075204 0)
(0.123795 -0.00598035 0)
(0.120963 -0.00452155 0)
(0.11839 -0.00312973 0)
(0.115926 -0.00192978 0)
(0.113804 -0.000875513 0)
(0.11185 -4.78615e-05 0)
(0.110276 0.000665561 0)
(0.108785 0.00115879 0)
(0.107681 0.00156909 0)
(0.106593 0.00176627 0)
(0.105922 0.0019708 0)
(0.105171 0.00196511 0)
(0.104828 0.00205142 0)
(0.104313 0.00189697 0)
(0.104163 0.00191641 0)
(0.103857 0.00167975 0)
(0.103821 0.00167251 0)
(0.103695 0.00142816 0)
(0.135464 0.00295846 0)
(0.137294 0.00257155 0)
(0.13901 0.00210448 0)
(0.140559 0.00152069 0)
(0.141922 0.000805409 0)
(0.143004 -4.58373e-05 0)
(0.143802 -0.00102637 0)
(0.144244 -0.00213111 0)
(0.144346 -0.00333341 0)
(0.14401 -0.0046358 0)
(0.143253 -0.00597558 0)
(0.142037 -0.0073089 0)
(0.140432 -0.00856322 0)
(0.138411 -0.009665 0)
(0.136077 -0.0104934 0)
(0.133378 -0.010965 0)
(0.130432 -0.0109836 0)
(0.127141 -0.0104474 0)
(0.123673 -0.00943099 0)
(0.119974 -0.00808203 0)
(0.116306 -0.00653679 0)
(0.112595 -0.00501109 0)
(0.109186 -0.00357495 0)
(0.106011 -0.00230615 0)
(0.103347 -0.00114206 0)
(0.100993 -0.000192501 0)
(0.0991578 0.000616849 0)
(0.0976167 0.00118877 0)
(0.0965561 0.00168377 0)
(0.0957198 0.00198004 0)
(0.0952387 0.00223587 0)
(0.0948957 0.00227825 0)
(0.0947928 0.00234236 0)
(0.0948145 0.00223056 0)
(0.0949397 0.00221785 0)
(0.0952264 0.00202547 0)
(0.0954186 0.00198524 0)
(0.0959045 0.00173019 0)
(0.0960438 0.00168718 0)
(0.0966896 0.00140919 0)
(0.125717 0.00135517 0)
(0.127481 0.00112898 0)
(0.129058 0.000841361 0)
(0.130388 0.000463382 0)
(0.131436 -1.0918e-05 0)
(0.13212 -0.000591125 0)
(0.13238 -0.00127712 0)
(0.132134 -0.00203768 0)
(0.131331 -0.0028721 0)
(0.129881 -0.00379095 0)
(0.127764 -0.00473262 0)
(0.124951 -0.00568079 0)
(0.121438 -0.00658163 0)
(0.117295 -0.00735615 0)
(0.112577 -0.00791364 0)
(0.107356 -0.00818868 0)
(0.101899 -0.00806373 0)
(0.0963169 -0.00744305 0)
(0.0907857 -0.00640065 0)
(0.0854029 -0.00509004 0)
(0.0804861 -0.00365783 0)
(0.0760524 -0.00227415 0)
(0.072439 -0.00106716 0)
(0.0695244 -8.4304e-05 0)
(0.0675266 0.000699308 0)
(0.0661771 0.00127616 0)
(0.0655811 0.00169167 0)
(0.0654187 0.00194795 0)
(0.0657749 0.0021478 0)
(0.0664146 0.00222589 0)
(0.0673242 0.00226302 0)
(0.0684253 0.00217372 0)
(0.0695376 0.00209877 0)
(0.0708493 0.00191714 0)
(0.0719237 0.00180744 0)
(0.0733292 0.00157699 0)
(0.0741996 0.00147761 0)
(0.0756835 0.00122457 0)
(0.0761916 0.00116292 0)
(0.0777941 0.000923973 0)
(0.0824223 1.61549e-05 0)
(0.0832992 -6.34542e-05 0)
(0.0838941 -0.000182021 0)
(0.0841592 -0.000343473 0)
(0.0840344 -0.00054742 0)
(0.0834413 -0.000790747 0)
(0.0822724 -0.00107733 0)
(0.0804354 -0.00139683 0)
(0.0778525 -0.00173951 0)
(0.0744291 -0.002102 0)
(0.0701222 -0.00246449 0)
(0.0649268 -0.00280464 0)
(0.0588513 -0.00307312 0)
(0.0520112 -0.00323155 0)
(0.0445364 -0.00324566 0)
(0.0368003 -0.00298202 0)
(0.029336 -0.00237977 0)
(0.0226413 -0.00152795 0)
(0.01718 -0.000601342 0)
(0.0131767 0.000213525 0)
(0.0106072 0.00083434 0)
(0.00931778 0.00120693 0)
(0.00911774 0.00137399 0)
(0.00967437 0.00140737 0)
(0.0108317 0.00134889 0)
(0.0123308 0.00124754 0)
(0.0141248 0.00113693 0)
(0.0160024 0.00102289 0)
(0.0180212 0.000912974 0)
(0.0199958 0.000799766 0)
(0.0220014 0.000693886 0)
(0.02387 0.00058857 0)
(0.0256618 0.000495841 0)
(0.0272894 0.000405287 0)
(0.0287632 0.000331617 0)
(0.0301286 0.000259862 0)
(0.0312319 0.000210043 0)
(0.032403 0.000156664 0)
(0.0330536 0.000130123 0)
(0.0342323 0.000106651 0)
)
;

boundaryField
{
    inlet
    {
        type            fixedValue;
        value           uniform (0.1 0 0);
    }
    outlet
    {
        type            zeroGradient;
    }
    lowerWall
    {
        type            noSlip;
    }
    upperWall
    {
        type            noSlip;
    }
    defaultFaces
    {
        type            empty;
    }
}


// ************************************************************************* //
