/*--------------------------------*- C++ -*----------------------------------*\
| =========                 |                                                 |
| \\      /  F ield         | OpenFOAM: The Open Source CFD Toolbox           |
|  \\    /   O peration     | Version:  2112                                  |
|   \\  /    A nd           | Website:  www.openfoam.com                      |
|    \\/     M anipulation  |                                                 |
\*---------------------------------------------------------------------------*/
FoamFile
{
    version     2.0;
    format      ascii;
    arch        "LSB;label=32;scalar=64";
    class       surfaceScalarField;
    location    "0.36";
    object      phi;
}
// * * * * * * * * * * * * * * * * * * * * * * * * * * * * * * * * * * * * * //

dimensions      [0 3 -1 0 0 0 0];

oriented        oriented;

internalField   nonuniform List<scalar> 
3653
(
9.92162e-07
7.83799e-09
9.79249e-07
1.29126e-08
9.63573e-07
1.5676e-08
9.48321e-07
1.52524e-08
9.3164e-07
1.66813e-08
9.15151e-07
1.64884e-08
8.97038e-07
1.81137e-08
8.79923e-07
1.71144e-08
8.60688e-07
1.92349e-08
8.43034e-07
1.76539e-08
8.23281e-07
1.97534e-08
8.0515e-07
1.81311e-08
7.8482e-07
2.03297e-08
7.6502e-07
1.98004e-08
7.44187e-07
2.08333e-08
7.22732e-07
2.1455e-08
7.01179e-07
2.15527e-08
6.76066e-07
2.51133e-08
6.54005e-07
2.20604e-08
6.2435e-07
2.96554e-08
5.99675e-07
2.4675e-08
5.67183e-07
3.24914e-08
5.33464e-07
3.37195e-08
4.97303e-07
3.61614e-08
4.54304e-07
4.29986e-08
4.08301e-07
4.60033e-08
3.60662e-07
4.76388e-08
3.0257e-07
5.80916e-08
2.40289e-07
6.22819e-08
7.15851e-08
1.68703e-07
1.00252e-06
5.31496e-09
1.00671e-06
8.7284e-09
1.00849e-06
1.38896e-08
1.01052e-06
1.32304e-08
1.01099e-06
1.62089e-08
1.01194e-06
1.55381e-08
1.01106e-06
1.89947e-08
1.01164e-06
1.65348e-08
1.00854e-06
2.23305e-08
1.00916e-06
1.70381e-08
1.00387e-06
2.50421e-08
1.00303e-06
1.89659e-08
9.97919e-07
2.54446e-08
9.94093e-07
2.36262e-08
9.88694e-07
2.62319e-08
9.82913e-07
2.72361e-08
9.73486e-07
3.09797e-08
9.69442e-07
2.91577e-08
9.54531e-07
3.69714e-08
9.48978e-07
3.5208e-08
9.3114e-07
4.25125e-08
9.19206e-07
4.44257e-08
8.98656e-07
5.42698e-08
8.8455e-07
5.02671e-08
8.52303e-07
7.52453e-08
8.35538e-07
6.27691e-08
7.90175e-07
9.30015e-08
7.56338e-07
9.1928e-08
6.98054e-07
1.20567e-07
1.23816e-07
6.45823e-07
1.0012e-06
4.1136e-09
1.00526e-06
4.67367e-09
1.00716e-06
1.19857e-08
1.01043e-06
9.96366e-09
1.01146e-06
1.51792e-08
1.01401e-06
1.298e-08
1.01525e-06
1.77627e-08
1.01705e-06
1.47309e-08
1.01818e-06
2.11966e-08
1.01941e-06
1.58121e-08
1.02006e-06
2.43938e-08
1.02028e-06
1.87458e-08
1.02077e-06
2.49568e-08
1.01962e-06
2.47689e-08
1.01995e-06
2.59026e-08
1.01834e-06
2.88537e-08
1.01583e-06
3.34847e-08
1.01591e-06
2.90748e-08
1.00798e-06
4.49029e-08
1.00964e-06
3.35488e-08
9.99753e-07
5.24001e-08
9.96758e-07
4.74214e-08
9.8795e-07
6.30772e-08
9.80081e-07
5.81368e-08
9.66604e-07
8.8722e-08
9.56584e-07
7.2789e-08
9.38727e-07
1.10859e-07
9.18247e-07
1.12408e-07
8.97721e-07
1.41093e-07
1.5009e-07
8.71446e-07
1.00085e-06
3.25883e-09
1.00262e-06
2.90711e-09
1.00455e-06
1.00566e-08
1.00669e-06
7.82823e-09
1.00812e-06
1.37459e-08
1.0102e-06
1.09024e-08
1.0114e-06
1.65604e-08
1.01325e-06
1.28816e-08
1.0145e-06
1.99435e-08
1.01598e-06
1.43319e-08
1.01705e-06
2.33293e-08
1.01825e-06
1.75397e-08
1.01811e-06
2.51029e-08
1.02013e-06
2.27491e-08
1.01809e-06
2.79346e-08
1.02078e-06
2.61681e-08
1.01762e-06
3.66487e-08
1.01879e-06
2.78963e-08
1.01632e-06
4.73725e-08
1.01503e-06
3.48482e-08
1.01252e-06
5.49003e-08
1.01014e-06
4.98087e-08
1.0059e-06
6.73191e-08
1.0009e-06
6.31348e-08
9.98101e-07
9.15185e-08
9.87708e-07
8.31816e-08
9.84316e-07
1.14251e-07
9.76163e-07
1.20561e-07
9.65407e-07
1.51848e-07
1.61886e-07
9.53611e-07
1.00065e-06
2.60398e-09
1.00132e-06
2.23796e-09
1.00345e-06
7.93318e-09
1.0045e-06
6.77636e-09
1.00684e-06
1.14014e-08
1.00773e-06
1.00206e-08
1.01e-06
1.42865e-08
1.01084e-06
1.20376e-08
1.01281e-06
1.79731e-08
1.01385e-06
1.32981e-08
1.01524e-06
2.19414e-08
1.01653e-06
1.62437e-08
1.01695e-06
2.46874e-08
1.01847e-06
2.12297e-08
1.01802e-06
2.83814e-08
1.01956e-06
2.46245e-08
1.01849e-06
3.77223e-08
1.01934e-06
2.7044e-08
1.01801e-06
4.87045e-08
1.01751e-06
3.53462e-08
1.0163e-06
5.61148e-08
1.01483e-06
5.12758e-08
1.01299e-06
6.91622e-08
1.01036e-06
6.57631e-08
1.00844e-06
9.34362e-08
1.00475e-06
8.68699e-08
1.00203e-06
1.16976e-07
9.99624e-07
1.22964e-07
9.98963e-07
1.5251e-07
1.63374e-07
9.97475e-07
1.00065e-06
1.9494e-09
1.00097e-06
1.91864e-09
1.00264e-06
6.2658e-09
1.0036e-06
5.81672e-09
1.00551e-06
9.49552e-09
1.00663e-06
8.8995e-09
1.00857e-06
1.2342e-08
1.00954e-06
1.10711e-08
1.01165e-06
1.58571e-08
1.01236e-06
1.25945e-08
1.0144e-06
1.98953e-08
1.01529e-06
1.5354e-08
1.01644e-06
2.35406e-08
1.0178e-06
1.98676e-08
1.01829e-06
2.78915e-08
1.01902e-06
2.38987e-08
1.02031e-06
3.64275e-08
1.01929e-06
2.80649e-08
1.02111e-06
4.68904e-08
1.01953e-06
3.69268e-08
1.0203e-06
5.53392e-08
1.01932e-06
5.22534e-08
1.01968e-06
6.88101e-08
1.01743e-06
6.80098e-08
1.01939e-06
9.14797e-08
1.01634e-06
8.99115e-08
1.01805e-06
1.15268e-07
1.01855e-06
1.22472e-07
1.02087e-06
1.5019e-07
1.60664e-07
1.02358e-06
1.00064e-06
1.30629e-09
1.0006e-06
1.95927e-09
1.00226e-06
4.6072e-09
1.00276e-06
5.32104e-09
1.00484e-06
7.40867e-09
1.00569e-06
8.05417e-09
1.00776e-06
1.02713e-08
1.00885e-06
9.98301e-09
1.01077e-06
1.39304e-08
1.01196e-06
1.14136e-08
1.01379e-06
1.80641e-08
1.01504e-06
1.40992e-08
1.01654e-06
2.20447e-08
1.01788e-06
1.85223e-08
1.01905e-06
2.67238e-08
1.02002e-06
2.29241e-08
1.02166e-06
3.4794e-08
1.02155e-06
2.81747e-08
1.02378e-06
4.46587e-08
1.02305e-06
3.76545e-08
1.02473e-06
5.36573e-08
1.02496e-06
5.20273e-08
1.0259e-06
6.78692e-08
1.02622e-06
6.76951e-08
1.02853e-06
8.91646e-08
1.0287e-06
8.97477e-08
1.03185e-06
1.12109e-07
1.03479e-06
1.19539e-07
1.0402e-06
1.44773e-07
1.54259e-07
1.04661e-06
1.00049e-06
8.12723e-10
1.0006e-06
1.85742e-09
1.00189e-06
3.31107e-09
1.00259e-06
4.62404e-09
1.00433e-06
5.66224e-09
1.00538e-06
7.00477e-09
1.00737e-06
8.28333e-09
1.00848e-06
8.87424e-09
1.01071e-06
1.1698e-08
1.01168e-06
1.04433e-08
1.01408e-06
1.56711e-08
1.01512e-06
1.30566e-08
1.01728e-06
1.98879e-08
1.01847e-06
1.73289e-08
1.02058e-06
2.46145e-08
1.02127e-06
2.2228e-08
1.02409e-06
3.19753e-08
1.02401e-06
2.82584e-08
1.02723e-06
4.1443e-08
1.0272e-06
3.76769e-08
1.02989e-06
5.09692e-08
1.03072e-06
5.11975e-08
1.03365e-06
6.49388e-08
1.03455e-06
6.67974e-08
1.03887e-06
8.48485e-08
1.04061e-06
8.8005e-08
1.04564e-06
1.0708e-07
1.05022e-06
1.1496e-07
1.0581e-06
1.36885e-07
1.47057e-07
1.06531e-06
1.00045e-06
3.66496e-10
1.00056e-06
1.73877e-09
1.00175e-06
2.12578e-09
1.00248e-06
3.88928e-09
1.0041e-06
4.04602e-09
1.00535e-06
5.76008e-09
1.00714e-06
6.48586e-09
1.00865e-06
7.36355e-09
1.01065e-06
9.70168e-09
1.01209e-06
9.00042e-09
1.01444e-06
1.33241e-08
1.01577e-06
1.17292e-08
1.01829e-06
1.73667e-08
1.01961e-06
1.60052e-08
1.02219e-06
2.20344e-08
1.0234e-06
2.10175e-08
1.02643e-06
2.8945e-08
1.02727e-06
2.7421e-08
1.03076e-06
3.79569e-08
1.03179e-06
3.66452e-08
1.03506e-06
4.76992e-08
1.03704e-06
4.92175e-08
1.04071e-06
6.12704e-08
1.04314e-06
6.43655e-08
1.04837e-06
7.96153e-08
1.05192e-06
8.44559e-08
1.05826e-06
1.00741e-07
1.06461e-06
1.08615e-07
1.07373e-06
1.27765e-07
1.37287e-07
1.08349e-06
1.00034e-06
2.61858e-11
1.00062e-06
1.46392e-09
1.00165e-06
1.09237e-09
1.00255e-06
2.99137e-09
1.00408e-06
2.51355e-09
1.00544e-06
4.39944e-09
1.00733e-06
4.59657e-09
1.00888e-06
5.80895e-09
1.01112e-06
7.46669e-09
1.01263e-06
7.49153e-09
1.01523e-06
1.07232e-08
1.01676e-06
1.0202e-08
1.01957e-06
1.45571e-08
1.02116e-06
1.44069e-08
1.0242e-06
1.90025e-08
1.02573e-06
1.94836e-08
1.02922e-06
2.54503e-08
1.03074e-06
2.59057e-08
1.03463e-06
3.40703e-08
1.03653e-06
3.47377e-08
1.04053e-06
4.37053e-08
1.04325e-06
4.64921e-08
1.04801e-06
5.65129e-08
1.05148e-06
6.08968e-08
1.05768e-06
7.34171e-08
1.06266e-06
7.94684e-08
1.07023e-06
9.3172e-08
1.07761e-06
1.01241e-07
1.08815e-06
1.1722e-07
1.26921e-07
1.09852e-06
1.00028e-06
-2.52797e-10
1.00069e-06
1.05707e-09
1.00165e-06
1.32887e-10
1.00274e-06
1.89826e-09
1.00419e-06
1.0622e-09
1.00581e-06
2.78113e-09
1.00764e-06
2.76911e-09
1.00949e-06
3.9514e-09
1.01171e-06
5.24528e-09
1.01354e-06
5.66354e-09
1.01623e-06
8.03703e-09
1.01808e-06
8.34861e-09
1.02108e-06
1.15571e-08
1.0231e-06
1.23839e-08
1.02629e-06
1.58185e-08
1.02852e-06
1.72551e-08
1.03209e-06
2.18811e-08
1.0345e-06
2.34917e-08
1.03859e-06
2.99838e-08
1.04141e-06
3.19149e-08
1.04588e-06
3.9232e-08
1.04956e-06
4.28121e-08
1.05492e-06
5.11571e-08
1.05956e-06
5.62523e-08
1.0664e-06
6.65817e-08
1.07268e-06
7.31845e-08
1.08101e-06
8.4843e-08
1.08958e-06
9.26746e-08
1.10071e-06
1.06093e-07
1.15181e-07
1.11245e-06
1.00023e-06
-4.83153e-10
1.00078e-06
5.08473e-10
1.00174e-06
-8.27103e-10
1.00298e-06
6.52412e-10
1.00451e-06
-4.67255e-10
1.00625e-06
1.04777e-09
1.00824e-06
7.77181e-10
1.01021e-06
1.98425e-09
1.01261e-06
2.84646e-09
1.01465e-06
3.61827e-09
1.01747e-06
5.21402e-09
1.01968e-06
6.14111e-09
1.02282e-06
8.41542e-09
1.02527e-06
9.93442e-09
1.02868e-06
1.24148e-08
1.03141e-06
1.45246e-08
1.03522e-06
1.80724e-08
1.03834e-06
2.03656e-08
1.04272e-06
2.56016e-08
1.04631e-06
2.83284e-08
1.05128e-06
3.42617e-08
1.05572e-06
3.83763e-08
1.06169e-06
4.51828e-08
1.0673e-06
5.0645e-08
1.0747e-06
5.91795e-08
1.08198e-06
6.59088e-08
1.09105e-06
7.57719e-08
1.10037e-06
8.33501e-08
1.1121e-06
9.43599e-08
1.03091e-07
1.12419e-06
1.00022e-06
-7.06327e-10
1.00092e-06
-1.87683e-10
1.00196e-06
-1.86698e-09
1.00343e-06
-8.17836e-10
1.00505e-06
-2.08732e-09
1.00701e-06
-9.11786e-10
1.00908e-06
-1.29201e-09
1.01126e-06
-2.01983e-10
1.01375e-06
3.64257e-10
1.01608e-06
1.28974e-09
1.019e-06
2.28919e-09
1.02157e-06
3.57464e-09
1.02482e-06
5.16602e-09
1.02774e-06
7.00684e-09
1.03124e-06
8.91573e-09
1.03454e-06
1.12255e-08
1.03853e-06
1.40888e-08
1.0423e-06
1.65935e-08
1.04698e-06
2.09167e-08
1.05125e-06
2.40587e-08
1.0566e-06
2.89174e-08
1.06181e-06
3.31642e-08
1.06819e-06
3.88008e-08
1.07465e-06
4.41823e-08
1.0825e-06
5.13339e-08
1.09061e-06
5.77998e-08
1.10016e-06
6.62157e-08
1.1102e-06
7.33159e-08
1.12211e-06
8.24437e-08
9.02778e-08
1.13493e-06
1.00022e-06
-9.25013e-10
1.00108e-06
-1.04444e-09
1.00223e-06
-3.02522e-09
1.00393e-06
-2.51609e-09
1.00571e-06
-3.86448e-09
1.00785e-06
-3.0542e-09
1.01008e-06
-3.51858e-09
1.01247e-06
-2.59635e-09
1.01512e-06
-2.2863e-09
1.01773e-06
-1.31367e-09
1.02079e-06
-7.70116e-10
1.02372e-06
6.45193e-10
1.02712e-06
1.76387e-09
1.03042e-06
3.70156e-09
1.03413e-06
5.20558e-09
1.03785e-06
7.50956e-09
1.04212e-06
9.81835e-09
1.0464e-06
1.23149e-08
1.0514e-06
1.59122e-08
1.05623e-06
1.92307e-08
1.06197e-06
2.31814e-08
1.0678e-06
2.73344e-08
1.07459e-06
3.20061e-08
1.08172e-06
3.7052e-08
1.08997e-06
4.30856e-08
1.09869e-06
4.90823e-08
1.10867e-06
5.6235e-08
1.11919e-06
6.27927e-08
1.13132e-06
7.03173e-08
7.75651e-08
1.14403e-06
1.00033e-06
-1.25936e-09
1.00144e-06
-2.14701e-09
1.0029e-06
-4.48972e-09
1.00487e-06
-4.48303e-09
1.00689e-06
-5.89065e-09
1.00923e-06
-5.38599e-09
1.01163e-06
-5.92488e-09
1.01421e-06
-5.17193e-09
1.017e-06
-5.07619e-09
1.01987e-06
-4.18643e-09
1.02304e-06
-3.94411e-09
1.02625e-06
-2.56492e-09
1.02979e-06
-1.76904e-09
1.03342e-06
6.97163e-11
1.03731e-06
1.31895e-09
1.04141e-06
3.40703e-09
1.04593e-06
5.2924e-09
1.05063e-06
7.61895e-09
1.05592e-06
1.06244e-08
1.06127e-06
1.38829e-08
1.06733e-06
1.71183e-08
1.07372e-06
2.0942e-08
1.08082e-06
2.49069e-08
1.08845e-06
2.94218e-08
1.09703e-06
3.45105e-08
1.10624e-06
3.98644e-08
1.11655e-06
4.59311e-08
1.12745e-06
5.18942e-08
1.13958e-06
5.81797e-08
6.43039e-08
1.15285e-06
1.00039e-06
-1.64983e-09
1.00188e-06
-3.63676e-09
1.00374e-06
-6.35264e-09
1.00608e-06
-6.81957e-09
1.00836e-06
-8.16941e-09
1.0109e-06
-7.93083e-09
1.01348e-06
-8.50494e-09
1.01628e-06
-7.96855e-09
1.01925e-06
-8.04396e-09
1.02241e-06
-7.35335e-09
1.02577e-06
-7.30045e-09
1.02925e-06
-6.04375e-09
1.03295e-06
-5.46762e-09
1.03691e-06
-3.89335e-09
1.04104e-06
-2.81387e-09
1.04549e-06
-1.0358e-09
1.05033e-06
4.51009e-10
1.05535e-06
2.59821e-09
1.06086e-06
5.11761e-09
1.06662e-06
8.12357e-09
1.07304e-06
1.06919e-08
1.07991e-06
1.40701e-08
1.08735e-06
1.74673e-08
1.09538e-06
2.13933e-08
1.10423e-06
2.56667e-08
1.11374e-06
3.03463e-08
1.12426e-06
3.54192e-08
1.13544e-06
4.07144e-08
1.14759e-06
4.60212e-08
5.1539e-08
1.16036e-06
1.00082e-06
-2.47177e-09
1.00292e-06
-5.73317e-09
1.00527e-06
-8.702e-09
1.0079e-06
-9.44857e-09
1.01041e-06
-1.0683e-08
1.01315e-06
-1.06727e-08
1.01595e-06
-1.13027e-08
1.01898e-06
-1.10015e-08
1.02216e-06
-1.12175e-08
1.02561e-06
-1.08095e-08
1.02913e-06
-1.08173e-08
1.03278e-06
-9.69538e-09
1.03663e-06
-9.31954e-09
1.04082e-06
-8.08316e-09
1.04518e-06
-7.17475e-09
1.04987e-06
-5.71786e-09
1.05484e-06
-4.526e-09
1.06011e-06
-2.66968e-09
1.0658e-06
-5.73437e-10
1.07197e-06
1.95094e-09
1.07872e-06
3.9444e-09
1.08592e-06
6.87135e-09
1.09354e-06
9.84311e-09
1.1018e-06
1.31366e-08
1.11085e-06
1.66161e-08
1.12069e-06
2.05063e-08
1.13147e-06
2.46377e-08
1.143e-06
2.91922e-08
1.1554e-06
3.36179e-08
3.8214e-08
1.16872e-06
1.00178e-06
-4.25107e-09
1.0053e-06
-9.25304e-09
1.00847e-06
-1.18689e-08
1.01149e-06
-1.2475e-08
1.0142e-06
-1.33883e-08
1.01724e-06
-1.3713e-08
1.02027e-06
-1.43391e-08
1.02352e-06
-1.42434e-08
1.02672e-06
-1.44172e-08
1.0302e-06
-1.42901e-08
1.03356e-06
-1.41767e-08
1.03707e-06
-1.32088e-08
1.04071e-06
-1.29594e-08
1.04473e-06
-1.20999e-08
1.04893e-06
-1.13783e-08
1.05351e-06
-1.02964e-08
1.05827e-06
-9.28997e-09
1.06327e-06
-7.6711e-09
1.06874e-06
-6.04045e-09
1.07486e-06
-4.16515e-09
1.08155e-06
-2.74385e-09
1.08877e-06
-3.55082e-10
1.09642e-06
2.19581e-09
1.10465e-06
4.90495e-09
1.11368e-06
7.58728e-09
1.12351e-06
1.06797e-08
1.13437e-06
1.37712e-08
1.14607e-06
1.7492e-08
1.15863e-06
2.10651e-08
2.50741e-08
1.17177e-06
1.003e-06
-7.25477e-09
1.0069e-06
-1.31453e-08
1.00967e-06
-1.46475e-08
1.01191e-06
-1.47088e-08
1.01371e-06
-1.51855e-08
1.01552e-06
-1.55309e-08
1.01697e-06
-1.57859e-08
1.01835e-06
-1.56193e-08
1.01949e-06
-1.55627e-08
1.02056e-06
-1.53547e-08
1.02121e-06
-1.4832e-08
1.02209e-06
-1.40921e-08
1.02307e-06
-1.39377e-08
1.02433e-06
-1.33608e-08
1.02556e-06
-1.26013e-08
1.02695e-06
-1.16915e-08
1.0286e-06
-1.09423e-08
1.03087e-06
-9.9327e-09
1.03379e-06
-8.96334e-09
1.03738e-06
-7.75751e-09
1.04116e-06
-6.52149e-09
1.0455e-06
-4.69634e-09
1.05082e-06
-3.12467e-09
1.05737e-06
-1.64086e-09
1.06523e-06
-2.76575e-10
1.0744e-06
1.51098e-09
1.08468e-06
3.49491e-09
1.09612e-06
6.04934e-09
1.1087e-06
8.47946e-09
1.10259e-08
1.12275e-06
9.92745e-07
9.796e-07
9.64953e-07
9.50244e-07
9.35058e-07
9.19527e-07
9.03741e-07
8.88122e-07
8.72559e-07
8.57205e-07
8.42373e-07
8.28281e-07
8.14343e-07
8.00982e-07
7.88381e-07
7.76689e-07
7.65747e-07
7.55814e-07
7.46851e-07
7.39093e-07
7.32572e-07
7.27875e-07
7.24751e-07
7.2311e-07
7.22833e-07
7.24344e-07
7.27839e-07
7.33889e-07
7.42368e-07
7.53394e-07
2.75872e-07
-1.07168e-07
3.74048e-07
-9.81765e-08
4.61818e-07
-8.77699e-08
5.21104e-07
-5.92863e-08
5.82885e-07
-6.17809e-08
6.28112e-07
-4.52263e-08
6.68168e-07
-4.00558e-08
7.25717e-07
-5.75499e-08
7.77481e-07
-5.17634e-08
-1.06168e-07
8.83649e-07
7.04091e-07
-1.65437e-07
7.55134e-07
-1.49219e-07
8.05789e-07
-1.38424e-07
8.39428e-07
-9.29257e-08
8.58973e-07
-8.13254e-08
8.9401e-07
-8.0264e-08
9.21113e-07
-6.71589e-08
9.46578e-07
-8.30146e-08
1.01259e-06
-1.17778e-07
-1.3772e-07
1.04414e-06
8.83491e-07
-1.77482e-07
8.94151e-07
-1.59879e-07
8.95348e-07
-1.39621e-07
9.18947e-07
-1.16525e-07
9.15971e-07
-7.83493e-08
9.58182e-07
-1.22475e-07
9.77268e-07
-8.62452e-08
9.99423e-07
-1.05169e-07
1.00763e-06
-1.25983e-07
-1.89737e-07
1.05964e-06
9.55185e-07
-1.79055e-07
9.53659e-07
-1.58353e-07
9.5229e-07
-1.38253e-07
9.64802e-07
-1.29037e-07
9.76251e-07
-8.97978e-08
9.85851e-07
-1.32075e-07
1.01114e-06
-1.11538e-07
1.01987e-06
-1.13892e-07
1.02342e-06
-1.29536e-07
-2.08772e-07
1.04245e-06
9.87113e-07
-1.68694e-07
9.89936e-07
-1.61176e-07
9.84838e-07
-1.33154e-07
9.92034e-07
-1.36233e-07
9.99776e-07
-9.754e-08
1.00418e-06
-1.36478e-07
1.01102e-06
-1.18373e-07
1.02941e-06
-1.32284e-07
1.04439e-06
-1.44519e-07
-2.22273e-07
1.05789e-06
1.01787e-06
-1.62984e-07
1.01132e-06
-1.54633e-07
1.00905e-06
-1.30878e-07
1.01109e-06
-1.38277e-07
1.02291e-06
-1.09355e-07
1.02266e-06
-1.36227e-07
1.03191e-06
-1.27628e-07
1.04106e-06
-1.41438e-07
1.04756e-06
-1.51014e-07
-2.19233e-07
1.04452e-06
1.03743e-06
-1.53803e-07
1.03411e-06
-1.51315e-07
1.03199e-06
-1.28761e-07
1.03083e-06
-1.3711e-07
1.03541e-06
-1.13944e-07
1.03471e-06
-1.35519e-07
1.03825e-06
-1.31171e-07
1.04433e-06
-1.47521e-07
1.04992e-06
-1.56599e-07
-2.1432e-07
1.045e-06
1.05853e-06
-1.47027e-07
1.05159e-06
-1.44372e-07
1.04895e-06
-1.26119e-07
1.0452e-06
-1.33369e-07
1.04888e-06
-1.17618e-07
1.04682e-06
-1.33463e-07
1.04786e-06
-1.32204e-07
1.04889e-06
-1.48561e-07
1.04969e-06
-1.57397e-07
-2.04378e-07
1.03975e-06
1.07491e-06
-1.38443e-07
1.06775e-06
-1.37212e-07
1.06384e-06
-1.22208e-07
1.05889e-06
-1.28424e-07
1.05836e-06
-1.17085e-07
1.05474e-06
-1.29845e-07
1.05198e-06
-1.29437e-07
1.05004e-06
-1.46627e-07
1.04818e-06
-1.55536e-07
-1.93376e-07
1.03718e-06
1.09004e-06
-1.29964e-07
1.08142e-06
-1.28589e-07
1.07609e-06
-1.16878e-07
1.06958e-06
-1.21913e-07
1.06653e-06
-1.14043e-07
1.06113e-06
-1.24438e-07
1.05692e-06
-1.25228e-07
1.05195e-06
-1.4166e-07
1.04565e-06
-1.49237e-07
-1.80583e-07
1.03286e-06
1.10277e-06
-1.20284e-07
1.09333e-06
-1.19156e-07
1.0864e-06
-1.09943e-07
1.07859e-06
-1.14106e-07
1.07321e-06
-1.08658e-07
1.06623e-06
-1.17465e-07
1.05929e-06
-1.18282e-07
1.05129e-06
-1.3366e-07
1.04356e-06
-1.4151e-07
-1.67418e-07
1.03039e-06
1.11379e-06
-1.09875e-07
1.10341e-06
-1.08778e-07
1.09506e-06
-1.01599e-07
1.08589e-06
-1.04929e-07
1.07839e-06
-1.01159e-07
1.06968e-06
-1.0876e-07
1.06153e-06
-1.10132e-07
1.05152e-06
-1.23645e-07
1.04082e-06
-1.30816e-07
-1.52527e-07
1.02593e-06
1.12353e-06
-9.84752e-08
1.11222e-06
-9.7468e-08
1.10241e-06
-9.17883e-08
1.09205e-06
-9.45685e-08
1.08286e-06
-9.19765e-08
1.0725e-06
-9.8394e-08
1.06232e-06
-9.99582e-08
1.05054e-06
-1.11861e-07
1.03844e-06
-1.18719e-07
-1.36777e-07
1.02269e-06
1.13184e-06
-8.62861e-08
1.11967e-06
-8.52981e-08
1.10868e-06
-8.07959e-08
1.09707e-06
-8.29569e-08
1.0863e-06
-8.12092e-08
1.0746e-06
-8.66914e-08
1.06315e-06
-8.85092e-08
1.04985e-06
-9.85659e-08
1.03595e-06
-1.04813e-07
-1.1995e-07
1.01912e-06
1.13973e-06
-7.31736e-08
1.12662e-06
-7.21863e-08
1.11438e-06
-6.85543e-08
1.1016e-06
-7.01729e-08
1.08941e-06
-6.90253e-08
1.07629e-06
-7.35712e-08
1.06331e-06
-7.55293e-08
1.04877e-06
-8.40215e-08
1.03367e-06
-8.97126e-08
-1.022e-07
1.01592e-06
1.14668e-06
-5.9492e-08
1.13274e-06
-5.82526e-08
1.1195e-06
-5.53127e-08
1.10563e-06
-5.63034e-08
1.09222e-06
-5.56144e-08
1.07795e-06
-5.92968e-08
1.06378e-06
-6.13629e-08
1.04808e-06
-6.83174e-08
1.03178e-06
-7.34143e-08
-8.35833e-08
1.01316e-06
1.15398e-06
-4.4752e-08
1.13889e-06
-4.31573e-08
1.12432e-06
-4.07472e-08
1.10907e-06
-4.10514e-08
1.09424e-06
-4.07849e-08
1.07858e-06
-4.36359e-08
1.06306e-06
-4.58436e-08
1.04617e-06
-5.14262e-08
1.02881e-06
-5.60527e-08
-6.40448e-08
1.00927e-06
1.15581e-06
-2.88e-08
1.1394e-06
-2.67469e-08
1.1235e-06
-2.48472e-08
1.10698e-06
-2.45286e-08
1.09087e-06
-2.46742e-08
1.07391e-06
-2.66749e-08
1.05703e-06
-2.89682e-08
1.03869e-06
-3.3085e-08
1.01979e-06
-3.71515e-08
-4.28736e-08
9.9862e-07
1.10436e-06
-1.0407e-08
1.08675e-06
-9.13884e-09
1.07011e-06
-8.2047e-09
1.05361e-06
-8.02775e-09
1.03747e-06
-8.53552e-09
1.0206e-06
-9.8026e-09
1.00321e-06
-1.15805e-08
9.84055e-07
-1.39317e-08
9.63533e-07
-1.66292e-08
-1.95843e-08
9.40244e-07
7.42987e-07
7.33848e-07
7.25643e-07
7.17616e-07
7.0908e-07
6.99278e-07
6.87697e-07
6.73765e-07
6.57136e-07
6.37552e-07
8.87193e-08
-8.87193e-08
7.96977e-08
9.02165e-09
4.48481e-08
3.48495e-08
-8.6758e-08
1.31606e-07
-3.61395e-07
2.74637e-07
-6.15844e-07
2.54449e-07
-7.90509e-07
1.74665e-07
-9.08767e-07
1.18257e-07
-9.62133e-07
5.3366e-08
-9.56218e-07
-5.91501e-09
-9.03443e-07
-5.27748e-08
-8.11335e-07
-9.21076e-08
-6.92311e-07
-1.19024e-07
-5.5177e-07
-1.40541e-07
-3.9897e-07
-1.528e-07
-2.35159e-07
-1.63811e-07
-7.7871e-08
-1.57288e-07
6.20206e-08
-1.39892e-07
1.77937e-07
-1.15917e-07
2.68744e-07
-9.08068e-08
3.37551e-07
-6.88067e-08
3.88487e-07
-5.09358e-08
4.24649e-07
-3.61626e-08
4.4801e-07
-2.33609e-08
4.59837e-07
-1.18271e-08
4.61325e-07
-1.48822e-09
4.54172e-07
7.15385e-09
4.40492e-07
1.36801e-08
4.22835e-07
1.76561e-08
4.0386e-07
1.89756e-08
3.85516e-07
1.83441e-08
3.69269e-07
1.62472e-08
3.55556e-07
1.37127e-08
3.44614e-07
1.09415e-08
3.35931e-07
8.68309e-09
3.29385e-07
6.54671e-09
3.24193e-07
5.19138e-09
3.20395e-07
3.79821e-09
3.17179e-07
3.21619e-09
2.34724e-09
8.04369e-08
-1.69156e-07
9.98862e-08
-1.04276e-08
-4.69012e-08
1.81637e-07
-3.2572e-07
4.10425e-07
-5.67347e-07
5.16264e-07
-7.34589e-07
4.21691e-07
-8.51125e-07
2.912e-07
-9.24209e-07
1.91341e-07
-9.42289e-07
7.14462e-08
-9.13001e-07
-3.52029e-08
-8.3619e-07
-1.29586e-07
-7.33713e-07
-1.94584e-07
-6.09781e-07
-2.42957e-07
-4.6726e-07
-2.83061e-07
-3.13497e-07
-3.06563e-07
-1.49616e-07
-3.27693e-07
9.10379e-09
-3.16008e-07
1.5488e-07
-2.85668e-07
2.7618e-07
-2.37217e-07
3.72829e-07
-1.87456e-07
4.49182e-07
-1.4516e-07
5.09977e-07
-1.11731e-07
5.5856e-07
-8.47458e-08
5.9752e-07
-6.23211e-08
6.28526e-07
-4.28331e-08
6.52252e-07
-2.52137e-08
6.68244e-07
-8.83773e-09
6.76789e-07
5.13423e-09
6.79103e-07
1.53429e-08
6.77333e-07
2.07449e-08
6.73341e-07
2.23369e-08
6.68872e-07
2.07163e-08
6.64545e-07
1.80393e-08
6.60961e-07
1.45256e-08
6.57834e-07
1.18098e-08
6.55357e-07
9.02391e-09
6.53038e-07
7.51057e-09
6.51068e-07
5.76828e-09
6.49071e-07
5.21276e-09
4.17495e-09
-3.86126e-08
-1.30544e-07
-1.57055e-07
1.08015e-07
-2.73046e-07
2.97628e-07
-4.03481e-07
5.4086e-07
-5.17681e-07
6.30464e-07
-6.04904e-07
5.08915e-07
-6.7962e-07
3.65916e-07
-7.19656e-07
2.31378e-07
-7.18445e-07
7.02348e-08
-6.73385e-07
-8.02625e-08
-5.91806e-07
-2.11165e-07
-4.87359e-07
-2.99031e-07
-3.78445e-07
-3.51871e-07
-2.60451e-07
-4.01056e-07
-1.33661e-07
-4.33352e-07
-1.29618e-09
-4.60058e-07
1.31543e-07
-4.48847e-07
2.55245e-07
-4.0937e-07
3.60519e-07
-3.4249e-07
4.41738e-07
-2.68675e-07
5.03415e-07
-2.06837e-07
5.52817e-07
-1.61132e-07
5.93108e-07
-1.25038e-07
6.25601e-07
-9.48139e-08
6.52895e-07
-7.01267e-08
6.7765e-07
-4.9969e-08
7.00121e-07
-3.1309e-08
7.18724e-07
-1.34683e-08
7.31536e-07
2.53063e-09
7.38635e-07
1.36461e-08
7.41353e-07
1.96191e-08
7.41827e-07
2.02421e-08
7.41501e-07
1.83648e-08
7.41403e-07
1.46242e-08
7.41702e-07
1.15106e-08
7.42408e-07
8.31778e-09
7.4332e-07
6.59868e-09
7.44092e-07
4.99664e-09
7.44832e-07
4.4723e-09
3.887e-09
-2.70207e-08
-1.03523e-07
-1.10241e-07
1.91236e-07
-1.88452e-07
3.75838e-07
-2.9417e-07
6.46578e-07
-3.65229e-07
7.01523e-07
-4.16516e-07
5.60201e-07
-4.54467e-07
4.03866e-07
-4.64806e-07
2.41718e-07
-4.43714e-07
4.91426e-08
-3.83785e-07
-1.40192e-07
-2.9723e-07
-2.9772e-07
-1.96873e-07
-3.99389e-07
-9.50167e-08
-4.53727e-07
1.1442e-09
-4.97217e-07
9.58509e-08
-5.28059e-07
1.92405e-07
-5.56612e-07
2.88202e-07
-5.44644e-07
3.73616e-07
-4.94784e-07
4.51635e-07
-4.20509e-07
5.15214e-07
-3.32254e-07
5.59926e-07
-2.51549e-07
5.9412e-07
-1.95326e-07
6.25e-07
-1.55917e-07
6.50797e-07
-1.20611e-07
6.69102e-07
-8.8431e-08
6.83044e-07
-6.39114e-08
6.97686e-07
-4.59513e-08
7.1484e-07
-3.06225e-08
7.32375e-07
-1.50044e-08
7.47146e-07
-1.12406e-09
7.57006e-07
9.75903e-09
7.62122e-07
1.51262e-08
7.63809e-07
1.66769e-08
7.63745e-07
1.46886e-08
7.63237e-07
1.20189e-08
7.6293e-07
8.62415e-09
7.63147e-07
6.38258e-09
7.63617e-07
4.52571e-09
7.64381e-07
3.70836e-09
3.22754e-09
-4.73633e-09
-9.87865e-08
-1.2417e-07
3.10669e-07
-1.31392e-07
3.83061e-07
-1.25493e-07
6.40679e-07
-1.20411e-07
6.96442e-07
-1.37049e-07
5.76839e-07
-1.52682e-07
4.19499e-07
-1.41744e-07
2.3078e-07
-1.08947e-07
1.63453e-08
-5.44056e-08
-1.94733e-07
1.26853e-08
-3.64811e-07
8.50173e-08
-4.71721e-07
1.61742e-07
-5.30452e-07
2.35521e-07
-5.70995e-07
3.11399e-07
-6.03937e-07
3.85211e-07
-6.30424e-07
4.5499e-07
-6.14423e-07
5.02636e-07
-5.4243e-07
5.36998e-07
-4.54872e-07
5.73462e-07
-3.68717e-07
6.03559e-07
-2.81646e-07
6.21656e-07
-2.13424e-07
6.38224e-07
-1.72485e-07
6.59009e-07
-1.41397e-07
6.77369e-07
-1.0679e-07
6.87037e-07
-7.35801e-08
6.90669e-07
-4.95827e-08
6.95414e-07
-3.53681e-08
7.05431e-07
-2.50216e-08
7.19899e-07
-1.55921e-08
7.35494e-07
-5.83574e-09
7.48963e-07
1.65709e-09
7.58573e-07
7.06666e-09
7.64331e-07
8.93126e-09
7.6715e-07
9.19971e-09
7.68248e-07
7.52618e-09
7.68601e-07
6.02951e-09
7.68716e-07
4.41049e-09
7.68922e-07
3.50253e-09
2.91666e-09
-4.35292e-08
-5.52573e-08
-4.60579e-08
3.13198e-07
5.03196e-08
2.86683e-07
8.25126e-08
6.08486e-07
1.22642e-07
6.56312e-07
1.46531e-07
5.52951e-07
1.70567e-07
3.95463e-07
2.04045e-07
1.97302e-07
2.38977e-07
-1.85865e-08
2.79104e-07
-2.3486e-07
3.14e-07
-3.99706e-07
3.47681e-07
-5.05402e-07
3.82093e-07
-5.64863e-07
4.22421e-07
-6.11324e-07
4.77427e-07
-6.58943e-07
5.28771e-07
-6.81767e-07
5.75094e-07
-6.60746e-07
6.07742e-07
-5.75078e-07
6.13107e-07
-4.60237e-07
6.1441e-07
-3.7002e-07
6.2953e-07
-2.96766e-07
6.44089e-07
-2.27983e-07
6.50242e-07
-1.78638e-07
6.58126e-07
-1.49281e-07
6.72925e-07
-1.21589e-07
6.86819e-07
-8.74738e-08
6.91985e-07
-5.47491e-08
6.89922e-07
-3.33047e-08
6.87999e-07
-2.30989e-08
6.91926e-07
-1.95192e-08
7.02573e-07
-1.64829e-08
7.17366e-07
-1.31353e-08
7.32806e-07
-8.37364e-09
7.46292e-07
-4.55524e-09
7.56402e-07
-9.10111e-10
7.63144e-07
7.8455e-10
7.67046e-07
2.12759e-09
7.69053e-07
2.40325e-09
7.69898e-07
2.65798e-09
2.62296e-09
-2.23229e-07
1.67971e-07
-3.98119e-08
1.29781e-07
1.1014e-07
1.36731e-07
3.12957e-07
4.05668e-07
4.31551e-07
5.37718e-07
4.95684e-07
4.88818e-07
5.3285e-07
3.58297e-07
5.59972e-07
1.7018e-07
5.82941e-07
-4.15546e-08
5.94756e-07
-2.46676e-07
5.96771e-07
-4.01721e-07
5.9938e-07
-5.08011e-07
6.10674e-07
-5.76158e-07
6.30416e-07
-6.31066e-07
6.57193e-07
-6.85719e-07
6.77757e-07
-7.02331e-07
6.79384e-07
-6.62373e-07
6.77329e-07
-5.73023e-07
6.69927e-07
-4.52835e-07
6.50142e-07
-3.50236e-07
6.40707e-07
-2.8733e-07
6.49938e-07
-2.37214e-07
6.60696e-07
-1.89396e-07
6.64797e-07
-1.53382e-07
6.69873e-07
-1.26665e-07
6.80648e-07
-9.82493e-08
6.91847e-07
-6.59483e-08
6.9698e-07
-3.84371e-08
6.95856e-07
-2.19755e-08
6.93345e-07
-1.70082e-08
6.94264e-07
-1.74016e-08
7.0057e-07
-1.94408e-08
7.11345e-07
-1.91494e-08
7.24567e-07
-1.77769e-08
7.37761e-07
-1.41038e-08
7.49243e-07
-1.06973e-08
7.57985e-07
-6.61501e-09
7.63874e-07
-3.48579e-09
7.6762e-07
-1.08753e-09
1.1292e-09
6.40713e-07
4.10908e-07
4.61018e-07
3.09476e-07
3.4539e-07
2.52359e-07
4.23208e-07
3.27851e-07
5.68375e-07
3.92551e-07
6.85184e-07
3.72009e-07
7.69615e-07
2.73866e-07
8.24242e-07
1.15552e-07
8.50269e-07
-6.75812e-08
8.49411e-07
-2.45818e-07
8.43441e-07
-3.9575e-07
8.4342e-07
-5.07991e-07
8.55096e-07
-5.87833e-07
8.71769e-07
-6.47739e-07
8.70734e-07
-6.84684e-07
8.50277e-07
-6.81875e-07
8.1436e-07
-6.26456e-07
7.72615e-07
-5.31278e-07
7.45865e-07
-4.26085e-07
7.28125e-07
-3.32496e-07
7.10835e-07
-2.70041e-07
7.03423e-07
-2.29801e-07
7.07627e-07
-1.93601e-07
7.13572e-07
-1.59327e-07
7.1685e-07
-1.29942e-07
7.21601e-07
-1.03e-07
7.31023e-07
-7.53704e-08
7.42896e-07
-5.03105e-08
7.52978e-07
-3.20572e-08
7.58905e-07
-2.29353e-08
7.60975e-07
-1.94719e-08
7.61295e-07
-1.97606e-08
7.62167e-07
-2.00211e-08
7.65372e-07
-2.09826e-08
7.71225e-07
-1.9957e-08
7.78993e-07
-1.8465e-08
7.87292e-07
-1.49143e-08
7.94421e-07
-1.06146e-08
8.00436e-07
-7.1021e-09
-1.99814e-09
1.02031e-06
4.34737e-07
9.5511e-07
3.74681e-07
8.65386e-07
3.42083e-07
8.21373e-07
3.71863e-07
8.38913e-07
3.75011e-07
8.93101e-07
3.17821e-07
9.59084e-07
2.07883e-07
1.01219e-06
6.24516e-08
1.04614e-06
-1.01538e-07
1.05448e-06
-2.54158e-07
1.05201e-06
-3.93282e-07
1.05939e-06
-5.15365e-07
1.0584e-06
-5.86849e-07
1.03431e-06
-6.23643e-07
9.88911e-07
-6.39287e-07
9.17292e-07
-6.10256e-07
8.3841e-07
-5.47573e-07
7.79916e-07
-4.72785e-07
7.49074e-07
-3.95243e-07
7.43702e-07
-3.27123e-07
7.4955e-07
-2.7589e-07
7.52944e-07
-2.33195e-07
7.50725e-07
-1.91382e-07
7.46651e-07
-1.55253e-07
7.44995e-07
-1.28286e-07
7.47168e-07
-1.05172e-07
7.52384e-07
-8.05866e-08
7.59635e-07
-5.75615e-08
7.68788e-07
-4.121e-08
7.7968e-07
-3.38278e-08
7.90591e-07
-3.0382e-08
7.98849e-07
-2.80194e-08
8.0248e-07
-2.36516e-08
8.01882e-07
-2.03848e-08
7.9911e-07
-1.71848e-08
7.96468e-07
-1.58229e-08
7.95735e-07
-1.41811e-08
7.96481e-07
-1.13608e-08
7.9907e-07
-9.69173e-09
-4.23117e-09
1.09579e-06
3.98589e-07
1.09538e-06
3.75098e-07
1.10297e-06
3.34491e-07
1.12694e-06
3.47886e-07
1.1554e-06
3.46554e-07
1.18683e-06
2.86391e-07
1.22189e-06
1.72824e-07
1.25502e-06
2.93182e-08
1.2769e-06
-1.23417e-07
1.27649e-06
-2.53749e-07
1.2502e-06
-3.66988e-07
1.21259e-06
-4.77759e-07
1.17629e-06
-5.50551e-07
1.11204e-06
-5.59393e-07
1.02068e-06
-5.47927e-07
9.33662e-07
-5.23235e-07
8.55592e-07
-4.69503e-07
7.98447e-07
-4.1564e-07
7.72195e-07
-3.68992e-07
7.65036e-07
-3.19964e-07
7.66959e-07
-2.77813e-07
7.75798e-07
-2.42034e-07
7.83544e-07
-1.99128e-07
7.81546e-07
-1.53255e-07
7.74017e-07
-1.20757e-07
7.72228e-07
-1.03383e-07
7.79457e-07
-8.7816e-08
7.88723e-07
-6.68275e-08
7.92871e-07
-4.53576e-08
7.92002e-07
-3.29592e-08
7.91303e-07
-2.96833e-08
7.94775e-07
-3.14914e-08
8.02115e-07
-3.09913e-08
8.10091e-07
-2.83609e-08
8.1544e-07
-2.25341e-08
8.16741e-07
-1.71232e-08
8.14671e-07
-1.21115e-08
8.11204e-07
-7.89421e-09
8.07392e-07
-5.87886e-09
-2.38654e-09
1.10155e-06
3.39495e-07
1.13097e-06
3.45675e-07
1.15615e-06
3.09315e-07
1.20771e-06
2.96326e-07
1.26415e-06
2.90108e-07
1.31276e-06
2.37786e-07
1.3454e-06
1.4018e-07
1.36171e-06
1.30106e-08
1.35827e-06
-1.19975e-07
1.33916e-06
-2.34636e-07
1.30189e-06
-3.2972e-07
1.23334e-06
-4.09209e-07
1.15449e-06
-4.71697e-07
1.08192e-06
-4.86825e-07
9.99774e-07
-4.65784e-07
9.28993e-07
-4.52454e-07
8.89188e-07
-4.29697e-07
8.60954e-07
-3.87406e-07
8.39842e-07
-3.4788e-07
8.27331e-07
-3.07453e-07
8.10837e-07
-2.61319e-07
7.91518e-07
-2.22715e-07
7.82794e-07
-1.90403e-07
7.83101e-07
-1.53563e-07
7.81202e-07
-1.18858e-07
7.76885e-07
-9.90657e-08
7.79403e-07
-9.03343e-08
7.91019e-07
-7.84436e-08
8.02246e-07
-5.65849e-08
8.02876e-07
-3.35884e-08
7.92339e-07
-1.91462e-08
7.78697e-07
-1.78499e-08
7.70492e-07
-2.2786e-08
7.71474e-07
-2.93427e-08
7.79549e-07
-3.06093e-08
7.9104e-07
-2.86148e-08
8.01015e-07
-2.20866e-08
8.08048e-07
-1.49271e-08
8.10942e-07
-8.77281e-09
-1.88108e-09
1.10046e-06
2.96926e-07
1.12923e-06
3.1691e-07
1.15427e-06
2.84268e-07
1.20283e-06
2.47772e-07
1.26721e-06
2.25719e-07
1.32587e-06
1.79131e-07
1.36214e-06
1.03912e-07
1.36407e-06
1.10774e-08
1.33888e-06
-9.47856e-08
1.30965e-06
-2.05404e-07
1.27237e-06
-2.9244e-07
1.21529e-06
-3.52134e-07
1.13953e-06
-3.95937e-07
1.07378e-06
-4.21073e-07
1.02471e-06
-4.16712e-07
9.7294e-07
-4.00682e-07
9.28495e-07
-3.85252e-07
8.97271e-07
-3.56182e-07
8.66569e-07
-3.17178e-07
8.39845e-07
-2.80728e-07
8.21327e-07
-2.42802e-07
8.01889e-07
-2.03277e-07
7.83087e-07
-1.71601e-07
7.76519e-07
-1.46995e-07
7.81324e-07
-1.23663e-07
7.85367e-07
-1.03108e-07
7.83339e-07
-8.8307e-08
7.80974e-07
-7.60782e-08
7.83705e-07
-5.93161e-08
7.89179e-07
-3.90622e-08
7.91321e-07
-2.12887e-08
7.87312e-07
-1.38403e-08
7.78989e-07
-1.44632e-08
7.70802e-07
-2.1156e-08
7.66441e-07
-2.6248e-08
7.67424e-07
-2.95976e-08
7.73251e-07
-2.79138e-08
7.80713e-07
-2.23891e-08
7.89444e-07
-1.75041e-08
-7.12154e-09
1.08118e-06
2.60264e-07
1.11851e-06
2.79584e-07
1.15102e-06
2.51756e-07
1.19435e-06
2.04441e-07
1.24644e-06
1.73634e-07
1.29283e-06
1.32734e-07
1.32067e-06
7.60775e-08
1.31896e-06
1.27876e-08
1.29898e-06
-7.48112e-08
1.2716e-06
-1.78022e-07
1.23666e-06
-2.57498e-07
1.18975e-06
-3.05223e-07
1.13087e-06
-3.37063e-07
1.06993e-06
-3.6013e-07
1.02269e-06
-3.69469e-07
9.80351e-07
-3.58346e-07
9.32724e-07
-3.37626e-07
8.94593e-07
-3.18052e-07
8.68974e-07
-2.91559e-07
8.44457e-07
-2.56211e-07
8.25119e-07
-2.23464e-07
8.17452e-07
-1.95609e-07
8.14327e-07
-1.68476e-07
8.09603e-07
-1.42271e-07
8.06405e-07
-1.20465e-07
8.06553e-07
-1.03256e-07
8.05076e-07
-8.683e-08
7.97988e-07
-6.89897e-08
7.88593e-07
-4.99212e-08
7.83596e-07
-3.40655e-08
7.86565e-07
-2.42572e-08
7.95468e-07
-2.27436e-08
8.05426e-07
-2.44211e-08
8.11441e-07
-2.71716e-08
8.11702e-07
-2.65085e-08
8.06787e-07
-2.46825e-08
8.0013e-07
-2.12569e-08
7.94203e-07
-1.64623e-08
7.90495e-07
-1.37957e-08
-6.63791e-09
1.07579e-06
2.29475e-07
1.11367e-06
2.41709e-07
1.14828e-06
2.1714e-07
1.17994e-06
1.72781e-07
1.21591e-06
1.37671e-07
1.24793e-06
1.00709e-07
1.26684e-06
5.71648e-08
1.27567e-06
3.96493e-09
1.26662e-06
-6.5767e-08
1.2397e-06
-1.51102e-07
1.20708e-06
-2.24871e-07
1.16723e-06
-2.65377e-07
1.1196e-06
-2.89437e-07
1.07073e-06
-3.11256e-07
1.02493e-06
-3.2367e-07
9.87837e-07
-3.21251e-07
9.54438e-07
-3.04226e-07
9.18771e-07
-2.82385e-07
8.91101e-07
-2.63888e-07
8.74359e-07
-2.3947e-07
8.58428e-07
-2.07533e-07
8.43583e-07
-1.80764e-07
8.3686e-07
-1.61753e-07
8.34891e-07
-1.40302e-07
8.28333e-07
-1.13907e-07
8.16586e-07
-9.15096e-08
8.07258e-07
-7.75014e-08
8.05007e-07
-6.67391e-08
8.07231e-07
-5.21454e-08
8.08782e-07
-3.56161e-08
8.07292e-07
-2.27676e-08
8.04304e-07
-1.97551e-08
8.03014e-07
-2.31314e-08
8.05434e-07
-2.95911e-08
8.10564e-07
-3.1639e-08
8.16379e-07
-3.04968e-08
8.1934e-07
-2.42182e-08
8.197e-07
-1.68228e-08
8.161e-07
-1.01957e-08
-2.56172e-09
1.06751e-06
2.01717e-07
1.10419e-06
2.05026e-07
1.13756e-06
1.8377e-07
1.16353e-06
1.46812e-07
1.18951e-06
1.11685e-07
1.21062e-06
7.96089e-08
1.22633e-06
4.14458e-08
1.23808e-06
-7.77947e-09
1.23571e-06
-6.34021e-08
1.212e-06
-1.27393e-07
1.17847e-06
-1.91336e-07
1.14564e-06
-2.32547e-07
1.11034e-06
-2.54143e-07
1.07072e-06
-2.71632e-07
1.02791e-06
-2.80855e-07
9.87505e-07
-2.80851e-07
9.58983e-07
-2.75703e-07
9.35237e-07
-2.58639e-07
9.05985e-07
-2.34636e-07
8.80788e-07
-2.14273e-07
8.66972e-07
-1.93717e-07
8.54714e-07
-1.68506e-07
8.38417e-07
-1.45456e-07
8.2519e-07
-1.27076e-07
8.18955e-07
-1.07673e-07
8.1414e-07
-8.66947e-08
8.06858e-07
-7.02188e-08
8.01084e-07
-6.09651e-08
8.02031e-07
-5.30924e-08
8.08247e-07
-4.18321e-08
8.12752e-07
-2.72727e-08
8.09457e-07
-1.64602e-08
7.98572e-07
-1.22467e-08
7.84691e-07
-1.57103e-08
7.73824e-07
-2.07713e-08
7.68002e-07
-2.4675e-08
7.67633e-07
-2.38496e-08
7.7e-07
-1.91898e-08
7.74337e-07
-1.45325e-08
-6.31675e-09
1.06294e-06
1.7596e-07
1.09492e-06
1.73043e-07
1.12374e-06
1.54953e-07
1.14685e-06
1.23699e-07
1.16685e-06
9.16848e-08
1.18349e-06
6.29702e-08
1.19562e-06
2.93163e-08
1.20253e-06
-1.46906e-08
1.20352e-06
-6.43943e-08
1.18933e-06
-1.13203e-07
1.15785e-06
-1.59853e-07
1.12612e-06
-2.00812e-07
1.0981e-06
-2.26131e-07
1.06516e-06
-2.3869e-07
1.03142e-06
-2.47111e-07
9.99022e-07
-2.48454e-07
9.66362e-07
-2.43044e-07
9.40127e-07
-2.32404e-07
9.19676e-07
-2.14186e-07
8.98184e-07
-1.92781e-07
8.7951e-07
-1.75043e-07
8.68416e-07
-1.57411e-07
8.58406e-07
-1.35446e-07
8.44647e-07
-1.13317e-07
8.33249e-07
-9.62748e-08
8.29875e-07
-8.33211e-08
8.3019e-07
-7.05334e-08
8.26414e-07
-5.71891e-08
8.1746e-07
-4.41381e-08
8.08993e-07
-3.33653e-08
8.06338e-07
-2.46181e-08
8.09864e-07
-1.99863e-08
8.15927e-07
-1.83097e-08
8.19793e-07
-1.95763e-08
8.1895e-07
-1.99283e-08
8.13744e-07
-1.94684e-08
8.06771e-07
-1.68765e-08
8.00429e-07
-1.28481e-08
7.95679e-07
-9.78307e-09
-4.54734e-09
1.0575e-06
1.51315e-07
1.08516e-06
1.45385e-07
1.11088e-06
1.2923e-07
1.13064e-06
1.03948e-07
1.14628e-06
7.60385e-08
1.16148e-06
4.77682e-08
1.17267e-06
1.81325e-08
1.17562e-06
-1.76441e-08
1.17294e-06
-6.17081e-08
1.16416e-06
-1.04424e-07
1.1438e-06
-1.39499e-07
1.11439e-06
-1.71401e-07
1.08577e-06
-1.97516e-07
1.05843e-06
-2.11343e-07
1.02982e-06
-2.18508e-07
1.0029e-06
-2.21527e-07
9.75544e-07
-2.1569e-07
9.4734e-07
-2.042e-07
9.25982e-07
-1.92828e-07
9.11247e-07
-1.78046e-07
8.94267e-07
-1.58064e-07
8.7515e-07
-1.38294e-07
8.61386e-07
-1.21682e-07
8.53773e-07
-1.05704e-07
8.4673e-07
-8.92323e-08
8.37752e-07
-7.4343e-08
8.29079e-07
-6.186e-08
8.22745e-07
-5.0855e-08
8.18273e-07
-3.96667e-08
8.14341e-07
-2.94324e-08
8.10866e-07
-2.11432e-08
8.07958e-07
-1.70786e-08
8.05455e-07
-1.58064e-08
8.02792e-07
-1.69141e-08
7.99808e-07
-1.69437e-08
7.96391e-07
-1.60511e-08
7.93004e-07
-1.34897e-08
7.90223e-07
-1.00674e-08
7.87972e-07
-7.53176e-09
-3.62418e-09
1.05202e-06
1.29694e-07
1.07543e-06
1.21974e-07
1.09787e-06
1.06783e-07
1.11598e-06
8.58425e-08
1.13002e-06
6.19969e-08
1.14143e-06
3.63553e-08
1.15111e-06
8.45811e-09
1.15584e-06
-2.23723e-08
1.15063e-06
-5.65058e-08
1.13912e-06
-9.29062e-08
1.12574e-06
-1.26124e-07
1.10521e-06
-1.5087e-07
1.07847e-06
-1.70773e-07
1.05395e-06
-1.86825e-07
1.02967e-06
-1.94231e-07
1.00263e-06
-1.94482e-07
9.79002e-07
-1.92063e-07
9.59373e-07
-1.84571e-07
9.38008e-07
-1.71462e-07
9.16727e-07
-1.56765e-07
9.00424e-07
-1.41761e-07
8.87535e-07
-1.25404e-07
8.74849e-07
-1.08996e-07
8.63086e-07
-9.39401e-08
8.53433e-07
-7.95799e-08
8.44626e-07
-6.55361e-08
8.35458e-07
-5.26916e-08
8.27108e-07
-4.25047e-08
8.21702e-07
-3.42607e-08
8.19799e-07
-2.75292e-08
8.19645e-07
-2.09898e-08
8.18533e-07
-1.59666e-08
8.15017e-07
-1.22906e-08
8.09292e-07
-1.11891e-08
8.03044e-07
-1.06952e-08
7.97536e-07
-1.05429e-08
7.93664e-07
-9.61819e-09
7.91269e-07
-7.67187e-09
7.90117e-07
-6.37991e-09
-3.48892e-09
1.04639e-06
1.09236e-07
1.06744e-06
1.00926e-07
1.08652e-06
8.76989e-08
1.10263e-06
6.97311e-08
1.11577e-06
4.8863e-08
1.12549e-06
2.66327e-08
1.13208e-06
1.87241e-09
1.13547e-06
-2.57645e-08
1.13362e-06
-5.4661e-08
1.12391e-06
-8.31924e-08
1.10877e-06
-1.10989e-07
1.09249e-06
-1.34589e-07
1.07319e-06
-1.51465e-07
1.04995e-06
-1.63585e-07
1.02749e-06
-1.71779e-07
1.0064e-06
-1.73388e-07
9.84054e-07
-1.69717e-07
9.62738e-07
-1.63255e-07
9.44436e-07
-1.53161e-07
9.27094e-07
-1.39424e-07
9.1046e-07
-1.25127e-07
8.96279e-07
-1.11223e-07
8.83685e-07
-9.64022e-08
8.70803e-07
-8.10587e-08
8.58555e-07
-6.73315e-08
8.49241e-07
-5.62225e-08
8.42893e-07
-4.6343e-08
8.3726e-07
-3.68715e-08
8.30582e-07
-2.75833e-08
8.23123e-07
-2.00705e-08
8.16517e-07
-1.43834e-08
8.11953e-07
-1.14025e-08
8.0924e-07
-9.578e-09
8.07222e-07
-9.17041e-09
8.04885e-07
-8.35915e-09
8.01964e-07
-7.62135e-09
7.9853e-07
-6.1839e-09
7.95399e-07
-4.54123e-09
7.92343e-07
-3.3242e-09
-1.53465e-09
1.04111e-06
9.08239e-08
1.05946e-06
8.25744e-08
1.07661e-06
7.05472e-08
1.09102e-06
5.53204e-08
1.10238e-06
3.75038e-08
1.11155e-06
1.74656e-08
1.11745e-06
-4.0341e-09
1.11869e-06
-2.70048e-08
1.11619e-06
-5.21571e-08
1.10982e-06
-7.68218e-08
1.09777e-06
-9.89385e-08
1.08191e-06
-1.18729e-07
1.06547e-06
-1.35025e-07
1.0473e-06
-1.45416e-07
1.0267e-06
-1.51178e-07
1.00688e-06
-1.53576e-07
9.88409e-07
-1.51242e-07
9.69244e-07
-1.4409e-07
9.50667e-07
-1.34584e-07
9.34578e-07
-1.23335e-07
9.19393e-07
-1.09942e-07
9.03718e-07
-9.5548e-08
8.89263e-07
-8.19473e-08
8.77648e-07
-6.9444e-08
8.67671e-07
-5.73537e-08
8.57403e-07
-4.59549e-08
8.46801e-07
-3.57411e-08
8.374e-07
-2.74702e-08
8.30405e-07
-2.05885e-08
8.25648e-07
-1.53132e-08
8.21958e-07
-1.06942e-08
8.1806e-07
-7.50406e-09
8.13475e-07
-4.99281e-09
8.08376e-07
-4.07181e-09
8.03415e-07
-3.39776e-09
7.99099e-07
-3.30603e-09
7.95738e-07
-2.82194e-09
7.93366e-07
-2.16934e-09
7.91703e-07
-1.66111e-09
-6.68982e-10
1.0362e-06
7.3743e-08
1.05286e-06
6.59107e-08
1.06798e-06
5.54347e-08
1.08093e-06
4.2364e-08
1.09144e-06
2.69999e-08
1.099e-06
9.90699e-09
1.10379e-06
-8.82529e-09
1.10567e-06
-2.88856e-08
1.10309e-06
-4.9579e-08
1.09641e-06
-7.01418e-08
1.0872e-06
-8.97285e-08
1.07477e-06
-1.06299e-07
1.05912e-06
-1.19372e-07
1.04294e-06
-1.29243e-07
1.02671e-06
-1.34945e-07
1.00888e-06
-1.35751e-07
9.9075e-07
-1.33107e-07
9.74087e-07
-1.27426e-07
9.57785e-07
-1.18282e-07
9.41003e-07
-1.06553e-07
9.25117e-07
-9.40555e-08
9.11015e-07
-8.14461e-08
8.97661e-07
-6.85932e-08
8.84271e-07
-5.60539e-08
8.71582e-07
-4.46656e-08
8.60644e-07
-3.5016e-08
8.51476e-07
-2.65733e-08
8.43324e-07
-1.93187e-08
8.35589e-07
-1.28534e-08
8.28245e-07
-7.96855e-09
8.2169e-07
-4.14008e-09
8.16304e-07
-2.118e-09
8.11988e-07
-6.76009e-10
8.0837e-07
-4.54528e-10
8.04934e-07
3.87048e-11
8.01683e-07
-5.48857e-11
7.98435e-07
4.2616e-10
7.95665e-07
6.007e-10
7.92974e-07
1.0291e-09
1.28919e-09
1.03162e-06
5.80409e-08
1.04668e-06
5.08503e-08
1.06042e-06
4.16952e-08
1.07215e-06
3.06365e-08
1.08151e-06
1.76352e-08
1.08849e-06
2.92745e-09
1.09261e-06
-1.29429e-08
1.0936e-06
-2.98743e-08
1.09159e-06
-4.75737e-08
1.08636e-06
-6.49086e-08
1.07772e-06
-8.10934e-08
1.06686e-06
-9.54369e-08
1.05452e-06
-1.0703e-07
1.04034e-06
-1.1506e-07
1.02501e-06
-1.19622e-07
1.00977e-06
-1.20509e-07
9.94252e-07
-1.17587e-07
9.7802e-07
-1.11194e-07
9.61909e-07
-1.02171e-07
9.46494e-07
-9.11372e-08
9.31229e-07
-7.87904e-08
9.159e-07
-6.61179e-08
9.0125e-07
-5.39426e-08
8.87933e-07
-4.27371e-08
8.75717e-07
-3.24493e-08
8.64116e-07
-2.34151e-08
8.53175e-07
-1.56326e-08
8.43363e-07
-9.50635e-09
8.35034e-07
-4.52414e-09
8.28147e-07
-1.0817e-09
8.22301e-07
1.7055e-09
8.17032e-07
3.15078e-09
8.12086e-07
4.2699e-09
8.07415e-07
4.21712e-09
8.03147e-07
4.30697e-09
7.99438e-07
3.65321e-09
7.96319e-07
3.54599e-09
7.93925e-07
2.99433e-09
7.91984e-07
2.97043e-09
2.52837e-09
1.02774e-06
4.3467e-08
1.04156e-06
3.70217e-08
1.05405e-06
2.92052e-08
1.06475e-06
1.99387e-08
1.07327e-06
9.11379e-09
1.07929e-06
-3.09194e-09
1.08288e-06
-1.65293e-08
1.08379e-06
-3.07874e-08
1.08173e-06
-4.55111e-08
1.0769e-06
-6.0084e-08
1.06969e-06
-7.38837e-08
1.0602e-06
-8.59451e-08
1.0489e-06
-9.5731e-08
1.03654e-06
-1.02694e-07
1.02318e-06
-1.06266e-07
1.00885e-06
-1.06181e-07
9.94025e-07
-1.02759e-07
9.78919e-07
-9.60878e-08
9.63174e-07
-8.64262e-08
9.46954e-07
-7.49169e-08
9.30935e-07
-6.27718e-08
9.15505e-07
-5.06873e-08
9.00558e-07
-3.89955e-08
8.8617e-07
-2.83495e-08
8.7272e-07
-1.8999e-08
8.6061e-07
-1.13052e-08
8.49901e-07
-4.92336e-09
8.40401e-07
-6.92265e-12
8.32012e-07
3.86499e-09
8.24568e-07
6.36198e-09
8.181e-07
8.17355e-09
8.12654e-07
8.59749e-09
8.08091e-07
8.83215e-09
8.04276e-07
8.03221e-09
8.00912e-07
7.67169e-09
7.98014e-07
6.55113e-09
7.95314e-07
6.24579e-09
7.93095e-07
5.21296e-09
7.90978e-07
5.08801e-09
4.17026e-09
1.02302e-06
2.97206e-08
1.03592e-06
2.41139e-08
1.04744e-06
1.76886e-08
1.0572e-06
1.01835e-08
1.06493e-06
1.3794e-09
1.07032e-06
-8.47858e-09
1.07326e-06
-1.94698e-08
1.07364e-06
-3.11664e-08
1.07136e-06
-4.32359e-08
1.06655e-06
-5.52751e-08
1.05937e-06
-6.66979e-08
1.05015e-06
-7.6723e-08
1.03924e-06
-8.48276e-08
1.02684e-06
-9.0288e-08
1.01314e-06
-9.25714e-08
9.98475e-07
-9.15146e-08
9.82782e-07
-8.70655e-08
9.66077e-07
-7.93835e-08
9.48818e-07
-6.91664e-08
9.31402e-07
-5.75013e-08
9.14064e-07
-4.54343e-08
8.97115e-07
-3.37386e-08
8.81063e-07
-2.29431e-08
8.66314e-07
-1.36e-08
8.53056e-07
-5.7413e-09
8.41265e-07
4.85194e-10
8.30799e-07
5.54281e-09
8.21839e-07
8.9529e-09
8.14315e-07
1.13893e-08
8.08148e-07
1.25295e-08
8.03134e-07
1.31872e-08
7.98979e-07
1.27519e-08
7.95489e-07
1.23224e-08
7.92482e-07
1.10392e-08
7.89927e-07
1.02273e-08
7.87787e-07
8.69102e-09
7.86052e-07
7.98054e-09
7.84754e-07
6.51075e-09
7.8374e-07
6.1018e-09
4.74696e-09
1.012e-06
1.63369e-08
1.02415e-06
1.19648e-08
1.0347e-06
7.14354e-09
1.04326e-06
1.62067e-09
1.04966e-06
-5.01543e-09
1.05366e-06
-1.24871e-08
1.05495e-06
-2.07538e-08
1.05339e-06
-2.96106e-08
1.0489e-06
-3.87446e-08
1.04157e-06
-4.79405e-08
1.03149e-06
-5.66225e-08
1.01886e-06
-6.40974e-08
1.00405e-06
-7.00103e-08
9.87353e-07
-7.35931e-08
9.6878e-07
-7.3999e-08
9.48739e-07
-7.14735e-08
9.27643e-07
-6.59692e-08
9.06008e-07
-5.77482e-08
8.84281e-07
-4.74394e-08
8.63105e-07
-3.63254e-08
8.43263e-07
-2.55927e-08
8.25342e-07
-1.58173e-08
8.09561e-07
-7.16181e-09
7.9593e-07
3.06724e-11
7.84432e-07
5.75654e-09
7.75219e-07
9.69883e-09
7.68191e-07
1.25708e-08
7.62919e-07
1.42244e-08
7.59156e-07
1.51519e-08
7.56558e-07
1.51276e-08
7.54967e-07
1.47783e-08
7.54091e-07
1.36277e-08
7.53825e-07
1.25884e-08
7.53912e-07
1.09527e-08
7.54259e-07
9.87995e-09
7.54695e-07
8.25488e-09
7.55201e-07
7.47462e-09
7.55689e-07
6.02334e-09
7.56176e-07
5.61421e-09
4.37963e-09
9.52679e-07
3.90149e-09
9.63049e-07
1.59508e-09
9.71157e-07
-9.64968e-10
9.76765e-07
-3.98743e-09
9.79386e-07
-7.63645e-09
9.78659e-07
-1.17594e-08
9.74207e-07
-1.63021e-08
9.6579e-07
-2.1193e-08
9.53263e-07
-2.62179e-08
9.36549e-07
-3.12271e-08
9.15871e-07
-3.59446e-08
8.91633e-07
-3.98587e-08
8.64203e-07
-4.25803e-08
8.34322e-07
-4.37122e-08
8.03034e-07
-4.27116e-08
7.70919e-07
-3.9358e-08
7.38926e-07
-3.39762e-08
7.0833e-07
-2.71519e-08
6.80376e-07
-1.94856e-08
6.55912e-07
-1.18617e-08
6.35423e-07
-5.10366e-09
6.19212e-07
3.94442e-10
6.07499e-07
4.55098e-09
5.99864e-07
7.66554e-09
5.95855e-07
9.76537e-09
5.94646e-07
1.09078e-08
5.95823e-07
1.13942e-08
5.98765e-07
1.12818e-08
6.03058e-07
1.08596e-08
6.08077e-07
1.01078e-08
6.13554e-07
9.30216e-09
6.18915e-07
8.26623e-09
6.24161e-07
7.34252e-09
6.2886e-07
6.25345e-09
6.33299e-07
5.44119e-09
6.37079e-07
4.47528e-09
6.40661e-07
3.8922e-09
6.43607e-07
3.07775e-09
6.46449e-07
2.77219e-09
2.04757e-09
6.41453e-07
6.43048e-07
6.42083e-07
6.38096e-07
6.30459e-07
6.187e-07
6.02398e-07
5.81205e-07
5.54987e-07
5.2376e-07
4.87815e-07
4.47957e-07
4.05376e-07
3.61664e-07
3.18953e-07
2.79595e-07
2.45619e-07
2.18467e-07
1.98981e-07
1.87119e-07
1.82016e-07
1.8241e-07
1.86961e-07
1.94626e-07
2.04392e-07
2.153e-07
2.26694e-07
2.37976e-07
2.48835e-07
2.58943e-07
2.68245e-07
2.76511e-07
2.83854e-07
2.90107e-07
2.95549e-07
3.00024e-07
3.03916e-07
3.06994e-07
3.09766e-07
)
;

boundaryField
{
    inlet
    {
        type            calculated;
        value           nonuniform List<scalar> 
20
(
-1e-06
-1e-06
-1e-06
-1e-06
-1e-06
-1e-06
-1e-06
-1e-06
-1e-06
-1e-06
-1e-06
-1e-06
-1e-06
-1e-06
-1e-06
-1e-06
-1e-06
-1e-06
-1e-06
-1e-06
)
;
    }
    outlet
    {
        type            calculated;
        value           nonuniform List<scalar> 
27
(
8.03563e-07
8.01303e-07
8.05547e-07
8.10437e-07
7.94685e-07
7.90011e-07
8.12024e-07
7.78092e-07
7.9391e-07
7.87049e-07
7.89982e-07
7.90389e-07
7.90837e-07
7.91016e-07
7.90744e-07
7.89336e-07
7.83164e-07
7.56544e-07
6.48781e-07
3.11814e-07
3.14832e-07
6.47243e-07
7.4512e-07
7.65041e-07
7.69233e-07
7.70191e-07
7.69114e-07
)
;
    }
    lowerWall
    {
        type            calculated;
        value           uniform 0;
    }
    upperWall
    {
        type            calculated;
        value           uniform 0;
    }
    defaultFaces
    {
        type            empty;
        value           nonuniform List<scalar> 0();
    }
}


// ************************************************************************* //
