/*--------------------------------*- C++ -*----------------------------------*\
| =========                 |                                                 |
| \\      /  F ield         | OpenFOAM: The Open Source CFD Toolbox           |
|  \\    /   O peration     | Version:  2112                                  |
|   \\  /    A nd           | Website:  www.openfoam.com                      |
|    \\/     M anipulation  |                                                 |
\*---------------------------------------------------------------------------*/
FoamFile
{
    version     2.0;
    format      ascii;
    arch        "LSB;label=32;scalar=64";
    class       volVectorField;
    location    "0.36";
    object      U;
}
// * * * * * * * * * * * * * * * * * * * * * * * * * * * * * * * * * * * * * //

dimensions      [0 1 -1 0 0 0 0];

internalField   nonuniform List<vector> 
1880
(
(0.0989315 0.000618112 0)
(0.0984718 0.00115163 0)
(0.0971825 0.00129816 0)
(0.0959715 0.00134164 0)
(0.0939784 0.00133692 0)
(0.0925685 0.00142118 0)
(0.0903954 0.00136622 0)
(0.0890377 0.00146972 0)
(0.0868256 0.00137396 0)
(0.0854301 0.00150638 0)
(0.0830603 0.00129153 0)
(0.0817058 0.00151279 0)
(0.0792274 0.00127849 0)
(0.0777885 0.00163448 0)
(0.0751472 0.00116702 0)
(0.0737107 0.00169315 0)
(0.0708247 0.00117914 0)
(0.0693106 0.00186707 0)
(0.0660096 0.00132037 0)
(0.0645831 0.00185127 0)
(0.0604246 0.00151947 0)
(0.0594305 0.00189868 0)
(0.0538255 0.00205159 0)
(0.053127 0.00234306 0)
(0.0460461 0.00233194 0)
(0.0448885 0.00280546 0)
(0.0370346 0.0021463 0)
(0.0347824 0.00373793 0)
(0.0261735 0.00227798 0)
(0.0213429 0.00474025 0)
(0.0995771 0.000793474 0)
(0.100752 0.00130133 0)
(0.100183 0.00175787 0)
(0.101439 0.00165079 0)
(0.100659 0.00193997 0)
(0.101664 0.00181325 0)
(0.100809 0.0021999 0)
(0.101405 0.00190208 0)
(0.100932 0.00242944 0)
(0.100749 0.00198233 0)
(0.101056 0.002616 0)
(0.0996882 0.00207185 0)
(0.100938 0.00273957 0)
(0.0986124 0.00228582 0)
(0.100134 0.00293911 0)
(0.097736 0.00257217 0)
(0.0985718 0.00306587 0)
(0.0964439 0.00313889 0)
(0.0969827 0.00301622 0)
(0.0943831 0.00406869 0)
(0.0949482 0.00335431 0)
(0.091757 0.00455063 0)
(0.0915792 0.00463675 0)
(0.0886135 0.00481391 0)
(0.0878687 0.00616808 0)
(0.0828161 0.00633704 0)
(0.0842572 0.0073562 0)
(0.0738622 0.00803487 0)
(0.0774171 0.0103951 0)
(0.0629906 0.0100549 0)
(0.0997674 0.000362281 0)
(0.100384 0.000527756 0)
(0.100383 0.00109264 0)
(0.100847 0.00105404 0)
(0.101177 0.00135857 0)
(0.101148 0.00134664 0)
(0.101783 0.00164671 0)
(0.10128 0.00144748 0)
(0.10218 0.00207914 0)
(0.101438 0.00146244 0)
(0.102392 0.00243697 0)
(0.101579 0.00174808 0)
(0.102507 0.00239156 0)
(0.101588 0.00246146 0)
(0.102324 0.00236027 0)
(0.101655 0.00284784 0)
(0.101952 0.00317836 0)
(0.101241 0.00265417 0)
(0.101727 0.00443248 0)
(0.100077 0.0029389 0)
(0.10156 0.00512987 0)
(0.0987101 0.00427922 0)
(0.100203 0.00611629 0)
(0.0978025 0.00514725 0)
(0.0979039 0.0087963 0)
(0.0955249 0.00606147 0)
(0.0961066 0.0110461 0)
(0.0913411 0.0100649 0)
(0.0928089 0.0132979 0)
(0.0866462 0.0140387 0)
(0.0997737 0.000415599 0)
(0.100347 0.000358675 0)
(0.100082 0.00123713 0)
(0.100621 0.000886424 0)
(0.10066 0.00162433 0)
(0.100857 0.00120674 0)
(0.101291 0.00186102 0)
(0.100932 0.00145944 0)
(0.101797 0.00211398 0)
(0.101103 0.00166556 0)
(0.102023 0.00239415 0)
(0.101424 0.00197733 0)
(0.102127 0.00255485 0)
(0.101622 0.0024684 0)
(0.102187 0.00277254 0)
(0.10163 0.00289153 0)
(0.102346 0.00347686 0)
(0.101335 0.00311348 0)
(0.102221 0.00449979 0)
(0.101159 0.00369733 0)
(0.10182 0.00530832 0)
(0.100648 0.00511301 0)
(0.101422 0.00645929 0)
(0.0997227 0.00640165 0)
(0.10053 0.00879589 0)
(0.0991302 0.00839139 0)
(0.0987456 0.0109472 0)
(0.0978767 0.0122153 0)
(0.0979135 0.0148174 0)
(0.0948524 0.0161737 0)
(0.0998672 0.000264851 0)
(0.100207 0.000249447 0)
(0.100092 0.000816467 0)
(0.100403 0.000712707 0)
(0.100497 0.00116537 0)
(0.100705 0.00100685 0)
(0.100951 0.0014882 0)
(0.100941 0.00114696 0)
(0.101326 0.00191077 0)
(0.101213 0.00122548 0)
(0.101543 0.00230684 0)
(0.10149 0.00155215 0)
(0.101787 0.00249647 0)
(0.10167 0.00210259 0)
(0.101866 0.00284011 0)
(0.101878 0.00236781 0)
(0.101913 0.00386266 0)
(0.101912 0.00249542 0)
(0.101773 0.00497315 0)
(0.101949 0.00331841 0)
(0.101516 0.00563573 0)
(0.101767 0.00489886 0)
(0.101214 0.00695803 0)
(0.101397 0.00622377 0)
(0.100811 0.00949752 0)
(0.100991 0.00822231 0)
(0.100162 0.0118528 0)
(0.100409 0.0119878 0)
(0.0997651 0.0154154 0)
(0.100034 0.0160475 0)
(0.0998815 0.000244983 0)
(0.100179 0.000185305 0)
(0.100088 0.000743299 0)
(0.100288 0.000617733 0)
(0.10045 0.00108322 0)
(0.100507 0.000970629 0)
(0.100897 0.0013402 0)
(0.100722 0.00123598 0)
(0.101245 0.00165522 0)
(0.101093 0.00141017 0)
(0.101347 0.00205438 0)
(0.101523 0.00166992 0)
(0.101536 0.00241941 0)
(0.101757 0.00211268 0)
(0.101743 0.00282013 0)
(0.101906 0.00252269 0)
(0.10197 0.00366373 0)
(0.102033 0.00288364 0)
(0.101835 0.00474431 0)
(0.10232 0.00371175 0)
(0.101752 0.00555082 0)
(0.102196 0.00531288 0)
(0.101823 0.00682018 0)
(0.102015 0.00688531 0)
(0.101706 0.00913098 0)
(0.102095 0.00906403 0)
(0.101492 0.0115174 0)
(0.101972 0.0124817 0)
(0.102023 0.0150919 0)
(0.101951 0.0165895 0)
(0.0999159 0.00015174 0)
(0.100136 0.000205841 0)
(0.100089 0.000523555 0)
(0.100233 0.000557999 0)
(0.100363 0.000832062 0)
(0.100472 0.000824674 0)
(0.100738 0.00114545 0)
(0.100716 0.000995058 0)
(0.101095 0.00153292 0)
(0.101076 0.00112637 0)
(0.101276 0.00193727 0)
(0.101484 0.00142047 0)
(0.101524 0.00229413 0)
(0.101802 0.00188117 0)
(0.101712 0.00275807 0)
(0.102084 0.00227586 0)
(0.102015 0.00361719 0)
(0.102254 0.00274009 0)
(0.102086 0.00462097 0)
(0.102614 0.00368653 0)
(0.102155 0.00549426 0)
(0.102739 0.00514741 0)
(0.10236 0.00691593 0)
(0.102812 0.0067082 0)
(0.102622 0.00911843 0)
(0.103148 0.00893017 0)
(0.102817 0.0114683 0)
(0.103589 0.0120566 0)
(0.103558 0.0149344 0)
(0.104366 0.0156087 0)
(0.0999374 0.000108815 0)
(0.100094 0.000188416 0)
(0.100117 0.000393494 0)
(0.100161 0.000499443 0)
(0.100386 0.000639543 0)
(0.10038 0.000774526 0)
(0.100744 0.000897088 0)
(0.100649 0.000987927 0)
(0.101072 0.00124206 0)
(0.101085 0.00114037 0)
(0.101234 0.00166563 0)
(0.101538 0.0013812 0)
(0.101557 0.00210407 0)
(0.101842 0.00180493 0)
(0.101878 0.00256978 0)
(0.102144 0.00229387 0)
(0.102268 0.00331728 0)
(0.102456 0.00287476 0)
(0.102417 0.00428598 0)
(0.102934 0.00381755 0)
(0.102699 0.00521477 0)
(0.103184 0.00521903 0)
(0.103114 0.00662589 0)
(0.103526 0.00679088 0)
(0.103603 0.00868632 0)
(0.104132 0.00897289 0)
(0.104218 0.0109511 0)
(0.104855 0.0118292 0)
(0.105359 0.0140592 0)
(0.106072 0.0152699 0)
(0.0999498 5.50698e-05 0)
(0.10008 0.000184144 0)
(0.100114 0.00026952 0)
(0.100156 0.00042363 0)
(0.100359 0.000490471 0)
(0.100387 0.000625491 0)
(0.100705 0.000756152 0)
(0.100665 0.000790807 0)
(0.101061 0.00109314 0)
(0.101108 0.000955447 0)
(0.101276 0.00146214 0)
(0.101581 0.00123623 0)
(0.101649 0.0018669 0)
(0.10195 0.00166283 0)
(0.102013 0.0023487 0)
(0.102324 0.00214442 0)
(0.102518 0.00307222 0)
(0.102689 0.00277063 0)
(0.102818 0.0039862 0)
(0.103284 0.00371231 0)
(0.103235 0.00495474 0)
(0.10373 0.0050118 0)
(0.103813 0.00634139 0)
(0.10428 0.00655185 0)
(0.104551 0.00825662 0)
(0.10514 0.00862329 0)
(0.105435 0.0104432 0)
(0.106224 0.0111808 0)
(0.106821 0.0133353 0)
(0.107787 0.0141957 0)
(0.0999645 1.76738e-05 0)
(0.100057 0.000164424 0)
(0.100129 0.00015512 0)
(0.10014 0.000351948 0)
(0.100373 0.000316811 0)
(0.100388 0.000521694 0)
(0.10071 0.000539374 0)
(0.100701 0.000675532 0)
(0.101071 0.000846735 0)
(0.101179 0.000837198 0)
(0.101334 0.00120033 0)
(0.101655 0.00110292 0)
(0.101802 0.00159855 0)
(0.102038 0.00153232 0)
(0.102245 0.00204473 0)
(0.1025 0.00205336 0)
(0.102798 0.00270376 0)
(0.102987 0.00269836 0)
(0.103206 0.00359292 0)
(0.103673 0.00359562 0)
(0.103806 0.00457134 0)
(0.104251 0.00481262 0)
(0.104536 0.00589114 0)
(0.105018 0.00630105 0)
(0.105472 0.00765081 0)
(0.106082 0.00824846 0)
(0.10662 0.00971207 0)
(0.107417 0.0105582 0)
(0.108228 0.0122611 0)
(0.109241 0.0133084 0)
(0.0999716 -1.26441e-05 0)
(0.100049 0.000127439 0)
(0.100131 6.19498e-05 0)
(0.100153 0.000244527 0)
(0.100377 0.000182871 0)
(0.100427 0.000355361 0)
(0.100723 0.0003752 0)
(0.100765 0.00048228 0)
(0.101116 0.00064022 0)
(0.101265 0.000655543 0)
(0.101428 0.000936993 0)
(0.101764 0.000929568 0)
(0.101958 0.00130479 0)
(0.102196 0.00133897 0)
(0.102461 0.00174649 0)
(0.10273 0.00183288 0)
(0.103098 0.00237133 0)
(0.103302 0.00247254 0)
(0.103609 0.00320364 0)
(0.1041 0.00333738 0)
(0.104343 0.00415271 0)
(0.104812 0.00446619 0)
(0.105223 0.00539427 0)
(0.105747 0.00586232 0)
(0.106335 0.00701478 0)
(0.107007 0.00764837 0)
(0.107669 0.00893122 0)
(0.108557 0.00971194 0)
(0.109464 0.0112119 0)
(0.110556 0.0121168 0)
(0.0999802 -3.86748e-05 0)
(0.100041 8.24488e-05 0)
(0.10014 -3.53198e-05 0)
(0.10017 0.00013646 0)
(0.100397 3.19378e-05 0)
(0.100479 0.000204533 0)
(0.100756 0.000183417 0)
(0.100851 0.00031329 0)
(0.101181 0.000414773 0)
(0.101372 0.000483023 0)
(0.101552 0.000675663 0)
(0.101886 0.000746558 0)
(0.102152 0.00101018 0)
(0.102366 0.00114447 0)
(0.102703 0.00141953 0)
(0.102995 0.00162088 0)
(0.103395 0.00200726 0)
(0.103655 0.00222249 0)
(0.104013 0.00279447 0)
(0.10453 0.0030401 0)
(0.104893 0.00368945 0)
(0.10536 0.00409164 0)
(0.105886 0.00483069 0)
(0.10646 0.00538244 0)
(0.107146 0.00630613 0)
(0.107872 0.00699936 0)
(0.108647 0.00806027 0)
(0.109581 0.00885251 0)
(0.11059 0.0100476 0)
(0.111714 0.0109706 0)
(0.0999853 -5.95647e-05 0)
(0.100042 1.71248e-05 0)
(0.100151 -0.000133296 0)
(0.100204 -9.15636e-06 0)
(0.100432 -0.000128554 0)
(0.100554 1.57042e-07 0)
(0.10082 -3.23446e-05 0)
(0.100964 7.64463e-05 0)
(0.101284 0.000146517 0)
(0.101507 0.000231818 0)
(0.101702 0.000357845 0)
(0.102049 0.00047159 0)
(0.102356 0.000662029 0)
(0.102581 0.000831321 0)
(0.102957 0.00105133 0)
(0.103286 0.00127181 0)
(0.103714 0.0015928 0)
(0.104021 0.00183738 0)
(0.104421 0.00231224 0)
(0.104982 0.00261045 0)
(0.105423 0.00314848 0)
(0.105913 0.00356857 0)
(0.106525 0.00419145 0)
(0.107148 0.00473781 0)
(0.107904 0.00552208 0)
(0.108691 0.00618827 0)
(0.109536 0.00710621 0)
(0.110522 0.00783711 0)
(0.111599 0.00884738 0)
(0.112751 0.00966816 0)
(0.0999902 -8.12234e-05 0)
(0.100042 -5.323e-05 0)
(0.100165 -0.000233796 0)
(0.100243 -0.000149237 0)
(0.100476 -0.000279399 0)
(0.10064 -0.000175997 0)
(0.1009 -0.000217927 0)
(0.10109 -0.000113834 0)
(0.101409 -6.97939e-05 0)
(0.101658 3.31569e-05 0)
(0.101882 0.000108329 0)
(0.102235 0.000253319 0)
(0.102585 0.000381919 0)
(0.102826 0.000581185 0)
(0.10323 0.000743334 0)
(0.103611 0.000983045 0)
(0.104048 0.00123583 0)
(0.104406 0.00149095 0)
(0.104852 0.00188101 0)
(0.105439 0.00221119 0)
(0.105956 0.00264289 0)
(0.106469 0.00307494 0)
(0.10714 0.00357995 0)
(0.107823 0.00411023 0)
(0.108628 0.00476116 0)
(0.109462 0.00539203 0)
(0.11037 0.00616311 0)
(0.111384 0.00685616 0)
(0.112519 0.00767651 0)
(0.11368 0.00843798 0)
(0.099994 -0.00010981 0)
(0.100055 -0.000163376 0)
(0.1002 -0.000384904 0)
(0.100318 -0.000366863 0)
(0.100567 -0.000509914 0)
(0.100777 -0.000449642 0)
(0.101041 -0.000502112 0)
(0.10127 -0.000419225 0)
(0.101591 -0.00040039 0)
(0.101858 -0.000305424 0)
(0.102107 -0.000269329 0)
(0.10247 -0.000130331 0)
(0.102846 -3.84202e-05 0)
(0.103111 0.000146901 0)
(0.103537 0.000284503 0)
(0.103958 0.000504543 0)
(0.104406 0.000713552 0)
(0.104805 0.000957755 0)
(0.105293 0.00128652 0)
(0.105909 0.00161857 0)
(0.106484 0.00197734 0)
(0.107024 0.0023782 0)
(0.107744 0.00280897 0)
(0.108472 0.00329066 0)
(0.109315 0.00384925 0)
(0.110185 0.00442059 0)
(0.111147 0.0050838 0)
(0.112185 0.00570956 0)
(0.113369 0.00639696 0)
(0.114539 0.00705372 0)
(0.0999967 -0.000133025 0)
(0.100068 -0.000251092 0)
(0.100243 -0.000489475 0)
(0.100409 -0.000505588 0)
(0.100688 -0.000641259 0)
(0.100944 -0.000602987 0)
(0.101222 -0.000658144 0)
(0.101482 -0.000593023 0)
(0.101811 -0.000593144 0)
(0.102093 -0.000512281 0)
(0.102377 -0.000500792 0)
(0.10275 -0.000368036 0)
(0.103153 -0.000303804 0)
(0.103446 -0.000130801 0)
(0.103896 -1.20697e-05 0)
(0.104354 0.000189403 0)
(0.104823 0.000358737 0)
(0.105252 0.000581173 0)
(0.105792 0.000854074 0)
(0.106413 0.00117496 0)
(0.10704 0.0014641 0)
(0.107611 0.00182872 0)
(0.108378 0.00219071 0)
(0.109144 0.0026104 0)
(0.110027 0.00307169 0)
(0.110905 0.00357404 0)
(0.111921 0.0041276 0)
(0.112953 0.00469845 0)
(0.114182 0.0052751 0)
(0.115333 0.00586542 0)
(0.0999986 -0.000218656 0)
(0.100112 -0.000508001 0)
(0.100343 -0.000818576 0)
(0.100574 -0.000893428 0)
(0.100885 -0.00102822 0)
(0.101182 -0.00101645 0)
(0.101473 -0.00107613 0)
(0.10175 -0.00103157 0)
(0.102094 -0.00104569 0)
(0.102384 -0.000986322 0)
(0.102716 -0.0009866 0)
(0.103086 -0.000865277 0)
(0.103515 -0.000812822 0)
(0.103822 -0.000667109 0)
(0.104312 -0.000566981 0)
(0.104774 -0.000406097 0)
(0.105272 -0.000274133 0)
(0.105699 -7.40156e-05 0)
(0.106304 0.00015249 0)
(0.106907 0.000429565 0)
(0.107601 0.000653825 0)
(0.108178 0.000965075 0)
(0.109004 0.00128362 0)
(0.109755 0.00165064 0)
(0.110696 0.00204535 0)
(0.11155 0.00247847 0)
(0.112657 0.00293678 0)
(0.113676 0.00342106 0)
(0.114991 0.00389467 0)
(0.116124 0.00438199 0)
(0.0999917 -0.000239491 0)
(0.100225 -0.000583749 0)
(0.100573 -0.000862198 0)
(0.100937 -0.000944077 0)
(0.101288 -0.00106087 0)
(0.101631 -0.001076 0)
(0.101916 -0.00114318 0)
(0.102203 -0.00112902 0)
(0.102538 -0.0011589 0)
(0.102829 -0.00113893 0)
(0.103176 -0.00114168 0)
(0.103523 -0.00104216 0)
(0.103937 -0.00102051 0)
(0.104226 -0.000920272 0)
(0.10471 -0.000839238 0)
(0.105126 -0.000712034 0)
(0.105632 -0.000609845 0)
(0.106016 -0.000444298 0)
(0.106637 -0.000259955 0)
(0.107168 -2.58239e-05 0)
(0.107889 0.000153542 0)
(0.108449 0.000430126 0)
(0.109309 0.000703672 0)
(0.110023 0.000993208 0)
(0.110993 0.00129786 0)
(0.111809 0.00165061 0)
(0.112953 0.00202773 0)
(0.113962 0.00246348 0)
(0.115314 0.00288667 0)
(0.116466 0.00333573 0)
(0.0999742 -0.000694701 0)
(0.100351 -0.00135468 0)
(0.100706 -0.00157916 0)
(0.101105 -0.00160766 0)
(0.101309 -0.00167375 0)
(0.101581 -0.0017199 0)
(0.101636 -0.00177371 0)
(0.101809 -0.00176441 0)
(0.101877 -0.00176715 0)
(0.102029 -0.0017606 0)
(0.102053 -0.00173515 0)
(0.102205 -0.00163882 0)
(0.102253 -0.00161001 0)
(0.102381 -0.00153973 0)
(0.102491 -0.00147776 0)
(0.102674 -0.00138581 0)
(0.102749 -0.0012832 0)
(0.10296 -0.00112329 0)
(0.103226 -0.000980504 0)
(0.103603 -0.00083499 0)
(0.103927 -0.00072476 0)
(0.104338 -0.000508826 0)
(0.104793 -0.000281103 0)
(0.105418 -3.3374e-05 0)
(0.106108 0.000191806 0)
(0.106993 0.000446798 0)
(0.107939 0.000675945 0)
(0.10907 0.000972694 0)
(0.11023 0.00125411 0)
(0.111583 0.00159401 0)
(0.0990218 -0.000605416 0)
(0.0984525 -0.00114319 0)
(0.0974259 -0.00127612 0)
(0.0960124 -0.00128017 0)
(0.0943719 -0.00130188 0)
(0.0927897 -0.00132407 0)
(0.0911216 -0.00132822 0)
(0.0895996 -0.00131327 0)
(0.0880206 -0.00130566 0)
(0.086517 -0.00127508 0)
(0.0849367 -0.00119748 0)
(0.0835812 -0.00114527 0)
(0.0820991 -0.00114353 0)
(0.0807852 -0.00109893 0)
(0.0794208 -0.00100828 0)
(0.0782951 -0.000921117 0)
(0.0770597 -0.000880105 0)
(0.0761028 -0.000838404 0)
(0.0750789 -0.000783118 0)
(0.0743436 -0.000688003 0)
(0.0734987 -0.000555761 0)
(0.0730547 -0.000413616 0)
(0.0725383 -0.000334485 0)
(0.0724549 -0.000290261 0)
(0.0721928 -0.000245022 0)
(0.0724214 -0.000136523 0)
(0.0724703 4.00585e-05 0)
(0.0731587 0.000264264 0)
(0.0736581 0.000478077 0)
(0.0749103 0.000659006 0)
(0.0131351 0.0035127 0)
(0.0425046 0.0138296 0)
(0.0353437 0.0142716 0)
(0.0639341 0.0261569 8.83017e-22)
(0.0498483 0.0214637 6.88249e-22)
(0.0845061 0.0350827 0)
(0.0612881 0.0287621 2.87705e-22)
(0.101926 0.0416648 3.53247e-23)
(0.0779494 0.0361958 6.00047e-22)
(0.125124 0.0451468 0)
(0.0666881 0.0134175 0)
(0.0756409 0.0219421 0)
(0.0810891 0.0225445 0)
(0.0914502 0.0347965 0)
(0.0921344 0.032524 0)
(0.103533 0.0441916 1.8259e-22)
(0.104342 0.0409004 6.1209e-23)
(0.117366 0.0496119 -7.77856e-23)
(0.1192 0.0457741 -4.7359e-22)
(0.139926 0.0573664 -4.66239e-22)
(0.0873195 0.0219523 0)
(0.0913497 0.0223119 0)
(0.0943144 0.0277185 0)
(0.0982976 0.0313228 0)
(0.10292 0.0382727 0)
(0.107591 0.0342004 -1.82588e-22)
(0.115498 0.0438593 -6.12083e-23)
(0.122678 0.0412091 7.77852e-23)
(0.126158 0.039941 2.51863e-22)
(0.136298 0.0386583 4.66248e-22)
(0.095615 0.0199488 -3.8532e-22)
(0.0978529 0.0253119 0)
(0.100703 0.0265162 -3.09285e-22)
(0.103342 0.0300075 -2.59268e-22)
(0.108685 0.0350821 -1.81353e-22)
(0.112918 0.0336892 0)
(0.117663 0.0368553 0)
(0.125816 0.0418624 1.26217e-22)
(0.130206 0.0422068 2.68057e-22)
(0.134668 0.0364083 4.19688e-22)
(0.0988004 0.0214478 3.85322e-22)
(0.101505 0.0219335 0)
(0.104496 0.0269147 3.09285e-22)
(0.107151 0.0275343 2.59269e-22)
(0.111091 0.0340158 1.81353e-22)
(0.11647 0.0307773 0)
(0.118726 0.0344177 0)
(0.125867 0.0351103 -1.26217e-22)
(0.132751 0.0359592 -2.68055e-22)
(0.138439 0.0297408 -4.19692e-22)
(0.102333 0.0197509 0)
(0.104315 0.0221657 -2.78627e-22)
(0.106772 0.0249888 0)
(0.109676 0.0256127 -1.84338e-22)
(0.113527 0.0298964 0)
(0.118662 0.0289761 0)
(0.121501 0.0308927 0)
(0.127565 0.0321656 -1.45307e-22)
(0.133772 0.0336934 0)
(0.137997 0.027786 0)
(0.104413 0.0194602 2.74613e-22)
(0.106588 0.0200282 5.25515e-22)
(0.109264 0.0236104 2.05212e-22)
(0.112413 0.0236292 1.84338e-22)
(0.115321 0.0274781 0)
(0.120026 0.0263966 -2.58651e-23)
(0.123139 0.0282542 0)
(0.128076 0.0279868 1.45307e-22)
(0.134044 0.028746 0)
(0.138529 0.0238939 0)
(0.106667 0.0178725 -2.74613e-22)
(0.108738 0.0189508 -2.46888e-22)
(0.11115 0.0215775 -2.05213e-22)
(0.114164 0.0217898 0)
(0.117146 0.0245135 0)
(0.121353 0.0240209 2.58651e-23)
(0.124748 0.0251121 0)
(0.128991 0.0249583 0)
(0.134163 0.0259507 0)
(0.138176 0.0218735 0)
(0.108534 0.0167565 0)
(0.110491 0.0173121 -1.94913e-22)
(0.11289 0.0197109 0)
(0.115827 0.0197949 -1.11262e-22)
(0.118627 0.0219431 0)
(0.122317 0.0215543 0)
(0.125721 0.0227267 7.30504e-23)
(0.129514 0.0219333 1.54028e-22)
(0.13401 0.0220534 0)
(0.137846 0.019005 3.29839e-22)
(0.110193 0.0152264 0)
(0.112084 0.0158474 1.94914e-22)
(0.114368 0.0177219 0)
(0.117112 0.0179014 1.11262e-22)
(0.119874 0.019548 0)
(0.123135 0.0192094 0)
(0.126432 0.0199266 -7.30505e-23)
(0.130105 0.0192497 -1.54028e-22)
(0.133894 0.019589 0)
(0.137138 0.0169458 -3.2984e-22)
(0.111652 0.0137774 9.07605e-23)
(0.11344 0.0142724 0)
(0.115644 0.0158241 0)
(0.118221 0.0159276 4.03697e-23)
(0.120857 0.0171948 0)
(0.123875 0.016959 0)
(0.12698 0.0176566 0)
(0.130216 0.0167199 -7.54668e-23)
(0.13359 0.0166396 0)
(0.136785 0.0145775 0)
(0.1129 0.0122744 -7.91349e-24)
(0.114616 0.0127249 0)
(0.116726 0.0139601 5.4357e-23)
(0.119143 0.0141096 -5.70946e-24)
(0.121652 0.0150809 0)
(0.124414 0.0148018 0)
(0.127337 0.0152701 -4.18044e-23)
(0.130404 0.0144964 7.54669e-23)
(0.13339 0.0144148 -1.07218e-22)
(0.136156 0.0125957 -1.41956e-22)
(0.114014 0.0107438 -6.70338e-24)
(0.115664 0.0111344 0)
(0.117662 0.0121317 -5.64143e-24)
(0.119925 0.0122216 -4.63097e-24)
(0.122319 0.0129744 8.96976e-24)
(0.1249 0.01276 1.50287e-23)
(0.127584 0.0131185 -3.08507e-25)
(0.130356 0.0123213 -7.18524e-23)
(0.133106 0.0121044 4.27966e-24)
(0.13571 0.0106271 6.60144e-24)
(0.114968 0.00930347 -7.61439e-23)
(0.116557 0.00964669 0)
(0.118461 0.0104471 -4.87157e-23)
(0.120592 0.0105423 -3.00294e-23)
(0.122844 0.0111102 -8.96977e-24)
(0.125249 0.01088 -3.15794e-23)
(0.127774 0.0111011 4.21131e-23)
(0.130345 0.0104188 7.18525e-23)
(0.132841 0.0101662 1.02939e-22)
(0.135214 0.00887659 1.35355e-22)
(0.115869 0.00775737 0)
(0.117407 0.00804984 0)
(0.119205 0.00869023 0)
(0.121191 0.00876049 0)
(0.123317 0.00919115 0)
(0.125555 0.00899746 1.65507e-23)
(0.127883 0.00912883 0)
(0.13024 0.00851557 0)
(0.132565 0.00823321 0)
(0.134778 0.00716527 0)
(0.116676 0.00644873 0)
(0.118143 0.00671638 0)
(0.119875 0.00722959 0)
(0.121724 0.00729432 0)
(0.123742 0.00759959 0)
(0.125814 0.00740064 8.93949e-24)
(0.128007 0.00742833 0)
(0.130179 0.00688589 0)
(0.132345 0.00657835 0)
(0.134389 0.00566248 0)
(0.117544 0.00485184 0)
(0.118884 0.00509666 0)
(0.120561 0.0055076 1.72982e-23)
(0.12218 0.00558358 0)
(0.124101 0.0058083 8.77498e-25)
(0.125924 0.00564975 -8.93951e-24)
(0.128003 0.00563011 0)
(0.129928 0.00517771 -3.16346e-23)
(0.132 0.00488321 0)
(0.133834 0.00414143 0)
(0.11794 0.00374693 0)
(0.118982 0.0039957 0)
(0.120697 0.00430907 -1.72983e-23)
(0.121965 0.00437169 0)
(0.123909 0.00447688 -8.77501e-25)
(0.125344 0.00429312 0)
(0.127433 0.00417098 0)
(0.128932 0.0037465 3.16348e-23)
(0.130999 0.00341513 0)
(0.132364 0.00278625 0)
(0.112973 0.00190001 -6.84042e-24)
(0.113501 0.00214356 -5.51348e-24)
(0.11523 0.00239098 -3.97765e-24)
(0.115994 0.00250162 0)
(0.118046 0.0025746 -1.82287e-25)
(0.11894 0.00247654 0)
(0.121152 0.00235644 4.6398e-24)
(0.121952 0.00207129 0)
(0.124082 0.00179665 1.04226e-23)
(0.124504 0.00137449 1.36046e-23)
(0.0759002 0.000771032 6.83964e-24)
(0.0765024 0.000803399 5.5128e-24)
(0.0779789 0.000794344 3.97713e-24)
(0.0788281 0.000740833 0)
(0.0805658 0.000651281 1.8226e-25)
(0.0813641 0.000530263 0)
(0.0830689 0.000384909 -4.63905e-24)
(0.0834763 0.000221187 0)
(0.0848594 3.65917e-05 -1.04207e-23)
(0.0845168 -0.000146008 -1.3602e-23)
(0.00866893 -0.00103746 0)
(0.0153889 0.00657655 0)
(0.00737525 0.00713753 0)
(0.00573332 0.00511541 0)
(-0.0290096 0.0169615 0)
(-0.0740068 0.0161011 0)
(-0.101595 0.0110804 0)
(-0.122057 0.00754082 0)
(-0.13306 0.00449062 0)
(-0.134775 0.000818875 0)
(-0.131284 -0.00112623 0)
(-0.11933 -0.00398948 0)
(-0.106628 -0.00473931 0)
(-0.0855056 -0.0061575 0)
(-0.0677612 -0.0066246 0)
(-0.043371 -0.00704663 0)
(-0.0217764 -0.00673394 0)
(-0.000390734 -0.00576123 0)
(0.0173738 -0.00454219 0)
(0.03179 -0.00327014 0)
(0.0428484 -0.00216236 0)
(0.0511827 -0.0012682 0)
(0.0572772 -0.000524112 0)
(0.0615046 0.000123442 0)
(0.0639777 0.000692801 0)
(0.0648731 0.00116882 0)
(0.064383 0.00153161 0)
(0.0628367 0.00171753 0)
(0.060528 0.00171515 0)
(0.0578973 0.00156498 0)
(0.055216 0.00132519 0)
(0.0527886 0.00105066 0)
(0.0506697 0.000787146 0)
(0.0489634 0.000559722 0)
(0.0475929 0.000380432 0)
(0.0465311 0.000244753 0)
(0.0457447 0.00015261 0)
(0.0450619 8.77806e-05 0)
(0.0446885 5.50451e-05 0)
(0.044116 3.64948e-05 0)
(0.00711062 -0.0173968 0)
(0.0146239 -0.00500361 0)
(0.0137912 -0.000452578 0)
(-0.0259976 0.0223116 0)
(-0.0653781 0.0374634 0)
(-0.0961128 0.0333687 0)
(-0.112585 0.0226264 0)
(-0.127789 0.0152277 0)
(-0.131629 0.00567632 0)
(-0.130667 -0.00215538 0)
(-0.123181 -0.00981994 0)
(-0.108612 -0.0148711 0)
(-0.0956225 -0.0195269 0)
(-0.0737741 -0.0224182 0)
(-0.0558003 -0.0241789 0)
(-0.0314577 -0.0257778 0)
(-0.00978149 -0.0245191 0)
(0.0121602 -0.0220433 0)
(0.030642 -0.0184107 0)
(0.0458448 -0.0146906 0)
(0.0578158 -0.0114283 0)
(0.0674078 -0.00877532 0)
(0.0750372 -0.00659171 0)
(0.0812302 -0.00470539 0)
(0.0861139 -0.0029974 0)
(0.0899806 -0.0014492 0)
(0.0927274 -6.53211e-05 0)
(0.0944417 0.00102311 0)
(0.0951024 0.00178228 0)
(0.0950941 0.0021768 0)
(0.0946126 0.00228121 0)
(0.0940021 0.0021374 0)
(0.0933651 0.00190145 0)
(0.0927951 0.00158441 0)
(0.0923537 0.00132197 0)
(0.0919058 0.00103949 0)
(0.0916547 0.000868532 0)
(0.0912294 0.000661417 0)
(0.091113 0.000583333 0)
(0.0906342 0.000434523 0)
(0.00255922 -0.0164309 0)
(-0.0137954 0.00274654 0)
(-0.0293653 0.0352721 0)
(-0.0454576 0.0567522 0)
(-0.0677247 0.0634217 0)
(-0.0799171 0.0494958 0)
(-0.0917279 0.034624 0)
(-0.100342 0.0222077 0)
(-0.102156 0.00805547 0)
(-0.0976525 -0.00529805 0)
(-0.0890808 -0.0168483 0)
(-0.0745841 -0.0249343 0)
(-0.0608235 -0.0299956 0)
(-0.0444188 -0.0352046 0)
(-0.027644 -0.0381981 0)
(-0.00935158 -0.0407082 0)
(0.00903359 -0.039367 0)
(0.0272832 -0.0355348 0)
(0.0434409 -0.029378 0)
(0.0565405 -0.0230985 0)
(0.0663264 -0.0178771 0)
(0.0740695 -0.0138101 0)
(0.0803668 -0.010564 0)
(0.0855415 -0.00793675 0)
(0.0896329 -0.00571461 0)
(0.0932662 -0.00369612 0)
(0.096555 -0.00175279 0)
(0.0995385 -3.10763e-05 0)
(0.101741 0.00129436 0)
(0.103145 0.00202026 0)
(0.10373 0.00225766 0)
(0.103915 0.00208343 0)
(0.103865 0.00177986 0)
(0.103828 0.00138482 0)
(0.103833 0.0010942 0)
(0.103903 0.000808277 0)
(0.104027 0.000667438 0)
(0.104141 0.000516828 0)
(0.104245 0.000477265 0)
(0.104327 0.000408598 0)
(0.00479067 -0.00842284 0)
(-0.012653 0.0203583 0)
(-0.0168479 0.0271202 0)
(-0.0350742 0.0547865 0)
(-0.0492045 0.0620792 0)
(-0.0552536 0.0502048 0)
(-0.0625385 0.0367384 0)
(-0.0661753 0.022743 0)
(-0.0649989 0.00529774 0)
(-0.0581488 -0.0114113 0)
(-0.0477337 -0.0262072 0)
(-0.0339459 -0.0356438 0)
(-0.0204968 -0.0411265 0)
(-0.00621735 -0.045916 0)
(0.00659445 -0.0494224 0)
(0.0206755 -0.0522509 0)
(0.0339664 -0.051304 0)
(0.046172 -0.0470151 0)
(0.0575174 -0.039576 0)
(0.067897 -0.0309402 0)
(0.0754632 -0.0237261 0)
(0.0807372 -0.0185883 0)
(0.0852691 -0.0145342 0)
(0.0895306 -0.0110602 0)
(0.0926366 -0.00832927 0)
(0.094753 -0.00631254 0)
(0.0965494 -0.0045206 0)
(0.0988396 -0.00267016 0)
(0.10135 -0.00079941 0)
(0.103765 0.000686363 0)
(0.105483 0.00162748 0)
(0.106536 0.00192326 0)
(0.106915 0.00185292 0)
(0.10701 0.00150249 0)
(0.106899 0.00117361 0)
(0.106861 0.000827133 0)
(0.106811 0.000629601 0)
(0.10691 0.000465866 0)
(0.106938 0.00040397 0)
(0.107113 0.00036257 0)
(0.0120771 -0.0136911 0)
(-0.01366 0.0158497 0)
(-0.0192357 0.044814 0)
(-0.0178896 0.0710951 0)
(-0.0184632 0.0768562 0)
(-0.0165975 0.0628644 0)
(-0.0222415 0.0451411 0)
(-0.0215869 0.0259317 0)
(-0.0185156 0.00448601 0)
(-0.0115188 -0.0172002 0)
(-0.00308296 -0.034253 0)
(0.00699625 -0.0450392 0)
(0.0172449 -0.0503033 0)
(0.0278035 -0.0539256 0)
(0.0387315 -0.0567441 0)
(0.0493473 -0.0597995 0)
(0.0593761 -0.0584272 0)
(0.0674763 -0.0526737 0)
(0.0721671 -0.0451433 0)
(0.0771325 -0.0359778 0)
(0.0825349 -0.0269373 0)
(0.0858658 -0.0207772 0)
(0.0878382 -0.0169092 0)
(0.0906329 -0.0132638 0)
(0.0937639 -0.00949863 0)
(0.0958683 -0.00657161 0)
(0.0965022 -0.00475327 0)
(0.0968948 -0.0035237 0)
(0.097846 -0.00224604 0)
(0.0997119 -0.000918327 0)
(0.101907 0.000297884 0)
(0.104073 0.0010882 0)
(0.105679 0.00149288 0)
(0.106769 0.00145706 0)
(0.107292 0.00125702 0)
(0.107557 0.000922216 0)
(0.107595 0.000666929 0)
(0.107651 0.000453938 0)
(0.107623 0.000349595 0)
(0.107697 0.000288208 0)
(0.00281491 -0.00461751 0)
(-0.0162623 0.048128 0)
(0.00498834 0.0347562 0)
(0.00828379 0.0599577 0)
(0.0137215 0.0636981 0)
(0.019359 0.0517185 0)
(0.0208609 0.0370181 0)
(0.0258645 0.0188637 0)
(0.0307856 -0.00155924 0)
(0.0370224 -0.0226974 0)
(0.0426122 -0.0396356 0)
(0.0469418 -0.0500884 0)
(0.051076 -0.0560351 0)
(0.0556039 -0.0601744 0)
(0.0633199 -0.0639258 0)
(0.0715884 -0.066391 0)
(0.0772346 -0.0647756 0)
(0.0831724 -0.0563115 0)
(0.0857649 -0.0464072 0)
(0.0848657 -0.0382714 0)
(0.0863437 -0.029739 0)
(0.0893567 -0.0221051 0)
(0.090604 -0.0177109 0)
(0.0911831 -0.0151188 0)
(0.0929093 -0.0119297 0)
(0.09542 -0.00815334 0)
(0.0968477 -0.00512835 0)
(0.0968816 -0.00350093 0)
(0.0962903 -0.00271432 0)
(0.0963685 -0.00216287 0)
(0.0974032 -0.00144651 0)
(0.0993498 -0.000744391 0)
(0.101545 -7.01099e-05 0)
(0.103677 0.000317662 0)
(0.105322 0.000560908 0)
(0.106514 0.000560357 0)
(0.107205 0.000520062 0)
(0.107603 0.000413764 0)
(0.107763 0.000339106 0)
(0.107831 0.00028969 0)
(-0.0599522 -0.00717672 0)
(-0.00553333 0.0114649 0)
(-0.0040673 0.0205606 0)
(0.0336116 0.0597737 0)
(0.0522353 0.0692459 0)
(0.0660611 0.060207 0)
(0.0712989 0.0435189 0)
(0.0763322 0.0217289 0)
(0.08033 -0.00178468 0)
(0.0840695 -0.0231406 0)
(0.0845505 -0.0391036 0)
(0.0845551 -0.0501262 0)
(0.0842152 -0.0565328 0)
(0.0867086 -0.0621678 0)
(0.0905633 -0.0681028 0)
(0.0949154 -0.0699797 0)
(0.0955234 -0.0671034 0)
(0.0939918 -0.0583721 0)
(0.0944014 -0.0455447 0)
(0.0921588 -0.0358794 0)
(0.0891358 -0.029851 0)
(0.0897305 -0.0237066 0)
(0.0918681 -0.0181248 0)
(0.0928271 -0.0147512 0)
(0.0930909 -0.0123918 0)
(0.0943331 -0.00935973 0)
(0.0961617 -0.00584783 0)
(0.0974956 -0.00318566 0)
(0.0976219 -0.00193325 0)
(0.0972151 -0.00177828 0)
(0.0969451 -0.00188958 0)
(0.0974819 -0.00191315 0)
(0.0987101 -0.00160451 0)
(0.100498 -0.00121428 0)
(0.102409 -0.000733646 0)
(0.104191 -0.000393028 0)
(0.105629 -8.01717e-05 0)
(0.10664 7.9399e-05 0)
(0.107272 0.000203538 0)
(0.10768 0.000239858 0)
(0.103758 0.040544 0)
(0.0733021 0.0174966 0)
(0.0481769 0.00825574 0)
(0.0446163 0.0227409 0)
(0.0657191 0.0387675 0)
(0.0839527 0.0392381 0)
(0.097057 0.0298603 0)
(0.106382 0.0134327 0)
(0.112901 -0.00603673 0)
(0.114896 -0.0252173 0)
(0.113831 -0.0403575 0)
(0.113156 -0.0512367 0)
(0.113075 -0.0590815 0)
(0.115492 -0.0644105 0)
(0.118029 -0.0688861 0)
(0.115683 -0.070377 0)
(0.111309 -0.065511 0)
(0.104901 -0.0564196 0)
(0.100018 -0.0449026 0)
(0.0980026 -0.0338201 0)
(0.0955112 -0.0272148 0)
(0.0935111 -0.0235169 0)
(0.0936357 -0.0197248 0)
(0.0947582 -0.0159043 0)
(0.095305 -0.0128797 0)
(0.0956889 -0.0102343 0)
(0.0966102 -0.00732228 0)
(0.0982395 -0.00449885 0)
(0.099813 -0.00244505 0)
(0.100968 -0.00158501 0)
(0.101416 -0.00155219 0)
(0.101527 -0.00197955 0)
(0.101504 -0.00227539 0)
(0.101766 -0.00242292 0)
(0.102365 -0.00217597 0)
(0.103327 -0.00182591 0)
(0.104432 -0.00130131 0)
(0.105539 -0.000814677 0)
(0.106327 -0.000443427 0)
(0.107143 -2.47631e-05 0)
(0.139951 0.0442835 0)
(0.132288 0.0402333 0)
(0.125434 0.0391943 0)
(0.108804 0.0407115 0)
(0.107091 0.0387904 0)
(0.113609 0.0335749 0)
(0.12274 0.0234368 0)
(0.131415 0.008798 0)
(0.138441 -0.00807817 0)
(0.141803 -0.0246147 0)
(0.141264 -0.0395533 0)
(0.141331 -0.050949 0)
(0.142763 -0.0580633 0)
(0.140485 -0.0641688 0)
(0.136459 -0.0669232 0)
(0.128474 -0.0649562 0)
(0.116082 -0.0592073 0)
(0.106424 -0.05008 0)
(0.100561 -0.0408449 0)
(0.0985466 -0.0331378 0)
(0.0992394 -0.0269981 0)
(0.100176 -0.0223367 0)
(0.100173 -0.0187657 0)
(0.0996603 -0.0157741 0)
(0.099206 -0.0130063 0)
(0.0992949 -0.0103005 0)
(0.0998112 -0.00770455 0)
(0.100712 -0.00554862 0)
(0.101786 -0.00397825 0)
(0.103202 -0.00301889 0)
(0.104714 -0.00234933 0)
(0.106122 -0.00195886 0)
(0.106923 -0.00168835 0)
(0.10709 -0.00170823 0)
(0.106762 -0.00174074 0)
(0.106345 -0.0017988 0)
(0.106066 -0.00163138 0)
(0.106153 -0.00127683 0)
(0.106263 -0.000958777 0)
(0.106841 -0.000369774 0)
(0.146858 0.0417551 0)
(0.146954 0.0376739 0)
(0.148098 0.0320645 0)
(0.147621 0.0349402 0)
(0.150246 0.0356153 0)
(0.154858 0.0299458 0)
(0.159838 0.0185313 0)
(0.164715 0.00404942 0)
(0.169415 -0.0116253 0)
(0.17164 -0.0254668 0)
(0.170606 -0.0380454 0)
(0.164933 -0.0507019 0)
(0.160022 -0.0578644 0)
(0.154829 -0.0592706 0)
(0.142691 -0.0598943 0)
(0.130202 -0.0565288 0)
(0.118738 -0.049957 0)
(0.108641 -0.0439146 0)
(0.103445 -0.0376613 0)
(0.101902 -0.0320324 0)
(0.101606 -0.0282664 0)
(0.102452 -0.0245805 0)
(0.104035 -0.0198072 0)
(0.104602 -0.0154709 0)
(0.103564 -0.0127677 0)
(0.10265 -0.0108296 0)
(0.10313 -0.00849055 0)
(0.104609 -0.00601427 0)
(0.105635 -0.00429924 0)
(0.105756 -0.0037883 0)
(0.105434 -0.00377469 0)
(0.105577 -0.00369403 0)
(0.106361 -0.0031009 0)
(0.107548 -0.00244355 0)
(0.108497 -0.00177766 0)
(0.108982 -0.00144245 0)
(0.108838 -0.00126452 0)
(0.108423 -0.00103227 0)
(0.107903 -0.00099997 0)
(0.107408 -0.000483721 0)
(0.145089 0.0369714 0)
(0.14981 0.0360097 0)
(0.152971 0.0330147 0)
(0.156941 0.0333794 0)
(0.163294 0.033816 0)
(0.171332 0.0282453 0)
(0.177065 0.0169345 0)
(0.180458 0.00218961 0)
(0.18193 -0.0123281 0)
(0.180782 -0.0241533 0)
(0.177949 -0.0340336 0)
(0.171108 -0.0436692 0)
(0.159301 -0.051263 0)
(0.149649 -0.0519466 0)
(0.139602 -0.0497579 0)
(0.127504 -0.0484251 0)
(0.120299 -0.0441587 0)
(0.116288 -0.0392533 0)
(0.112617 -0.0360107 0)
(0.110815 -0.031729 0)
(0.109355 -0.0270454 0)
(0.106431 -0.0236949 0)
(0.10425 -0.020078 0)
(0.104206 -0.0153376 0)
(0.104411 -0.0115537 0)
(0.103729 -0.0099922 0)
(0.103286 -0.00918647 0)
(0.104433 -0.00742673 0)
(0.10642 -0.00479247 0)
(0.107472 -0.00277073 0)
(0.106606 -0.00210184 0)
(0.104658 -0.00253781 0)
(0.102983 -0.00302667 0)
(0.102487 -0.00314433 0)
(0.103247 -0.00263953 0)
(0.104634 -0.0019035 0)
(0.106312 -0.00110321 0)
(0.107301 -0.000518678 0)
(0.108196 -0.00016534 0)
(0.108061 9.3206e-06 0)
(0.145389 0.031183 0)
(0.14913 0.0335933 0)
(0.152157 0.0299558 0)
(0.156211 0.0269763 0)
(0.1636 0.0252217 0)
(0.17243 0.0201449 0)
(0.179529 0.0116322 0)
(0.182645 0.000530717 0)
(0.180327 -0.0112862 0)
(0.177068 -0.022499 0)
(0.173518 -0.0317362 0)
(0.16747 -0.0382809 0)
(0.157852 -0.043541 0)
(0.146946 -0.0460595 0)
(0.140117 -0.0439602 0)
(0.133683 -0.0421927 0)
(0.126008 -0.041536 0)
(0.121222 -0.0380701 0)
(0.117423 -0.0337379 0)
(0.113156 -0.0300855 0)
(0.11044 -0.0255492 0)
(0.108244 -0.0210568 0)
(0.105251 -0.0180553 0)
(0.103292 -0.0153603 0)
(0.103566 -0.0122123 0)
(0.104605 -0.00984577 0)
(0.104669 -0.00894056 0)
(0.104096 -0.00835093 0)
(0.104077 -0.00661567 0)
(0.104861 -0.00402586 0)
(0.105552 -0.0017968 0)
(0.105437 -0.00110072 0)
(0.104491 -0.0016031 0)
(0.103229 -0.00281476 0)
(0.102327 -0.00359099 0)
(0.102073 -0.00392982 0)
(0.102587 -0.00339987 0)
(0.103617 -0.00251882 0)
(0.104569 -0.00161421 0)
(0.105956 -0.000390106 0)
(0.142297 0.0278527 0)
(0.146801 0.0297851 0)
(0.150956 0.0270909 0)
(0.155766 0.0226333 0)
(0.162222 0.019534 0)
(0.168821 0.015231 0)
(0.174507 0.00877539 0)
(0.17663 0.00157169 0)
(0.174872 -0.00804624 0)
(0.171789 -0.0190229 0)
(0.168267 -0.0272603 0)
(0.1629 -0.0326801 0)
(0.155508 -0.0359906 0)
(0.146836 -0.0380767 0)
(0.13923 -0.0390113 0)
(0.133991 -0.0374992 0)
(0.127569 -0.0353609 0)
(0.120918 -0.0331622 0)
(0.117183 -0.0295597 0)
(0.114132 -0.025795 0)
(0.110743 -0.0227111 0)
(0.108988 -0.0193288 0)
(0.108694 -0.0160141 0)
(0.108193 -0.0137986 0)
(0.107474 -0.0123194 0)
(0.107386 -0.0106163 0)
(0.107557 -0.00856925 0)
(0.107023 -0.00670255 0)
(0.105676 -0.00509808 0)
(0.104544 -0.00367639 0)
(0.104375 -0.00238539 0)
(0.105349 -0.00160569 0)
(0.106747 -0.0012301 0)
(0.108021 -0.00134392 0)
(0.108366 -0.00156118 0)
(0.108083 -0.00186946 0)
(0.10705 -0.00206643 0)
(0.106307 -0.00187035 0)
(0.105475 -0.00183259 0)
(0.105335 -0.00101882 0)
(0.14175 0.0243228 0)
(0.145958 0.0261323 0)
(0.150547 0.023473 0)
(0.154907 0.0185052 0)
(0.15919 0.0150865 0)
(0.164087 0.0111032 0)
(0.167555 0.00632752 0)
(0.16954 0.000961347 0)
(0.170291 -0.00703559 0)
(0.167646 -0.0168482 0)
(0.163696 -0.0245027 0)
(0.159305 -0.0285972 0)
(0.152991 -0.0314832 0)
(0.146343 -0.033885 0)
(0.139779 -0.0350277 0)
(0.133981 -0.0343269 0)
(0.129702 -0.0320757 0)
(0.12475 -0.0302174 0)
(0.119908 -0.0285669 0)
(0.117332 -0.0254397 0)
(0.115529 -0.0220973 0)
(0.113128 -0.0199724 0)
(0.111547 -0.0179175 0)
(0.111371 -0.0149176 0)
(0.11108 -0.0120108 0)
(0.109651 -0.0102318 0)
(0.107968 -0.008972 0)
(0.107194 -0.00725668 0)
(0.10739 -0.00501834 0)
(0.107799 -0.00323125 0)
(0.107821 -0.00254247 0)
(0.107417 -0.0030256 0)
(0.107047 -0.003737 0)
(0.107075 -0.00416747 0)
(0.107697 -0.00382383 0)
(0.108449 -0.0031646 0)
(0.109255 -0.00228268 0)
(0.109236 -0.00150039 0)
(0.109353 -0.000976251 0)
(0.108265 -0.000323612 0)
(0.140648 0.0214388 0)
(0.144635 0.0221328 0)
(0.149454 0.0199757 0)
(0.153061 0.0160365 0)
(0.156565 0.0122872 0)
(0.159939 0.00880759 0)
(0.162071 0.00489519 0)
(0.164254 -0.00023021 0)
(0.165692 -0.00639474 0)
(0.164028 -0.013718 0)
(0.159764 -0.0208249 0)
(0.155403 -0.024794 0)
(0.150993 -0.0266941 0)
(0.145799 -0.0286114 0)
(0.140281 -0.0297646 0)
(0.134234 -0.0298269 0)
(0.129369 -0.0286939 0)
(0.126386 -0.026287 0)
(0.122752 -0.024314 0)
(0.118501 -0.0225949 0)
(0.116109 -0.0195271 0)
(0.114874 -0.0161644 0)
(0.11284 -0.0143153 0)
(0.110522 -0.0129897 0)
(0.109348 -0.0106258 0)
(0.108894 -0.00793709 0)
(0.108081 -0.00640346 0)
(0.106973 -0.00598714 0)
(0.106564 -0.00533713 0)
(0.107243 -0.00383767 0)
(0.10824 -0.00195516 0)
(0.10846 -0.000851793 0)
(0.107359 -0.000800237 0)
(0.105552 -0.00166683 0)
(0.103676 -0.00243305 0)
(0.102666 -0.00286987 0)
(0.102125 -0.0025082 0)
(0.102576 -0.0018381 0)
(0.102741 -0.00106604 0)
(0.103747 -0.000189963 0)
(0.140157 0.0189608 0)
(0.143866 0.0188519 0)
(0.147818 0.0167559 0)
(0.151061 0.0133521 0)
(0.154101 0.0100239 0)
(0.156508 0.00702351 0)
(0.158479 0.0033043 0)
(0.159825 -0.00136189 0)
(0.160636 -0.00640838 0)
(0.160483 -0.0119576 0)
(0.157188 -0.0176196 0)
(0.152314 -0.0218549 0)
(0.148737 -0.0242151 0)
(0.144719 -0.0256721 0)
(0.139854 -0.026279 0)
(0.135578 -0.0261765 0)
(0.131064 -0.0263 0)
(0.12671 -0.0253181 0)
(0.123842 -0.0224663 0)
(0.121139 -0.0200725 0)
(0.118142 -0.0190177 0)
(0.116211 -0.01736 0)
(0.115188 -0.0146271 0)
(0.113534 -0.0122933 0)
(0.111532 -0.010807 0)
(0.110524 -0.0093372 0)
(0.11066 -0.00758727 0)
(0.110628 -0.00615148 0)
(0.109663 -0.00525741 0)
(0.108249 -0.00455233 0)
(0.107424 -0.00354947 0)
(0.107563 -0.00250036 0)
(0.10837 -0.00171241 0)
(0.109189 -0.00153488 0)
(0.109409 -0.0017265 0)
(0.108973 -0.0020218 0)
(0.108016 -0.00219903 0)
(0.10711 -0.00193858 0)
(0.106325 -0.00179052 0)
(0.105846 -0.00105395 0)
(0.139599 0.0162002 0)
(0.142862 0.0157087 0)
(0.146269 0.0141751 0)
(0.149281 0.0113393 0)
(0.151577 0.00823601 0)
(0.153614 0.00546005 0)
(0.155642 0.00245544 0)
(0.156686 -0.00166872 0)
(0.156693 -0.00664358 0)
(0.156239 -0.0108922 0)
(0.15464 -0.0145821 0)
(0.150996 -0.018516 0)
(0.146815 -0.0211769 0)
(0.143283 -0.0221855 0)
(0.139441 -0.0232292 0)
(0.135545 -0.0235656 0)
(0.132126 -0.0223398 0)
(0.12813 -0.0212118 0)
(0.124428 -0.0204523 0)
(0.122298 -0.0185949 0)
(0.120501 -0.0161169 0)
(0.117812 -0.0142592 0)
(0.115408 -0.0126155 0)
(0.114142 -0.0105278 0)
(0.11339 -0.00858834 0)
(0.112277 -0.00744952 0)
(0.111011 -0.00664162 0)
(0.109988 -0.00540828 0)
(0.109343 -0.00366318 0)
(0.108799 -0.00213858 0)
(0.108305 -0.00133555 0)
(0.10788 -0.00143713 0)
(0.10753 -0.00188843 0)
(0.107223 -0.00234991 0)
(0.106823 -0.00227937 0)
(0.106434 -0.0019252 0)
(0.105912 -0.00124392 0)
(0.105538 -0.000694968 0)
(0.105172 -0.000217784 0)
(0.104946 0.000122747 0)
(0.139149 0.0140597 0)
(0.14181 0.0133405 0)
(0.144763 0.0116291 0)
(0.147408 0.00939659 0)
(0.149587 0.00691247 0)
(0.151313 0.00403194 0)
(0.15271 0.00112824 0)
(0.153975 -0.00190959 0)
(0.154169 -0.00581715 0)
(0.152818 -0.0101381 0)
(0.151326 -0.0134533 0)
(0.149395 -0.0158843 0)
(0.145874 -0.0184094 0)
(0.142207 -0.0200993 0)
(0.139269 -0.0204305 0)
(0.135651 -0.0206689 0)
(0.131951 -0.0206987 0)
(0.129244 -0.0195054 0)
(0.12658 -0.0179788 0)
(0.123417 -0.0168763 0)
(0.120879 -0.0153633 0)
(0.119105 -0.0132616 0)
(0.117454 -0.0115685 0)
(0.115712 -0.010464 0)
(0.114321 -0.00912735 0)
(0.113154 -0.00729402 0)
(0.111986 -0.00559501 0)
(0.110715 -0.00462581 0)
(0.109766 -0.00416524 0)
(0.109287 -0.00371576 0)
(0.109273 -0.00292103 0)
(0.109256 -0.00202561 0)
(0.108989 -0.00130681 0)
(0.10832 -0.00102163 0)
(0.107468 -0.00107118 0)
(0.106655 -0.00122792 0)
(0.106001 -0.0013907 0)
(0.105626 -0.00126096 0)
(0.105364 -0.00124265 0)
(0.105322 -0.000827533 0)
(0.138448 0.0118677 0)
(0.140968 0.0110304 0)
(0.143496 0.00968122 0)
(0.145732 0.00771737 0)
(0.147765 0.00543252 0)
(0.149364 0.00318038 0)
(0.150473 0.000524456 0)
(0.151234 -0.00263638 0)
(0.151546 -0.00558795 0)
(0.150904 -0.00857567 0)
(0.149129 -0.0119269 0)
(0.147 -0.0144254 0)
(0.144802 -0.0158487 0)
(0.141801 -0.0173462 0)
(0.13856 -0.0184435 0)
(0.135753 -0.0182068 0)
(0.132846 -0.0176836 0)
(0.129702 -0.0174015 0)
(0.127059 -0.0163409 0)
(0.124715 -0.0145229 0)
(0.122391 -0.0130473 0)
(0.120287 -0.0119015 0)
(0.118625 -0.010333 0)
(0.116932 -0.00842554 0)
(0.115186 -0.00688513 0)
(0.113662 -0.00591974 0)
(0.112712 -0.00506679 0)
(0.111988 -0.00400263 0)
(0.111226 -0.00278924 0)
(0.110207 -0.00183352 0)
(0.109235 -0.00126469 0)
(0.108452 -0.0011446 0)
(0.108023 -0.00115389 0)
(0.107733 -0.00124147 0)
(0.107489 -0.00110865 0)
(0.107114 -0.000932761 0)
(0.106715 -0.000588187 0)
(0.1062 -0.000323372 0)
(0.105886 -7.45054e-05 0)
(0.10539 0.000110832 0)
(0.137894 0.00996147 0)
(0.140075 0.00912177 0)
(0.142292 0.0078207 0)
(0.144364 0.00618348 0)
(0.146093 0.00428813 0)
(0.147503 0.00210187 0)
(0.148658 -0.00016043 0)
(0.14921 -0.00257218 0)
(0.149137 -0.00543032 0)
(0.148676 -0.00815761 0)
(0.147564 -0.0103657 0)
(0.145558 -0.0125906 0)
(0.143354 -0.0145267 0)
(0.141139 -0.0154006 0)
(0.138472 -0.0158855 0)
(0.135595 -0.0164156 0)
(0.133116 -0.0161988 0)
(0.130598 -0.0151856 0)
(0.127932 -0.0142161 0)
(0.125557 -0.0132795 0)
(0.123593 -0.0118946 0)
(0.121499 -0.0102563 0)
(0.119421 -0.0088625 0)
(0.117652 -0.00771095 0)
(0.116324 -0.00650734 0)
(0.114982 -0.00523603 0)
(0.113584 -0.00409486 0)
(0.112157 -0.00326157 0)
(0.111084 -0.00264006 0)
(0.110296 -0.00213736 0)
(0.109826 -0.00160728 0)
(0.109319 -0.00113348 0)
(0.108796 -0.000746412 0)
(0.108095 -0.000563279 0)
(0.107439 -0.000524284 0)
(0.106773 -0.000547208 0)
(0.106293 -0.000606095 0)
(0.105879 -0.000548691 0)
(0.105665 -0.000562712 0)
(0.105438 -0.000405945 0)
(0.137298 0.0081928 0)
(0.139328 0.00737245 0)
(0.141306 0.00625842 0)
(0.143108 0.00484256 0)
(0.14472 0.00317773 0)
(0.145991 0.00136111 0)
(0.146859 -0.000667325 0)
(0.147411 -0.00288036 0)
(0.147488 -0.0050776 0)
(0.14684 -0.00730275 0)
(0.145803 -0.00951736 0)
(0.144442 -0.0112487 0)
(0.142508 -0.012559 0)
(0.140251 -0.0137233 0)
(0.138152 -0.0143665 0)
(0.135871 -0.0143062 0)
(0.13336 -0.0140242 0)
(0.13098 -0.0135781 0)
(0.128851 -0.0126505 0)
(0.126578 -0.0113591 0)
(0.12434 -0.0100835 0)
(0.122318 -0.00885998 0)
(0.120574 -0.00754582 0)
(0.118765 -0.00620314 0)
(0.117004 -0.00500065 0)
(0.115359 -0.00401343 0)
(0.114076 -0.00313251 0)
(0.112923 -0.00231855 0)
(0.111918 -0.00155011 0)
(0.110857 -0.00096916 0)
(0.109951 -0.000551654 0)
(0.10911 -0.000381018 0)
(0.108523 -0.000269335 0)
(0.107964 -0.000274171 0)
(0.107559 -0.000182139 0)
(0.107052 -0.000143512 0)
(0.1067 1.43258e-05 0)
(0.106186 9.15329e-05 0)
(0.105968 0.000212642 0)
(0.105471 0.000264974 0)
(0.13675 0.00653863 0)
(0.13861 0.00578571 0)
(0.140399 0.00479832 0)
(0.142052 0.00359571 0)
(0.143483 0.00218906 0)
(0.144622 0.000600138 0)
(0.145456 -0.00111939 0)
(0.145857 -0.00294455 0)
(0.145843 -0.0048962 0)
(0.145421 -0.00679177 0)
(0.14452 -0.00850881 0)
(0.143164 -0.01008 0)
(0.141631 -0.0113661 0)
(0.139846 -0.0121699 0)
(0.13782 -0.0126264 0)
(0.135725 -0.0127985 0)
(0.13371 -0.012538 0)
(0.13154 -0.0118613 0)
(0.129347 -0.0109664 0)
(0.127223 -0.00990561 0)
(0.125222 -0.00866823 0)
(0.123117 -0.00736343 0)
(0.121107 -0.00612388 0)
(0.119211 -0.00498879 0)
(0.117561 -0.00391974 0)
(0.115932 -0.00295798 0)
(0.11445 -0.00212816 0)
(0.113008 -0.00148294 0)
(0.111836 -0.000968926 0)
(0.110786 -0.000593601 0)
(0.110004 -0.000263042 0)
(0.109227 -3.47006e-05 0)
(0.108604 0.000140823 0)
(0.107907 0.000191055 0)
(0.107364 0.00019158 0)
(0.106768 0.000136374 0)
(0.106381 8.00613e-05 0)
(0.105939 3.92612e-05 0)
(0.105753 5.66364e-06 0)
(0.105425 1.75372e-06 0)
(0.136269 0.00506822 0)
(0.138013 0.00437875 0)
(0.139655 0.00353055 0)
(0.141151 0.00251274 0)
(0.142455 0.00131278 0)
(0.143481 -2.81573e-05 0)
(0.14419 -0.00150044 0)
(0.144551 -0.00307223 0)
(0.144541 -0.00467735 0)
(0.144098 -0.00626239 0)
(0.143316 -0.00777669 0)
(0.142192 -0.00907692 0)
(0.140782 -0.0101139 0)
(0.139159 -0.0108804 0)
(0.137453 -0.0112892 0)
(0.13556 -0.0112903 0)
(0.133593 -0.0109705 0)
(0.131575 -0.010357 0)
(0.129553 -0.00944287 0)
(0.127379 -0.00831588 0)
(0.125229 -0.00710936 0)
(0.123087 -0.00588064 0)
(0.121091 -0.00465826 0)
(0.119089 -0.00352936 0)
(0.117238 -0.00254389 0)
(0.115463 -0.0017344 0)
(0.113983 -0.00103079 0)
(0.112607 -0.000456579 0)
(0.111463 3.61774e-05 0)
(0.110354 0.000365609 0)
(0.109474 0.000594701 0)
(0.108632 0.000655213 0)
(0.108026 0.000699582 0)
(0.107417 0.000634396 0)
(0.107012 0.000646814 0)
(0.106523 0.000570894 0)
(0.106242 0.00060584 0)
(0.105804 0.000538421 0)
(0.105657 0.000569375 0)
(0.105246 0.000492711 0)
(0.135647 0.00361867 0)
(0.137312 0.00302402 0)
(0.138853 0.00232215 0)
(0.140237 0.00149382 0)
(0.141416 0.000526318 0)
(0.142335 -0.000579732 0)
(0.142958 -0.00180457 0)
(0.143235 -0.00310492 0)
(0.143167 -0.00444961 0)
(0.142718 -0.00578204 0)
(0.141924 -0.0070397 0)
(0.140811 -0.00814718 0)
(0.139456 -0.00904692 0)
(0.137854 -0.00967287 0)
(0.136108 -0.00997022 0)
(0.134191 -0.0099163 0)
(0.132165 -0.00951957 0)
(0.129967 -0.00881333 0)
(0.127727 -0.00786012 0)
(0.125396 -0.00672571 0)
(0.123101 -0.00551255 0)
(0.120758 -0.0043199 0)
(0.118561 -0.00319535 0)
(0.116455 -0.00219062 0)
(0.11461 -0.00129735 0)
(0.112877 -0.00055046 0)
(0.111425 4.87703e-05 0)
(0.11008 0.000455511 0)
(0.109027 0.000753455 0)
(0.108069 0.000923724 0)
(0.10738 0.00105255 0)
(0.106731 0.00107504 0)
(0.106277 0.00108057 0)
(0.105802 0.000989693 0)
(0.10548 0.000910062 0)
(0.105126 0.000763784 0)
(0.104914 0.000669341 0)
(0.104669 0.000528621 0)
(0.104572 0.00047056 0)
(0.10441 0.000354096 0)
(0.13415 0.00229926 0)
(0.13577 0.00176985 0)
(0.137225 0.00118369 0)
(0.138489 0.000513916 0)
(0.13951 -0.00026067 0)
(0.140236 -0.00113603 0)
(0.140637 -0.00210793 0)
(0.140682 -0.00314729 0)
(0.140335 -0.00422188 0)
(0.139569 -0.00529945 0)
(0.13841 -0.00631829 0)
(0.13688 -0.00721126 0)
(0.135016 -0.00793809 0)
(0.132862 -0.00840779 0)
(0.130503 -0.00857062 0)
(0.127891 -0.0084005 0)
(0.125134 -0.00788659 0)
(0.122272 -0.00703524 0)
(0.119416 -0.00593181 0)
(0.116528 -0.00473341 0)
(0.113793 -0.00356268 0)
(0.111226 -0.00245465 0)
(0.108996 -0.00143521 0)
(0.106975 -0.000566313 0)
(0.105325 0.000122466 0)
(0.103884 0.000639281 0)
(0.102833 0.00103676 0)
(0.101969 0.00130603 0)
(0.101422 0.00149323 0)
(0.100961 0.00155374 0)
(0.10073 0.00156131 0)
(0.100532 0.00145753 0)
(0.1005 0.00136843 0)
(0.100466 0.00120291 0)
(0.100525 0.00111709 0)
(0.100569 0.000953985 0)
(0.100639 0.000903926 0)
(0.100716 0.000751187 0)
(0.100764 0.000729058 0)
(0.100865 0.000583381 0)
(0.126241 0.00103456 0)
(0.127728 0.000679817 0)
(0.128949 0.000287672 0)
(0.12987 -0.000169574 0)
(0.130439 -0.000705745 0)
(0.130607 -0.00130502 0)
(0.130311 -0.00196801 0)
(0.129511 -0.0026807 0)
(0.128165 -0.00341399 0)
(0.126239 -0.00415835 0)
(0.123732 -0.00486575 0)
(0.120714 -0.00546868 0)
(0.117227 -0.00594034 0)
(0.113321 -0.00623382 0)
(0.109164 -0.00628727 0)
(0.104886 -0.00603262 0)
(0.100608 -0.00549243 0)
(0.0964313 -0.00471485 0)
(0.0925559 -0.00374432 0)
(0.08905 -0.00268992 0)
(0.0860552 -0.00167608 0)
(0.08357 -0.000789532 0)
(0.0817176 -3.83021e-05 0)
(0.0803896 0.000569869 0)
(0.0796466 0.00102145 0)
(0.0792581 0.00131962 0)
(0.0793004 0.00150262 0)
(0.0795409 0.00157129 0)
(0.0800778 0.0015752 0)
(0.0806727 0.00151111 0)
(0.0814218 0.00143246 0)
(0.0821252 0.00130232 0)
(0.08286 0.00117989 0)
(0.0835245 0.00101418 0)
(0.0841217 0.000883651 0)
(0.0847154 0.000720091 0)
(0.0851326 0.000614035 0)
(0.085687 0.000474914 0)
(0.0859087 0.000413063 0)
(0.086477 0.000303981 0)
(0.0852839 -0.000280528 0)
(0.0856929 -0.000378324 0)
(0.0857358 -0.000493269 0)
(0.0854003 -0.00064927 0)
(0.0846385 -0.000847516 0)
(0.0833812 -0.00107608 0)
(0.081561 -0.00132534 0)
(0.0791129 -0.00159176 0)
(0.0759856 -0.00186203 0)
(0.0721666 -0.00211764 0)
(0.0676723 -0.00233338 0)
(0.0625782 -0.00247541 0)
(0.0570071 -0.00251996 0)
(0.0511428 -0.00243141 0)
(0.0452578 -0.00216258 0)
(0.0396953 -0.00172766 0)
(0.034761 -0.00118037 0)
(0.0306883 -0.00059702 0)
(0.0276121 -5.33163e-05 0)
(0.0255576 0.000389813 0)
(0.0244712 0.000698114 0)
(0.0241944 0.000879484 0)
(0.0245596 0.000978873 0)
(0.0253932 0.000996403 0)
(0.0265782 0.000960922 0)
(0.0279503 0.000888931 0)
(0.0294581 0.000801319 0)
(0.0309599 0.000704365 0)
(0.0324614 0.000605867 0)
(0.0338432 0.000509055 0)
(0.0351628 0.000423324 0)
(0.036314 0.000346012 0)
(0.0373766 0.000285342 0)
(0.0382665 0.000233686 0)
(0.0390552 0.000201032 0)
(0.039719 0.000169715 0)
(0.0402535 0.000157492 0)
(0.0407689 0.00013273 0)
(0.0410632 0.000133737 0)
(0.0415403 0.000100549 0)
)
;

boundaryField
{
    inlet
    {
        type            fixedValue;
        value           uniform (0.1 0 0);
    }
    outlet
    {
        type            zeroGradient;
    }
    lowerWall
    {
        type            noSlip;
    }
    upperWall
    {
        type            noSlip;
    }
    defaultFaces
    {
        type            empty;
    }
}


// ************************************************************************* //
